99
4 16 65
14 24 30 47
9 5 45
3 13 15 16 26 28 31 34 38
9 2 24
4 6 8 12 15 17 18 20 23
1 61 94
59
18 4 81
1 7 13 14 21 25 31 33 40 42 47 50 55 58 61 65 70 76
1 51 69
63
20 4 87
3 10 15 23 24 31 35 39 40 42 49 56 57 61 69 70 74 77 78 79
7 2 24
2 4 8 12 15 18 20
9 6 68
8 11 16 24 36 40 45 57 58
1 66 44
29
17 4 91
4 10 16 22 29 31 39 43 46 51 56 63 66 71 77 85 87
16 4 88
7 9 10 18 26 34 36 44 48 55 57 61 66 73 77 82
2 2 8
2 4
3 16 64
23 27 44
4 5 35
9 14 24 28
50 1 76
1 3 4 5 6 7 8 10 11 12 14 16 17 19 21 23 25 26 27 29 31 33 35 36 38 40 42 44 46 47 48 49 50 52 53 54 56 57 59 61 63 65 66 67 68 69 70 72 73 74
21 2 65
4 5 9 13 16 20 24 27 29 32 34 36 37 40 43 46 50 52 55 59 63
1 56 73
31
8 7 78
7 13 26 35 37 42 54 66
39 1 59
2 3 4 5 6 7 8 9 10 11 12 14 15 16 18 20 22 24 25 26 27 29 31 32 34 35 37 38 40 41 43 45 47 48 50 52 54 56 58
1 22 67
44
60 1 87
1 2 3 5 6 7 9 10 12 14 15 16 17 19 20 21 23 25 27 28 30 31 32 33 34 35 36 37 38 39 41 43 44 46 47 49 50 51 53 54 56 57 58 59 60 62 64 65 67 69 71 73 75 76 78 80 81 82 84 86
11 7 72
12 18 21 32 35 36 49 52 58 64 65
63 1 98
1 3 5 7 8 9 10 11 13 15 16 18 20 22 24 25 26 28 30 31 33 34 35 36 38 40 41 42 44 46 48 50 52 54 56 58 59 60 62 64 65 66 67 69 70 72 73 75 76 77 79 80 81 82 83 85 87 88 90 92 94 95 96
21 3 84
1 4 9 11 16 21 26 31 32 38 44 47 48 50 55 59 62 65 70 76 79
4 18 80
5 40 54 63
31 1 47
1 2 4 5 6 7 8 9 11 13 15 17 18 20 22 23 25 26 27 28 29 31 33 35 37 39 40 42 44 45 46
63 1 93
1 2 4 5 7 9 10 11 12 14 15 16 18 19 20 21 22 24 25 26 27 28 29 31 33 34 35 37 38 39 40 41 43 45 47 48 50 52 54 56 58 59 60 61 63 65 67 69 70 71 72 74 76 77 78 79 81 83 85 87 89 91 92
15 5 89
7 8 13 23 26 28 32 36 44 53 59 68 76 77 79
33 2 85
3 7 11 13 16 17 21 25 28 29 31 32 33 35 36 37 40 44 46 48 52 54 55 56 60 63 65 69 73 75 76 78 82
2 11 31
7 26
5 11 73
19 28 34 50 52
33 2 84
4 5 6 7 8 12 16 17 19 22 24 26 30 31 35 39 41 43 47 48 49 53 57 61 62 65 68 69 71 72 74 77 81
4 17 65
34 37 45 49
2 5 21
10 15
8 3 34
4 5 9 10 16 20 24 29
5 6 34
6 7 13 18 24
9 8 92
16 23 27 38 51 53 62 75 76
10 9 80
7 20 26 35 41 47 50 53 56 67
2 16 43
2 11
29 2 72
4 7 10 14 17 19 21 22 23 24 27 28 30 32 33 37 39 41 42 45 47 49 52 54 55 58 62 66 70
5 5 47
10 18 27 36 43
4 3 19
3 9 13 17
1 92 67
47
4 8 36
3 16 18 25
7 1 11
1 3 4 5 7 8 9
25 2 67
4 7 10 12 16 19 23 24 25 27 29 31 33 37 40 44 45 48 51 52 56 57 61 64 65
4 16 53
3 11 14 34
1 16 42
25
2 31 63
33 34
40 1 58
1 2 3 4 6 7 9 10 12 14 15 16 17 18 19 21 23 24 25 27 28 30 31 33 35 37 38 40 41 42 44 45 46 47 48 50 52 53 54 56
3 2 9
3 4 6
2 13 36
4 25
2 18 67
29 42
7 1 11
2 3 5 7 8 9 10
10 3 45
2 3 9 14 19 23 28 30 35 40
2 3 5
1 4
2 2 7
1 5
1 40 63
49
39 2 75
2 4 6 7 8 10 11 13 14 16 18 21 23 25 27 28 30 31 33 37 39 40 41 44 46 49 52 53 55 56 57 58 59 60 62 65 67 68 71
4 21 91
32 44 45 57
21 3 77
6 7 10 14 19 25 26 29 32 38 41 44 45 48 54 60 62 64 68 72 74
32 1 53
1 3 4 6 7 9 11 12 13 15 16 17 18 19 21 22 24 26 27 29 31 33 35 37 39 40 42 43 45 47 49 51
3 13 38
15 24 34
54 1 89
2 3 4 6 7 9 11 12 14 16 18 19 20 22 24 26 28 29 31 32 34 36 38 40 41 42 44 46 48 50 51 52 53 55 57 59 61 62 64 65 66 68 70 72 73 75 77 79 81 82 84 85 86 88
5 17 71
26 29 47 61 69
12 2 28
1 2 3 5 7 8 10 14 16 17 21 25
13 3 55
4 8 11 17 20 25 30 36 37 43 49 52 53
5 7 61
14 23 30 40 49
5 3 22
4 5 10 15 21
58 1 92
2 4 6 8 10 11 12 13 15 16 18 19 21 22 24 26 27 28 29 30 32 34 36 38 40 41 42 43 44 46 47 49 51 53 55 56 57 59 61 63 65 66 68 69 70 71 73 74 76 77 79 81 83 84 86 87 88 90
10 3 41
1 4 10 11 12 18 24 29 34 36
18 5 99
9 18 23 25 31 36 40 41 47 51 58 62 66 76 78 82 83 90
2 12 38
23 27
49 1 78
2 4 6 7 8 10 12 14 16 17 18 20 21 23 25 26 28 30 32 33 35 36 37 38 40 42 44 46 47 48 50 51 53 54 55 57 58 59 61 63 64 65 66 67 69 71 72 74 76
5 12 73
18 26 31 50 68
3 18 67
6 41 43
18 2 49
1 2 5 9 13 14 17 18 22 26 30 31 34 36 38 42 44 45
5 16 64
10 24 31 32 52
66 1 96
2 3 5 7 9 10 12 13 15 17 19 20 21 22 24 25 26 27 28 30 31 32 33 34 36 37 38 39 40 42 43 45 47 48 49 51 52 53 55 57 58 59 61 63 65 66 67 69 70 72 74 76 78 79 81 82 84 85 86 87 88 90 91 92 93 95
1 8 16
2
5 13 56
19 25 32 40 46
4 19 46
1 8 22 33
2 30 92
43 81
4 14 54
5 27 31 41
5 12 68
1 14 35 49 51
16 7 94
3 14 15 22 33 41 43 45 47 50 55 65 69 74 79 81
24 2 55
1 2 4 6 8 12 15 16 17 19 20 21 25 29 33 34 37 39 42 44 45 49 50 54
14 1 21
2 4 5 6 7 8 9 10 12 14 15 17 18 20
19 3 75
5 9 12 15 21 27 30 31 36 39 40 45 50 55 59 64 68 70 71
6 7 63
10 24 32 34 41 53
2 15 48
6 36
5 2 15
4 7 10 13 14
6 5 47
7 13 19 27 36 39
1 9 16
2
3 2 10
4 6 9
5 16 96
22 39 56 62 91
16 2 45
1 3 6 10 12 15 17 21 22 25 29 31 35 38 40 43
39 2 91
1 3 6 7 11 15 19 22 23 27 31 33 36 38 39 42 45 46 47 48 49 51 53 55 56 57 60 61 64 68 70 72 74 77 81 82 83 84 88
