57
3 17 58
31 33 54
13 3 52
3 6 9 15 17 23 24 30 33 37 43 44 50
6 12 87
23 26 29 46 47 65
2 23 66
32 54
12 1 18
1 3 5 6 7 8 10 12 13 14 15 17
11 3 42
1 5 11 13 14 17 21 24 27 32 37
4 16 55
13 20 36 54
1 46 43
20
35 2 78
1 3 4 7 11 14 17 18 21 25 26 30 32 33 36 37 39 42 43 47 48 49 50 52 55 57 61 65 66 67 69 71 72 76 77
3 8 27
13 15 24
2 51 89
19 61
10 4 47
3 4 11 18 21 26 34 36 39 40
8 5 46
7 14 17 23 29 36 41 45
1 40 28
23
10 5 73
7 17 24 27 28 38 42 49 55 65
1 45 34
3
11 4 46
4 10 11 16 22 25 27 29 33 39 42
20 2 50
1 5 9 10 12 13 14 16 19 21 24 26 27 29 33 36 39 40 44 46
33 2 84
4 8 9 12 16 20 24 26 27 31 34 37 38 40 42 43 46 50 52 53 54 57 60 64 67 68 70 71 74 75 79 80 83
6 10 55
6 12 17 20 30 35
38 1 59
1 3 4 5 7 8 10 12 13 15 16 17 18 20 22 23 25 27 29 31 32 34 35 36 38 39 40 42 43 45 47 48 50 52 53 55 56 58
5 9 47
4 7 24 27 29
9 4 46
1 4 11 17 19 25 32 34 41
3 22 83
17 34 61
15 2 48
2 6 9 12 16 20 24 25 28 30 33 36 39 42 44
23 2 65
3 4 5 9 13 15 17 21 25 28 29 32 36 38 42 45 46 50 52 53 57 60 61
1 32 73
14
8 13 81
1 12 27 33 40 46 53 68
7 4 40
5 13 21 26 28 34 35
7 9 75
8 16 22 34 44 57 64
1 40 87
79
3 36 88
8 15 77
6 3 34
6 12 15 21 27 32
2 19 46
11 28
4 10 50
14 29 37 44
1 54 62
28
1 16 25
21
26 1 44
1 2 3 5 7 8 10 12 14 16 18 20 22 24 26 27 29 31 33 35 36 37 39 41 42 43
1 58 22
9
52 1 75
2 3 4 5 7 8 10 12 14 15 16 18 19 20 21 22 24 25 26 27 29 31 32 34 36 38 40 42 43 45 47 48 50 52 53 54 55 56 57 58 59 61 62 63 64 66 67 69 70 72 73 74
11 7 68
2 3 4 10 17 24 33 41 52 62 66
3 18 85
4 28 54
13 2 33
3 6 9 12 13 16 20 23 24 26 29 31 32
1 5 5
1
3 7 31
3 16 18
20 4 99
5 6 9 17 19 21 23 29 34 42 47 52 60 66 68 76 78 82 90 93
5 13 82
7 29 32 55 69
10 3 41
1 4 9 15 16 21 23 26 32 37
10 6 71
5 16 25 35 42 46 56 57 64 67
1 20 52
13
2 4 18
5 13
44 1 61
1 3 4 5 6 7 8 10 11 13 14 15 17 18 20 21 23 25 27 28 29 30 31 32 34 35 36 38 40 41 43 44 46 47 48 49 50 51 53 54 55 56 57 59
1 17 25
5
5 3 20
4 8 11 14 15
6 6 38
5 11 14 16 24 29
3 15 62
14 21 41
17 2 46
2 4 8 11 14 16 18 22 25 28 32 34 35 37 38 39 43
