62
6 4 21
1 2 6 12 15 18
9 8 85
9 12 13 24 32 43 59 67 70
17 4 90
7 13 17 21 27 35 40 46 49 50 53 58 62 68 73 80 84
4 20 90
18 52 73 80
2 30 80
24 28
10 3 38
1 4 5 8 11 17 20 24 29 34
8 17 100
10 11 14 36 67 75 83 98
1 39 44
38
27 3 99
5 7 8 14 20 21 24 26 32 36 38 40 45 51 52 58 60 62 67 69 73 75 76 81 85 91 97
13 5 79
7 11 18 23 26 35 44 45 49 57 60 68 72
50 1 77
2 4 6 8 9 11 12 13 14 15 16 17 18 19 21 22 23 25 27 28 30 32 34 35 36 38 40 41 42 44 46 47 48 50 52 54 56 58 59 60 62 63 64 66 68 70 71 72 74 75
53 1 83
2 4 5 6 7 8 9 11 12 13 15 17 19 20 22 23 24 26 28 30 32 33 35 37 39 41 42 44 46 48 49 51 52 54 55 56 58 60 61 63 65 67 68 69 70 71 73 74 75 77 78 79 81
1 66 60
44
7 6 43
5 9 11 15 22 33 42
1 26 26
19
2 12 41
19 25
44 1 73
2 4 6 7 8 10 11 12 14 16 17 19 20 21 23 25 26 28 30 31 33 34 36 38 40 42 44 45 46 48 49 51 53 54 55 57 59 61 63 65 67 69 71 72
18 3 67
4 10 16 17 19 24 25 31 35 37 42 45 48 50 55 59 60 64
6 10 63
7 26 27 34 49 53
2 11 24
1 7
60 1 90
2 4 5 7 9 10 12 14 16 18 19 20 21 22 24 25 27 28 29 30 32 34 35 37 38 39 40 42 43 44 45 46 48 49 51 52 54 55 57 58 59 60 61 62 63 64 65 67 68 70 72 74 76 78 80 82 84 86 87 88
1 6 16
9
41 1 57
2 3 4 6 8 10 12 13 14 15 17 18 20 21 23 25 27 28 29 31 32 33 34 36 37 38 39 40 42 43 44 45 46 47 48 50 51 52 53 55 56
1 8 17
14
9 3 25
2 4 5 7 8 13 15 18 23
34 1 46
1 3 4 5 7 8 9 10 11 12 13 15 16 18 19 21 23 24 25 27 28 30 31 33 35 36 37 39 40 41 42 43 44 45
6 8 68
4 17 32 48 51 53
48 1 72
2 3 4 5 7 8 9 11 13 14 15 16 17 19 21 23 24 26 28 29 30 31 33 35 36 38 39 41 42 44 45 47 49 51 53 54 55 56 58 59 61 63 64 65 67 68 69 70
34 2 87
3 7 8 11 13 17 20 22 24 28 30 31 32 35 36 38 41 43 47 50 52 56 58 61 63 65 67 68 70 74 76 80 82 84
1 15 20
13
62 1 90
2 3 5 7 9 10 12 13 14 16 18 19 20 21 22 23 25 26 28 29 30 31 33 34 35 36 38 40 41 42 43 44 45 47 48 49 50 52 53 54 55 57 58 60 61 62 63 65 67 69 71 73 75 77 79 81 82 83 85 86 88 89
31 2 78
1 4 7 10 12 15 16 18 22 25 26 28 29 32 35 38 41 44 45 48 50 54 57 61 65 66 69 72 73 76 77
1 32 39
12
1 21 46
15
2 6 18
9 12
4 3 14
3 6 7 10
12 2 35
4 8 9 12 15 18 22 23 25 27 28 31
1 52 45
39
7 7 49
11 15 19 25 26 29 41
20 1 36
1 3 5 7 9 11 13 14 15 17 19 20 22 24 26 28 30 32 33 35
22 1 34
2 4 6 7 8 10 11 12 14 15 16 17 18 19 20 22 24 26 27 29 30 32
8 6 75
11 20 30 36 42 54 66 72
2 7 15
5 14
4 11 57
14 16 36 53
12 4 66
6 12 15 21 28 33 37 41 47 48 52 58
9 9 62
5 6 10 11 20 26 33 44 58
4 11 62
16 26 34 42
2 22 78
28 58
1 19 32
23
9 1 16
2 4 5 6 8 10 11 13 14
21 4 97
6 14 17 20 24 32 34 39 45 50 53 58 60 62 67 72 79 81 83 89 90
2 22 80
14 47
16 4 78
8 15 22 29 31 36 40 46 50 51 53 55 63 71 74 75
30 2 71
4 5 6 9 10 14 15 16 18 22 25 28 31 34 37 38 39 40 41 43 46 50 51 54 56 57 61 64 66 67
67 1 96
2 3 4 5 6 8 9 11 12 13 14 16 17 19 21 23 24 26 27 28 29 30 31 33 34 36 38 40 42 43 44 46 48 49 50 51 53 54 55 57 58 59 60 61 62 63 64 66 67 68 70 71 72 73 75 76 78 80 81 82 84 86 87 89 91 93 94
3 7 31
6 9 17
11 6 79
3 7 18 28 34 42 52 58 67 69 70
3 18 61
18 32 58
50 1 80
1 2 4 6 8 9 11 13 14 15 17 18 20 22 24 25 26 28 29 31 33 35 36 37 39 41 42 43 45 46 47 49 50 52 53 54 56 58 60 61 63 65 66 68 70 72 74 76 77 78
36 2 89
3 6 8 11 15 19 23 26 30 32 35 36 38 40 43 44 45 46 49 50 53 55 56 57 58 62 66 70 71 72 76 77 80 81 82 85
21 2 65
2 6 10 13 14 16 20 24 25 28 31 34 37 40 44 48 52 56 57 59 62
7 2 20
2 4 7 9 11 15 19
