94
19 2 52
1 5 7 9 11 13 14 18 20 22 23 27 31 33 37 40 42 46 48
28 1 47
2 3 5 6 8 10 12 14 16 18 19 20 22 23 24 26 28 29 31 33 34 36 38 40 42 44 45 46
5 11 34
5 14 15 23 26
26 1 38
2 3 4 6 7 8 10 11 12 14 16 18 19 20 22 23 25 27 29 30 31 32 33 35 36 37
60 1 95
2 4 6 8 9 11 12 13 14 15 17 18 19 21 23 25 27 29 31 33 34 36 38 40 41 43 44 46 47 49 50 51 53 54 56 57 58 60 62 64 65 66 67 69 70 72 74 75 77 78 80 82 84 86 87 88 90 91 92 94
6 7 40
8 11 15 17 31 33
15 5 76
6 11 15 20 25 34 36 39 43 46 52 54 57 66 69
10 4 36
2 7 8 11 12 14 17 23 27 34
36 2 98
3 5 7 9 10 12 16 18 22 24 26 29 31 33 37 40 43 44 46 48 49 53 57 59 61 64 68 70 73 77 80 82 86 90 94 96
1 20 24
23
1 43 91
5
25 1 36
1 2 3 4 5 7 8 10 12 14 15 17 18 19 21 23 24 25 26 28 29 30 31 32 34
2 10 32
16 21
3 20 56
15 32 40
37 2 93
2 5 7 11 12 15 19 23 25 28 29 30 32 36 37 38 42 43 47 48 52 55 57 60 63 64 67 69 70 72 76 78 80 82 86 87 89
10 7 74
1 6 20 26 35 37 50 63 65 72
7 10 61
3 9 18 25 41 47 60
4 22 63
7 15 57 62
4 18 83
8 33 64 76
9 15 79
1 11 16 21 32 34 40 54 65
23 2 59
1 4 5 9 13 15 19 20 22 23 25 28 32 33 37 40 42 45 48 49 52 54 58
2 27 96
54 62
2 10 32
12 29
24 1 39
2 4 5 7 8 9 11 13 14 15 16 17 19 21 23 25 27 28 30 31 32 34 36 38
12 3 39
4 9 10 12 18 19 22 27 28 29 32 37
38 1 61
2 4 6 8 9 11 13 15 16 17 19 21 22 24 25 26 28 29 31 32 34 36 37 39 40 41 43 45 46 47 49 51 52 53 55 57 59 60
1 28 62
53
9 3 43
3 7 12 18 22 25 30 36 38
16 1 26
2 4 5 6 7 9 11 13 15 16 17 18 20 22 23 25
1 4 13
5
1 5 14
4
5 13 64
1 22 40 46 53
6 3 19
1 3 4 10 13 18
2 16 52
19 22
24 1 44
2 4 6 8 9 11 12 14 16 18 20 22 24 26 28 30 31 33 34 36 38 40 41 42
23 1 38
1 3 5 6 8 9 11 13 15 16 17 19 21 22 24 26 27 28 30 32 33 34 36
1 48 76
1
61 1 88
1 2 4 6 8 10 11 12 13 15 17 19 21 22 23 24 25 26 28 29 30 31 32 33 35 36 37 39 41 42 43 44 45 46 48 50 52 53 54 55 57 59 61 62 63 65 66 68 69 71 73 75 76 77 79 80 81 83 84 86 87
1 7 20
14
9 1 17
2 4 5 6 8 10 11 13 15
31 2 78
4 8 9 12 13 16 18 22 23 27 31 32 36 38 39 40 41 45 46 49 51 52 55 57 58 59 63 65 69 71 74
5 8 56
8 22 27 36 46
3 1 7
2 4 5
2 76 83
37 66
6 8 54
2 12 21 36 44 49
15 1 25
1 3 5 7 8 10 11 13 15 17 18 19 21 22 23
7 8 64
6 16 25 41 45 50 58
19 5 94
1 3 13 19 21 28 32 34 35 39 42 47 48 51 61 71 81 83 85
6 1 12
2 4 5 7 9 11
3 35 59
27 43 53
26 1 42
1 2 3 4 5 7 9 11 13 15 16 17 18 20 22 24 26 28 29 30 32 34 36 38 39 41
26 2 69
4 6 7 9 11 14 18 20 23 24 26 28 30 32 36 38 41 44 46 50 51 55 57 61 63 65
16 3 62
6 11 15 19 22 28 29 35 39 45 49 51 54 55 58 60
12 7 96
3 7 9 13 22 28 39 46 60 64 73 84
1 32 85
24
16 1 23
2 3 5 7 8 10 11 12 13 14 15 16 18 19 21 22
1 61 80
32
6 15 93
3 17 27 46 74 91
4 3 23
4 9 15 21
2 38 92
48 81
2 17 45
7 41
1 19 29
25
18 1 27
2 4 6 8 9 10 11 12 13 15 16 18 20 21 22 23 25 26
1 22 82
40
1 46 81
31
6 6 47
2 8 12 24 36 39
4 11 52
10 24 41 43
47 1 69
1 2 3 5 7 8 10 11 13 15 16 17 19 21 22 23 25 26 27 29 30 31 33 34 35 36 37 39 41 43 45 47 49 51 52 53 55 56 57 58 60 61 62 63 65 66 68
8 7 52
2 4 13 14 27 30 37 49
5 5 31
9 12 17 27 30
5 16 63
13 16 30 33 59
3 20 90
17 40 80
1 6 13
12
2 38 84
17 79
4 28 74
4 14 40 54
4 18 98
4 8 31 65
5 4 34
7 15 21 26 31
5 10 45
3 17 22 36 42
15 2 43
3 5 9 13 17 18 21 25 29 32 33 34 35 36 39
2 3 11
1 7
4 4 26
7 11 16 23
2 5 20
6 10
14 3 54
4 10 14 19 21 23 24 26 29 31 35 39 42 48
3 4 12
2 10 11
1 21 31
1
4 39 99
20 26 72 90
5 27 94
9 16 42 77 79
1 70 83
51
2 24 68
16 27
1 52 67
4
4 10 33
19 23 27 29
1 55 95
12
2 18 40
16 23
48 1 71
1 2 3 4 6 7 9 10 11 12 14 15 17 18 20 21 22 24 26 28 29 30 31 33 35 37 38 40 41 43 45 47 49 50 51 53 55 56 57 58 59 61 63 64 66 67 68 69
