97
5 6 54
11 23 35 42 52
5 6 38
10 20 22 25 34
9 3 49
5 10 15 20 26 32 35 40 43
2 17 41
14 32
1 31 82
35
5 15 85
19 45 52 56 57
16 4 69
3 4 8 15 22 24 25 29 36 39 45 51 53 54 58 63
36 1 50
2 3 5 6 7 8 9 10 11 12 13 14 16 18 20 22 23 25 27 28 29 31 33 35 37 38 39 40 41 42 43 44 45 46 48 49
3 3 8
1 3 4
5 11 55
13 17 23 38 41
3 12 50
14 32 47
5 1 9
2 3 4 6 7
15 2 41
3 6 7 8 10 12 14 18 20 24 28 32 33 36 39
5 9 64
4 18 33 34 48
3 4 11
3 6 7
8 7 56
4 13 21 25 30 32 43 48
13 5 66
4 11 12 16 17 20 28 29 34 37 42 49 58
8 4 49
2 3 7 13 20 28 35 43
1 61 91
74
7 11 84
16 19 33 49 60 67 75
9 1 14
1 3 5 6 7 9 10 11 13
1 54 88
66
1 9 29
11
24 2 63
3 4 8 10 11 14 17 21 22 25 26 29 31 32 34 35 37 41 44 47 50 54 58 60
63 1 92
2 4 6 7 9 11 13 14 16 18 20 22 24 25 26 27 28 29 30 31 33 34 36 37 38 39 41 42 44 45 46 47 48 49 51 53 54 56 58 60 62 63 65 66 68 69 70 71 73 74 75 76 77 78 79 80 81 82 84 86 88 89 90
2 7 24
7 19
6 5 36
1 5 11 21 23 29
56 1 84
2 4 6 8 9 10 12 14 15 16 17 18 20 21 23 24 25 27 28 29 30 31 33 35 36 38 39 41 42 43 44 46 47 49 51 52 54 56 58 59 60 61 63 65 66 67 69 71 73 75 76 77 78 80 81 82
10 1 18
2 4 5 7 8 10 11 13 14 16
9 7 76
4 17 23 34 37 44 50 53 65
3 2 12
2 6 9
16 1 30
2 4 6 8 9 10 12 14 16 18 19 21 23 25 27 29
4 15 89
21 29 51 60
1 49 66
47
3 5 28
6 14 22
21 4 99
5 10 12 15 22 29 33 37 39 40 45 48 51 59 64 68 72 80 87 94 96
44 1 75
2 3 4 6 7 8 9 11 13 14 16 17 19 21 23 25 27 28 30 32 34 35 37 39 41 43 44 46 48 50 52 54 56 58 59 60 62 64 66 68 69 71 73 74
1 18 19
9
16 4 72
5 8 15 23 27 32 36 37 41 46 49 52 53 57 61 66
37 1 62
2 3 4 5 6 8 10 12 14 16 18 19 21 22 23 24 26 27 29 31 33 35 37 39 41 42 44 46 48 50 51 53 54 56 57 58 60
1 17 25
6
3 28 94
26 48 55
5 10 52
14 22 23 38 39
34 1 55
2 4 6 7 8 9 11 13 14 16 17 19 21 22 24 25 27 29 31 32 33 35 37 39 41 42 44 46 47 49 50 52 53 54
64 1 99
1 3 5 7 8 9 10 12 13 15 16 17 19 21 22 23 24 26 27 28 29 31 33 35 36 37 39 40 42 43 44 45 46 48 49 51 52 53 55 56 58 60 61 63 65 67 68 69 71 73 75 77 78 80 81 83 85 87 89 90 91 93 95 97
3 11 32
7 22 29
22 3 75
5 7 13 14 17 23 27 28 33 35 38 44 49 52 53 54 58 62 64 66 67 70
10 7 72
8 9 22 34 36 39 47 50 55 63
14 3 44
1 5 7 9 10 12 16 19 21 26 27 32 33 38
1 15 17
13
1 12 17
10
2 10 24
8 15
58 1 82
1 2 3 5 6 7 8 9 11 13 15 17 18 20 22 23 25 26 27 28 29 31 33 35 36 37 39 40 42 44 46 48 49 50 51 53 54 55 56 57 58 60 61 63 64 66 67 69 70 71 73 74 75 77 78 79 80 81
8 8 90
9 18 29 32 44 58 63 77
54 1 83
1 3 5 7 8 10 11 12 13 15 17 18 19 20 22 23 24 25 27 29 30 31 33 35 37 39 40 42 43 44 45 46 48 49 51 53 55 57 59 60 61 62 64 66 67 69 71 72 74 76 78 79 81 82
50 1 73
1 3 4 5 7 9 10 12 13 15 16 18 19 21 23 24 25 27 28 29 30 31 33 35 37 38 40 42 43 44 45 47 48 49 51 53 54 55 57 58 60 61 62 63 64 65 67 69 70 72
13 3 55
4 8 13 18 23 29 34 39 40 42 44 49 52
2 2 8
3 7
58 1 84
1 2 4 5 7 9 10 12 13 14 15 16 17 19 20 22 24 26 28 30 31 33 34 36 37 39 40 41 42 43 44 45 46 47 48 49 50 52 53 55 56 58 60 62 64 65 67 68 70 71 73 74 76 77 78 79 80 82
11 6 70
1 10 12 16 27 33 42 49 52 62 66
26 1 41
1 2 4 6 8 9 10 11 13 15 16 18 19 21 22 23 24 26 28 29 31 33 34 36 37 39
6 11 99
21 38 50 63 65 79
13 4 54
5 12 16 19 26 30 36 39 40 43 45 46 48
14 1 22
1 3 5 6 7 9 10 11 13 14 15 17 18 20
1 12 36
18
16 3 54
5 7 12 15 16 20 23 25 29 35 38 43 44 45 51 53
10 9 99
12 28 37 39 43 60 61 73 79 87
45 1 70
1 3 4 5 6 7 8 9 11 12 14 16 17 19 20 22 24 25 26 28 30 31 33 34 35 37 38 40 42 43 45 46 48 50 51 53 55 57 59 60 62 64 65 66 68
2 90 93
10 72
24 2 56
4 7 8 10 14 15 17 18 19 23 24 26 27 31 35 38 40 41 44 46 48 49 50 52
51 1 77
2 3 5 7 9 10 11 12 14 16 18 19 21 23 25 27 28 30 32 33 35 36 37 39 40 42 43 45 46 47 49 51 53 54 55 56 57 59 61 62 63 64 66 67 68 70 72 73 74 75 76
19 3 68
5 7 8 10 16 21 27 28 33 34 38 44 45 46 48 52 57 63 65
4 3 14
3 8 10 12
5 4 31
5 7 15 22 24
56 1 85
2 4 6 8 9 11 12 13 15 17 19 21 23 24 25 27 28 30 31 32 33 35 37 39 40 41 43 45 47 48 49 50 52 54 55 57 58 59 60 62 63 64 65 66 67 69 70 71 73 74 75 77 79 81 82 84
4 5 37
8 12 20 29
35 1 53
2 4 5 7 9 10 11 12 13 14 16 17 18 20 21 22 23 25 27 29 30 31 32 33 35 37 39 41 43 44 45 47 49 51 52
8 10 94
1 16 21 36 56 61 77 87
3 52 49
4 39 44
18 3 56
1 3 5 9 11 16 19 20 22 25 30 31 36 41 45 47 52 55
24 3 89
6 10 15 18 19 24 29 33 37 40 45 51 53 54 56 57 60 61 66 72 74 79 84 85
53 1 83
1 2 4 5 7 8 10 11 12 14 16 17 18 19 21 23 24 26 28 30 31 33 35 36 38 39 41 43 45 46 48 50 51 53 55 56 57 59 60 62 64 65 67 69 71 73 74 76 78 79 80 81 82
1 83 83
50
22 3 83
1 7 9 10 14 19 22 25 29 31 32 37 43 45 51 57 63 67 73 75 80 81
3 6 34
12 20 29
15 3 46
4 5 9 15 19 23 27 28 31 32 34 35 37 38 43
9 6 74
12 23 28 29 38 41 52 54 64
3 31 94
22 40 49
16 2 40
3 4 6 9 11 13 15 18 22 23 26 28 30 33 36 37
30 2 70
2 3 5 7 9 10 12 14 17 20 24 28 32 35 36 37 41 43 46 47 49 52 53 54 55 58 61 64 65 67
1 22 44
39
7 1 13
1 2 4 6 8 10 12
1 46 85
76
2 5 14
7 13
2 1 3
1 2
18 3 72
5 7 8 12 17 20 25 31 34 40 43 44 50 53 58 64 68 70
2 19 61
24 26
