10
15 3 59
6 8 10 16 19 24 29 31 36 38 41 46 49 55 58
53 1 92
1 3 5 6 7 8 10 12 13 15 17 18 19 21 23 25 27 29 31 33 35 37 39 40 41 43 45 47 49 51 53 55 56 58 60 61 63 65 67 69 71 72 73 74 76 78 80 81 83 85 86 88 90
63 1 100
2 3 4 5 6 7 9 11 13 15 16 17 18 19 20 21 23 24 26 27 28 30 32 34 36 38 40 41 42 43 45 47 49 50 51 52 54 56 57 59 60 62 64 65 67 69 71 73 75 77 78 80 81 83 84 86 88 90 91 93 95 97 99
20 1 30
2 3 4 6 8 9 10 11 12 13 14 15 16 18 20 22 24 26 27 29
1 14 9
3
9 4 58
8 13 19 23 24 30 37 43 51
19 3 61
1 6 10 12 15 17 18 24 28 29 34 39 40 45 46 51 54 55 56
1 21 28
26
4 8 49
9 20 33 43
12 4 60
8 10 13 17 19 26 33 39 45 51 53 56
