48
5 14 66
12 14 39 43 57
67 1 100
2 3 5 7 9 11 12 14 15 17 19 20 22 23 24 26 27 29 30 31 32 33 34 36 37 39 40 41 42 44 46 47 48 50 51 52 54 55 57 59 60 62 64 65 66 68 69 71 72 73 75 76 77 78 80 81 82 83 85 87 88 89 91 93 95 97 98
5 2 15
4 6 7 11 13
1 18 2
1
5 12 68
15 17 28 34 56
42 1 65
1 2 4 5 6 7 8 10 12 14 16 17 19 20 21 23 24 26 28 29 30 31 32 34 36 38 40 41 42 43 45 47 48 49 51 53 55 56 58 60 62 63
34 1 55
1 2 4 6 7 9 10 11 12 14 16 18 20 21 23 25 27 28 30 31 33 35 36 37 39 40 41 43 44 45 47 49 51 53
12 5 61
2 7 12 19 22 28 34 35 38 48 49 54
5 10 57
7 14 26 45 50
62 1 98
2 4 5 6 7 9 10 12 14 16 18 20 22 24 26 28 29 30 32 33 35 36 38 40 41 43 44 46 48 50 52 53 54 56 57 58 59 60 61 63 64 65 67 69 70 71 73 75 77 79 81 82 84 85 86 87 89 91 93 95 96 97
33 2 89
1 4 6 10 14 16 19 23 27 29 30 32 34 37 38 40 42 44 48 51 54 56 60 64 65 69 70 72 75 76 80 83 86
2 9 45
16 30
1 35 77
67
3 6 15
4 9 11
6 9 61
12 19 23 28 38 50
4 17 97
34 61 88 94
8 3 32
2 6 11 15 16 17 20 26
4 2 13
3 4 7 10
1 1 3
1
1 24 29
4
8 7 61
1 5 13 17 28 39 48 52
7 5 54
4 9 13 18 28 34 44
18 2 41
3 6 10 13 17 18 22 23 25 28 30 31 33 34 35 37 39 40
11 5 65
8 11 17 20 26 31 38 44 47 56 58
3 14 44
7 30 41
1 13 20
8
3 5 23
2 11 17
60 1 90
1 2 4 6 7 8 10 11 12 13 14 16 18 19 21 22 24 25 26 28 30 32 33 35 37 38 39 41 43 45 46 47 49 50 52 53 54 56 58 59 61 63 65 67 68 69 70 71 73 75 77 78 80 81 82 84 85 87 88 89
8 5 50
5 13 14 20 28 34 39 42
23 3 83
2 5 9 15 19 24 27 28 32 33 34 38 43 46 52 54 60 63 64 69 71 75 78
7 3 22
3 4 9 10 11 16 18
4 14 50
14 39 44 45
16 4 75
5 12 15 23 25 27 29 37 39 42 48 55 56 60 64 70
5 4 29
1 9 17 19 23
30 1 48
2 3 4 5 6 8 9 11 13 15 17 18 20 22 23 25 27 28 30 32 34 36 38 39 41 42 43 44 45 47
16 1 26
1 2 4 6 8 10 12 14 16 17 18 20 21 22 24 25
1 13 18
3
57 1 84
1 2 3 4 5 6 7 8 10 11 13 15 17 18 20 21 22 24 26 27 28 29 31 32 33 34 35 37 39 41 43 45 47 49 51 52 54 55 57 59 60 61 63 65 66 67 68 69 71 72 73 75 76 77 79 80 82
24 3 68
5 6 10 16 17 22 26 30 34 35 36 37 40 41 44 49 51 55 56 57 58 59 62 67
11 1 15
1 2 3 5 6 7 8 9 10 11 13
24 3 96
6 11 12 18 20 26 29 32 34 36 40 44 48 50 51 56 59 64 70 76 78 81 84 90
17 2 49
2 6 9 11 12 15 19 20 22 25 28 32 35 37 39 42 45
1 10 22
3
1 5 13
5
3 26 90
12 40 85
5 13 83
21 31 48 63 78
5 11 44
14 15 23 31 40
3 74 82
6 24 36
