478 774
30026 10998
23920 19175
19401 6181
6798 5509
16092 29738
2149 25379
9148 17612
7171 16494
16129 6580
7913 17643
1883 9772
10082 6875
130 10278
27411 15971
17008 16512
8146 14313
205 8326
24252 21953
9899 12473
15745 10505
23155 5327
4611 18897
32287 12538
5152 9856
32682 5229
20939 25202
3525 27933
10594 2022
1228 26820
15931 4376
10232 10028
7041 3242
31446 8618
31038 24904
20216 11240
22456 29836
23018 29160
25857 14623
26471 5958
24778 26658
31693 23486
29304 27084
31439 26861
9594 12628
9834 11612
32729 4113
2586 26810
26384 17376
9805 19817
18207 17606
28696 23357
12251 5590
31017 22400
23688 7509
21501 1593
22953 18461
2131 2221
15639 31807
11232 1319
9297 7916
29508 31733
27923 12694
20285 28083
23594 19026
27162 14028
9862 27521
6515 17469
4241 32431
6168 1436
6079 30395
7239 16473
23142 23864
7714 10309
12753 20244
25183 24912
12944 11383
7490 20119
1809 32750
16840 21150
22645 24777
20774 25817
14748 21698
15985 8306
18562 29919
15007 12358
31183 22937
31918 15409
17065 4669
23075 15243
5325 11155
17334 20722
24798 2494
31308 4938
4860 6499
4133 26627
15769 7181
2647 21146
26248 5072
13947 23907
10839 4653
2214 32645
10719 28214
5531 9286
30233 9714
32062 14217
28212 28419
22860 23444
17380 14982
1098 11287
6652 12347
19643 12906
28991 25830
26774 28439
22387 20469
15607 7320
3256 17506
19989 3938
4888 28891
27508 22306
23647 11041
27740 1350
2605 2734
4233 15551
29769 5786
22820 28421
26936 2751
28146 27228
23823 30748
25292 7511
31365 17527
29007 13210
19020 19782
31444 28643
25762 12752
26274 26444
24867 2192
12387 458
30945 986
15061 25594
3766 18881
15042 9757
4569 823
20018 31840
28336 26230
5087 13410
485 16543
22249 11248
16828 17057
8907 9491
4516 5469
21390 6988
29708 30984
30269 32286
3703 29648
3480 29901
13267 21442
3852 3942
26886 2027
11235 2303
6091 5309
15033 32576
25532 10165
21807 17186
21935 3643
32227 9975
20806 5066
25247 28075
2242 2896
3792 16201
25368 2008
8762 18112
2119 2150
24555 23784
2024 6946
10605 25792
19975 15289
14912 15610
23089 28929
14215 27321
27854 28124
26626 24985
7858 14686
10300 3312
5870 8754
28422 32339
21228 313
30243 25948
13499 3957
23365 13483
19367 21286
19769 6187
2829 26674
6494 8342
25453 10186
11611 18492
29121 29515
24849 13568
14605 9826
7375 23459
6712 29812
12229 26693
32282 13629
27324 4136
26070 25783
21252 12472
21866 23101
429 24520
19588 31472
762 20767
16792 27482
18962 13619
21295 1105
3321 30004
9090 3870
7359 28748
4679 3295
3575 7718
18635 3370
17771 15021
19521 22515
15630 24342
2649 28336
5426 11296
5141 10426
17915 27034
31449 28407
1300 16166
961 23222
13216 27198
9526 15322
26740 5492
708 19003
27267 13566
23334 1609
12185 3185
7331 3315
13133 16845
5022 25287
14897 8634
26472 31322
21835 30993
22872 31210
14793 10142
31262 1090
16624 20517
18772 2270
9302 18850
29526 24400
19025 13781
8532 12770
13999 24830
4005 31613
29607 20198
24158 7369
1808 6430
20516 19606
18385 651
27454 26491
10137 25635
12526 25276
17616 22257
24322 26225
22733 16223
28582 21221
22089 7604
19324 13629
19475 18396
25071 28506
24582 28776
7108 5888
30265 7893
23537 20535
22645 32017
691 9969
29164 7739
9947 11246
29479 8874
31080 22749
29249 23858
1883 32708
23379 23970
19911 18849
17711 1169
21544 2130
32337 1115
16629 24498
26130 29542
7289 2565
26143 21418
13790 15254
8234 13168
24203 27038
9183 19289
28592 30824
16666 15779
19998 5299
19031 23208
24669 15448
23402 3751
11000 14892
30832 23751
1820 6440
6405 2905
10081 21191
29623 25950
24296 15536
7611 13641
24230 31125
21215 23814
23807 29019
31168 12090
23447 5243
14397 28109
32613 28328
11307 4518
12041 19634
7242 16309
27487 31146
13688 3895
5716 22343
10277 1333
7160 21896
14855 26958
12757 3483
8207 22455
8320 1022
13467 13440
19309 21988
24045 25625
27399 21978
14556 27924
11520 23466
23497 26412
12006 19327
17877 23431
1784 6219
20049 31288
20279 17766
10359 18696
26304 11128
20311 12150
23896 1176
28179 1020
15689 949
6223 32404
10093 31541
26340 13435
30088 22237
19668 309
22234 27889
14467 209
6901 27292
21796 32622
7885 24465
113 510
4110 11507
18591 19530
31410 23411
1681 2103
21714 7352
26700 29255
31932 31747
32683 12130
23879 531
10579 12247
11363 20550
24554 17310
30708 30466
20356 17376
29921 2899
15710 30136
17511 16341
6095 2620
9140 1237
17019 24503
14769 29619
29386 26681
30495 2442
12441 22866
15589 29971
20271 2330
15528 31687
29298 7284
18333 14916
29786 27284
32667 17394
16039 14783
7797 26086
27855 14674
18310 4359
19003 23814
6029 12143
178 32114
26300 26900
2838 25042
28939 7079
16462 5894
22738 2492
2691 14302
14231 1324
7823 2708
12580 6327
18354 6042
15581 29934
7047 7574
6481 9297
10807 1708
7695 19124
32493 17147
24507 29671
1162 11370
23137 13717
8857 22436
5640 10349
9861 30305
31115 31872
19721 12008
16292 11498
32745 3281
16970 5813
7136 28432
4157 30458
21209 5935
223 5193
32354 15835
14917 5963
30301 20642
23950 22182
16376 15611
19827 6689
10464 27783
17184 6409
8882 22166
9538 14291
29363 19181
21858 18690
2496 22983
26481 21836
6280 32025
30628 12024
13304 26394
4738 21642
7671 6659
25403 26274
1620 11539
7227 13602
22524 25303
19967 10127
26225 29864
8231 1210
3959 14197
8397 23967
9489 32195
7702 8077
13227 23281
15878 4487
30873 11201
18585 16619
7360 2068
22543 8529
1939 501
25479 25526
24130 21977
22479 18650
813 28709
12923 29414
10655 27633
21300 31314
20921 28428
30547 18950
16556 1856
5039 1727
18732 27863
178 1461
30753 20061
11443 5755
31135 2472
18559 9254
