946 26
700 1000000000
23 12
38 12
47 46
36 34
48 49
27 14
19 9
10 39
17 44
31 19
35 27
19 18
27 18
39 4
33 46
8 37
39 32
30 19
26 23
39 26
20 12
38 19
6 43
25 46
27 19
20 12
7 44
49 45
30 47
16 23
0 35
14 2
22 32
44 24
41 9
46 49
7 29
30 19
16 7
48 26
43 34
15 17
29 35
7 1
28 26
10 11
17 41
14 26
3 17
30 3
18 40
9 35
24 24
14 15
43 13
42 47
21 4
32 18
48 7
46 10
23 8
37 6
40 27
35 21
16 18
8 44
22 1
39 27
5 26
15 17
26 16
46 20
19 39
16 26
22 48
20 32
8 1
20 10
46 17
43 13
7 0
47 12
14 37
5 44
15 37
42 48
25 1
4 36
43 25
36 11
49 49
46 16
6 43
9 49
8 45
30 7
43 13
14 36
38 24
16 34
32 21
32 8
43 28
19 44
48 25
17 6
19 44
23 9
35 31
45 33
46 24
7 2
32 43
8 36
2 10
21 24
4 19
28 46
20 39
1 8
2 2
22 22
44 27
33 33
19 13
8 28
48 15
15 23
37 34
31 31
14 11
10 3
5 5
47 49
11 33
49 2
10 10
28 33
28 35
12 25
22 25
17 46
3 0
32 42
36 11
42 14
0 14
14 17
47 8
31 21
14 8
21 12
39 33
14 4
47 8
16 48
0 36
1 47
42 47
12 27
6 23
10 41
15 27
22 49
40 8
43 7
2 2
16 0
5 46
34 13
6 4
13 44
0 24
46 14
3 45
30 4
1 1
24 12
29 26
27 0
42 23
24 15
39 20
23 10
44 43
49 37
25 48
46 16
39 29
9 30
3 36
38 29
17 49
1 44
47 40
34 4
42 8
35 34
44 42
4 12
18 2
11 9
41 25
27 43
49 0
42 2
6 30
43 4
22 40
29 24
23 18
34 10
14 1
47 41
29 26
12 2
9 7
32 25
9 34
45 37
11 5
34 0
44 41
46 7
8 2
39 39
8 48
30 21
44 32
5 48
46 9
7 8
48 43
9 44
27 47
46 34
19 45
35 7
13 4
34 10
12 29
35 36
4 18
43 23
38 46
10 26
3 23
10 2
10 49
35 35
47 20
34 17
19 30
48 15
27 6
38 35
2 20
26 21
10 38
42 12
32 43
20 6
16 25
11 46
25 37
42 44
36 15
18 13
5 18
4 28
46 5
29 25
48 29
0 34
40 17
15 31
10 43
18 14
43 25
41 20
4 49
32 48
39 44
1 11
19 4
36 14
16 9
0 25
49 44
30 20
11 6
41 13
8 17
29 39
46 15
11 29
3 19
38 34
40 40
23 25
5 6
41 16
12 34
39 34
41 5
17 24
17 6
7 25
6 26
48 16
34 12
46 8
48 14
10 34
34 25
0 19
2 7
19 22
42 27
35 2
5 25
18 33
7 4
40 5
23 18
29 3
31 0
5 32
13 24
45 7
31 21
5 33
34 17
45 32
14 9
7 3
8 35
14 11
5 44
11 27
37 3
4 24
11 35
47 27
2 5
42 25
45 4
2 16
23 8
49 9
0 37
10 26
26 3
25 20
25 16
41 5
45 5
23 48
12 4
44 25
3 18
28 5
0 35
28 46
7 43
25 26
40 0
11 18
22 35
32 0
41 20
17 47
10 42
46 36
40 4
1 41
39 28
0 6
38 32
46 33
21 36
48 1
38 47
45 42
10 35
3 47
45 40
45 43
27 40
24 13
47 0
6 48
10 19
33 18
19 45
5 12
20 7
43 47
30 9
27 32
17 16
48 27
25 29
4 27
39 11
15 28
21 21
15 16
17 45
22 26
13 13
34 11
19 10
1 5
35 3
27 40
33 41
34 43
41 44
16 23
4 19
16 47
47 42
25 8
31 29
22 24
12 45
48 41
3 0
27 43
36 2
2 44
36 10
6 48
14 44
10 5
15 48
16 44
7 34
9 49
46 31
13 37
19 35
38 3
40 8
29 9
19 32
38 16
30 43
40 37
12 27
6 40
9 2
46 38
18 22
48 25
48 49
46 14
20 49
36 13
7 12
7 28
49 19
10 24
7 30
12 18
7 41
48 25
14 22
43 44
15 37
9 19
49 47
14 22
19 20
29 12
38 14
35 21
24 10
34 30
21 12
35 26
49 5
16 47
31 17
32 4
40 45
40 22
13 12
16 15
16 20
15 39
11 17
26 19
6 41
32 22
10 39
47 23
24 26
5 26
32 37
34 41
43 48
22 40
35 17
11 31
29 39
46 9
38 29
38 49
43 48
48 38
11 23
7 38
32 47
29 24
19 44
23 16
2 2
16 40
9 4
46 17
40 3
15 16
29 24
31 47
29 6
41 41
42 17
33 38
37 12
42 0
10 27
48 43
45 30
19 28
45 17
28 48
49 27
9 46
28 49
9 47
9 7
35 38
37 11
21 21
3 17
10 39
8 26
49 9
15 29
40 15
1 24
35 13
35 10
16 36
9 20
33 10
39 15
16 48
46 28
16 48
13 18
18 6
11 15
25 46
20 31
24 30
19 8
20 42
10 22
4 45
31 41
1 7
14 29
27 37
35 31
45 21
43 17
45 23
0 24
46 35
35 36
28 21
39 25
28 28
3 5
30 48
16 49
42 22
25 36
2 45
18 3
38 41
22 24
24 48
25 2
8 45
2 16
27 25
17 15
42 28
10 15
6 9
19 3
2 34
10 8
30 45
43 8
49 33
11 13
32 11
31 34
45 12
42 11
26 13
39 23
5 22
38 15
3 10
29 0
38 0
25 39
26 0
38 36
41 21
0 1
19 5
48 24
18 49
9 32
17 45
11 12
16 6
0 38
32 9
16 36
13 36
40 23
28 39
15 45
16 6
1 21
39 33
36 0
45 29
26 10
1 31
2 36
48 3
48 20
30 4
48 29
32 25
43 26
14 48
17 28
19 13
19 27
43 48
40 20
14 20
9 11
19 21
12 29
48 28
41 15
6 29
10 19
38 38
1 49
5 45
4 30
15 16
9 41
1 25
49 33
45 2
45 5
34 13
42 48
19 45
19 49
41 7
35 12
2 27
17 31
45 24
2 22
47 2
11 24
24 36
25 25
21 19
34 33
3 15
27 5
43 45
36 33
46 9
39 19
15 43
7 14
33 23
49 4
46 45
12 40
17 1
7 30
43 4
27 21
5 15
30 28
1 43
29 49
1 32
5 6
11 25
20 8
44 12
3 49
36 8
14 21
3 44
33 22
46 39
4 31
45 9
30 19
6 22
32 47
27 34
29 37
13 43
38 44
29 19
2 35
12 6
5 34
35 43
25 15
7 18
31 46
15 43
43 27
23 38
15 48
3 6
23 0
35 29
7 24
7 48
0 24
28 39
15 39
20 29
39 4
46 26
34 2
16 34
30 27
9 27
26 26
16 42
33 2
19 28
23 18
45 21
18 15
11 12
14 42
41 35
25 4
35 30
47 20
43 19
0 27
31 21
35 8
11 41
3 36
38 9
14 31
10 49
40 26
49 48
0 38
4 33
3 2
27 6
11 10
41 21
17 41
26 44
37 42
37 20
25 32
1 5
9 43
17 9
34 31
15 25
4 43
2 9
23 4
28 42
35 32
20 32
36 49
24 18
14 26
37 33
25 4
16 26
16 15
32 18
16 20
10 5
4 26
26 29
19 4
33 7
31 3
26 33
33 36
44 24
43 15
26 5
10 8
15 12
42 33
48 8
36 38
5 42
31 41
35 0
24 47
15 26
40 7
29 20
32 42
47 39
40 13
27 44
4 29
43 31
48 29
48 21
24 34
35 0
30 28
14 26
48 47
35 24
0 13
25 18
37 5
18 18
46 31
4 33
28 29
48 43
20 46
23 46
12 8
2 41
43 16
38 21
42 42
14 0
17 47
17 24
5 22
16 25
21 33
12 35
5 0
17 38
16 8
4 12
44 48
19 37
48 19
8 14
33 35
44 16
15 3
49 22
20 40
38 40
25 15
10 24
35 43
1 2
4 43
44 32
17 30
4 20
1 4
30 24
47 34
42 14
28 28
34 49
35 43
9 2
32 30
19 3
24 42
17 45
42 18
8 40
5 45
21 20
44 41
1 17
48 35
48 13
44 40
1 43
5 17
24 10
31 34
32 1
37 0
28 11
27 35
15 24
19 24
15 27
16 36
43 6
27 35
29 24
48 7
43 17
44 3
24 45
12 1
46 26
9 10
35 35
46 14
24 26
18 35
