8317 7413
6498 904
30195 14491
22154 32085
10009 1302
24434 24257
3522 5599
25720 24844
19679 15644
18971 20469
29428 6515
23193 22552
23919 30318
10150 27347
16883 26850
18688 1875
21762 14786
15649 6319
184 10078
12731 30098
24376 20083
32409 10493
7154 29279
2805 9090
22169 20822
30379 20224
24617 13123
30874 5813
4890 6004
25259 3435
29418 4326
19242 19269
10442 24280
20878 31141
14439 28513
18949 5423
10962 2985
25271 7783
5999 36
23104 18424
370 11347
10286 15164
18754 25835
2099 4801
18061 28712
15654 2580
19085 31402
21612 28457
32174 17471
21376 20452
7403 25940
17491 10536
2659 29888
395 27872
10181 23923
301 31385
25508 24464
8824 6308
1679 25613
27935 18793
25445 24565
20248 31681
12592 6365
29020 11186
14091 11926
5951 1631
31649 5977
15067 4033
9666 10597
3885 12989
14766 3894
25334 16946
11957 10113
14907 15154
25591 26685
5474 27789
31048 9516
1679 24641
30396 31985
32650 27277
18269 520
20882 27718
24057 17510
2861 15426
22206 10193
15431 19015
7724 27717
31248 5060
27074 4722
26947 32333
24527 25114
12757 9214
26230 2315
27059 3988
17901 30076
13404 3764
2217 25644
11536 4351
8113 29990
24236 10271
30605 1381
14551 23180
213 16231
16021 3683
12255 19264
21870 6959
28389 15182
19286 2303
22707 19964
16140 15367
15532 14666
13704 21412
20678 11027
3849 3268
29332 3619
9662 30477
30634 7851
16375 23963
16858 4468
2210 6016
3171 4192
13956 18579
24705 16615
23051 6868
1025 2709
22204 27047
16851 25206
18630 8560
18274 31521
5692 11311
14832 25355
6998 4172
15574 15485
29833 31754
29111 7340
16029 30871
20701 346
32696 26586
8499 12476
20841 29719
1948 5652
10743 19686
31136 20260
15290 4265
22823 18960
27866 24651
11803 27984
14473 14766
29944 8469
4240 16484
8892 19607
1008 19071
12814 4617
14919 25368
7079 21467
25146 512
25261 23768
22917 25902
6172 3674
25659 23341
4147 16148
17994 26503
5250 8976
24287 21203
14834 23689
3134 3061
20835 12334
5394 3467
27389 11817
14482 30350
4857 8409
283 30646
26148 29942
17831 23091
15958 32530
11643 29558
26664 12512
3276 3315
20870 26456
27921 25193
6005 5703
21836 16146
9708 25661
7897 23909
28400 12517
16117 12723
18223 21713
16689 20800
26836 14417
18416 32692
9321 1709
14934 550
3276 1198
19943 18568
330 14631
30467 27591
17155 7294
18587 13557
8421 22277
7540 16996
23163 7219
28757 31039
4681 31846
7811 24678
7624 3127
16574 11076
14148 19079
30478 2393
8189 29283
10824 786
17990 23728
25237 23049
23422 24344
31572 23486
31484 15449
13087 27719
31832 13954
22561 20548
7663 31385
8362 714
9383 31972
2741 28152
12989 21432
21333 1578
24139 28754
23814 31746
19276 112
27871 9267
7434 29140
1257 1560
12577 13286
11978 23701
1397 8497
32352 6784
17099 6372
4995 7186
15279 1502
31532 28408
24522 13902
30009 16191
10320 11241
2307 10933
6358 7495
12863 5238
15083 29652
4832 22822
31733 19744
20575 24571
26201 28399
6326 3847
31833 660
10991 15439
322 10225
20445 20382
15216 10268
12286 476
9405 620
31146 19465
28528 2680
4745 18685
670 15933
14426 18462
10283 31326
25327 31140
29833 31473
2193 30967
9779 30274
13269 10622
31556 18588
14728 17342
9424 1353
2346 21019
30547 15414
23782 5892
21873 6573
21324 18622
8795 21663
19522 15479
646 31812
32308 20135
5666 17049
6266 14430
26467 12499
9629 24468
2885 5879
23992 15101
25195 31127
27622 32076
30064 14971
5945 26028
2905 5634
3219 7232
13702 14389
31430 21374
24753 16920
8504 643
6331 1681
18880 15101
4641 3491
20181 316
21263 8664
18745 14009
6570 29560
12817 10125
5976 15797
32262 19087
16243 22301
19334 31387
25002 9704
26857 350
13563 13349
19122 15027
16931 21542
20533 31619
14720 30149
22253 27517
25978 8235
24278 31578
12256 17339
30292 14495
1226 14653
24118 7048
7736 18765
30111 16061
21632 1159
27517 26054
30115 27179
5717 22153
19724 8171
23555 25193
29977 31698
10599 2023
25972 14996
449 11907
5537 15853
8086 11433
4223 17525
4590 18006
7520 27439
20273 21774
27963 11426
28471 26745
28414 27537
20997 31171
4671 15033
18101 24058
11877 27021
24194 29674
6865 31976
13796 32236
27998 11018
19802 7266
6379 22209
28420 23639
3766 14996
30601 26526
19650 4629
18829 5242
2738 29254
11695 31529
15288 5616
4398 7392
31128 1730
16531 12704
31159 20505
18720 30377
26158 30038
32344 3525
13280 3300
10389 17797
9159 5284
10495 17968
26306 14021
11185 15347
28352 22312
16519 18175
5511 29726
14771 32106
16245 27122
15851 31468
1737 22312
23172 9330
12482 16896
14620 7158
20701 942
2620 23729
1138 14192
16604 24356
12941 29174
21435 18338
559 29665
9736 32181
15466 16707
387 20048
2665 4122
31350 28258
7241 12477
9749 16227
15414 12270
13713 2674
12122 2027
2978 21620
22604 3457
15547 18525
11445 30830
26011 13264
17901 31317
29095 29666
11049 21653
281 17711
5077 22828
4950 16596
30199 6255
261 28063
5579 8676
519 27568
13138 18379
13194 18836
13396 9252
15801 25386
1754 21034
4105 20717
8820 29904
7125 29973
22012 31621
9610 31065
10807 15724
20986 25272
18910 9217
9986 2991
3241 30394
24157 2534
9911 23493
7476 27745
22413 1188
29514 13849
6150 14855
943 23520
1319 16983
30298 147
25926 10438
8337 27950
8653 11430
4994 3380
25412 17626
2703 19747
27865 9049
12478 7510
27423 28052
32614 6989
10054 8415
2861 3091
15065 24516
9516 15404
8802 5533
3649 22974
20085 25050
6148 24028
7617 12394
19050 22334
30071 18850
13129 21154
23833 26408
4205 31448
27395 26117
21839 8982
31988 16167
9680 25393
10860 13692
837 21942
29252 13003
15322 3274
28948 27171
20199 9275
31851 15122
8418 27630
17403 20600
14740 32422
14561 2713
6121 19524
21673 20100
30529 19047
4056 30416
18007 23909
6028 24880
9826 255
19643 8723
4174 4521
12748 7500
25888 21762
31380 8472
9208 16950
8596 4020
30788 17481
7962 10205
18982 16641
22135 18531
29675 13000
18169 15854
1535 29973
12060 24089
12975 27298
31566 7038
28435 9653
15858 7677
17679 15837
29149 1365
20325 17084
11229 7384
25898 18236
15331 7807
10 26039
27947 25222
10800 16790
5347 7149
24862 17832
32317 32527
9126 16228
19308 1569
9563 1456
1070 27951
14235 24327
11560 5888
12799 31211
29705 19991
31904 8835
20060 6891
18675 21918
19382 14749
2831 1307
24499 2446
505 32676
14783 13183
24644 28552
14705 30721
13155 21481
7501 20425
8770 28082
4045 18956
6060 31257
8356 3240
32723 8618
27587 21246
20477 19907
13724 4533
29084 15589
24579 22942
12317 16074
29631 11984
24564 13077
11577 21664
29693 31953
22702 5641
10951 1460
15397 26450
30568 2097
6727 5767
19301 26840
13646 18324
26919 21573
22298 32189
19905 8427
7121 2890
22127 13681
30364 29237
16155 10049
29086 1578
29337 21137
9479 2330
10134 28300
759 26217
5701 747
11605 15175
29277 14558
16465 3248
24702 5226
6975 29077
19350 20245
29079 30887
22922 15881
31569 30635
13297 26053
31634 6616
10806 23648
5773 2639
24136 18130
6072 22485
18085 18439
29987 18243
8887 22698
2027 372
25758 7467
20611 19663
19414 2444
1501 11626
21162 17689
29499 15093
12174 21832
5824 4403
15236 29622
7777 2508
29609 18677
15646 16702
28491 29342
5998 18100
1660 17987
5763 14576
9775 11188
11240 19232
5931 18269
25020 12569
6453 20958
1447 2887
30906 9988
3033 17982
16557 4346
2413 5476
20855 26559
22979 17407
20771 26584
16234 17917
24765 18045
19101 24129
22745 16575
6718 16783
12355 5076
12927 5207
16999 15167
5123 2453
16128 28943
19039 30976
9927 3193
9061 5497
6082 2128
7713 30502
12074 28058
7043 2452
9640 20040
1421 13967
14221 17871
31481 17766
14163 27920
2568 12254
27418 15636
26935 394
28548 18010
23820 7286
3138 25701
13114 3106
4471 1913
29329 7752
6749 12755
4062 27520
758 20479
17525 18909
13366 16543
12722 12944
19386 16978
7999 14635
26737 13544
13185 26366
18523 30150
12362 13483
1794 8412
30141 31590
5177 28423
5234 2027
2225 22320
20776 31552
2542 16512
30070 9515
26948 4331
4724 29341
12887 18140
13157 23565
2700 16001
20719 9843
14549 15798
9746 909
4161 30077
13032 20493
7604 27592
6997 4850
7034 4137
13334 6446
16934 24835
17824 25547
28213 29894
31978 26435
1412 7490
4651 30743
29485 19324
30259 12152
14310 19143
14296 8213
26646 30300
24473 4851
8091 17060
568 16450
31571 10010
31292 11301
13766 153
19599 10276
26913 20463
9202 23493
770 14814
9338 26214
20730 32473
31958 12959
11032 31463
16060 25968
20991 4115
11937 16781
4276 22157
9399 11427
4487 30917
32102 6233
15146 19372
31843 3125
14737 13812
15792 4551
3510 23336
24285 20042
15999 23228
24496 11057
31658 16876
15204 5946
31831 6408
10331 24480
25961 23286
32741 17402
2454 18097
16701 15202
2758 1938
17413 14198
29259 22977
4292 6445
11614 27494
23856 23192
10990 24957
2713 19390
12920 30641
24794 17177
18971 8389
31881 22446
1912 22196
26147 5111
16038 19209
22147 26329
13659 4523
24826 22396
6160 31702
9591 29255
809 27397
15984 15163
12804 30193
20164 23005
9481 15656
31563 12169
32354 132
31070 24019
11190 31090
24944 32028
25473 6571
14632 4070
7005 13688
30122 11343
17172 24505
11507 12722
29847 1200
25775 24153
10975 192
27110 27537
30384 20787
8589 2575
12605 30431
2112 25555
9160 23904
21683 26301
27184 16191
25468 21840
760 26961
20262 2829
1642 16814
19555 13102
19856 21622
5319 14787
17196 23004
11442 9910
11848 7120
26880 16208
20489 2945
10492 21705
25685 8933
7765 19991
30120 20522
12499 2806
1870 24305
4105 15740
15492 23667
25804 7779
1082 25002
28961 31989
2735 31939
26742 20021
9393 15296
24626 27807
22306 24790
7995 6885
26341 28615
15853 26164
17069 21185
4843 2995
3577 16445
31353 19765
20752 20800
8616 1415
1778 25190
18489 30530
15676 7936
16329 2767
27232 8991
17911 29208
15183 11832
12164 24334
16460 30294
9077 9680
30543 22351
372 6847
27108 8034
18757 14948
10310 31359
10822 10028
26257 27349
2048 20882
24945 21204
3479 3223
20241 19190
28691 4792
25398 26818
31665 29302
19889 24415
25930 25093
6914 16725
9015 13823
21076 23181
4027 18758
31369 15833
1686 16718
11446 19318
14219 20508
18410 30090
25170 11226
30301 22711
17331 10612
17283 29618
26297 3854
23466 3644
2938 1213
7853 5096
7021 11023
18452 1446
27370 27595
19084 22909
1061 19829
8961 31005
7481 687
31349 31804
29191 5202
27769 22896
30292 15568
27593 18793
30596 6088
25356 9496
12411 11723
9717 17324
27764 24296
9744 21463
12514 32024
1886 10306
935 10397
9086 844
5086 6664
22955 28852
229 8134
16774 12038
11178 29960
8330 31875
11651 26123
6192 6307
27607 28507
23696 16144
15583 20860
24990 2245
28860 4524
21858 7517
29411 24035
29905 27494
903 1750
28965 2619
18986 13911
22070 28325
21577 3975
19518 21672
10656 4383
16111 11576
23179 812
16587 2357
20396 21338
26452 5355
31506 26354
25173 19931
20994 13355
28473 21243
32375 14387
25783 24376
15579 17946
22878 28069
1478 7183
2182 5854
3877 22216
10240 13685
4364 21765
15322 7267
22462 3969
10383 29563
2592 22491
16746 27855
13122 30671
8874 14399
18768 23496
16559 21920
1314 4207
31433 26240
28690 8968
20493 5733
26267 10117
16623 2967
4021 31773
16593 18102
15247 28139
3380 19948
106 20514
6081 6498
25698 26012
6849 25905
18044 2707
21055 19832
32678 27955
11556 28030
18336 15928
6972 31979
5335 30452
1550 16249
3508 16800
2092 23786
19191 21894
21615 27995
20103 17950
16746 13284
20720 4505
21822 14356
31795 32613
3356 12781
4654 17859
16640 20328
6551 447
17587 15347
24592 21143
23162 24616
22755 24843
20164 13906
25533 14268
18366 32146
28223 27676
10739 3060
26731 19546
14788 28613
12742 12819
15524 11280
8785 22459
32655 15004
26978 24249
13497 13874
20394 29090
11685 22400
10503 6674
7688 27495
7059 30626
3494 29241
14513 21467
2922 29283
4405 5554
18161 1392
15654 14049
26623 13647
22005 13729
7661 12108
17959 18879
925 27151
30696 22501
19740 29034
26321 2599
32077 29373
5514 13147
9671 30688
19934 6984
16443 6503
17236 19854
18074 6288
10043 15985
25792 4554
14165 18186
27873 22201
24637 23524
6303 15934
20546 6102
2158 5228
31201 29495
9710 7246
20967 18908
13093 27767
15225 11568
20538 2504
15408 20853
18696 4393
28657 7123
1904 29275
8676 13377
12983 9177
20513 19084
11253 13951
10468 22612
8076 5303
29014 21268
3242 12856
28609 26094
5755 28193
3565 20075
25142 24592
26412 2867
3192 22064
1318 12712
19096 28588
9636 25676
14510 27515
6657 32089
32382 24823
7375 26492
19785 23712
9171 24913
20543 16941
20578 1007
7887 27767
7586 27137
19868 27313
31743 1306
21012 5736
16721 15026
26248 2598
1885 17577
28862 31658
27381 4937
835 16727
9505 19800
25791 30537
21741 16946
1608 22399
5999 18504
3540 12705
10178 6311
27889 31527
27229 8386
2792 26153
32551 30866
29838 13945
29131 26370
25997 22537
29533 18517
27486 22531
28977 31069
14854 7366
20525 6616
31842 673
11150 11464
4989 15947
5610 7253
1428 29818
19910 1400
23604 4544
15695 11195
14585 31935
2071 8005
5178 19783
15013 15421
2759 23185
20823 1092
5859 10200
31415 260
23397 24795
31644 10386
6205 2683
25189 7036
1004 11490
14439 18324
11148 4082
8162 31925
27780 4043
17417 18063
31326 20868
9397 32286
21806 24867
32046 15235
17336 15147
25454 115
21417 3480
10202 30162
28949 7860
4545 29329
17116 25059
10476 25962
22003 12094
13920 684
9086 22720
29411 26118
16091 7526
13439 24514
4152 4910
18882 13057
22154 27695
18098 30897
6525 29887
12226 7783
4886 18029
29879 675
6051 32159
18023 29009
16106 19681
27152 22756
15011 7392
1782 17354
6943 10608
32190 14938
30693 7468
13204 6233
21470 15039
32453 526
27342 838
21600 10570
22134 25
14318 13147
10659 27901
21920 21496
22662 23036
9141 28294
25395 5459
23838 2127
25516 2962
16754 13826
8458 26002
17050 17959
24967 22627
21587 25358
3654 22304
11817 19266
19368 2317
2625 19316
10821 354
11131 27311
23234 7313
5016 3886
28707 448
16639 22913
916 27456
9995 19470
17745 14068
30176 30045
3334 12556
17800 11468
25112 26288
26012 12274
1180 1455
84 4590
1974 8373
10770 10419
29076 29466
3204 23553
28544 29546
11330 2673
1637 146
20590 6266
10714 6559
13733 26525
15969 29273
1582 23733
11765 314
32325 8431
178 13260
28784 22650
22149 20106
28028 1079
24698 27729
1333 2350
8585 28021
1765 31642
4136 8711
1229 29148
6623 22899
5509 15049
27600 608
2990 19489
11235 5548
25965 12185
16886 7275
6257 6329
13326 20090
14283 15965
16458 3719
34 18534
17502 12206
7223 24618
14311 6815
10954 22216
6142 13475
18158 11410
17757 4067
16107 32533
15145 25920
18226 30941
9383 15916
312 4418
32129 31721
21133 3538
7499 9604
6085 7597
12269 15936
9361 15471
21347 10044
16362 9301
25514 20387
13887 28819
4539 32673
21514 29806
8399 28314
2384 6444
20556 10125
26718 26545
17175 17629
14926 20166
8094 10287
11071 2168
15181 15224
23021 27813
14707 13695
30738 25088
28190 24603
19483 17298
23346 19033
8333 271
19202 17227
21541 2663
8924 24634
9861 8760
25632 15076
11240 27729
22661 21882
32647 30739
4989 31386
18255 32398
1990 29136
30683 14676
2244 28706
14156 25773
24395 6442
29208 26016
17061 24167
10347 693
19544 9285
4959 25506
26310 15517
4625 813
7793 28594
20599 17678
6664 6213
14198 19793
319 6203
13304 24810
5081 5526
618 7703
13663 6577
20792 22900
14279 23632
31845 31825
31520 27775
31608 28178
12082 7321
28365 16999
27856 319
26347 5591
3953 21218
31863 8840
10723 10183
20476 26815
8074 14118
31063 20870
17613 17409
25515 27617
6050 26129
26363 32558
6102 2193
9066 8898
13025 2327
29081 5424
6065 6996
12437 18880
21588 4947
23495 10703
23272 20301
31045 13534
6610 20670
14285 26876
27173 26218
18377 1094
449 6389
26096 26319
5818 25415
8307 8981
26968 22429
31227 20908
6144 23538
3344 19183
2406 16976
2506 4019
3454 751
1428 14765
17687 17466
30635 5429
13778 10153
19393 9382
889 25907
22340 24575
2223 5387
21143 22191
22792 7344
5172 22760
5448 2467
31206 17065
20908 7452
11812 13393
15500 24101
25279 8758
15590 11293
21894 9596
31373 9958
10554 13948
525 23765
7837 14804
26690 18958
7364 19373
2697 9589
578 27997
25049 18492
18608 30913
31582 11587
10783 18913
9251 13933
28477 27922
31649 19184
10401 24837
27448 2009
18661 26446
28599 13926
18340 6299
25334 23809
1867 28472
12771 18076
836 26096
12404 25316
22360 5853
26850 18093
30359 383
21612 10204
9395 19018
23950 475
18537 27036
7455 15141
15338 25794
30905 10926
9154 297
10457 3722
18189 9560
29387 19563
4945 5947
6500 15831
14054 1165
13404 13201
24080 28744
29289 17349
26619 6998
18019 6088
13359 4896
15930 14496
28516 4327
23652 7844
19449 8344
3619 9851
15435 9979
24039 30845
29609 15444
21928 20523
23078 12666
19341 16327
10276 18762
18673 15262
31093 10372
16808 13525
26628 1562
6735 16487
24435 6066
17709 5852
1356 21065
31003 631
30153 2095
7133 22934
10987 32383
19818 30601
2633 7356
32576 12192
29720 26816
16571 653
23448 24163
14941 25918
17998 18029
5349 14674
26865 20162
31339 4791
6885 12159
11376 16002
17090 6848
20089 15396
12742 21667
13280 15337
11775 16355
26254 28923
19932 18298
23931 31525
16955 256
8897 9402
29958 32167
26908 29165
3129 20547
30937 24958
19218 31786
28577 24271
6855 31211
8070 14791
27823 28695
26882 1214
26847 17438
30217 24874
15231 8409
32044 28951
1886 28868
25066 24320
4866 13071
5418 8710
4825 6324
5939 22347
24122 8920
17536 27544
10070 5436
32062 18539
23714 10985
9060 25360
15937 29912
27304 20565
32156 22906
32564 7567
5652 32728
10744 22420
10053 16026
18780 23935
9294 1111
13734 20787
32301 6947
5690 5115
27643 27165
20441 593
19710 17505
17191 2486
23906 1143
7890 26087
1223 9839
8129 32325
30895 11616
8586 8268
32595 16121
23934 12031
1093 8038
24921 20065
25568 20216
29139 30967
15750 11677
3750 5740
18392 5510
13370 22781
30489 12690
24866 19640
4921 3993
31961 26335
6518 7130
23609 4900
22238 2521
30749 27364
12504 30955
31289 2401
21885 31576
19653 11196
7380 30692
12041 5326
11073 8105
4505 23228
1335 20446
3855 19549
20327 21832
28841 16398
23466 29302
4501 13444
23700 13381
30998 3165
32372 18283
31623 30244
15342 7830
22876 17740
7247 8512
3760 12707
5371 13561
8868 12735
5853 26337
15203 21835
6419 18908
23196 967
5635 9227
27046 4208
5703 30989
27440 10458
19508 19646
6680 20533
3761 20136
3958 22265
12200 11122
21746 29416
19302 11014
14456 22387
5426 32472
3060 2725
17382 27481
25420 1987
449 25800
7022 2705
6291 17456
3779 12101
16752 18190
12858 8250
25275 28026
31219 9728
27858 11236
27541 20356
18971 22198
13725 23348
26644 9250
27890 21619
4416 2799
16611 23747
25654 24826
19685 28388
21100 13592
13593 11621
14901 31692
8938 5917
16665 31438
6609 13013
19462 9499
20888 20381
31893 6012
19487 28096
2742 362
10596 32277
3851 19771
29677 14957
7520 31585
3750 25502
23003 19257
12066 1219
6182 6482
7393 25860
5835 12397
27921 20374
25477 26033
32063 28583
9084 28451
1541 4044
29963 25859
20561 22819
15819 30116
16369 13364
13814 8936
30574 27687
2913 15697
20869 3695
10386 31555
5662 24847
7387 24902
2798 1940
17296 1306
25852 11436
18036 27757
31448 23689
31095 13806
32160 30837
17896 23428
29426 29789
20744 25036
29647 6482
17226 28519
29105 30869
12629 19320
6921 10956
20985 7305
20155 6902
6760 6414
7744 22296
3464 31815
11699 3524
6863 14609
30685 11813
15048 8050
31854 17569
2298 25802
16734 12644
18312 2624
12600 15437
25367 22740
13887 3701
30997 20837
7613 5954
3707 29396
14316 10349
7307 27946
10794 17888
32638 11390
17646 7684
28587 1017
216 14083
4503 23280
27640 12130
31469 8604
32003 17553
8388 21680
2817 14522
7115 24074
3873 17673
30361 28278
12590 4358
9601 29915
4682 5654
17518 21122
10206 5136
17142 2240
25662 21302
13529 18625
16632 18156
23956 7124
27797 22001
12677 21251
28996 2926
6322 32423
7875 18855
16865 29845
131 28869
12015 18552
20145 6291
19644 2229
28356 28185
29620 309
14922 23595
29212 31410
3574 17375
20617 9530
23867 26396
29085 3040
13419 6552
28428 15957
31624 4666
13770 13939
2430 1570
30243 9059
28383 8345
7714 25467
29707 25372
5434 2342
25026 22741
29 14933
13968 16192
22969 3554
11060 25722
457 3625
26027 7339
4016 21724
28638 15952
21462 8882
17967 19596
23401 21547
30950 5258
30172 22276
4736 1361
30644 16224
28587 14750
12034 5864
11502 14603
23639 8977
9041 28584
27120 6124
2928 2177
25460 18514
10854 19137
27288 4007
7007 24315
15111 2133
8594 24763
1147 5506
2476 3785
10847 26885
21590 3551
15229 21504
1703 238
620 27786
765 7372
29184 9729
32521 3035
9776 17882
5037 14127
6800 23939
32028 10189
3027 26063
23115 17331
30539 23225
26443 30620
24713 27086
25274 30236
2831 6267
20312 25585
6180 10260
20254 24313
25440 10311
22516 877
19224 7005
32461 21368
28377 12406
3720 1386
9598 18048
5756 14329
5001 1196
25076 17833
12442 17954
3918 28296
13914 26212
2728 14482
9900 30964
9363 3824
10664 26444
5065 3709
7377 29788
25076 28356
19286 4517
17932 2246
13416 2523
17645 2637
25277 24863
8135 19543
14971 6086
28008 988
25661 14540
23621 31863
4529 7582
26488 24689
30135 25855
25789 1634
28965 25787
30436 7694
21933 8368
29901 17030
11798 5290
7750 27220
31637 31034
17997 20844
6850 32105
21458 5418
27136 95
28411 19837
8040 32168
5772 21728
17169 13822
14409 15694
5562 3561
20708 25300
24570 10786
1468 22328
28098 32560
11382 28138
20943 22845
14109 5523
652 13532
19744 30124
11097 2053
3397 6348
28608 2107
28817 13125
18446 5674
13319 14519
12087 19888
26731 22900
20783 18170
5186 10027
21742 29082
6964 3174
18302 27276
13877 15474
11054 7319
22174 12503
24411 7183
14180 19676
8434 1106
32095 19409
10525 13748
17121 23792
15208 24254
27562 3424
29581 20303
3756 6179
19198 23470
17704 13720
981 17065
1699 6802
31822 16166
31050 17753
27763 23572
22688 30166
22405 11190
10033 15255
5583 31615
13688 20411
25294 23587
18548 10753
27827 19932
19305 1952
22298 12202
30912 16064
15468 1545
2198 27939
4233 27115
21664 2537
6581 26518
23227 10083
18803 13879
14886 8662
20457 17424
1469 9916
5691 4857
1397 28457
29072 30130
16216 7165
20796 10748
9186 13
4795 28557
28449 24923
4727 7283
8399 28779
13128 16831
19313 23348
18718 23045
3068 11482
1757 7727
13296 5743
30737 25025
22289 22108
4600 32240
363 6190
3222 18084
19745 6061
19943 30666
21345 11916
6110 30477
25489 29182
19749 25270
18860 20361
22388 9269
20907 27092
11480 2732
6796 9274
28886 1653
22757 27501
24505 11227
7309 22430
16708 15513
1717 10876
6047 30526
15609 6898
10518 21287
15123 9754
11891 31031
16417 13372
15763 8448
1293 21429
19224 4419
16313 4010
17974 31951
21206 9451
504 3782
29784 11708
18152 13930
20020 23562
2819 24348
11003 8095
3270 9936
3973 5491
21163 30396
6056 10753
20691 14425
8646 5941
73 9136
9674 15511
9276 19265
21657 15512
10468 17093
27717 26898
27961 13143
29842 22565
29828 29469
28742 5352
8269 11865
15330 6907
15401 19140
14417 9590
17121 23490
849 17244
7751 26217
21011 24491
26845 25622
15942 8035
23200 14707
7755 26098
19583 15682
26219 20018
14669 32537
2861 26278
6700 25996
26317 31413
16905 30625
17258 25764
24242 20514
12540 1019
722 11131
19043 24624
19930 17132
8733 5029
2239 5256
4080 6710
21122 5654
3512 3973
11791 7603
20873 10100
2178 26265
10114 20049
28395 22250
10165 9991
4902 5524
22507 692
18987 5850
11018 2097
26128 28748
26045 19450
3155 10881
15706 21985
32535 31563
6006 5793
4861 11752
9197 28579
30143 4433
11805 11324
11180 16695
5272 23736
588 23060
5728 27039
6883 31266
23756 28727
1043 7732
19185 17598
21415 9646
25996 18141
28899 31201
26363 11954
30766 30050
14718 31702
32162 5428
29860 29287
6597 24800
24752 25372
19078 26947
569 8696
19715 6761
11737 18632
28726 10023
24073 25023
13981 23999
30767 13090
8887 10733
4292 6151
10016 16752
18343 23111
20029 15670
7442 15235
4468 13508
10405 29234
29481 7426
17381 5630
28997 21122
6801 13701
26734 2561
4504 6667
20808 6208
30923 4341
19320 10997
7773 9381
32647 20781
16245 29390
22802 19623
26114 11898
28344 16357
13991 16276
4886 12859
21973 11698
21522 25585
9058 11924
20775 1334
30295 28662
16336 6855
14744 28139
16131 7854
23438 27954
8994 21119
16991 24257
17259 229
26357 4390
22660 30595
576 17657
8657 4922
15571 18787
15642 32121
8151 26735
23413 21747
6871 2125
614 12312
638 7510
15987 6565
1435 3032
10414 28943
32601 18561
13556 4227
25100 22273
17040 20065
21174 4258
1803 3766
25726 7352
25728 15754
1379 29024
2448 6469
9214 18931
28666 21602
7278 9110
31873 16237
4479 6416
15708 10803
32679 3014
27425 2294
2165 17091
17207 5391
2957 5995
17157 16140
31740 23107
15519 5601
2455 18070
3833 28686
24145 18175
16880 6589
7704 10634
30697 10804
28321 22154
25743 11799
18458 14146
24782 22594
2075 4456
29690 4341
10268 6435
2646 30175
14027 3092
13423 493
15281 1977
10828 21194
26934 17409
7641 19177
12635 22150
9069 18896
19730 27579
26838 31018
16850 2008
2089 11049
20123 20512
15059 22414
16471 16578
19212 8296
18168 19496
26942 31257
223 22723
27105 21999
31106 9458
25297 151
16374 14500
16569 32303
21383 12308
22285 7981
20318 4803
8721 2075
23707 1774
5408 26620
26870 14016
7416 11279
21945 20901
11081 29767
12701 18413
18941 31394
32547 7989
14526 5567
18568 23502
26053 25873
30753 28173
6482 4545
9678 29712
31001 25950
3091 7849
6948 27934
28527 28788
65 6078
16287 13689
16568 26635
21576 29055
4055 4603
32591 24557
4670 18531
6835 11625
1836 8690
15464 16246
30650 9558
14198 28462
9083 16654
25173 29916
25911 11686
19724 22256
14652 22453
30539 12057
24900 17282
12111 28963
26502 22998
6313 32441
16542 21878
23884 27142
25861 7088
16089 14720
9013 16767
31879 31946
28793 29487
4806 2082
17940 12231
11290 7766
4121 12007
17664 21496
8932 16800
31625 27222
31507 3806
13469 9253
26741 19030
17434 15129
17280 20793
1063 2681
29762 13542
16549 17398
25478 14757
4716 19488
18984 16846
31070 18971
2292 18953
26458 16306
29890 21072
21072 31528
30713 26757
12687 7185
7068 8703
21922 7506
16287 1000
9321 5587
24521 25392
28938 23795
17923 16586
15396 1529
18885 13201
26136 5452
4041 24791
21983 21885
24603 28904
22814 26218
11043 9969
21530 18162
9218 14586
29854 2745
6315 8879
12209 15713
2161 9363
5885 29866
3449 7316
26100 17483
26509 16235
5414 20082
2096 21609
7460 9670
24281 23921
236 19371
12388 7842
7355 1947
19160 15681
16757 8827
6326 11191
31089 12995
2949 3126
25480 1788
17381 18991
20485 709
32474 2097
20895 31449
3197 6297
18925 17816
19667 21343
28660 22245
20023 1009
19434 7028
14591 15104
30662 18065
29748 16892
1204 17519
32416 25600
1791 4606
19640 16658
21104 8121
16355 19822
2997 30418
6674 31742
12800 8378
4722 31995
12395 7263
5346 21448
20954 27140
3482 6042
1318 13739
18872 16395
19275 26436
911 18999
3170 4185
20111 7483
30747 10852
10509 3889
7251 2810
12437 32295
3549 10304
1649 23917
15264 32058
24923 12537
11069 25987
28020 8365
22296 264
13824 31310
7698 30033
1000 2955
9478 28412
22380 26001
14334 30941
28485 20919
19041 7365
659 16321
5417 9552
18584 21753
3858 32067
13331 6314
29152 20206
10011 24401
32305 18274
25130 30442
10710 31298
335 7972
9602 5732
17094 22318
19423 760
8620 23910
19473 32672
21780 1799
15322 12050
29950 29772
28374 20162
19000 5789
4257 15320
14884 6021
13236 24389
20854 28309
4026 20076
10742 7618
28246 11025
15754 30845
20434 10268
26884 17935
12896 21177
837 338
18833 1247
10061 12210
31387 18286
20995 4299
9478 18535
22244 11749
4769 23902
30621 15147
24163 15398
10117 1448
23168 24972
516 32375
5729 4739
10462 7206
16368 27589
7644 28388
1711 3821
14369 11966
2182 9465
29344 15398
24237 16229
8520 18881
20035 3957
23295 16361
5669 19587
7863 15650
26407 24436
6029 19826
28278 13920
2029 12903
7458 4627
18510 30315
18932 8852
10651 2334
897 16517
10221 27735
29268 14380
3063 10838
4200 17534
19149 14715
28041 27684
18508 25257
18981 11578
10081 15426
9512 25112
25654 14731
5703 13361
30737 4416
31823 10809
18124 3039
829 14810
4609 16146
28840 3312
26413 29926
16032 3282
145 26929
11369 4538
17433 2007
22360 5887
23395 31262
2241 25793
9764 20058
1475 27411
32678 19771
15767 10636
29183 8858
27651 8099
13312 30491
18553 30580
23748 4179
21280 2133
321 19403
24282 30096
21496 405
15660 16246
21049 10887
30488 24741
3251 11984
15123 13941
25423 154
28287 21127
1516 19388
16074 3483
24687 27768
10693 16066
27758 23879
17996 20305
21955 7150
6994 23852
26748 12192
31139 16232
3006 20185
15755 21901
30291 4475
27103 8121
18773 5046
30821 23441
21772 5693
29637 24497
22761 12068
13477 25818
21522 8306
8201 20703
7849 16638
6979 14471
23281 31748
24188 7631
31469 19644
12982 28537
14852 29297
28410 29178
29728 15008
12993 20413
24935 22543
4913 27819
31731 7797
26666 29848
10962 22301
10924 14800
28190 30336
12576 21600
19306 16912
3819 7087
22390 4209
19842 12750
20674 14835
4243 5709
30590 10487
7809 1183
25326 30468
18104 4234
2707 31114
30277 17503
11369 426
3804 12253
16212 31095
29073 3306
12776 8918
23873 29280
29646 13786
12150 11756
16447 14467
9626 5218
24558 11082
15806 25999
15265 22933
24231 8571
3549 3262
6522 7204
18533 15430
17132 27455
32031 29862
10107 24054
13994 10150
20838 12453
7439 21018
32214 29691
24123 26015
20614 22801
31931 5369
4289 7394
11493 308
32641 2804
3760 4026
16518 7728
17611 8183
23826 7529
6058 21948
21705 4017
31295 31775
30409 18128
26102 32632
11240 2435
1949 31695
5257 27350
8693 23161
24868 5176
29188 13304
9172 2538
15110 18026
21680 26633
4390 8234
6706 29952
20264 4202
18679 2022
13942 6136
30978 999
6259 5204
12338 26845
17465 20707
11599 14652
8739 8638
9834 9400
18679 32575
11531 681
32738 23264
8945 10590
1250 18487
17345 4155
29546 19327
30171 26035
8097 22287
20215 18067
17308 13545
3516 450
4818 10781
23271 4757
22267 10709
2454 2616
29381 15280
32519 5310
11247 1662
27553 10120
12082 21196
15439 24744
31507 12040
6573 19171
14842 14212
368 30463
4568 3332
13035 13319
19425 13763
25966 8973
7150 7446
3276 22719
14541 10007
2780 1501
2981 555
22004 30974
27826 19747
9488 5624
21026 7743
8007 25204
24765 5034
17849 3334
5086 21475
3252 11202
13998 26853
8492 7742
13676 18800
1465 21352
13427 7404
22937 19107
19679 21046
3049 3571
14078 6205
16301 4533
22461 22210
19666 5770
20160 17092
20902 8342
28678 8494
26129 16853
29245 7794
21336 15561
18926 26786
22688 19757
13437 21845
24333 7223
20476 23033
24759 31059
32536 32572
2065 19216
1870 16811
21352 23184
12474 25791
16640 4447
9994 906
24230 13827
5358 12002
10118 10050
4219 25376
29635 21414
22773 17237
16089 30583
4392 20456
31066 19835
4352 3046
32460 25951
26005 2332
12933 22277
9571 6110
20320 7925
27482 736
20470 7365
24877 8120
15006 32646
21424 14296
4365 12848
9689 24331
29611 30500
20613 548
1342 27369
7211 1009
29261 15677
21916 29039
29344 2433
8905 18258
2119 20785
30022 31836
3409 32529
9844 31846
18281 20298
20856 10949
27741 3977
5520 15441
29377 15878
15760 2419
535 24935
25169 25592
12521 28230
7788 19556
21942 3656
20436 7221
4313 20385
24494 1947
13486 4000
4676 3450
23137 24507
8947 2204
22139 25038
31402 5197
3109 8843
20067 8717
20452 441
16750 23686
29348 16891
4920 30345
14602 3465
2529 16004
12307 3211
6012 420
21572 544
5945 10962
103 30156
639 23597
32115 11329
21351 25657
11838 17793
21672 30548
20214 17881
21874 25533
24268 22450
4580 3554
27997 23937
11391 14653
19543 16688
1311 13329
2403 25928
29629 18233
15273 12825
19987 22937
6723 26055
14555 18262
5969 10756
31282 29110
27076 22145
11414 32202
6607 21173
19697 26070
22706 27230
19232 10429
22943 23767
25504 25520
23355 5343
11337 9240
19091 30272
30869 8653
20293 31007
24597 26635
30376 6245
6393 27758
13376 4182
23671 32470
25799 26652
11667 3106
31160 9440
7576 846
28873 1055
2976 21513
9836 7941
6366 18448
26447 17762
22640 22293
8745 10864
16272 10396
12028 27295
9128 26677
23243 31779
19927 31793
22290 12403
6144 4647
9964 6957
2987 6178
19582 2986
19248 17858
26604 12815
16831 3342
32525 27623
18061 31957
13802 29945
19659 3091
12835 9617
3895 12458
20744 30844
17265 24763
12390 20810
20994 2079
22302 21886
11944 27693
24036 16826
10270 23898
31351 505
15165 13577
7816 7021
10261 17148
28073 21147
12292 32134
31230 13637
23160 19109
7480 24694
27841 19594
28057 29453
28553 1516
2268 27174
19524 24409
10068 7639
22076 454
14693 8464
32104 24097
21237 12737
29448 27047
20083 5218
30550 14850
1101 30049
23983 499
30775 30819
2137 16149
26205 30925
31371 19740
10412 21276
7377 8131
21107 14686
11617 9449
1932 7890
23278 1181
32081 11359
15067 26906
5107 31450
32378 25862
16695 11883
9975 4536
20106 31961
15856 26114
25668 32327
6618 12523
28518 2129
27200 21472
25866 16853
21202 25768
14338 6277
26955 14083
23591 2880
13801 141
22846 3322
20726 7782
7709 4499
31931 29743
22634 6960
19751 14584
9552 23767
25351 19366
32094 4420
28443 30553
8590 29261
25184 32306
25037 15319
20800 2320
9311 24944
29051 23724
13816 12191
1631 6366
11552 4551
6254 2456
29994 7065
19374 9288
1838 7730
28616 9772
31646 14043
19657 8598
22413 15578
705 1401
31365 2675
19487 20017
10219 13193
25606 23926
30190 27536
17034 10983
6968 9723
146 18985
32719 4942
13242 16160
12846 30795
30801 10017
15829 31005
9784 8761
23663 6091
16030 29286
20884 13398
25324 19313
949 15167
19173 10239
2910 11363
30037 5983
28315 30417
20982 17151
4824 10217
12161 16310
28564 16114
17868 28340
14337 29777
9254 9912
14046 31730
20233 14150
30874 19714
29938 12353
4590 4465
30687 3240
16660 14167
21233 15229
21884 31212
13469 10788
17060 3647
8024 7439
2987 9870
30581 5570
20868 23269
19519 27789
17958 11541
7478 18263
10525 16083
4629 31964
1047 7924
21218 343
24489 2436
21082 22446
6157 27532
8518 18551
17524 6115
15330 24848
8869 27679
16921 17606
1734 14284
14174 22424
28221 25279
1621 10851
17600 9910
19383 15943
25413 25848
4155 8229
3115 3714
283 12593
16834 12072
18462 26127
15865 24299
29127 2765
27460 16769
14948 31832
31578 11918
11110 12006
823 18932
31610 2223
852 745
1223 13320
9419 16739
19662 2895
8434 30824
9850 1101
25752 32627
371 15777
26545 7964
11642 24941
11054 32235
23381 28828
26061 8461
5963 4251
4736 32589
13048 8435
17373 10372
9325 17198
18526 3835
4735 7400
20555 29747
19305 24274
18983 3903
11558 2884
4533 11186
7044 29513
9467 30406
1121 13757
26792 20351
16951 9531
12372 23682
15563 29013
15166 8890
13572 10222
2625 16142
29484 25760
3306 3705
17543 4454
29136 763
2460 9423
26012 5789
26511 23996
2990 379
4459 26424
32673 10388
24028 758
4523 1405
3729 4375
19316 9989
9083 21730
19342 10471
27760 15720
6869 15391
27465 24730
26125 28999
9058 28423
8843 29963
5965 2184
30847 15099
12174 15319
31856 26967
19984 876
26486 12242
8993 30418
27835 30843
22485 31866
30226 14550
9588 8997
12393 3277
24323 2718
30375 20481
16905 19751
12771 18112
23731 23390
20423 11011
8189 29305
28439 6355
28175 322
22529 5999
24819 3320
30301 30901
27251 28253
23967 22705
6530 31663
29482 22851
24646 5505
17975 26354
3877 6802
17302 6036
858 32209
292 3006
1835 1119
26825 32557
1731 24603
215 9428
20249 11510
1178 6288
19559 20018
4873 10991
25954 28948
12007 26444
24678 30779
7170 12596
29170 24638
18932 1717
31682 4476
1396 1675
28479 31627
2567 19455
27761 19434
30032 18455
4638 2902
21960 32352
25266 16808
23919 32118
14941 11280
2812 25467
14470 10882
5493 8730
13388 19342
8431 7527
201 790
24725 22050
22859 3882
19952 1190
24893 558
21656 22958
3045 22674
32364 16664
8689 4270
20423 24282
11660 19504
19612 16824
23798 32545
13721 11649
22220 12211
30890 14637
491 10379
11739 11044
22760 4974
3633 20378
593 29882
2124 27025
219 16562
13245 22815
10977 27817
12989 17264
11217 22971
31342 24705
30833 32166
16288 23990
31511 16043
4531 29077
6559 28692
670 24828
29523 30264
23701 15506
6055 30218
22236 16008
19244 421
19067 25548
30343 5455
2217 16064
29475 5188
961 14271
16098 19190
22183 2535
21608 57
5000 21856
24237 28932
25251 13201
5661 27885
7142 3805
29260 24575
19983 7973
11702 24630
32304 6730
1704 28607
22918 9753
3534 10165
20842 27428
24070 17544
499 23723
29973 26768
19053 28066
5904 23905
5994 12807
7464 2523
18540 32306
20490 5255
21140 18834
21642 21583
18350 24291
4826 24135
3218 16616
20338 916
21889 320
15917 19973
16406 8230
31902 940
1160 18064
22031 30721
9963 31690
31514 28294
20234 11454
23683 25294
32155 22656
12521 14612
8727 3184
5207 8117
5329 19338
20416 26426
17967 16965
15410 13688
31155 5233
21363 8467
7293 23657
29621 14992
21163 23857
26195 14910
31563 26155
21224 17083
31110 17142
23876 3706
26103 20010
7826 21189
29633 25103
13370 26638
26970 17259
22508 16312
15069 24822
22016 29397
15013 12087
1253 1252
29027 32279
17553 14936
3556 24246
24991 13724
20367 25890
28634 21151
11144 25735
7840 2382
29847 9773
5369 15561
2902 20796
21376 5863
6501 602
20158 13881
9122 19502
31084 5561
29528 31778
4673 17869
1870 6029
6137 25760
32739 22818
22863 21157
28632 13508
2079 23153
27521 6279
13407 11753
20241 5645
6233 9200
11837 18863
32176 23403
21248 15724
23675 23874
12191 18117
10966 11161
24386 11204
28677 11148
1271 11044
10815 14594
23980 8848
17023 28516
14991 24921
6126 7246
5709 15572
7147 10111
9374 1171
18383 29302
9782 30478
22301 17529
28491 6566
18616 14739
8301 19787
24692 13231
11084 15747
27077 19773
26863 253
1901 781
8334 2854
15835 11289
30890 11674
5114 1460
15111 26208
26126 10409
5867 10833
20382 25775
15722 2071
19755 7508
8997 23416
22714 25538
20502 25498
16021 32730
26800 21298
12551 566
6602 8467
22053 18254
23835 20007
22612 2830
7794 2588
29311 6943
24877 27739
32133 23731
25333 24300
14132 30799
14592 7991
8261 21310
7529 14960
26488 18699
4241 28221
8996 8877
32508 23559
20408 13926
12509 27012
7678 31566
19285 22244
19273 12558
23898 15289
2068 14122
3180 30180
602 10290
17401 1186
7811 31288
4868 13833
3687 25058
32003 3022
2748 27147
13452 22594
21405 13595
7587 14570
11845 904
31877 10649
20021 6189
6654 7762
31804 1450
11681 25713
4315 1389
27266 10217
24150 23371
26229 32083
18528 5159
27440 8199
15277 1677
13247 12730
6038 30510
20976 18759
28888 18566
25957 13272
19535 6010
2430 8775
8349 25404
4352 17214
12868 9290
27098 25130
12639 10667
1441 16853
27193 32461
5749 6097
19556 9827
10092 2567
24120 20108
23445 10686
27867 23025
26240 31027
9530 565
15657 30652
21974 741
25122 28670
9152 225
6577 22436
14190 4963
18777 28220
25716 14144
23256 1177
6388 16716
23493 15625
22162 7935
1499 21637
6407 14417
23830 18396
29191 1711
31078 21998
27125 27040
17962 25768
28466 9618
29363 6148
30202 29242
21195 13252
987 916
24099 18185
20627 18977
1394 24976
2003 4949
23252 1520
18418 13242
8139 24950
7319 12305
31101 31252
6339 24268
13533 28535
8121 17619
458 4789
32289 3664
14581 21385
17867 28210
3302 808
12636 22387
800 19527
2658 3150
18204 8238
1598 916
5469 2989
21441 9746
31857 6395
11229 28587
6882 18984
419 17179
5643 15909
1382 28626
12996 11644
21682 14964
11940 15817
31477 29120
7679 22106
21150 25626
26104 25413
21853 20492
21091 4473
14963 10433
8880 25725
28421 5394
16823 27671
18170 3007
23819 2013
13227 24596
18227 6886
25660 30713
28142 4488
18826 17554
11718 22852
3160 19094
30300 12528
3737 25794
9616 10498
1002 5211
3779 27915
10463 19032
14014 14941
30398 15092
15270 10283
21272 5097
21118 30169
13729 17641
9142 699
19585 10204
4710 28638
10205 11237
17650 26282
32657 17698
8549 17862
8372 8601
24492 16158
13256 20226
22216 15110
6112 19741
27597 8024
4882 31956
21380 25120
18734 27621
23982 18819
14278 5851
6033 10656
8252 22447
24820 23399
5522 29746
3293 17623
26859 5782
21060 7200
10502 28945
7013 257
26556 32550
20670 25969
27721 4548
5372 31244
5391 7904
17030 12641
5820 23516
18851 27644
1749 28067
1421 11188
15200 10072
1671 29683
7135 10444
9597 18976
22150 13494
17983 1777
28695 24258
16941 10102
7135 18844
21127 10026
10031 14015
6126 23063
29409 3480
10137 30578
20137 28816
8673 22129
23065 14908
19671 6010
21472 10690
15520 31394
6806 19006
23141 25340
26938 21523
28270 15598
31011 18887
10885 1427
27091 30669
26847 17301
27530 28527
8303 21727
21104 20803
20320 19857
21593 21508
6444 6346
19029 26546
1687 10662
15002 28413
10350 22050
312 32416
30128 11393
3317 23664
13238 15440
18760 13033
146 7689
7078 21046
15861 3512
5940 30597
22665 1101
26582 13841
3731 26428
18634 24029
20816 25325
25491 21244
28274 12103
16655 8607
16872 22499
8981 1520
31490 24035
869 27139
28462 30790
26022 24369
32580 18166
10306 15089
179 8660
14678 27594
22746 1859
387 19961
31186 19992
15530 24666
6976 8612
29466 18250
27126 15978
8120 28510
12460 26217
28288 10524
21845 17711
2969 11176
6478 13835
10262 31641
20380 29461
11903 6500
29403 5712
13180 32469
2796 27766
11208 17092
10524 10731
25146 32319
2863 6176
5728 15221
14702 3601
10278 3922
32421 31910
2104 21344
10592 20695
25877 14362
5023 21667
4437 29430
16688 32695
5752 3074
7780 26212
19564 2795
11349 31938
10922 32438
8589 25060
18177 18571
16060 3409
9062 28808
4577 27280
17479 20836
26978 25359
22522 32009
21842 27126
931 18187
23033 5787
22235 30842
24924 7109
28339 10572
29633 311
16132 28135
10089 26100
8772 7527
25989 29313
18859 29745
23581 2116
32138 6958
10708 17524
19734 22247
29601 20990
21054 9823
3530 30515
2053 180
21321 14541
1164 654
22931 12794
10507 25450
20112 18691
30726 1829
17014 22922
25119 20009
804 32340
19551 13576
26927 26278
17026 26409
31958 13212
13166 9703
17030 10660
9488 26895
17520 1768
25841 10097
195 19506
30450 5062
31449 22500
27344 24041
13533 30096
2042 3726
5626 14422
4869 17953
14337 23137
5184 14377
19039 19059
6720 5972
6073 1547
28916 2753
12213 31899
27024 23441
15744 27963
20155 5008
18622 19487
9787 27280
3708 9873
23239 16338
24247 29859
3855 14477
27380 22030
20513 22230
31385 6664
17742 8501
19330 3732
23215 4884
29118 13962
4102 31993
23766 12647
27087 7272
20552 23611
28843 3893
28148 14324
29763 7766
2748 20554
5557 32397
21216 14909
18888 25188
2822 30196
32530 13335
25269 22279
29157 7908
15812 27270
3238 28762
21175 143
7570 25456
3858 3446
27514 17654
3261 6817
8099 24901
14633 19014
19981 19195
4185 17208
6694 6855
17541 8159
17861 19088
8328 13901
28911 6352
10933 18298
3083 9453
7240 26401
4736 23432
217 9531
9846 31580
12141 28953
7037 10545
30087 11506
22059 30404
29108 23117
19930 1892
25457 3035
10356 20334
13004 22736
25061 5509
6425 29626
10287 5974
11378 23942
2980 31894
24937 11864
3696 13784
9212 9783
27472 26985
32585 161
2660 23795
23561 19192
29160 30972
9427 18481
18415 32197
31811 11320
13552 30188
13821 8633
20256 22349
9528 7159
15565 12377
12246 10744
6351 12180
15552 19651
28523 13999
5036 15675
24676 5165
26821 11940
12212 7428
3341 14055
21647 20722
26062 17383
6064 6649
2910 29202
16597 8449
7997 23237
24926 29991
12992 32132
21159 3656
29623 23975
31277 10923
11322 13430
24779 22687
26338 13055
9744 14338
15834 24295
32265 9188
12846 24261
13869 1554
13955 25937
24614 7703
8844 17250
25307 27852
30535 2942
28058 24211
24348 204
1210 18594
17600 13680
16136 14294
21666 7143
19112 4603
7614 20672
635 8452
30390 30965
15523 19631
8329 29226
26207 10725
30886 15114
28335 16823
409 9834
8509 10121
29647 11855
10904 4663
9166 19366
32547 32224
5489 29354
23075 31638
24386 15788
2471 25602
5400 12065
22301 12123
4691 28186
28764 10371
1028 9534
14053 17533
12319 22665
14162 29872
23886 17245
17971 21849
23885 31914
32734 18846
67 32120
3936 12565
24546 27905
3563 27009
8242 12610
14399 20004
6290 5174
8878 31665
29906 2003
27678 5932
24879 14020
3913 15450
22345 25770
21409 26799
1268 28762
13814 24398
12712 983
3977 22341
12450 26032
22884 3262
28174 12071
3841 23204
10554 29505
15156 14929
6282 28296
24405 6971
18647 32398
8921 30582
31243 9822
24675 5520
8701 1432
1892 27299
9903 11693
13880 13060
31972 16280
11403 15363
25926 676
14742 31273
28078 22998
6536 11874
28207 25608
18400 6785
31909 26372
15410 27029
3912 23791
20995 29849
26135 7869
30704 20459
7760 1254
6190 20041
7101 3437
31869 25681
28992 5951
7214 31115
1935 13735
22153 29042
22455 25837
226 25154
5628 29250
13209 19317
8327 29030
9927 17284
7531 8073
13204 24561
26308 2337
21154 10207
7521 30382
30329 5390
27138 16543
3946 18078
25269 26485
27318 7656
19657 19332
4204 8979
623 16946
14321 2395
22020 30437
13767 16654
7867 21180
11923 9311
15243 20837
4620 18321
27089 12027
13492 16447
28640 28242
17608 5246
16216 10618
23845 10064
19596 3128
24270 8844
18047 28881
24856 13570
25560 24413
1222 9438
1968 31274
27139 32578
19773 13737
14079 7314
24881 17790
10235 3633
29187 28734
9643 190
12001 10149
20720 23951
23788 19754
12185 4907
18315 4680
18014 4982
28058 577
8008 1229
28898 7795
13520 16950
12646 1743
14392 23410
22799 17319
19613 32462
746 11275
21399 3715
26592 10062
29757 31419
25417 32469
32595 6473
6600 518
29587 25293
21813 26303
29908 23081
30183 1486
12900 13161
17787 16075
17377 18728
22553 17792
6575 20501
1645 15787
9514 24216
23595 21615
1783 23253
4416 14507
17475 13873
10080 5879
23437 2371
17478 9246
14063 31439
19112 23160
14812 27965
7053 11964
23521 19281
6066 31581
25692 17209
7182 9855
30817 30924
26296 28662
12304 2801
2656 19755
26977 11645
24317 618
22455 10520
27771 11223
3358 32092
27548 21744
8301 8856
17082 12273
18707 8413
29192 14347
19029 7023
14781 20727
30178 26216
10400 29880
1614 5233
25421 20712
28997 14095
8359 22310
26177 18876
20474 4975
17612 5249
25477 17826
17990 32692
29493 29694
28416 22099
5252 17141
26322 29068
26685 20644
18798 31810
11541 8280
27111 876
28020 8884
32658 16518
5548 5794
5473 32088
6979 21923
20739 10364
6012 17391
21214 26201
1342 17385
4079 2213
29467 16655
11932 27359
27776 16032
22374 25137
25362 10129
20348 8365
22797 18915
15729 10135
13901 16450
24052 12697
5029 24142
56 22290
7637 19210
5235 180
28423 16956
1948 8079
2617 19858
22619 29620
17576 8019
2478 19458
19378 25825
8851 15153
3859 28480
11455 7974
13747 25172
14714 15721
22640 17232
16956 11988
23870 7377
15738 24656
27586 6691
19054 23536
2661 20728
4369 32503
16505 32673
21310 18250
6738 16504
13138 25389
7789 696
22059 5174
23070 7112
8402 5792
7991 20873
19210 8240
1018 28166
24749 17575
1823 14760
19887 5429
12779 22209
14200 8082
1948 31379
572 31910
29974 24590
18522 9660
28946 7833
13258 30084
8385 8580
28394 13421
19221 2958
8806 4952
17954 24308
22557 18721
31283 832
8124 23431
3330 11872
22090 29227
24140 23016
19579 11727
17847 3303
21661 10683
10943 31535
7018 26381
11650 16904
2150 13858
13428 4622
14371 9451
18662 30297
3056 10101
4748 3471
16462 1598
1638 23769
3878 27271
18870 30995
11430 25034
6835 5057
29093 14420
10516 27434
12640 5506
26177 11211
10241 2029
3513 15918
32278 1247
29682 9341
1317 20399
25853 8899
13149 2954
10213 19004
24372 20700
8091 28690
9859 22556
10552 23702
21022 20808
12850 15048
23388 15972
15915 31226
8288 22713
1622 19382
26374 7193
29719 17424
26802 16832
30020 9229
22018 15778
30203 26574
18157 3094
13148 2663
9030 4299
12950 22810
256 9503
17214 987
25606 31137
21750 25274
1088 30304
18773 16282
16748 12534
10968 18035
21785 11111
5679 20506
27237 18177
27298 7304
12877 19070
32415 17241
30805 1687
25163 3553
8871 4652
2755 31527
20272 2912
19031 15437
20060 25008
17559 21888
23804 26283
1855 9732
5397 23707
6658 16518
26377 10079
28946 28644
15610 11041
2680 13278
2508 29954
15616 8181
4966 4124
31515 22919
22208 32190
27760 31759
24227 18192
13915 21656
27763 13340
16817 22757
32395 12992
18853 22096
4485 9877
24084 14877
1506 20771
28528 7098
1531 18638
30028 29337
5083 31340
5717 7828
24731 8601
4339 12655
4296 4538
4143 25084
4383 16593
12368 229
20023 17407
25894 19126
2725 10571
6880 25388
2886 27282
20769 11643
32640 5639
21400 11888
30833 24312
4623 31792
3221 8076
15305 4255
8943 13197
28090 3301
30738 7668
24107 755
26898 1451
31306 10101
19551 15263
29548 12558
22814 32424
15786 4106
5882 26112
1749 29621
25598 8338
20702 27937
133 4445
13811 29623
29220 5362
19601 1315
6415 28510
18238 22524
9689 1560
21846 11920
1351 26409
9163 18092
16750 6035
6043 23941
20046 8264
19391 27784
17089 13676
12400 28408
27267 5089
27852 1835
5607 18707
18153 9836
2869 8907
17613 21844
4143 18867
21648 29727
13069 18264
20983 22801
17117 3915
26149 22307
19825 902
11345 29793
10572 29845
29816 32507
11305 29676
28118 15001
9450 16766
5693 13526
10146 11359
22491 13706
31515 17610
21490 27232
4622 7940
6973 9478
1001 29213
6792 11514
10427 19954
13857 14645
26929 21112
32226 5341
22738 11636
20245 31744
32067 4435
20859 17451
6615 8166
21952 8008
15454 32414
20713 27775
28153 10901
29537 23178
10263 1169
31842 7271
14789 20203
29653 19811
2427 14216
4780 6613
31001 32362
17616 32522
8930 18762
20702 19441
21927 24429
20616 4955
22047 16792
32590 1680
26383 11465
23486 18319
8591 16291
10619 11529
20747 31257
7664 17956
7716 26229
29850 586
23449 11142
31995 20615
14386 20372
5458 15619
30831 23469
23034 29767
25736 26471
12253 13208
18183 2664
12423 21094
257 20169
3628 11911
26357 23989
12555 900
23154 1301
2455 25021
25569 24665
7337 22652
30144 3683
23506 29649
7290 31842
461 243
25456 10041
13934 24261
30888 27822
22221 14610
5803 719
4616 8032
23480 28508
25828 2361
29150 20745
14894 28239
31651 15100
25259 16772
4418 9884
32248 2230
6732 22012
31475 6173
22149 23229
25145 24759
10212 30242
9198 22682
5828 4875
21973 4227
22902 16972
3119 10621
7711 1187
19771 10797
31986 14379
29169 12429
19800 18948
32430 17592
3691 26163
23582 8446
28705 22100
27796 14020
16306 5742
5597 4723
26981 7617
318 196
5877 28890
20816 16030
15772 7829
27758 31587
29833 2904
17017 21890
6761 27017
11710 17176
14343 10235
14269 23707
6433 30726
28815 15397
17057 6238
12362 21426
4465 17849
18535 272
8614 2845
14474 13633
10087 8682
8597 83
1389 9019
19155 26186
18973 2601
9142 2285
2054 25573
21413 29582
21791 3696
16350 10268
19536 5980
16312 23737
25035 29220
12079 3933
23374 17057
6212 20090
9852 4174
4785 27431
5720 4744
16333 22196
7195 18961
32592 25925
766 30602
29984 13619
20517 27610
15517 13745
19622 11345
29785 877
20366 30729
20599 2747
29550 26209
12613 11618
25428 5050
4136 11522
6257 7415
9206 16935
13230 2220
1097 9741
29313 2487
3428 23576
10980 19136
20317 19136
245 1582
18479 30455
2599 5961
19908 19612
23918 15582
19658 9842
18917 9185
27609 9924
21203 9709
27660 1946
1550 12685
19281 28663
17815 12904
3355 76
4469 25486
7778 32460
10590 29569
24941 2995
17787 31034
25569 19370
15872 20216
2532 4203
15721 9907
21444 22345
3330 17650
632 120
6383 25672
31833 17952
16725 12631
13919 21547
12930 17511
17036 16668
2516 18162
20626 15147
27797 29462
28492 28649
9383 8147
24913 8867
2865 20435
17013 31335
24588 11758
11557 24505
28833 30272
3646 2079
2639 27270
9426 14907
12428 28412
22221 23862
32276 15001
31875 31508
11755 12391
30576 16232
28308 17242
8947 18468
25371 25946
16142 23800
32642 15538
1893 10024
14882 17224
19730 20923
1916 27684
19122 10693
26935 22714
23501 30744
16717 409
25992 18402
4198 5965
25737 24851
8812 1918
27429 7711
9756 4755
28253 8433
7129 2006
5890 13705
7989 28929
10309 25142
15161 14610
28269 6
25985 5111
22967 23849
26652 17680
12436 12581
17157 21348
2413 28764
20831 1968
22449 1711
18074 13750
13361 19817
22290 364
10361 18569
26258 27622
5095 5270
3933 23702
16468 14964
5043 84
30091 4377
20648 31074
3854 21175
26006 26167
3214 13180
4869 1578
1490 3762
2215 3872
30346 12333
22375 1917
23223 6454
19337 16233
16916 27861
27402 14021
8005 3662
13641 24309
836 5845
4046 28514
30576 26924
5602 22653
25593 22716
18960 6201
5613 14237
27371 16979
22934 27902
29931 6446
24515 1552
17238 5883
7658 28742
9727 10406
9124 22540
20226 8866
31551 3611
21418 18455
28862 15153
4152 16557
26603 15546
21265 30737
3679 14305
5865 30684
28850 22023
25413 2419
16966 7339
13664 28024
19127 25297
13225 8318
5045 24460
8292 2262
6879 9314
11888 27480
25613 25110
18573 5627
3979 30071
6891 25927
26148 4114
12824 10450
11774 15904
14266 7373
26087 22139
13193 29954
9334 14266
26757 4724
19737 10542
27832 30210
22993 16888
26545 25514
5175 1518
31074 19337
14962 20439
13797 31966
10172 10720
17506 2714
23633 16124
3853 18161
15069 2128
2785 10868
24612 18482
9038 22819
10926 29718
31235 3382
5306 26936
22382 11447
28370 6275
18164 7573
16412 18668
10333 4589
7378 15038
9883 26995
4276 8827
11529 13014
10521 2977
20588 9170
27632 15469
11043 15612
8588 16768
379 23170
11190 30042
19002 25955
585 21477
10445 15345
14292 21284
18712 1444
554 23067
23119 11795
8288 1749
18452 14218
2715 29262
22631 2279
2979 44
23594 17650
24034 27465
31865 293
17821 28635
7219 11928
469 10958
14508 108
12757 16492
26768 12603
20189 20429
22958 23295
16459 8876
8243 10237
27548 114
23601 25738
12495 2859
12858 8979
2277 28668
9848 16899
901 31914
27639 6148
3053 19071
21665 22679
30198 30065
126 6892
23116 14479
11181 22486
30197 3996
7383 18304
6822 30841
1089 7110
20880 12142
703 25185
17753 15803
7614 3124
26444 12868
13094 26213
26447 23751
12888 32581
12034 5908
24353 319
26378 8670
26784 9299
27607 14326
17806 9932
15356 16962
453 14695
14674 27966
14329 8955
22916 1032
11183 17914
18622 21678
25336 20560
18632 31519
25623 12665
21041 31372
20490 5886
11823 4765
8977 25343
23162 11752
27158 9075
32613 26759
21984 4484
16418 27747
20613 8288
22056 23471
18488 22206
27912 18293
27120 16193
9228 24453
1033 20140
7233 16221
6295 11968
2524 29870
26166 4147
27528 14605
17846 25358
17038 31701
13988 15675
5550 17679
31836 2038
22467 18945
31694 9805
670 13002
28133 2869
13777 1807
27323 3692
11036 9350
9169 9188
12291 9445
10489 29987
17312 23886
26499 13969
28277 1075
31564 27799
31618 30755
7981 15164
12528 22453
26618 28759
14945 11511
31997 7018
2297 3474
29308 19591
17528 15211
23272 7063
32672 11726
4103 1816
19153 6113
3447 7912
28174 20757
12689 6964
4535 14395
22129 14965
6579 29064
27365 22307
16563 6798
29876 23336
14616 16521
18757 21895
19454 26374
9505 31521
19703 29288
13209 5649
32051 14242
32623 27246
3364 2969
16625 17835
7788 3830
25089 29443
10257 13397
14684 9095
342 18894
29027 25734
26773 10158
2531 21067
16971 6055
23307 5254
30716 31880
32465 30226
20019 11450
22208 31700
32528 18892
16851 291
6402 7444
27772 22760
1158 14718
30067 7268
8701 30911
9886 22027
25854 9241
10743 4165
23598 4896
20422 24416
6264 23886
14840 9968
17247 9183
29230 26454
16557 24111
14366 16378
28212 6878
15561 24151
19535 15301
25276 2232
239 16961
13541 16808
18153 20967
15173 13992
11905 19555
17170 15532
5107 25144
17211 27052
22514 11559
32532 21499
7703 21209
1820 4931
20112 19458
18631 2772
15523 2277
8669 32232
29281 24351
21209 8747
21811 19331
28383 30068
30195 3283
6911 3590
25333 5231
6858 14992
27041 18952
30707 18917
27475 1507
10695 7285
20856 9326
24173 21592
12962 6634
25753 29810
17839 25067
18635 10192
13352 27074
10728 23278
14249 19615
3261 13068
26106 709
10010 3892
3795 18771
18106 20492
1950 1552
17920 17318
9470 6246
14316 12563
32210 23520
26544 15167
29879 994
26159 27841
19151 16662
27522 31608
27760 23364
19024 28314
16129 4562
8741 29322
11480 5477
27406 11169
5464 2653
20906 27229
24403 29777
23119 28428
17509 10043
780 12014
6682 19475
30698 5274
19945 23222
21568 1578
24860 14160
13749 25870
14354 88
27733 28088
15022 15249
6477 1858
23797 2415
31821 2798
13493 16541
12094 10010
28844 30763
16588 11750
9499 30300
877 19105
21228 4934
25049 28916
21295 20096
570 29536
9572 29392
11611 2451
1456 23108
31302 22542
3814 10593
1958 1190
17710 25133
18405 22571
19728 22509
6494 23334
1347 8562
17356 11867
1328 27038
9014 6070
7936 7739
8204 26727
25699 26403
26975 6612
2674 15572
7710 18916
32019 21548
20355 6910
4372 2222
29212 19771
26327 18238
6698 27982
16238 25701
14661 4021
23445 4696
157 14011
31306 10794
29121 16321
9384 21931
31172 25358
31453 12676
9983 13514
26837 26242
9218 15038
25075 3289
23319 8882
10593 1570
29347 21116
27426 23161
2719 30845
11304 8414
2685 12349
22328 11139
5602 30099
3519 31624
12851 13050
7584 5458
29898 19829
28999 22766
11283 22087
18491 2737
22057 10719
11957 11521
8544 30838
5342 5086
31305 1631
15269 9848
31368 14787
7563 7606
12455 77
18653 1548
29295 22987
9186 22437
20979 8955
3454 10329
23451 21199
7658 31286
12139 17471
8946 23420
9885 22062
21630 8067
9731 11975
2164 28356
30115 7510
29238 12352
15846 23890
12868 7957
31138 10143
20624 5278
27400 15974
18667 31604
24749 21486
8925 13604
4151 13745
1982 10684
13166 9669
17258 13833
9765 9691
30834 17848
30712 8379
28671 28951
24337 19432
12937 21182
28046 7156
17220 27849
9896 18978
21356 6166
21500 180
30732 3140
4816 17787
12793 32734
20467 3695
21440 20286
26401 15934
20257 12962
18877 14758
16124 6988
18725 21590
12473 21842
18466 18049
13721 556
20293 18862
21809 10652
2639 19797
13476 27849
26019 14334
22675 3902
15606 20919
4899 14500
8960 32761
7778 17477
25644 17889
25270 15505
21232 5018
21850 9244
7445 19464
11247 7923
23658 12244
25736 14954
21941 31013
20565 14871
2786 11081
25795 7713
8615 3603
12574 20226
29901 13150
7378 19504
11882 3851
21044 29969
2356 1679
12709 16289
24363 27571
7424 7841
32355 3242
9606 25082
24606 9076
27968 11392
5056 21690
9122 17570
26838 23772
1324 5855
27297 15222
28970 5817
9942 6690
12982 12002
22621 5076
3287 24993
4853 23603
8897 20306
9668 28673
4758 10056
26824 7
15223 30561
14899 9048
23146 13566
5009 25243
13624 24199
23153 8652
9852 752
9213 23196
3002 388
15866 378
8583 1858
15674 6764
8904 24572
6032 14987
5726 2801
2678 22665
25132 5941
8084 2025
16337 28842
3904 27945
7509 26368
6032 12007
235 8310
25365 13602
30777 19375
18924 8243
29118 32267
2695 6199
13837 1407
28712 29924
27162 26649
4101 21759
28242 1166
15464 32047
23501 22971
7586 18258
3590 30749
20174 11321
12016 6181
26574 20249
16095 18405
29065 18290
8543 19937
23909 12150
13649 215
64 31601
1511 31272
20813 7482
30443 2509
15379 7399
14786 17508
12146 11514
28866 18586
2269 12801
13283 418
22552 2392
15513 14951
12198 28886
6624 3368
7360 8669
20303 836
17489 8071
3411 20244
8783 13893
6432 17744
25963 31575
6475 27332
30825 19477
25971 4449
11747 5870
16693 1538
13053 12433
21598 28284
21455 8607
22053 17341
3625 29677
21543 781
3755 11441
4660 23861
13188 11883
4813 7303
31766 17387
7795 19304
25536 30815
15412 723
31247 16889
15060 29282
21017 32088
18768 797
12501 20698
29760 15513
31912 30255
23145 24715
4662 24744
6560 31476
8597 27417
19534 25149
283 17993
1451 26578
2796 22439
7075 9630
29862 29621
10040 16200
30925 8673
15994 12089
1532 26252
29198 3470
7977 6488
21047 17994
8582 22246
1383 8933
15082 26015
8942 23991
239 11504
7901 19488
29066 25084
14586 8176
8401 10153
26293 10843
11914 14632
25682 7724
20103 2982
28958 25778
5584 17054
23273 22230
26311 28087
11588 22192
20191 829
15868 768
4766 13113
8592 8495
28974 22004
11161 5442
5265 4371
21536 9081
29243 25040
4034 17365
6169 2692
17307 13134
26150 21372
30727 30704
21514 26570
24171 32316
9682 26772
14580 6880
29334 4027
19184 9554
22027 19418
13000 29300
19422 21268
4380 27545
19072 30138
23816 5783
9449 19714
6320 30896
10091 8507
25077 30620
32701 15401
22293 11196
8212 29181
7804 5613
10257 31698
27100 19255
1960 5386
31153 2969
4612 20190
2132 29790
22635 21394
12504 4967
29350 16914
2650 7680
10602 5119
19852 24952
19587 4101
3124 12023
5697 9806
5936 4132
31801 25277
2825 10742
25649 4710
2850 22058
26696 24439
14117 20109
12866 16775
27786 13164
10032 30283
18839 29488
28872 23667
24831 21031
8539 9668
1777 20533
26831 20907
3549 1267
29782 14980
21828 12605
14846 30862
12099 17853
29092 24843
13684 31258
10204 30523
26916 6491
9970 61
27475 1765
19427 23288
9638 10724
18341 14765
5631 18832
32091 17030
31876 18961
0 7684
6773 13861
28110 7948
8274 20229
17605 24535
26169 13571
18807 6049
212 13917
4380 22380
22588 6622
5373 14888
21275 4344
15796 21331
12067 15807
28464 9020
5335 4735
11888 28189
13736 16270
7559 3444
6523 1183
6824 9836
14593 26077
30514 2837
27899 12298
22765 31859
3492 15316
18362 10725
1227 4112
19151 4225
19525 23318
26243 107
28091 6235
3895 4969
4587 2155
12359 12073
4060 20417
26204 10992
14084 27604
13507 25387
19523 4864
4360 3123
12204 24030
4292 25940
23793 31847
22106 29737
14085 24430
2994 25827
1101 2515
24625 4074
32434 833
2449 20633
13820 25166
29137 12013
22381 24040
27371 6182
21069 5560
25284 26587
16840 31030
6542 2374
7376 24313
28374 10589
446 13131
1854 21915
24453 16057
3715 14012
31464 32336
30001 29441
14698 13262
9299 21603
29829 19162
2804 22925
10569 7502
16250 9866
23282 31328
25668 16296
26524 4208
1728 30278
299 20647
4810 12776
8647 28398
19554 21146
11365 6208
21392 20804
28666 15416
2395 11828
5217 11154
16259 7606
28895 24075
32473 19795
9019 26623
26863 15576
14463 28963
14637 21549
3384 15595
861 18741
25075 11267
19584 22519
5875 18709
18660 8218
11906 13992
30406 16468
6250 1031
16000 6978
10602 13885
19712 27064
18860 23807
5007 21816
17318 10181
28784 8302
2454 10522
23801 31695
17142 22333
192 4871
29376 23795
12135 23492
4137 18583
26252 13731
5226 16858
6251 267
13644 29382
28740 654
4994 21889
25419 5230
9894 11204
4646 11740
28358 8885
26762 151
8021 22779
6393 4510
17599 19615
1598 5618
27704 10249
23473 32438
15004 24903
22455 19706
15912 14402
26420 13750
29112 20780
29565 25389
7993 10339
17731 1511
27369 30502
18139 28978
27276 6464
20510 25523
13653 4
25029 28862
18097 2348
6319 19610
15281 2910
2442 25834
12065 31033
28615 18378
21338 29244
20300 11729
605 7931
27979 586
21240 31555
31324 7001
21744 3793
29530 22798
28615 20237
10328 5145
19716 26425
3595 25696
22029 15553
29095 10222
16365 3898
21370 30067
10596 10380
14199 15017
32666 27209
22094 27415
5718 23423
2582 4424
58 28470
10779 27313
26775 11795
12259 4359
32272 5905
10018 14908
8980 11970
11138 28669
11369 5906
16388 19177
24451 19622
1983 9588
20443 10339
31855 21082
4028 30720
20954 17249
21863 28077
15492 7825
10013 27516
15103 26566
22465 1338
20539 7391
18506 20742
12373 24108
7413 25251
29420 24920
5145 31440
9423 10524
2994 12829
27990 2721
13315 28555
25945 20680
50 8098
19900 8185
18121 3201
18321 7913
2763 7571
10575 5602
5469 14161
5721 18596
4412 27022
32229 21673
8350 7801
2110 21907
20557 29840
5007 19274
18908 1383
4781 16162
24715 2427
15629 3908
18207 18667
12743 464
22289 7590
26138 2435
13489 11826
19171 17696
28852 31612
13578 29450
5178 24030
25195 13126
31745 27595
15266 29760
26121 16674
27133 1640
10211 20782
18757 3927
22222 24153
5492 19586
20386 22465
31383 19735
6489 24827
21051 23712
7465 1572
27627 15893
8709 9946
16983 3713
13391 3602
1758 7917
16709 23248
22987 10619
5398 13263
29827 17200
7008 6564
949 16793
24907 16763
30980 18611
23063 6545
12998 15903
15369 759
5962 15805
4435 1783
5675 19226
14857 30516
10019 23210
12125 9336
12805 4331
15076 5190
18440 16973
31872 31065
10346 10570
16547 2916
14223 7169
296 12020
5377 19107
4138 17624
12571 15334
30528 14372
21210 15896
15301 21531
22068 23420
26086 2645
29931 324
26690 18754
21931 26983
18838 13940
25406 14538
8949 26044
30426 30304
8987 24301
2926 29412
9746 13950
31089 31584
7652 28406
15473 13178
4646 9075
12961 31207
29856 7119
23004 5477
13416 5543
11925 9539
3741 17059
23688 4149
5080 8113
17673 9026
2937 13120
7300 7415
25582 19752
2896 27537
12514 3875
18922 27206
32042 22119
24738 27400
7337 29910
11489 26298
28112 2670
794 25610
21151 26032
32376 29828
19258 19908
16335 6896
11516 30635
23822 19285
30586 5501
30699 15735
2093 1673
9468 2742
30814 18604
17663 26077
16692 427
21698 3079
15506 15491
31997 3701
13347 27043
3217 20475
30128 32725
30591 8025
16534 15158
9598 23896
11541 24877
6779 29438
10330 15296
5904 3001
18218 28935
7781 31236
6717 26150
27719 19246
26287 2840
877 30333
27513 29270
4926 20999
5878 22224
7376 2405
4269 28003
2570 28924
12919 3098
23276 11763
18479 22308
29440 2201
12043 8396
20427 7193
30460 32055
14091 28350
4405 31818
32479 18555
3976 7771
18771 19719
29725 14574
5127 20340
4839 19144
12844 4162
18669 25951
23529 28875
8196 17349
11291 1733
7662 9485
7289 24184
26886 6565
18694 12122
28556 18467
32350 29758
761 11054
9671 17042
27033 11160
20923 20525
12618 20537
19619 16965
22870 25543
30826 16744
31398 10467
25677 32024
23706 519
923 12807
7187 29589
10232 1062
8675 24370
395 11500
1711 24865
15160 21121
15875 25204
15442 31215
14682 18668
19402 29897
8376 24827
11612 26088
9522 25014
15585 13762
29528 16726
9844 2873
29390 25654
30982 2311
22110 14517
24317 24083
28383 5506
32301 3020
4985 17715
13125 14639
27102 30492
531 17838
31981 8338
26793 26673
31639 24908
7859 1785
16532 29290
5999 6756
9279 27297
13198 23360
25056 8648
22663 28138
8784 13411
8245 7717
5784 24161
1745 7615
21294 7235
239 15009
8032 28099
16521 23883
13218 3099
19804 16405
19623 28147
24477 10391
29420 21069
31747 5393
15052 8722
6552 7123
5837 7683
29754 31508
25001 27757
11054 25463
16418 29737
13208 429
22309 32569
4798 3624
21145 9485
15935 19150
17859 32263
2284 22477
10276 19955
25271 5502
22829 18443
21121 8907
18144 23930
27318 28550
12349 20274
30081 2267
9490 19073
32637 12286
14034 8610
5761 4495
3374 25766
1590 22897
31173 13075
10696 3769
29198 14302
2011 29342
23627 28193
21918 5436
6446 18653
12892 16843
30632 29020
16062 23356
10632 6797
8035 20046
25297 29824
28786 9461
18343 5032
5131 25991
2529 4840
3292 30896
19152 5339
13167 25885
14461 2590
2090 16652
3961 14473
5984 12419
23767 29316
16255 7233
4772 1505
22040 13111
16785 11557
8911 1848
23077 32422
22453 15337
11392 8824
323 6111
8255 1926
26326 12876
5246 7164
16099 32494
9993 17503
16176 23610
14786 14857
26641 8786
5615 29918
10491 11713
12388 10200
3775 20806
31624 17917
8713 979
18089 30160
29846 1851
31444 7192
18116 6940
30874 14934
14120 3764
13743 12426
9094 22053
21388 14623
29520 6940
1820 14700
25952 25532
2624 11909
9899 20072
3125 20702
31491 24768
9020 28811
16497 1750
4637 3474
4709 13821
2700 4049
18274 17417
28396 24518
23022 14533
32156 32323
13586 14557
28171 19419
16358 9739
21189 15727
4170 19814
7701 25173
242 27232
9195 7755
23831 10121
10985 29095
21796 20690
24040 6970
3493 20552
29919 30417
8147 11811
31446 25225
22913 2623
11177 8630
14615 18789
18944 30949
9160 4602
30386 6877
19281 9048
25549 23856
32095 5293
18284 17928
13654 28393
22192 4196
31158 20318
6562 6268
19055 22024
10334 28252
23295 8019
8591 9911
255 30988
5934 30694
766 7690
17836 10714
17962 19359
8905 9843
3971 27375
16718 20753
13927 24612
31408 22989
18068 4499
32529 31634
28020 2154
15235 27750
12251 27770
29272 22754
123 8676
17814 15444
13848 14818
29832 28102
28100 12030
5476 3453
2305 14410
26385 16959
11331 23607
13556 28390
9113 17707
15572 22589
7373 5557
13718 16126
27680 28052
18449 32128
2463 18489
27395 13991
19067 18780
29734 17927
11227 15650
26545 3038
24735 9437
19983 19758
22483 26571
856 466
27569 11245
11912 12896
1006 25751
6853 5750
13621 21486
4970 30774
23338 2014
4138 30952
1938 30664
18319 22681
24365 10980
8425 26631
4395 5284
29280 2003
14258 10530
20930 14337
15326 26141
7687 6747
22352 10963
30444 21519
21095 403
15045 3552
12360 6145
12330 7611
31513 23566
16988 17963
9211 24424
15936 17610
1266 25905
28026 5691
30017 4255
26312 17624
9113 5333
3645 30660
573 9125
31507 28022
23602 7275
29297 5015
340 30780
29009 25225
32238 4295
7044 16725
22526 12191
17346 31767
11849 31474
26651 32125
5837 29041
13977 18842
22099 16073
31952 18257
26713 28789
23233 6240
7464 5850
24526 21058
2618 2234
3374 17148
28883 22059
26393 11597
25566 23996
20103 10918
174 5634
13171 26404
10073 4166
2829 2297
27299 5734
13398 16968
1180 9926
31270 26704
9155 5322
16406 14244
16771 22216
20873 21402
13821 4165
1597 6837
30606 19135
2912 24865
6662 7016
7515 8029
20813 30367
7858 18784
2499 24937
26191 14280
17240 22991
24976 23434
26554 20340
6321 6821
31777 22998
16849 29388
2596 10993
7172 16063
29835 6338
24839 18783
1039 1072
4276 20970
24958 24920
21332 27582
26685 22110
1517 17
5865 26059
3363 21828
14978 6221
12296 7462
14889 1231
16429 26880
5802 17443
8482 25154
12712 22270
8198 14641
7995 30833
15419 11691
22045 5996
18590 15345
2277 3251
4872 6595
13134 6871
10641 25635
7675 25803
5994 22100
29177 29692
19730 20155
31886 24182
11372 26750
31342 32103
3327 28479
24107 4148
19201 26988
2471 375
8959 31912
9742 13665
7771 30593
24996 18947
27500 14004
29898 3717
14658 7489
26077 3513
20250 22016
3290 4126
24846 23357
5922 32646
16769 1385
31743 5724
6184 13675
15080 8330
6428 17227
31505 13460
24857 24760
8418 23080
23897 9126
8068 12802
3118 19722
25292 23588
23687 5639
6282 29549
11970 9557
14757 28636
1781 25237
10538 9612
32662 6914
10161 6533
30989 28521
31227 6495
27525 15683
148 32319
12941 20446
15971 11458
7037 30249
11762 2291
17687 20776
2029 32575
15663 20024
32701 14415
27969 19433
10733 20793
1832 10893
29551 18419
14510 3642
26226 29649
29397 16340
19187 25250
16160 19105
8479 29972
3620 6103
14352 24934
20537 20873
13655 22494
18363 12509
29030 18990
25911 14597
28448 29967
13573 30246
17191 19760
13200 13289
11033 744
29796 11427
10270 27488
28527 16444
14644 2556
23096 31153
10810 4335
6209 3743
2847 19520
2686 3766
18208 5134
24597 2360
26393 17736
1599 12755
4184 17921
22226 21987
674 5977
10891 11833
18304 16401
29061 14086
19897 16147
1870 438
29379 4168
26477 4245
16118 16561
29965 12790
32036 22776
8432 16200
13460 11249
12344 10997
19730 1619
29221 17370
6367 573
2676 7858
17180 31763
12984 8661
6806 3114
22978 6444
10551 7804
9120 31759
28325 18516
10800 20446
18334 13090
26504 3002
30580 27996
12595 16229
1815 8755
7435 25367
30688 8255
25718 23436
23338 7857
2814 26202
16703 30762
30755 32296
22341 32515
18484 9625
8858 30948
12074 31165
12047 14323
22357 21233
18847 23015
11960 24369
13179 17302
1172 20642
7496 32470
12736 18909
27722 16272
10574 1401
7479 29772
32431 21868
14358 11641
24152 6073
22256 19847
25890 6574
111 11370
8142 8389
31574 20435
32360 2282
27315 25935
30712 18700
21078 28451
32635 19112
27953 25328
24091 16020
30424 26576
26609 30278
15460 18578
5302 25222
1256 20222
23692 23180
6185 15380
29648 8513
8548 701
21841 3138
25046 22672
4772 18289
10423 19939
23616 22288
11222 21789
27008 26594
16127 21520
18290 9331
23869 3025
797 14732
20676 11774
8785 28353
22283 20339
18453 12745
8873 6900
28852 11587
18727 3307
1073 23462
19427 30087
23255 10735
5191 13921
17475 15561
1359 527
17694 4529
20854 10301
30080 27747
21989 21114
19295 10084
1882 31595
24929 14888
6291 29190
6095 19987
2624 2067
252 23603
3799 22294
20272 1555
13686 32715
18295 21449
17796 6390
13630 13504
22280 31122
31466 7341
14127 4918
9998 6971
14088 17676
1622 15932
21785 23554
8534 10596
2038 12577
30026 29930
9203 18354
22579 13138
28393 9025
21375 23008
6623 11797
7806 17924
22939 12289
10164 16704
11598 7266
20310 24762
28967 2729
24745 15787
4910 7105
15573 31852
22211 8302
31946 18348
5285 28079
5830 23862
9763 722
4332 23435
14591 11607
8623 10636
7336 21094
468 3806
10897 20929
28798 10693
22110 6080
25683 9701
598 5655
28770 26258
20674 5918
552 19031
1323 1156
16512 440
24205 30534
1987 29599
4807 22608
21035 15526
6179 18048
32131 6354
21477 12472
24057 11956
20396 31780
23907 23171
15038 11715
15436 1288
4146 14464
23717 21768
14128 20278
29020 20516
19445 17921
9641 13269
17052 27830
26299 18144
7111 29
4968 27717
13013 20935
30885 28296
8452 23810
31105 3795
17922 23007
11600 23653
25577 26001
20527 12543
29130 28864
30581 20072
22984 25169
25326 8938
2384 11715
6696 3470
1200 19914
11283 789
22915 32335
17221 15524
21724 6488
14629 18846
14425 20599
2925 22246
461 19523
4395 7857
16914 22203
18430 17018
2020 21855
2633 24460
13804 8364
30210 6840
22431 22161
17143 6058
17682 25801
26574 24915
28709 12676
5709 23011
28841 14006
2214 32406
24789 2054
6083 30022
26606 774
17161 16724
4728 30926
22555 18919
21686 21716
27682 18888
5393 13895
309 16316
27176 10545
32521 27374
27916 29688
26938 13804
7684 31256
17271 15019
18773 31368
26622 11662
8729 27057
12889 15833
15828 15795
15513 32719
9998 7426
10686 18409
7977 26335
29369 27540
30247 10382
28942 27121
10456 20573
1626 29260
3712 27280
10633 7154
20876 1152
26594 5255
19578 5087
30257 31554
23959 25816
25911 4106
7425 6045
3050 27280
22933 13132
12928 21220
25805 10528
3610 25675
3662 9504
15434 18832
18700 15178
14644 27659
1974 19616
24026 4372
28884 32430
37 15991
19512 21025
3659 20303
25683 6279
17124 22042
18610 22228
30333 11798
21396 16014
19630 5896
3349 7612
29860 12183
31162 3260
6524 10283
280 16042
14192 22759
32483 7868
6012 22084
8943 9904
26224 17618
12083 12040
19720 12587
23287 19988
1990 2100
5566 32320
30240 28929
20773 14411
19801 12735
10354 28011
19827 14603
4281 16639
2349 22528
2021 29138
2392 19818
5193 28697
27339 18816
23846 24204
26089 9092
11110 6327
8539 3275
24222 5561
29183 24370
10104 22650
3019 27247
21493 30024
16186 16209
15683 5663
20432 29157
20358 27205
8435 20677
19619 4782
1038 22327
15625 14610
28112 27946
4698 28230
5689 649
18803 17117
3517 6537
5743 16812
7110 20768
32537 27156
8443 3576
13165 26524
22307 11546
27008 16754
19752 5036
27399 28324
30389 17750
27279 19442
23102 4273
8102 14872
3636 23717
9700 24337
27271 10591
4948 31196
31979 1749
19225 711
32582 20904
22667 23408
2851 23520
31955 15741
12919 24782
8831 1499
24221 13048
5653 14514
16165 5548
29976 31945
11768 16132
31234 7300
19720 13543
3652 12988
32089 19354
16299 14427
16577 2977
2329 11655
17405 25284
6273 5658
17997 32212
6953 32115
9624 18058
18340 19997
28709 14180
25886 18465
16295 9701
13476 17838
23515 18607
30096 18840
29809 29224
26455 7308
18492 30116
31115 13220
30566 15212
6965 24478
28613 11578
29093 25875
16301 28021
31019 13735
23282 27419
6439 21787
30657 30407
16662 16157
29712 26500
9921 1284
5629 20432
31130 25958
30192 31987
17029 20675
18490 32709
20892 18627
16210 30537
16176 21216
29274 20157
28455 9219
27993 21778
22225 3180
32754 14801
22107 28929
13677 5158
5804 12644
11572 27917
22099 26248
19145 15365
19476 647
11216 31552
19895 8384
19714 18067
17912 16093
14972 6657
18035 32413
30891 12359
15543 29926
3170 19416
18748 2028
15970 12055
15523 5754
15632 8825
21156 10521
24118 1354
4891 31178
21318 6833
25090 20632
8340 16406
30660 8519
30631 25435
24265 22596
30621 31648
3228 12187
32525 13971
13002 10982
27312 6911
19879 1985
4291 4354
15183 14956
24323 22139
2757 237
14498 25369
23337 22336
4056 21005
23289 17390
7946 7908
618 13912
13493 19711
20000 1239
30440 31736
12216 9521
26488 13639
1382 13652
6707 6543
22561 5462
7250 788
12842 6782
9469 8479
406 2119
4440 3900
21884 10730
18565 3866
29925 11869
32085 19610
3640 26691
25446 3244
4367 18847
7556 10892
17342 16809
1402 17833
31056 15748
28816 8557
8214 26931
25021 28699
8701 27288
11479 14774
16850 30921
26084 11165
1303 3034
20403 7548
24410 29378
22672 29141
30221 18259
25951 18429
27870 10589
22692 18808
15955 25685
7548 27552
30131 29576
10146 7861
19691 2556
23038 32196
30035 13960
25982 3880
15395 15376
27935 20272
30432 22204
14679 18535
2666 3260
15925 18629
5013 11413
2064 30243
29671 4827
20382 30575
1792 15042
3812 25799
18083 16521
12158 29162
25285 9242
31371 23809
7279 24554
3633 16932
7376 29726
3860 7853
20363 27517
14246 5645
6949 18061
19116 24559
30455 20935
23527 4579
30586 29205
4327 20314
20201 2126
19647 12081
25445 25946
30455 26953
20877 3003
24426 10693
21050 3399
15102 31649
1178 13622
30827 28813
28638 25447
4933 7392
9677 10014
16806 8331
31526 19011
15071 3919
11286 14808
26318 3698
23310 32489
14295 31310
11011 24604
3506 18081
15766 8461
5438 3595
29336 6484
22602 26258
28270 18454
17368 11452
9173 25283
9933 16533
13012 20619
8652 26211
27447 9312
1597 23354
15149 31085
24006 921
31168 19940
22690 8223
2961 8150
7734 4878
15164 6224
5064 2097
9578 29944
9515 32486
19446 15020
26949 2596
8550 15614
9668 16666
17266 7345
13698 18174
18849 4110
28850 22938
16748 3380
2492 24651
25543 32158
27968 14634
6236 6988
17023 13395
31914 13323
7593 16904
7448 29458
19262 23198
18841 27747
1282 4803
8771 8711
21906 18268
26374 20914
25951 31530
1194 25919
7051 6083
29699 22330
21718 3948
1120 2331
24272 11193
6573 23403
4219 9186
250 18319
40 6733
6284 6093
2849 9982
8650 153
13619 9509
2855 18480
18681 9980
23550 3585
11650 19012
23220 18960
21537 20488
8846 17641
7037 4819
17422 1626
8719 10900
5273 28280
26593 31241
14048 22538
23330 9467
13751 12312
24175 23093
17471 11999
29870 7265
24638 20288
13951 5535
2649 5229
2129 21966
21876 9858
4393 22370
8238 18325
29089 12344
25460 11490
15260 15551
31285 31063
22962 16032
561 12733
2720 3662
1831 17017
25149 175
31745 1323
11024 12316
3332 1561
16565 27901
31013 26260
17360 8021
2401 12670
14499 21656
9653 13648
31473 25743
8876 16507
15319 27153
6849 26180
16842 2637
28953 16009
10325 22751
8447 32356
24227 12706
9933 20121
18269 10852
16609 32684
2710 6125
13024 31544
11920 12047
20266 23059
1990 12471
15386 21698
10136 13680
3158 30958
9901 23261
7568 16308
2054 12370
5751 2919
32027 4245
21554 26184
9700 7346
9625 12716
23427 5806
19757 27764
11855 29004
19549 1245
4840 8961
27354 981
31253 6653
26301 13270
22228 31854
2571 8981
4980 31624
30700 6149
6640 30987
19606 15134
10879 28401
5935 1009
28706 18810
6086 11195
23275 31294
6825 7341
8262 8934
5097 19915
13642 6810
23533 31813
766 9205
7460 12892
25946 32156
30325 12801
3955 5228
28359 24546
14663 821
30704 1183
13492 11579
18882 31577
10794 31379
13503 13060
13618 26103
13548 13108
17500 5018
18573 20315
18481 6048
11664 8717
20539 30278
19430 2860
5512 10295
31077 9488
26969 24952
13340 12407
20256 9039
14255 28087
15395 8112
25128 14409
848 22123
10627 975
29171 29685
14120 17377
19821 55
22658 28414
32205 17558
24267 19661
29522 11481
30840 9647
10882 27172
3660 26904
3276 10857
14049 17496
31390 30279
470 21689
20232 26180
28027 19684
20677 30877
1013 27833
31924 26605
13872 6646
31133 28426
24879 4287
19403 1372
32637 25544
31827 4316
29446 24758
18134 27997
4905 27081
1745 12337
31109 24265
27049 32256
8382 14905
11225 21052
12854 7061
14555 4774
22390 29563
14016 11866
14257 17216
26940 25257
28175 2147
19050 9696
12496 25247
11230 1869
26438 25368
1041 9434
26547 8547
15458 26727
424 13624
3765 2760
23421 32389
32091 25102
13757 12843
26980 29054
16449 7644
23455 24247
22219 19156
4698 29743
16843 6165
7226 14109
9000 19088
20983 13067
23221 2638
27126 26046
3209 10549
6024 22923
1749 28654
31037 13010
22776 278
29258 12435
25345 25823
14341 30007
11000 1765
22297 10050
18453 26313
17497 29860
31263 4022
19756 23303
18083 23840
26086 545
13265 9755
21333 20892
6295 888
9683 9692
9374 20712
18017 4927
21003 11129
8381 14468
27918 22987
8752 25031
833 11142
12680 31483
6179 25853
10953 12058
29622 16922
22727 28289
21165 17870
24606 26087
30162 30509
8353 7734
12738 6317
22637 31614
31143 8358
23478 29337
13647 29294
6354 15570
14984 30481
18159 27820
20011 24671
3851 1034
31166 30022
5263 26531
2497 10764
5627 32643
17551 8190
29227 27281
24913 20040
29916 3640
1509 27733
12619 4471
27744 32395
30663 9049
12360 19146
21156 25877
22588 22195
8040 17812
6718 10456
5943 10377
9459 8785
27892 17368
14300 4335
29203 26606
14037 30287
20037 12802
1192 1939
19530 29968
30797 28797
21567 31013
13735 20957
11124 18566
2394 13984
31114 4039
24257 18991
14092 18645
32660 3375
18411 15896
12994 9065
23955 15905
20680 7335
31867 10402
27906 19786
6767 30050
31951 25585
24768 18030
16083 8696
12334 1404
8883 22487
16012 15576
3994 28462
5356 31320
30466 17913
246 17738
24738 14414
2506 13019
810 23560
21037 24731
18084 11704
14864 15537
6787 31293
16325 19638
6310 32136
31396 3694
5435 4441
23540 31944
25711 28312
17360 21632
2529 21480
11494 9124
2422 6361
6723 25040
5298 15694
27388 9762
22389 3762
21529 4446
9376 10948
5211 30201
22761 30012
21121 23467
10170 8431
8066 9412
31380 28793
6896 21343
9752 25940
3161 25039
125 10815
10954 7188
31928 1338
18104 30027
17829 351
9387 2405
16057 5097
20209 25170
15627 12031
29310 2045
11724 18668
6546 32563
32610 9446
7358 15382
17571 20704
16518 21057
1594 31929
10159 5498
29334 26449
27361 11044
3076 17212
17561 9430
26126 13766
2036 24777
2996 28779
24615 31113
29910 20690
7272 16135
7949 20850
31849 17520
25971 32380
28090 7223
28267 14762
25645 27615
4620 5251
8707 31143
16732 31337
31211 2960
23844 12431
22815 4535
20578 15571
315 5429
7956 16229
21427 27735
17814 14884
19734 31571
30544 3054
6569 5490
18784 4447
16732 3014
11788 27713
8150 21656
30568 19050
14517 22362
13218 2514
7161 12728
85 9446
8099 11218
17378 10953
12187 25000
2440 29866
18335 32633
13618 31236
26048 28571
13264 4551
9736 9158
8190 11353
7813 11701
24401 4393
8543 82
15442 13442
10527 29888
22930 26547
7407 11056
8323 29669
16332 4272
8176 32714
23867 2141
6630 24431
26206 31448
21504 23497
14635 13142
10745 5868
28195 22363
22623 8042
19237 30391
6950 14635
32639 17118
22163 23027
7526 19412
17505 20577
14281 27824
3031 3824
10819 23802
10991 16012
17050 11098
10321 29903
12062 10481
14478 32458
12240 17065
2056 14451
27153 8845
1589 20170
7484 12649
22361 27557
3363 15569
11602 9730
16947 1337
8240 24357
4893 3749
14286 27904
4652 7986
28491 10159
10266 32035
18083 3799
29924 27439
15977 29528
11266 17345
7343 39
14351 23609
26360 28707
7216 12027
3214 22831
7190 23253
3770 29828
12460 3556
20559 21501
695 15921
13861 25274
3385 29489
7397 2353
23678 24807
28521 3458
25044 23555
16990 7446
16314 8612
12888 9384
26043 31556
24488 24964
20748 11597
1576 40
16033 15051
16355 25737
13117 23158
2513 24630
22257 17737
1278 27025
29452 2613
7151 3322
14596 21468
9331 21570
4076 27521
20752 645
11139 30313
28156 27220
2847 11664
14710 3733
17633 12656
7150 25981
11170 28843
11537 6671
13841 15344
29737 6039
4108 13333
31939 24756
2669 12026
29724 12706
6284 5211
27627 25971
32606 26723
22538 9660
25860 4134
13661 13211
28271 28280
5749 24153
1229 30924
23115 604
11235 21646
21690 2041
29610 17925
8356 29344
16309 10138
27605 3718
21234 29375
31706 18454
2433 12552
32604 8910
26303 6305
10530 23601
24788 28370
27581 23220
5503 20049
10171 28631
11836 10457
21197 17086
22201 30619
24584 5681
31959 29018
345 32593
30321 14953
30933 32073
2654 12998
16171 29202
24444 10307
28435 577
9132 22550
13240 18929
17566 3238
2445 23831
30933 4820
30722 12749
11442 9481
32019 30542
28038 9216
23188 7875
12965 1370
2737 7238
3975 17478
3827 1727
30145 22737
25657 8865
19102 29314
19896 10143
2219 29748
26812 4014
17033 29157
30201 22369
25395 19601
2844 4687
8316 13241
5196 11639
1266 20216
29309 29175
15850 22720
12107 27687
13363 18327
16203 20054
9837 18200
8056 22481
24948 31511
28116 6075
13403 4820
14714 16651
32185 30747
5515 29120
17202 956
20637 22105
28451 3971
25465 25711
2564 5128
22874 28207
23029 14721
9900 7279
6310 24650
12464 16582
8322 13075
10908 12413
1459 908
13865 5818
431 20373
13 300
10956 17312
686 31381
6040 29752
20094 3163
1570 3364
10040 32421
23936 2106
18787 6298
29461 13915
19008 2607
19633 28972
30242 32691
25077 20321
5083 16630
15953 18993
31525 27643
15795 14791
10486 12767
31605 15189
20487 22309
3672 18680
2216 24884
5244 13947
28687 4520
24490 1063
26321 21146
24221 7535
24173 18704
21273 6292
31174 14265
24979 1163
3110 28783
27577 17462
30939 4980
19649 1538
13491 32370
23788 18036
14719 22387
26593 4763
13663 25722
12719 25619
28832 23679
13426 14192
14820 13699
6585 9638
14791 16486
6368 19945
13172 2336
343 15525
30254 1921
14520 29098
13512 29153
32598 27308
20046 2513
17641 5084
17279 11625
7313 11904
26322 6795
10604 7205
24506 5954
27529 8837
4374 29882
1085 31648
22129 17114
3558 16826
7534 8583
26708 20201
19111 28455
19738 14575
21917 24775
5 30568
11859 30926
17349 26860
18913 9702
12911 16227
2579 20089
28832 4158
12367 8700
30954 22669
7585 17751
11107 14645
7936 24569
25097 19063
19016 19911
2602 2141
27906 10891
12420 29348
22324 14094
10687 21581
16852 1765
28970 3764
6572 21714
14886 6629
21445 32357
201 2188
28543 11952
12824 12866
22518 13810
28404 30306
22866 10814
16523 16351
9043 26083
17208 29244
9935 21276
26504 29209
3620 25336
14051 3623
5983 4946
284 13667
10751 12529
9019 8893
2704 11785
14664 24432
16674 18297
18103 25534
24654 17835
13495 18128
28546 21302
19944 23366
23755 27842
18608 24754
30613 4468
16376 14380
21809 32578
5335 18201
529 17982
6435 17556
1888 4372
6009 1141
14111 14197
26468 20852
22993 25150
27249 3517
8775 25502
13377 11639
29411 7875
21537 23954
29216 18817
23871 17590
26940 17630
21373 23118
1784 5234
8141 3570
29546 26815
16606 30633
23599 30041
29964 27702
27245 6577
31213 30377
14045 21212
1652 26249
18466 15268
28537 1186
16635 21994
26997 6639
7895 5848
30188 4697
15492 5806
0 8980
21596 28415
29611 13572
1586 2246
3656 26756
28425 8166
30512 24087
2608 21358
11795 9631
6332 10653
1968 7020
15032 10647
7866 24539
10903 22603
16272 9702
10715 21271
673 19044
1438 2578
5560 14367
11224 6008
30491 31852
26215 30607
21278 5637
2990 29109
5899 8980
23063 29931
41 32440
2233 19424
23980 11958
3809 29706
20576 8036
4836 30492
24055 2706
22614 29285
6826 32701
7415 19449
25189 25018
28677 15553
27532 25613
6691 2703
17694 27478
5302 15157
12429 32240
1394 3288
23696 16591
25778 4428
25243 17645
5817 15266
15967 9016
25513 28181
19308 5720
8849 14739
17261 21590
2894 8827
4439 5588
27785 27955
10455 24539
19808 9138
30373 32
14943 11448
30192 21936
25579 23630
28930 1088
1630 17258
30189 5014
18399 22955
22719 13547
28397 28033
1192 25036
30218 20836
19239 28990
12504 31360
17370 26524
15981 14846
4352 898
4439 5844
3504 4599
669 16226
30638 6070
19235 10015
20364 15194
25590 2880
27515 11556
28616 9295
1848 10311
10210 9989
26080 14927
11104 11738
30993 14289
21843 25800
26908 11178
9425 7278
20130 13674
28239 30559
28996 27085
20439 21338
17338 22261
16301 26346
32130 13537
15102 29647
14263 8970
18247 3410
88 21361
30183 15245
28948 22427
9048 23477
18952 7559
31304 23023
12542 12702
32201 4637
27198 28667
10464 15582
20783 30157
15932 1183
10253 2850
26750 12112
7541 10399
22656 7808
2555 24305
20216 22291
30085 11653
2989 2377
21721 22172
29642 25473
1854 8422
28859 18949
15767 2286
31708 25551
415 13512
16243 20688
4012 20142
10067 24380
1209 4720
2422 23896
7423 5854
22136 18118
16666 6037
2477 16407
11755 6196
27459 2873
7835 810
14996 6781
6232 28872
5081 15050
31363 10082
22246 14487
3428 27506
5181 31674
9008 32615
27519 31322
2854 16688
20712 28033
17180 7100
24879 9751
8396 2065
2529 23832
30205 30334
21518 32597
16705 4233
22154 10792
22874 31942
11773 17212
25930 17409
32688 12548
27236 24581
30954 30045
13637 27576
25501 21685
10133 6830
13970 12649
21386 15941
21411 26302
17560 22800
19642 2431
22581 28160
4894 31218
16059 17759
21967 27043
14211 4967
21518 2928
28433 20193
3294 1524
627 21437
17602 5820
22665 30155
25058 21836
22357 24148
26137 19529
12779 23188
19322 7135
3585 5371
27333 17628
5342 2954
24897 11155
17707 24425
26169 8396
24914 19767
25221 4914
29990 9463
10476 22332
12743 22483
26995 10411
4428 28187
16013 3371
20976 25244
11148 31219
5701 1677
29418 22184
3890 16801
7053 9274
17222 27297
24284 11689
8227 20758
17601 25590
69 19983
27128 10689
18392 9187
20730 13383
4522 11975
26671 8218
17605 32444
13839 13394
27620 14019
11256 13882
16778 9653
8613 11112
16143 22654
31278 12698
4291 19350
27239 13417
25966 3047
30953 2145
12092 13792
21150 28330
9878 16062
22559 25480
19241 20530
15234 7273
23314 21911
13376 6921
17675 26668
8678 31338
20573 798
14630 20822
8560 24640
2622 1766
7853 2109
23585 14287
20449 9676
8446 12064
4723 25124
8351 31968
3930 23706
28360 24619
24731 26338
5523 19561
27545 6265
24492 15822
22566 7840
7799 30312
19623 20273
20131 13810
14443 481
9484 4353
19487 31604
26506 7706
3396 23121
22979 24917
28806 6108
25518 4276
10187 25327
28669 8724
3490 17186
30231 24847
5931 8218
10228 10063
17269 28445
7177 31972
25178 14878
2519 20941
15347 5284
31499 3264
11724 3766
10461 2333
25166 23584
14267 15885
1188 8621
14821 30503
20736 20440
23507 1990
9219 8270
11167 20618
9776 11854
15154 18846
2832 563
20101 13156
31470 11926
32484 5937
8679 24250
30653 6279
2918 16711
22822 14840
4471 395
5880 2627
13047 17903
9504 13158
18900 27664
8945 7354
11869 18451
1256 10573
7199 8235
2535 4888
113 9290
29556 16129
27261 18190
4014 209
15299 9001
14927 12982
29220 23288
29205 24316
3334 9194
24002 10833
10203 8658
17776 25997
20506 31911
10814 24859
19739 25733
8432 16862
3065 2604
29913 6719
846 2294
2193 2001
8215 8527
26373 19578
30573 29910
24806 4587
7489 26319
20397 28661
17916 21797
1636 26409
674 28111
17015 32428
15034 17381
6020 28187
32332 30534
15973 31426
1425 21956
19580 23586
13569 19532
23298 14631
5276 16566
26196 22566
15251 12434
3143 22051
26413 4239
25880 16869
22281 2805
11769 1706
7702 30239
13124 11676
7542 14289
18164 12482
22528 19680
18412 11623
29915 29416
15285 5407
32549 30056
24279 15528
21907 11182
23241 11098
5689 25760
20950 22785
28649 6108
15048 5181
8202 18820
20422 26607
31737 12142
31323 9601
28552 20160
3681 29622
3341 2670
15102 11470
988 16025
3389 6645
14642 16794
19314 23212
12205 28687
29859 7508
17901 24475
25939 9278
6078 27284
27653 27788
7999 4065
506 15641
3260 20648
4648 29148
31667 4367
29160 26146
27931 6663
20407 8314
4269 20832
12566 16604
20268 19429
1317 29661
15902 8047
11074 31634
17064 26401
21777 17107
9559 2244
7750 16596
1686 22726
25481 22646
23372 30350
24672 18187
18962 15550
8606 13076
12934 11047
372 7765
26180 5752
26999 26568
7063 23406
31389 10465
763 15482
4 1574
12424 7269
16782 7396
9399 32122
22176 23885
4423 9067
10980 20310
30634 17923
21600 30517
9824 729
14261 16770
22772 5144
29987 6803
23053 10583
6976 21076
26814 31177
103 28866
29822 26538
21473 8347
12926 23185
3737 32107
22063 4079
17469 4593
5357 30263
19499 24379
22308 4934
23863 3843
27349 32002
11326 17757
3142 18847
15206 14874
12393 5682
11453 3807
4921 25870
7500 3587
19144 28936
13309 6892
3622 6720
27262 31670
18867 29006
1721 31002
23684 31909
32146 25826
28461 29285
19850 21459
9512 27677
29918 2242
29020 7236
5033 4298
31735 3649
2885 11446
5122 17916
21964 11071
14501 510
28389 28885
32150 7035
12811 11499
21082 10846
6269 927
333 19994
30418 37
23573 20681
14585 29266
5545 10407
2646 14938
30164 9602
1314 32500
17625 4717
10108 2456
23833 24473
2414 9499
26437 5564
5028 27075
26934 11865
7957 25535
12119 11896
9829 383
25311 18350
25728 12087
13163 5366
31270 4342
7526 30023
12589 22763
21420 20878
22865 1326
2727 16711
16097 8173
1838 15294
25922 6549
18208 18004
28085 22151
21018 19694
10980 12896
13201 9692
28062 6307
7157 28577
4582 14601
6339 11879
12633 8570
13401 1658
1 21942
21648 8379
16871 32725
1451 30848
7986 28635
27362 28731
28739 14578
1167 9923
28578 3179
1733 20862
2368 380
13710 17790
22314 30005
15148 6097
9586 12618
8573 24006
15886 5100
17686 8943
9637 23281
11032 32046
24314 12344
22619 1672
17925 1675
27710 6105
12215 19503
26888 5329
14584 28779
16605 13433
11562 248
8210 4609
20093 6352
19690 2748
1021 20657
21192 11088
25231 23334
10205 1614
25637 26795
10817 30745
8068 27138
27648 30530
15654 16324
19177 29764
12569 29052
16914 2436
204 3799
16783 31024
5194 27163
28799 25038
19503 17070
19320 3223
16914 30219
12941 12987
32212 31916
27691 23656
11969 14134
12822 13710
18071 26804
23294 21658
15394 3403
2097 5666
1549 596
26053 14933
5464 22031
14199 14822
27644 20442
30492 12558
24673 17270
18222 3465
12297 11385
2074 5086
5835 2465
7007 12449
7438 14230
18360 22483
9645 10256
15849 18481
17800 27061
15913 13004
9290 16199
21935 17412
12180 27629
4535 31798
29418 31897
32545 20954
7474 967
17366 9716
21893 23295
29492 16674
17265 10806
19001 7890
14638 17936
26436 8110
27068 19197
18359 9141
12762 4560
26143 7938
7007 7244
20006 1534
15905 17580
28724 31305
23039 6031
28496 2241
22819 32500
10416 31232
15422 20243
16911 5926
10487 11288
2896 25274
25531 32561
7897 28324
19096 8608
11238 14228
758 32315
20422 1969
13914 31488
28636 9334
30491 32642
16349 24872
12746 6013
12780 15603
21304 22419
15852 20397
28483 32407
10304 18065
21905 9144
32512 4817
5847 29807
15775 15685
13333 25762
17420 1890
8454 27282
28519 17726
5496 11153
30589 25765
27348 3224
26789 24646
17338 18163
27919 16273
17711 31575
25690 27739
24100 6905
69 23072
22047 1701
21814 26626
15790 20310
26303 8347
8199 14485
10422 24007
15103 24739
11431 19408
15056 23381
27888 15719
10158 10425
22510 24744
14351 7709
8060 8214
10511 9522
24045 7367
25856 16823
31910 14993
8233 7202
10939 4414
14753 30787
28597 26545
6795 5808
28550 14440
3934 29965
18632 21009
1045 13163
16398 26540
27424 850
11408 13720
6651 8413
9698 18194
20917 16257
5766 6078
5780 2182
9463 16578
13710 30209
6515 23370
5709 21555
26321 18070
16744 22791
19866 18880
19368 18668
24191 19459
23700 32173
1376 5136
1612 26203
4833 28232
5354 29318
11865 2245
9819 3035
27460 22823
6752 20016
3528 4320
3083 16464
14696 18255
13206 13918
14640 29826
25097 25265
15917 9994
20187 20455
7470 11080
20155 21108
10516 29530
6321 28923
2292 17874
9363 29577
18585 14495
14510 3051
2437 2046
5590 15788
25908 10387
17245 24723
2068 26901
2431 27623
7050 4894
16653 452
19905 11702
29826 2088
21603 12225
21716 6342
5929 7942
15443 32706
14334 25130
15614 18518
31453 28626
29560 7194
31456 26723
14578 26739
18215 661
15974 3613
30285 4439
13154 22963
32280 22589
27078 27195
9639 12596
3143 31515
31908 25009
19888 19270
3984 7695
27628 2167
17500 1816
709 11998
17733 2119
30610 9892
32035 28152
14301 19941
22109 32357
24095 8627
29417 24662
21855 27582
8652 1193
25943 31657
32707 4992
10471 11930
8183 24565
27401 24807
28905 6026
20671 730
16318 10002
1700 26423
18910 14567
31734 12795
13232 9932
29904 14691
28355 31884
18088 23804
4842 4424
30691 1023
16536 22763
14652 6338
22763 29390
17452 29640
5882 8476
16142 31108
7254 653
28576 12612
12531 26892
11546 28887
17667 2986
17356 28589
15900 18414
24757 7025
22726 10538
21219 30903
19484 22843
23897 18029
19441 6769
14319 17803
26637 21563
13952 31810
6274 20890
16579 31145
22082 24046
19249 4511
31851 5894
19763 21077
1763 16026
14995 1530
24147 13776
2154 14249
13983 25010
31283 29700
29943 14443
29334 13535
10152 18866
11270 14854
15675 18840
12693 13497
30130 2048
5104 27573
28534 4341
11876 2201
31723 12394
19715 10269
993 28640
12699 21102
16554 18135
4457 13599
3803 10915
20687 4886
20634 14408
9693 2123
24600 32580
17525 30665
13171 15156
9014 3827
31291 11908
11057 16201
22503 5789
28030 1776
14540 18372
22909 10678
21775 5374
32082 14880
9813 15825
4064 3853
21467 24536
1447 26505
2656 17168
16963 32488
5629 10295
88 3123
12662 30488
18535 22744
5275 7451
26490 25470
3506 4766
29608 26476
29907 5782
2947 28759
21479 7174
25089 21172
28812 24299
17448 207
18260 24640
4221 24702
8503 16813
30772 7088
20012 32079
21838 24811
5195 21591
9344 15209
7096 27598
29143 1288
20168 23339
6915 20326
2158 3410
14334 4945
11848 29241
918 7040
14351 12684
23671 5948
2201 15403
13691 16084
11064 18485
19980 30182
19409 27877
4167 15194
21614 20652
10629 18195
203 1075
2491 12263
30702 2344
31419 25116
1754 26559
2592 15353
363 24111
24106 23082
14854 30475
27886 3227
3786 30721
22533 3556
1033 19901
14073 25957
13527 1260
11534 25452
16835 30931
5276 15984
4633 19923
3611 19670
6595 8539
10178 23472
22207 7176
2648 8667
6762 30736
4914 15347
25910 4789
30163 15854
23904 30390
13112 5329
19112 32170
1414 19560
26482 9886
16545 7860
19977 4614
12291 29489
20007 28869
32076 6459
5348 23304
31472 16913
30155 1760
18673 6625
25631 12748
11657 5228
10314 6654
16882 6549
10817 22298
9876 26441
8262 14901
14018 29813
13398 17598
19245 31591
4895 6706
25275 7478
3219 7338
19166 31843
22350 13137
24296 13626
25237 18804
2249 28260
31892 28403
21650 26339
28376 19715
21403 10837
29708 15848
760 23756
14214 5791
31596 25641
26920 2427
25281 16035
5569 9581
15023 32530
2335 3195
2836 30121
21474 13437
14223 3415
27561 833
29292 16614
26732 22509
17893 3380
13689 18894
30116 17589
17027 30520
21891 4955
4607 26906
25745 6564
9046 31627
25392 27071
28488 14911
19395 12157
27259 30741
28612 30338
32634 26637
