633 6
700 1000000000
34 26
30 35
1 10
0 42
14 42
36 47
46 38
40 7
1 6
30 39
38 9
38 16
40 20
44 30
43 15
31 28
19 3
2 49
41 4
24 13
49 16
33 15
43 35
11 6
40 48
16 5
0 17
42 10
47 42
30 35
37 20
46 9
35 5
40 27
9 31
43 1
8 45
40 3
28 7
8 42
30 34
22 25
35 40
25 17
23 44
30 18
46 34
8 37
5 49
28 13
20 39
49 22
24 13
1 46
40 49
8 1
5 29
37 19
43 1
12 34
14 24
8 6
46 43
48 13
6 23
49 34
28 11
16 28
17 47
36 1
39 6
7 5
38 20
35 40
49 47
25 19
17 42
30 48
48 30
40 48
5 33
31 40
13 14
49 39
47 22
4 9
42 33
15 30
25 27
37 0
33 28
40 40
41 35
42 12
40 23
48 2
45 29
7 33
7 36
42 46
17 39
41 45
26 44
42 5
3 27
16 9
38 13
25 8
13 33
6 36
37 8
28 39
9 33
22 34
41 38
47 43
39 24
34 10
38 1
30 47
3 44
8 32
10 6
6 18
44 48
19 10
7 38
40 9
21 3
2 19
45 45
18 10
12 39
35 3
3 11
21 40
24 49
15 20
2 1
15 36
42 35
37 11
43 21
8 15
10 5
25 15
45 5
40 48
42 0
31 43
17 41
3 40
27 3
38 29
9 9
6 46
27 43
7 20
12 18
20 17
16 49
0 36
41 36
15 10
29 39
4 39
1 36
32 39
27 14
44 49
1 30
48 39
44 0
2 37
23 42
33 39
32 23
2 34
36 44
45 20
29 30
38 1
49 0
15 46
1 4
33 7
1 10
7 37
43 13
12 32
41 9
33 26
14 30
21 30
11 32
47 2
2 27
29 41
14 39
2 13
45 2
36 35
27 43
31 2
15 47
29 45
5 26
24 47
20 13
46 14
35 30
49 6
37 28
11 27
24 15
15 20
14 3
33 17
20 32
18 32
27 14
40 17
28 10
6 20
16 13
33 28
37 16
19 9
45 9
45 42
10 0
36 8
38 10
20 21
46 26
16 10
0 41
30 30
48 10
15 17
29 32
18 5
17 9
17 2
9 26
26 27
31 0
1 49
37 20
9 38
6 33
37 7
31 27
7 14
42 48
33 31
5 14
3 43
35 42
7 22
39 25
32 42
35 45
24 4
36 13
28 46
33 42
43 15
7 36
20 40
29 30
10 8
34 36
42 28
6 25
18 10
0 2
8 31
9 7
5 37
22 25
35 21
44 2
28 26
23 10
3 11
34 3
42 44
32 33
19 1
20 12
39 46
33 28
26 44
17 28
41 30
19 7
40 15
34 7
0 4
33 34
24 21
6 10
12 43
30 2
49 36
42 38
16 42
1 22
14 14
28 37
44 4
9 4
34 30
5 46
36 30
42 5
31 12
36 21
28 8
28 1
14 30
11 12
24 35
25 43
26 15
4 45
44 15
49 23
39 39
12 35
42 10
35 18
6 4
39 37
5 48
8 3
11 49
18 43
17 46
17 33
36 1
46 23
49 4
19 28
10 49
23 21
42 32
19 8
29 43
36 1
36 39
30 3
39 43
36 46
35 49
12 8
30 21
11 37
21 37
40 19
4 7
44 43
24 36
27 7
28 1
23 33
11 47
41 47
42 3
41 17
0 36
20 31
15 2
16 15
18 26
23 36
37 43
38 35
26 4
10 25
16 4
17 2
24 6
35 38
48 35
48 14
16 24
27 45
7 30
2 30
30 26
19 45
49 43
42 44
0 19
17 19
19 44
48 19
16 17
23 8
33 0
49 22
19 29
20 32
9 25
13 15
15 41
23 44
39 26
17 27
34 28
15 36
15 19
48 40
25 6
11 3
7 32
9 4
10 3
34 43
22 44
22 49
45 29
34 42
22 20
34 4
27 24
34 6
8 29
24 16
38 31
28 44
29 13
36 19
23 19
4 33
10 31
7 39
43 1
9 42
18 33
49 3
29 13
5 16
26 11
11 26
45 39
43 33
21 30
23 17
9 39
13 8
7 32
19 37
25 38
14 41
6 46
14 37
8 23
20 19
23 2
47 44
47 47
15 30
39 25
41 0
15 7
13 31
42 13
20 21
28 11
20 33
0 27
36 40
42 18
47 25
23 16
27 6
14 7
29 27
22 24
36 8
21 24
14 45
28 9
25 0
7 38
38 37
12 45
47 42
31 33
5 9
45 29
5 43
30 25
42 41
6 40
6 27
43 40
19 22
29 45
41 11
25 25
23 19
6 42
0 7
35 37
11 40
24 8
44 46
43 42
37 19
31 8
30 9
39 12
36 45
4 11
18 0
49 2
2 42
40 8
8 18
18 6
33 12
32 21
46 34
5 38
20 33
43 29
4 30
25 32
46 22
15 21
27 25
45 31
42 23
42 42
9 11
22 16
16 19
36 24
34 40
29 11
34 6
47 11
39 26
24 28
42 44
0 5
30 43
26 13
36 16
20 8
43 13
7 29
44 12
34 43
9 38
43 13
20 15
23 44
44 49
46 31
17 10
21 16
30 18
37 34
31 14
30 43
49 29
16 28
12 40
26 37
29 0
28 31
37 38
39 26
28 42
15 43
30 16
16 26
23 24
26 16
18 39
49 3
15 10
21 2
2 28
10 23
22 43
29 22
38 10
26 21
16 30
23 2
23 19
7 41
26 19
2 3
43 10
45 28
8 48
30 3
5 13
0 1
29 8
38 0
12 31
28 48
29 30
40 31
33 2
0 40
30 34
7 6
29 40
42 49
33 37
47 27
34 11
9 27
44 35
33 11
46 44
9 14
44 18
22 41
18 9
31 2
0 14
19 25
