155 43
1336 1000000000
19 29
43 6
7 31
22 15
4 14
5 39
43 45
2 33
40 28
39 4
0 29
46 31
43 17
19 46
8 32
6 9
24 15
11 25
38 8
23 37
32 31
8 40
10 30
40 34
35 7
36 49
8 36
48 19
48 18
27 36
13 22
17 15
34 9
19 29
27 9
41 14
12 45
7 4
1 49
49 0
5 11
16 10
29 15
31 6
26 22
0 2
33 9
6 22
14 48
27 38
23 7
3 1
21 9
24 21
1 35
26 35
5 49
9 41
42 14
28 22
22 36
6 34
3 23
11 0
42 47
17 39
37 19
39 44
39 21
38 35
3 32
46 3
46 25
41 13
21 32
43 20
37 31
9 43
13 5
32 17
33 48
32 8
34 2
23 1
21 24
14 43
44 26
1 30
49 23
42 22
23 26
10 21
46 19
24 47
22 40
39 28
27 42
48 7
37 14
49 40
13 21
34 26
47 4
2 0
41 36
3 45
2 0
11 19
16 28
31 27
37 11
46 43
39 12
8 1
9 5
23 26
20 42
45 8
12 7
21 33
6 3
16 20
1 33
30 24
20 14
41 25
1 22
20 41
40 0
36 8
7 18
3 19
0 33
23 9
44 27
33 16
35 40
22 45
18 20
13 2
41 39
1 29
15 31
23 6
7 14
7 14
6 12
45 5
22 31
48 39
41 31
26 42
10 12
12 11
