2979 1228
13603 106660000
28394 129580000
29754 276710000
32726 317450000
12768 6320000
32714 310620000
31485 110440000
11506 64910000
17241 67040000
32622 78000000
32621 187290000
24171 240790000
17978 123170000
15388 24560000
24980 319270000
6027 48740000
6221 264420000
48 326560000
17014 1990000
8566 5410000
4882 110320000
7558 178990000
14915 78080000
523 247420000
32435 253210000
32422 172510000
18480 112480000
5753 152880000
24466 196010000
32364 158990000
10060 242980000
25801 265290000
31732 207270000
7834 252130000
32278 272010000
32272 210620000
30246 121770000
1139 66760000
22140 15520000
32531 249680000
12609 299500000
14753 212920000
17111 120980000
15801 187230000
17268 122100000
8260 160610000
618 228750000
16753 324080000
17944 12210000
1635 77520000
7715 324510000
32154 46350000
5109 259970000
31526 62620000
32122 314790000
32119 97500000
21986 222540000
30227 236920000
32089 179600000
9065 258590000
4902 319530000
32054 272430000
17665 55340000
26724 212450000
30712 322560000
14115 111110000
15309 78200000
31981 305830000
24628 145320000
14216 186260000
20633 218790000
12715 286020000
1650 214860000
15501 301680000
11859 22170000
31936 116730000
5951 205740000
13854 132790000
31919 144030000
27252 18280000
31906 18320000
5025 10410000
16392 233100000
31844 238420000
31828 324040000
31822 46230000
31814 281470000
31813 306760000
30625 103730000
31793 184690000
1971 143510000
31771 152000000
10176 260350000
31765 104440000
31757 167250000
1190 286900000
31752 235790000
5150 116450000
2523 172620000
31719 147620000
31718 295770000
31712 284480000
15234 114400000
19681 2060000
5069 275670000
717 298660000
31689 68980000
23314 119030000
31675 158640000
23087 274780000
11944 227970000
8485 212910000
31624 251800000
31579 57020000
17113 82330000
24 17650000
31552 78840000
15923 320620000
16240 27590000
31536 188730000
32142 31180000
31517 267210000
7098 80950000
31470 55170000
14739 123290000
31444 132250000
13664 263820000
28242 201610000
31409 181860000
31409 42210000
31399 255180000
31391 151920000
31389 43210000
26960 112830000
22950 207850000
31333 291020000
31314 298370000
10649 197180000
31268 64630000
31263 300980000
31224 227970000
2419 214470000
31222 10940000
31221 6080000
10614 58570000
5705 145910000
22449 319800000
31175 67960000
31165 225890000
30135 19470000
14445 300830000
31102 171630000
31093 293360000
31090 187050000
31087 152140000
7285 230290000
31083 278060000
31081 176290000
31076 303260000
7287 281410000
2979 69650000
3558 27140000
4351 175740000
20865 13940000
31040 71210000
31034 206750000
31015 12890000
29783 261580000
24526 312310000
30971 204590000
12223 215520000
30940 75360000
9100 196870000
30880 305810000
30879 161840000
30868 281140000
30868 69210000
16724 163000000
24304 91550000
13366 277980000
15221 253150000
30829 279280000
8332 15060000
31773 61490000
30805 271650000
25882 179630000
7010 95750000
779 107480000
30749 33280000
30734 53690000
30726 169620000
32012 54990000
24474 218950000
30694 307940000
30669 252100000
30667 237310000
14806 36880000
30641 51180000
30640 184160000
17494 91310000
12563 306110000
17988 5760000
2905 276510000
31797 199610000
30620 17970000
19077 52310000
8142 7400000
21780 213140000
30570 225780000
30564 82550000
30557 17010000
24094 309410000
5007 22720000
30548 50590000
25995 158020000
21704 196760000
32164 61830000
7805 311580000
30512 270310000
8886 34020000
30469 92790000
14246 59240000
23418 298290000
27950 194600000
30424 207130000
12311 150000
30401 82730000
9054 77190000
30365 240950000
21266 228860000
11344 297510000
30350 245970000
1210 220000000
1219 241390000
30303 286210000
30299 48190000
30298 107580000
5961 293440000
20205 281870000
30240 6660000
30239 241250000
30236 326670000
30234 184580000
32103 278090000
30193 213040000
26114 317570000
30166 145740000
30165 139130000
25376 65920000
18705 240270000
30145 270820000
20558 113560000
28811 227990000
29432 90670000
1613 97430000
30132 210860000
3111 214280000
27275 66030000
29329 9670000
30047 64480000
30033 195900000
30029 133300000
30005 162550000
29997 63980000
28199 77960000
29944 156870000
16030 16840000
29928 254270000
29912 175070000
29912 158370000
30539 110150000
9752 113220000
29813 303820000
14991 66540000
11753 316530000
25062 23710000
17683 308540000
18761 185680000
32727 195420000
29743 175760000
19840 285890000
29734 168600000
24991 292510000
12306 200000000
17650 30330000
13549 119930000
21039 132170000
29245 110710000
29603 322280000
29563 77880000
20461 242090000
29521 280550000
13101 268110000
29512 215550000
17906 308680000
3072 23710000
10523 140070000
17392 224200000
29451 238210000
23899 168350000
31138 152520000
21447 300150000
27715 141530000
29410 198160000
29387 90190000
29368 167240000
29353 57880000
29352 17710000
7136 62750000
32178 32480000
29315 190850000
29308 320570000
15225 322750000
29304 63970000
24149 243990000
7760 195370000
23119 81380000
25217 141200000
29271 48570000
8960 321650000
27921 210420000
29607 264750000
10998 309960000
6351 41380000
26473 289840000
29177 274320000
29152 150030000
1701 61460000
18988 28110000
6170 14090000
29123 18000000
29116 301980000
24876 82930000
15741 46100000
5403 58410000
29096 325500000
25854 38340000
29071 141450000
1438 104600000
29044 68860000
12249 139870000
29040 293860000
29020 185150000
29010 324740000
29009 191970000
28998 139780000
28995 249530000
25690 307380000
3949 249520000
9358 198110000
17270 71620000
28938 230140000
32557 327260000
28927 312580000
28897 77560000
30797 264810000
28872 64600000
28870 229400000
26621 272440000
22859 295340000
28815 171970000
26844 204290000
29229 118380000
28791 84480000
28774 176370000
30834 205790000
5472 312620000
2035 272710000
28677 150590000
30105 293270000
28606 254550000
28572 114360000
28564 48980000
28563 256880000
27359 18910000
28556 730000
19622 11440000
14483 145390000
21615 15060000
28530 190800000
28523 301420000
28501 273270000
10394 25170000
28473 20560000
28462 254480000
28438 186780000
29736 75140000
32745 221170000
28389 44370000
28378 317140000
6924 261870000
7119 294920000
24523 252470000
28357 209060000
5513 140660000
28348 53850000
28330 225420000
28301 146970000
10197 144070000
29864 79170000
28249 313110000
3767 167830000
22236 326050000
28239 83820000
28231 90080000
28231 68180000
28208 249380000
28205 129510000
7069 40380000
28195 198950000
28174 241020000
28172 214100000
4737 52170000
27974 114960000
28691 310470000
5494 233560000
28120 82690000
28108 265700000
28092 11940000
19837 186860000
19235 102160000
7661 200600000
28035 146080000
28028 152410000
18059 69390000
14842 207260000
27985 304270000
29264 149520000
19023 106600000
8145 26290000
27956 213570000
7350 50310000
30426 159170000
21494 189450000
21005 257720000
27907 131000000
27890 200100000
27888 128080000
6472 53720000
6650 274560000
27866 142400000
27844 23650000
21538 151430000
27832 308040000
12031 49150000
27807 217830000
27782 11600000
27770 325500000
25040 23500000
10314 78680000
23924 76580000
8648 98450000
29423 235970000
19622 129250000
4835 163890000
2488 78640000
27692 325860000
27669 26370000
27648 268590000
27645 250940000
27580 90520000
27551 185170000
29303 225420000
13559 57780000
24029 141770000
27512 75290000
27500 288740000
21854 194390000
21186 90500000
27471 173490000
27452 147590000
13083 182060000
2843 252790000
22691 169150000
20369 154210000
27374 36230000
27367 322650000
17335 285720000
27358 30300000
27348 141410000
27345 3130000
27340 202710000
27314 162190000
27311 134350000
27301 205720000
2450 89840000
8049 195070000
16582 223740000
26532 208750000
12548 141170000
9873 264240000
27251 152510000
21856 88970000
25146 10340000
27190 5750000
27147 92310000
23945 30780000
16260 41050000
27137 85480000
10308 139690000
27708 93500000
27106 219210000
26922 79260000
3486 22530000
22791 82550000
27061 327220000
253 303890000
18628 65920000
27028 306590000
27023 252780000
13936 132940000
27009 52630000
20551 147440000
1377 120160000
31383 308780000
26959 198480000
9601 264910000
26945 159610000
26942 173910000
14662 183720000
26928 108350000
32574 103510000
26913 63390000
2826 111490000
11681 32330000
2595 255770000
7094 137150000
26848 320780000
17482 208170000
28842 205710000
3511 179040000
26805 233270000
26790 107450000
26773 7520000
26756 73140000
26749 199130000
21152 283050000
19326 324390000
26734 301760000
1627 277740000
22109 115820000
3371 29830000
27878 266360000
26712 43670000
12992 218270000
26650 24210000
6970 35500000
26626 234680000
29933 191950000
19262 118660000
26601 94320000
16578 185070000
6120 171190000
17458 205100000
26576 207130000
26549 95000000
14186 106400000
26537 167300000
27258 191660000
6564 125490000
193 99150000
28359 53320000
10712 119410000
29222 290520000
31188 146460000
26444 257930000
26437 135600000
1907 168320000
26429 219800000
26414 20360000
26409 226000000
1312 136750000
26328 197870000
24967 185700000
14460 203680000
15619 315350000
5478 57240000
11659 203260000
5747 154590000
21475 304710000
2001 62670000
12669 144850000
26201 264310000
26197 279300000
26169 10460000
15058 153140000
2279 148890000
29424 34530000
2324 63580000
1840 259800000
29244 327550000
30856 162240000
26115 226600000
4348 220550000
16236 158370000
2101 71430000
26099 31350000
29487 170000
30578 233280000
18666 48060000
11417 184490000
26058 18110000
26046 230390000
783 194350000
16644 238350000
9739 164400000
26004 85490000
30544 251700000
133 103710000
25981 75740000
18900 303010000
23383 92970000
25943 8150000
12121 230880000
25896 25260000
30801 97310000
3469 89730000
25875 155960000
26435 252830000
25780 285670000
25827 6900000
11208 125890000
25817 61900000
22570 105900000
2266 263240000
29487 179740000
25797 287220000
25782 76540000
29078 327570000
5424 57490000
25768 235410000
23747 238030000
25765 258200000
25751 117920000
25747 6440000
29116 56400000
25722 220280000
22571 139120000
25717 128790000
1460 82860000
28987 25470000
11165 317160000
25685 168580000
25683 72880000
24048 52250000
25654 26960000
25652 244570000
25636 301060000
25632 293750000
25631 61740000
25627 42570000
25594 220100000
25590 277700000
23172 252800000
25583 144370000
32410 138090000
25571 38310000
25569 208760000
25569 34490000
3415 212400000
25542 224920000
9622 213850000
445 113520000
25519 302830000
25518 126820000
25513 251970000
10532 327630000
25508 216070000
5884 169040000
25482 139420000
25475 212830000
25459 277180000
25445 54590000
19644 108040000
11619 252260000
25426 177690000
20606 152370000
14470 3230000
19534 262200000
30154 185460000
30244 75410000
21358 273300000
4599 215310000
25282 188510000
25280 312720000
27280 155350000
25245 127340000
25234 101360000
25219 85080000
25218 107100000
29271 296890000
25184 3490000
25178 258910000
8090 220510000
21943 22940000
25118 291040000
6958 50020000
31205 222530000
31687 314380000
14406 14990000
23880 67650000
3589 147430000
25058 66150000
31442 2930000
27961 263950000
5377 197770000
23082 90250000
32522 16660000
29682 181100000
24275 122090000
24988 183560000
3355 32280000
2137 101290000
3703 306780000
15073 126440000
24964 62010000
24960 94250000
14917 118350000
24931 244990000
11289 323800000
24904 32270000
18673 278050000
1304 323210000
24871 304590000
24867 136920000
24862 59730000
24831 305520000
24827 11250000
5657 142170000
23923 127450000
24801 137760000
1504 135450000
24746 223540000
9628 30580000
24731 95690000
24727 71010000
1248 233800000
24702 141150000
24701 54980000
15895 83040000
10619 237680000
31461 490000
24668 58060000
27251 89540000
10894 282550000
24627 196200000
24605 163030000
24602 96970000
22501 239010000
19683 136450000
27440 298810000
24549 168610000
10175 134160000
22288 278590000
327 280430000
30993 299840000
2406 163650000
24514 306760000
24509 70140000
24502 154570000
24487 166840000
21156 87940000
24482 265090000
30706 136660000
15255 312650000
24454 220950000
24441 8430000
24440 326250000
4689 292220000
24417 197600000
19546 205120000
24395 128780000
24388 119870000
15980 16500000
24357 136370000
24354 292410000
24346 200140000
21444 262640000
17675 317290000
13579 10880000
2838 101590000
15472 5180000
24285 204360000
24281 164360000
24281 117920000
24990 46390000
23022 118600000
24243 254010000
24237 246030000
24226 268850000
5805 214650000
25807 195470000
21063 29690000
14774 229870000
27545 202660000
24149 35720000
17472 68500000
24127 263640000
24126 124420000
24114 153180000
12842 227890000
22427 238770000
1044 175980000
24090 304740000
24088 202360000
9782 59130000
20563 43600000
24053 72210000
168 232570000
24039 154720000
24030 152310000
10600 72150000
7696 255370000
23977 110030000
23969 210060000
23964 282570000
4271 147470000
19657 13720000
23930 138820000
22686 4980000
24808 324540000
3059 242120000
16758 249960000
16927 71750000
23868 34140000
23857 34430000
463 133570000
558 178190000
10267 175250000
12870 242960000
23772 58440000
23755 4580000
21451 38170000
23725 195100000
23716 230830000
30135 223310000
23697 155580000
23694 235760000
23678 150550000
5344 214030000
3843 181130000
23621 303560000
2687 317540000
13984 126960000
23574 275910000
528 121370000
18793 173190000
23532 175670000
23527 266020000
23526 260260000
13051 26580000
32373 181490000
31312 272330000
23471 31680000
15309 124530000
30446 289710000
23413 313380000
3242 25580000
23374 20160000
23370 166650000
23336 88740000
23335 189780000
22685 248980000
16247 82360000
10181 247930000
5137 194670000
3869 184780000
11755 283750000
8368 41500000
2293 134270000
291 100450000
46 261780000
29763 119150000
23202 6720000
23190 23080000
25584 11300000
26069 144260000
13520 239750000
24987 290510000
23120 167320000
31083 289300000
23098 157040000
2423 36670000
28981 250410000
25004 132160000
21362 81940000
14372 228860000
23042 50420000
23033 254640000
30850 19740000
953 306500000
23022 36070000
23133 312630000
500 311770000
12048 45350000
16933 175050000
22996 62410000
16085 165290000
28049 57790000
22934 270130000
22926 121140000
15428 79380000
22890 127990000
3028 280590000
13023 281110000
8951 221100000
22429 183310000
22849 209660000
20042 2460000
22827 124110000
22803 247890000
3610 213770000
28267 41570000
22782 190630000
7166 307140000
21036 180620000
22756 59760000
3712 326850000
14162 181890000
1011 66700000
26718 99930000
2116 9180000
22685 237690000
22667 105400000
4110 41180000
22658 71820000
22654 15660000
22644 201370000
22639 91330000
22624 261200000
22620 325710000
22619 251070000
32602 14730000
16348 284770000
21860 40060000
16493 39510000
22555 28760000
22534 10250000
27704 178300000
15103 11130000
26382 138500000
22499 243870000
22496 98290000
22485 217940000
10578 256440000
31184 304390000
22443 38780000
22431 36110000
22430 87050000
22857 136910000
9316 92750000
22419 197470000
22401 236010000
14313 208840000
27131 246950000
22371 261580000
22355 314790000
20988 241760000
21861 215340000
18423 72940000
22294 216320000
32221 98070000
24546 127740000
17461 11360000
22284 8530000
12382 167900000
20 122270000
13906 68820000
7597 201970000
22242 323430000
31418 60320000
233 90170000
22200 193360000
7764 318420000
13393 267070000
22157 14160000
2362 285240000
596 217680000
22130 136690000
22117 163180000
3842 253640000
14423 49830000
22096 165950000
16339 21210000
22070 177730000
22046 290250000
22025 52650000
145 149660000
22019 245270000
22012 131730000
22006 313360000
25002 127530000
19758 143070000
21979 161680000
4789 217000000
21965 281120000
9641 241300000
21949 190490000
3297 213590000
14206 314650000
21916 199970000
21912 244550000
11066 14760000
21897 178460000
21877 131130000
14113 252320000
25703 170300000
20777 148070000
24630 180380000
16953 188460000
17269 249040000
27377 216270000
19178 271530000
21797 236070000
16769 2070000
8560 20670000
8495 49800000
5876 57050000
24826 15960000
30322 150170000
19104 164190000
21748 73840000
21738 251950000
21726 160420000
8941 256820000
22791 780000
21634 147530000
21622 44120000
21617 217550000
21616 241650000
19111 57720000
21591 187710000
21581 259910000
2608 196400000
14506 158070000
21566 220530000
21546 232860000
4299 232670000
21525 313670000
8408 289690000
29960 54880000
2043 76980000
20588 174440000
5536 189420000
9044 205900000
32217 131300000
4560 182090000
21468 9680000
21454 186920000
21451 262390000
25766 96560000
21449 101020000
22331 15320000
24344 183690000
15522 77960000
15077 272490000
21400 295000000
3309 35730000
16868 202990000
25294 154740000
21340 299100000
21326 148160000
21298 172230000
18531 188370000
16416 122660000
20607 263680000
21232 221640000
32596 133900000
21183 16380000
24487 73890000
21155 187430000
26737 305110000
27140 289430000
20434 53330000
28143 312260000
21130 203820000
17258 42900000
12625 209560000
27407 261050000
21087 203900000
21084 730000
19049 155830000
21077 120510000
21077 27220000
21512 53990000
21040 139200000
31555 78500000
30129 5800000
29257 82370000
26137 16070000
20988 19970000
13020 44600000
5067 323370000
20935 192900000
20934 277510000
24063 24620000
20922 59360000
20910 218940000
20901 181760000
18528 6320000
15376 198800000
20843 62690000
20827 294660000
20800 305340000
20790 201220000
5783 325030000
20767 302860000
27075 70660000
20742 121410000
18254 121430000
20725 212980000
19212 182150000
20711 293860000
13238 191290000
20652 36040000
20641 163580000
3742 38900000
10881 231100000
15872 76560000
21242 34770000
25406 74590000
20595 29150000
1592 135600000
16369 286170000
20538 250190000
23485 216400000
4630 104250000
22830 77990000
9321 104460000
20587 50550000
20532 28780000
20515 217630000
20493 310890000
27049 321840000
32235 206010000
6697 181830000
29533 155480000
20435 130950000
20434 83560000
15866 64830000
16967 265550000
20429 38650000
20421 275840000
23829 121870000
21945 165410000
20401 90890000
20377 205240000
32553 304670000
32075 63070000
10074 25300000
20308 133200000
20239 68760000
21791 183970000
32199 180560000
18667 226530000
26895 105550000
20185 217640000
20179 108930000
20168 164700000
20148 293360000
27841 299080000
20092 223850000
20086 56340000
20074 123960000
20067 244420000
2205 213620000
19171 260570000
804 180930000
20003 273030000
19984 32890000
19970 314350000
19962 138080000
19961 294130000
24917 121410000
17919 66180000
19894 17880000
28542 129130000
3906 26410000
10882 7510000
19851 138160000
19847 8510000
19845 104240000
13138 271280000
10406 173340000
21721 28880000
7356 209920000
19767 220200000
10717 236300000
27868 225250000
19749 85220000
932 299810000
30631 27930000
19723 46510000
16778 111700000
12335 53280000
31966 7070000
19674 53480000
19660 199550000
21839 280900000
9300 61370000
19653 220220000
5625 36650000
19643 322290000
27709 168340000
28547 29450000
28559 302480000
19605 122710000
18594 29390000
19586 78760000
19564 231700000
19555 189210000
24204 43570000
24411 27360000
25399 290540000
19452 153510000
19402 62660000
6441 299210000
19366 100270000
19352 93030000
19338 236240000
19338 135580000
7546 32650000
8814 274740000
19291 78700000
19282 294320000
715 19660000
19264 295880000
6332 103020000
19254 306960000
12305 48350000
8486 27640000
12466 273950000
11372 276550000
19195 43080000
21817 271440000
19176 91070000
20026 3240000
14202 257290000
24677 257660000
19138 209620000
19126 187610000
19117 232000000
19112 301740000
19112 213570000
17022 107970000
16696 127570000
1816 75490000
2020 44130000
19066 55810000
19055 230750000
16376 221840000
21082 196230000
19030 193170000
17027 286920000
19006 298440000
29134 91610000
18986 66260000
18953 42610000
14776 81230000
25960 163360000
18897 142530000
16677 156410000
10616 99720000
31930 168030000
18839 147230000
18823 32750000
7653 298060000
11172 305590000
18803 289500000
13658 287130000
18766 145320000
23219 181260000
18733 230350000
30153 236220000
30549 325640000
10127 179760000
18683 211090000
25731 293210000
20186 256480000
23152 52990000
17173 230850000
18651 137590000
20480 189650000
21390 201640000
18601 197250000
174 32560000
30386 43080000
18587 216480000
15647 38870000
589 58200000
18521 142870000
8464 258060000
18515 206380000
18514 1510000
10105 10400000
18503 289230000
24708 163960000
18493 26000000
18492 316890000
32222 314040000
18480 15070000
18452 68220000
18424 210560000
11866 65810000
18419 86710000
18396 297190000
426 156180000
18390 99580000
18385 1670000
18372 251630000
3805 157870000
25258 169190000
5601 96580000
18323 326690000
9410 122470000
3187 301890000
18291 228550000
13250 282260000
20738 34670000
18244 91080000
2090 112020000
18228 20030000
18215 115910000
10342 288320000
10846 84230000
18187 325370000
18187 27630000
13477 286620000
18176 299010000
18176 278270000
10838 236680000
26515 210470000
18132 327440000
18124 327520000
18108 80460000
973 86780000
18098 290720000
23953 38160000
18061 287190000
28001 23970000
11205 228230000
30629 32670000
17979 76350000
15537 308020000
17976 311160000
17976 126660000
13299 26080000
15760 232030000
17943 223820000
12056 283230000
3935 134920000
13283 176220000
17848 260950000
17836 65530000
17823 310750000
17814 113580000
32060 59110000
23510 51720000
17780 276210000
8799 131990000
17774 240560000
17771 149780000
17764 318600000
9217 295780000
17702 208300000
17697 28360000
7727 280710000
4306 201700000
13014 302850000
28473 22160000
7839 274350000
4760 321780000
13629 165840000
32053 146190000
17655 294390000
26309 282950000
17635 11950000
31757 103890000
7676 320140000
17614 295380000
17609 117650000
17579 161450000
17678 323780000
17560 251030000
30638 84110000
5879 19830000
3685 258960000
663 170540000
17479 71210000
24147 202690000
9922 110120000
17466 153620000
2223 265270000
22286 24820000
31224 211550000
17456 189960000
772 15840000
17399 249260000
17393 128260000
1963 73490000
17386 155980000
3108 244430000
23230 101090000
28146 166050000
6632 294590000
13678 99750000
17343 56490000
27078 74450000
16196 73170000
32700 217280000
9506 138770000
17292 137450000
17275 161370000
18495 146690000
10754 320930000
19658 261310000
32214 150450000
21130 166740000
24570 47780000
32608 183620000
8999 1160000
4505 205290000
17194 130370000
17178 131390000
18659 55100000
7238 140930000
17145 243300000
31569 218190000
22763 313680000
17051 79280000
17047 322040000
17029 192450000
6147 166690000
17027 161960000
12061 228300000
21145 161230000
17015 171840000
26120 260340000
17000 217400000
20433 23080000
8017 190830000
27757 262940000
16929 265740000
12198 285050000
16921 296060000
16496 188190000
16879 221670000
16878 139790000
23066 2410000
16863 212130000
16849 324900000
2233 125910000
16832 237280000
16803 153320000
16803 136120000
16789 17720000
16788 35530000
19687 146770000
20226 243090000
16767 45910000
25068 322680000
11245 200340000
26081 276080000
24543 17480000
22730 228970000
973 83010000
29443 152200000
16693 314520000
26826 141130000
16681 247670000
7084 313340000
16673 194670000
16663 193800000
26069 108090000
4579 165970000
16647 242250000
4214 17060000
16619 3630000
12760 186140000
23442 174840000
16603 3380000
28631 241190000
17775 261820000
16574 259800000
16553 64000000
16545 101120000
16538 74980000
16526 169710000
6372 295980000
28811 208590000
16911 104040000
19547 157390000
16484 5610000
16463 95990000
16426 32930000
16423 265990000
16418 56290000
8201 220270000
13635 272820000
31850 86090000
15827 138550000
16389 307900000
16389 139330000
16386 123700000
19053 13560000
21499 46170000
16357 215680000
26486 153580000
16347 140660000
23256 230530000
16329 73280000
16275 44400000
1635 162040000
16266 97400000
28540 60160000
11975 12140000
7974 259230000
26108 106320000
13952 860000
16224 194850000
23843 130790000
5824 188830000
17334 225740000
16154 135440000
28282 100430000
16128 111150000
16107 103410000
16098 133700000
8141 45780000
671 290580000
6666 324310000
13492 162810000
18892 105260000
16057 177520000
14552 151000000
25105 233400000
20461 254140000
10521 292970000
16009 237400000
16007 61020000
15998 169400000
15992 167300000
10491 240940000
24342 246230000
14308 95520000
5863 314690000
15930 233840000
15926 285180000
31768 116140000
21970 14760000
15902 14070000
20700 86840000
15892 118950000
20614 41780000
2176 106290000
15862 60980000
15852 156460000
16392 215290000
15802 235840000
26216 249750000
15789 56880000
15775 38200000
15773 298990000
17943 299600000
15745 304070000
3542 288010000
15740 300710000
15736 208620000
15733 262800000
15733 88630000
15718 181660000
6859 109260000
26583 218480000
11079 108530000
9189 240980000
31004 33210000
15634 205790000
17624 38730000
11959 42290000
6999 312790000
26266 211100000
15573 326120000
32615 214130000
7024 193230000
15569 212750000
15562 27930000
15561 36700000
15553 118760000
3274 200510000
15522 185960000
21413 162820000
15517 179030000
15508 194200000
5599 139940000
31937 6600000
15478 5480000
17357 127200000
15466 319520000
15464 316670000
15437 140500000
26213 314910000
22924 123520000
15421 201640000
5632 196380000
20339 194990000
26253 217730000
15366 295470000
5661 244680000
23253 31280000
15282 44330000
15274 284560000
10592 322250000
31712 105770000
5764 9140000
27737 26700000
15215 213460000
15199 172650000
15198 204100000
15191 299670000
1227 199600000
15118 98830000
32113 110830000
22516 23550000
15089 78600000
15086 78340000
21515 9350000
26148 167970000
5491 198000000
15073 63090000
27060 215210000
15048 252410000
25430 298500000
29798 267230000
14989 69830000
14965 48230000
12 231980000
14926 132520000
30525 25170000
32452 310650000
12534 327670000
14895 176310000
14891 2510000
14873 43620000
10924 67100000
14854 138090000
8370 257690000
14824 323730000
14815 205230000
30627 268280000
228 231410000
18922 293560000
16075 75910000
14773 150940000
1621 88510000
6231 258440000
14711 84500000
14701 283210000
14700 151800000
14689 17310000
14685 20920000
26116 175360000
14655 295000000
14618 167890000
7899 109220000
2136 279410000
7860 289850000
14590 309260000
12746 55700000
14560 171940000
16046 204590000
9561 326200000
23629 318250000
5301 120220000
21573 104630000
16745 91810000
29634 253300000
25402 192600000
14463 245100000
23309 310290000
11049 19080000
14435 126880000
9173 226690000
25090 25870000
14399 70810000
14383 229480000
14374 108420000
8421 185130000
14335 70660000
14331 40310000
14322 280820000
5692 303340000
22389 301490000
14309 149540000
15955 125320000
5139 281250000
14278 176540000
10286 58130000
14270 27410000
14269 241270000
30452 138480000
8811 52170000
13818 60590000
31705 90420000
9922 313260000
11736 188360000
9627 116630000
19157 132360000
26547 26560000
14181 325000000
14172 160140000
14170 189090000
14168 304180000
22722 52000000
28369 311340000
14118 155400000
31627 27920000
188 211630000
14089 50020000
14087 284100000
14064 91020000
14041 207050000
14018 169180000
14011 13780000
14003 78020000
14002 97700000
13997 147060000
13992 231790000
13987 187260000
23057 182710000
13978 269650000
13975 101970000
16226 222690000
29100 37220000
13919 284160000
10548 254760000
15074 291960000
18612 68650000
13851 57870000
7596 70460000
13848 168080000
17807 60430000
16609 308600000
22301 153560000
13794 66640000
13743 120770000
13718 149550000
13702 229070000
13690 272970000
10670 59030000
19303 304330000
25050 290690000
13664 111450000
18781 311210000
13651 170250000
13645 95500000
16395 83170000
22259 107540000
13623 201790000
13615 84010000
13614 245050000
13613 290000000
16143 204960000
8165 148790000
8584 58030000
27531 245030000
13549 268710000
32286 246590000
13535 200380000
17462 213420000
15429 82510000
24165 301340000
6385 290530000
13467 167350000
13462 184800000
12180 216340000
13404 67140000
22171 240390000
13367 174190000
13248 139870000
13363 309440000
18209 161990000
22247 20730000
13339 208880000
14603 277790000
29460 96620000
32179 184570000
26855 190270000
18277 253140000
23028 249950000
13242 295800000
12094 262730000
15107 259120000
13227 142930000
13216 84370000
13215 285090000
10758 60550000
13209 159510000
28377 258400000
13193 90280000
13173 134680000
13171 323970000
13139 110070000
14610 301240000
13110 310530000
29520 287820000
14215 255730000
27441 208720000
18508 219770000
8473 83080000
5915 72170000
13017 22680000
30596 261950000
9133 100140000
12991 200120000
12981 141700000
32240 93650000
12950 212550000
12942 68440000
12936 202460000
12931 206180000
12931 48520000
12912 292820000
22480 243030000
12909 171930000
9718 286410000
12889 42310000
23795 166450000
24100 321910000
12832 199840000
12814 80680000
12813 322710000
12800 111910000
32724 20920000
16609 310040000
12758 12740000
29780 77520000
22874 229820000
5182 323530000
15623 6350000
1171 294600000
12692 75770000
12685 74150000
12676 148530000
26727 6190000
12630 161770000
1662 174890000
12620 238130000
8528 164510000
31067 313230000
9441 261060000
12563 45850000
31993 98860000
14898 161540000
8529 112760000
12525 302430000
12467 21560000
2529 102210000
12463 50170000
30819 82610000
22276 33140000
12372 66180000
19872 10440000
12339 306320000
31538 235760000
11775 314330000
12325 164770000
12318 10390000
30409 73630000
28038 102950000
20588 296800000
17623 58900000
12302 95140000
12296 318670000
12289 209450000
10358 100300000
12274 113520000
12269 27310000
12267 65230000
25817 168110000
29042 297140000
12247 185930000
12236 50380000
12233 298750000
12229 287150000
4950 155620000
8288 263690000
30941 179950000
9951 287920000
12215 219220000
12214 279760000
12204 215870000
23876 94830000
12187 25930000
13447 285400000
9536 260940000
16036 139230000
12142 18120000
12140 1470000
25933 8650000
12114 5870000
31936 198630000
883 156430000
498 177680000
10095 318920000
19903 81050000
12053 210830000
23003 49080000
25502 153510000
12030 199710000
119 119500000
11961 162820000
15623 8010000
11948 154740000
29113 92550000
11934 600000
11923 304220000
13796 133490000
1695 19400000
11850 15880000
11838 106870000
11832 270060000
24418 76640000
11059 172630000
11797 162350000
11787 228310000
13096 200490000
11770 158920000
11756 61510000
23266 215700000
5429 4730000
27192 251470000
11731 223110000
11724 189790000
179 314390000
21404 87320000
11695 183100000
11695 49460000
11683 64110000
26881 55490000
26231 31460000
11655 39500000
21262 116490000
11587 2030000
11573 3650000
11562 271480000
11557 140580000
32663 139840000
11478 275820000
11467 122120000
5292 100150000
22275 263840000
14229 121060000
11407 160020000
11398 238510000
19214 31740000
11380 84050000
11380 10960000
11379 208520000
11377 68660000
19210 300170000
11369 108600000
30357 144800000
17024 120660000
19930 60110000
31660 258020000
21904 308230000
11251 37680000
9663 35440000
11229 60660000
4923 28520000
18040 195010000
11188 83510000
11176 269040000
14126 131610000
17693 132170000
11155 192990000
11128 132700000
9001 139480000
11110 116080000
11107 310660000
11103 12900000
11083 293510000
11079 196840000
15672 301030000
7507 269770000
4476 61520000
11049 278840000
26819 110730000
11032 114390000
5303 11550000
10998 241130000
14858 145940000
26106 42860000
27955 115820000
10432 201860000
1630 183080000
3328 266710000
10843 101040000
21581 221310000
10773 53980000
9068 252450000
28969 284280000
2496 294810000
22583 240580000
17343 116670000
20563 220590000
19148 203830000
18885 99370000
23286 153010000
6031 118200000
27525 318330000
10594 85270000
16511 212540000
1435 182670000
6139 26470000
10577 226040000
10577 62890000
10569 252630000
10556 70520000
25984 40730000
13912 227290000
11282 182720000
10529 131000000
25535 36050000
21489 251570000
10513 156450000
24378 306540000
10483 272550000
10474 87740000
23000 98910000
20631 11790000
29286 46300000
10429 45790000
8782 179930000
10419 182490000
10412 40740000
1643 237570000
27770 291760000
10375 81960000
10371 110690000
12288 162780000
10352 109720000
13353 114740000
10319 320930000
30783 113200000
22376 106230000
10304 225550000
10293 180420000
10290 114590000
14275 5940000
4680 281060000
10220 173270000
10215 322860000
4464 262830000
30808 151340000
31546 136300000
12349 28530000
18691 242140000
10122 321490000
10121 164280000
17797 33180000
12061 700000
21137 225830000
20323 264670000
12153 101910000
10036 161600000
10006 141830000
3231 188320000
7292 170460000
24558 235470000
17466 215290000
9907 26650000
1063 99880000
7268 283990000
9820 234720000
9785 169340000
11296 320190000
9771 77310000
9759 116810000
9754 261990000
30348 171750000
9752 96630000
9742 223370000
9740 126560000
26013 81250000
14528 247030000
20022 212920000
9711 74860000
9699 173430000
1966 258710000
5697 132750000
9646 25760000
21958 20040000
24741 165890000
14203 125280000
32 215130000
9618 307600000
9612 145690000
26959 142670000
9601 251560000
9598 315120000
11398 183280000
1377 231800000
9561 26370000
9560 264120000
9551 149820000
9542 26200000
2404 322600000
9513 222310000
17299 303390000
30550 152530000
9484 285680000
9458 138790000
13240 179470000
26602 99030000
9437 49300000
9433 263210000
5368 236130000
26459 271870000
18314 87640000
9390 292160000
9385 53070000
9374 90330000
9371 299040000
1439 156240000
16689 33010000
9334 201810000
26989 297470000
9497 223340000
27145 225870000
1820 163000000
9266 20730000
31075 8770000
9236 282810000
7947 184060000
9210 80410000
9197 91320000
15657 314120000
26725 302150000
9159 261120000
6474 241500000
15414 111120000
9127 316780000
30899 192020000
13213 71880000
9141 111380000
14594 162520000
16011 167850000
9023 148050000
6350 170190000
11127 106920000
25873 109930000
8995 141580000
12229 244950000
9346 4150000
7840 45470000
8935 257200000
26528 214110000
8912 174310000
8893 298390000
16079 114220000
8882 117120000
8864 24420000
8858 154160000
3981 164790000
8827 316250000
88 97650000
8812 245520000
22070 302270000
8809 24210000
8775 226540000
10428 119520000
32260 1890000
8767 317600000
6559 260430000
8734 179390000
8724 176190000
2638 17060000
27716 237870000
8630 327300000
8618 307750000
23539 111660000
8595 169670000
18075 251300000
21789 156850000
8557 149410000
8553 291140000
8545 84740000
8531 208530000
12530 6570000
20469 284590000
8525 56520000
31059 156980000
6786 112830000
26933 197430000
10076 33760000
22862 22350000
8464 264550000
14779 292920000
8458 79270000
8454 193610000
8440 157070000
8437 316670000
23577 120490000
21523 59610000
8403 33500000
8379 282230000
29300 237780000
17149 35960000
23263 103140000
8034 221910000
8301 137620000
5955 267980000
12225 251360000
8288 33140000
8264 178550000
22974 4360000
8254 43700000
8241 145570000
8208 112870000
14999 274850000
13602 279030000
28767 92040000
8156 167180000
7339 120080000
25511 42110000
32206 47230000
8129 103480000
8119 143130000
8107 312810000
25172 840000
8049 244140000
27276 227410000
12438 169970000
8032 222780000
8513 215690000
812 293870000
8016 184910000
8014 286190000
7982 57850000
12339 137940000
7972 320930000
6674 143240000
17740 116340000
870 292390000
24209 205550000
19817 146630000
6023 44070000
6052 316420000
7814 274760000
4945 213670000
24932 171690000
12709 55550000
7786 223430000
22190 234240000
13665 161390000
7734 230770000
2328 181640000
29642 257860000
19603 16430000
1689 156140000
7698 85600000
23996 106940000
12303 120110000
21777 290140000
30538 156380000
7657 194600000
6315 49600000
7639 44780000
7623 71280000
7618 208400000
13351 60000000
2106 10430000
7707 34190000
32520 17340000
26735 153990000
7537 98370000
7525 128230000
23132 246570000
7511 230560000
29774 218470000
7507 199260000
7492 23670000
7475 136650000
19815 313110000
7463 186000000
1053 48120000
28749 267860000
7421 201860000
7336 215060000
3881 62480000
7472 308440000
19855 22520000
25044 313060000
7215 253050000
17368 273450000
9945 82510000
9239 155540000
10430 272560000
27251 204550000
7255 240360000
31105 93080000
7238 139380000
7225 196440000
14491 31280000
7208 140290000
7176 227760000
21870 224100000
7143 244700000
30075 271700000
30645 233840000
7118 176930000
17314 157490000
17887 188570000
28857 179200000
21983 320860000
7064 263150000
5982 76490000
2387 37310000
7046 262350000
7029 45800000
15571 79310000
28885 57190000
7000 91230000
24873 185310000
6996 140590000
26627 306110000
670 209970000
6928 253110000
13206 177320000
6879 101480000
6875 84110000
15711 195410000
21786 275790000
5589 240980000
11291 254140000
6745 70920000
6741 111640000
13320 192600000
21749 264580000
7961 275010000
2934 305920000
15573 19070000
11710 39460000
63 296530000
6647 191930000
17357 106890000
6630 86320000
9722 277020000
6612 192580000
6598 146910000
8928 223640000
8739 312840000
6552 105000000
6513 40710000
6512 312340000
6496 240900000
6481 266620000
6479 257350000
22610 127110000
32030 47070000
19387 303520000
1470 213630000
6439 159200000
6433 325130000
87 234190000
6386 284520000
18177 224840000
23510 28580000
16503 19350000
25100 142560000
6349 32700000
6337 79540000
6336 128380000
5062 284100000
5821 170600000
6254 121080000
6236 122090000
24677 156830000
27985 316970000
6217 278890000
6210 202430000
6179 162580000
6173 124600000
29133 87440000
3709 170310000
30487 166720000
25573 322240000
6120 310580000
15685 210800000
6114 18300000
6080 298560000
6079 103060000
23293 164750000
10608 167220000
32591 99380000
32447 7020000
6017 187770000
6009 95370000
26319 145750000
5977 173940000
26489 145790000
8295 136560000
5953 284990000
18854 208370000
5948 95070000
5936 12100000
5917 178080000
20973 277280000
5902 120580000
5555 269360000
32359 87030000
26074 223280000
4012 29480000
5849 186840000
4809 230750000
28248 164270000
16210 327570000
18785 110790000
8372 147810000
25717 143250000
5775 299300000
5774 281050000
5771 174270000
72 209150000
12909 323750000
5753 110390000
5751 293070000
31928 77430000
5743 37350000
5735 166230000
16662 40010000
12968 123070000
14322 103900000
5684 157460000
5673 257750000
14225 91830000
7670 206650000
5642 315400000
5635 86980000
26709 191350000
2744 100280000
5601 169510000
18325 129350000
15504 191190000
6782 22650000
21468 260860000
5581 257820000
5566 304440000
5562 266280000
27810 98740000
27926 323630000
28349 110830000
28128 114960000
7056 11420000
24680 52210000
7433 230330000
5465 277980000
5455 171610000
5446 253380000
5436 148360000
376 21810000
10462 109150000
29307 85030000
12221 6400000
5398 249540000
303 158760000
30617 32010000
4484 1950000
5346 234660000
23666 151220000
5324 122100000
21838 258540000
6615 305150000
11464 239130000
5274 200450000
5269 27570000
20420 10530000
5221 231790000
5198 270590000
12740 115990000
32313 173700000
5145 8960000
5142 181880000
14301 99190000
5138 35130000
23289 314230000
5130 82210000
5110 300680000
32147 62200000
5074 39340000
31700 255540000
475 254470000
9439 14090000
5057 151750000
26217 168050000
11826 61820000
5003 308740000
4994 228080000
4976 32930000
26962 303330000
17248 130400000
4936 63960000
16212 281620000
3153 153000000
4922 104290000
13832 179700000
4899 116320000
4894 241600000
4887 159430000
28429 9860000
4880 208740000
4874 293330000
4874 75880000
4870 76020000
4855 79270000
4841 317060000
4840 33680000
27120 83470000
3882 154080000
4816 169610000
5846 86950000
4809 163280000
15920 25350000
8029 241240000
4771 18780000
17678 273490000
4749 20360000
4745 322410000
28150 172700000
4721 27420000
4704 1140000
4693 256720000
31911 62240000
27482 260460000
4652 290410000
20932 76610000
4612 46140000
25289 128810000
4595 63870000
16659 165900000
298 112910000
4566 313530000
15976 133000000
5583 279540000
4529 22160000
4514 281120000
32623 197630000
5349 170780000
4476 151740000
11821 243310000
4467 188470000
32759 36560000
4454 96210000
4388 107500000
18150 36000000
22022 101740000
30176 59470000
17687 276140000
4303 276600000
20132 286660000
4293 1070000
32236 12640000
31060 293300000
4247 61850000
17682 170180000
26034 79680000
4207 309900000
4127 217860000
22658 88660000
4106 128730000
4104 79840000
4055 168000000
4045 171100000
4036 4390000
4015 225700000
15954 327050000
3990 60700000
8831 123890000
28984 160830000
8162 59170000
3918 215960000
21140 23010000
3903 185130000
3899 249050000
3895 283100000
3890 237190000
19 59050000
7399 135090000
9008 303130000
3866 108020000
3858 274760000
4574 43270000
22109 266090000
3842 44070000
3837 205490000
3835 98790000
18367 98080000
3800 129410000
18587 319700000
1696 292120000
3739 264260000
9583 67470000
3711 182800000
6150 318350000
27478 323650000
17486 104580000
3681 59370000
3674 242470000
3663 294590000
3649 155870000
3640 254170000
3620 11400000
17358 153190000
3608 125090000
3606 158210000
3604 271620000
3600 50510000
14589 215320000
3563 202470000
1622 177650000
27076 144420000
15630 122570000
661 61430000
3492 320790000
3490 137580000
3489 286920000
2169 174730000
25878 67300000
3460 200450000
3437 147680000
3431 291610000
3428 259650000
25553 301940000
3409 53260000
29497 24180000
3370 124110000
3366 105370000
3560 301650000
7513 224340000
3354 295480000
3348 117330000
18189 185950000
3087 297910000
31877 115680000
3307 65180000
4564 23660000
2065 21140000
3271 60020000
3268 298590000
3268 210280000
3249 272090000
25954 224840000
27013 33620000
3216 210910000
3211 276170000
31991 76390000
3164 143080000
12249 167070000
3146 120940000
3145 134150000
3132 94350000
23094 205540000
3109 253580000
6441 263890000
3100 245910000
3313 182050000
3079 246890000
25801 191480000
16075 41080000
3057 32450000
3055 78650000
3033 326180000
31055 192360000
3026 41440000
3021 131950000
18325 234110000
2974 16490000
301 37870000
2962 77240000
2957 264040000
6670 182520000
23534 50130000
2904 255950000
2897 283530000
2890 306540000
24555 189060000
24324 140610000
20185 267920000
2822 228790000
2803 35740000
2777 156860000
25437 71920000
2736 10000
2717 66910000
23609 50920000
22212 139690000
2665 23750000
8669 296100000
2633 122730000
2632 186610000
2615 163180000
2615 74780000
7050 251770000
28931 155930000
2593 107930000
2548 187030000
2538 34010000
20720 36660000
2528 313360000
31719 230860000
2515 203320000
2505 50840000
13849 168690000
19765 105290000
2494 92340000
22531 45920000
2484 326110000
2473 101400000
2463 314360000
12581 203150000
26578 173160000
22290 54170000
2432 120870000
2419 125830000
26600 112440000
12174 84730000
4377 46360000
269 53390000
2339 133000000
2333 135650000
25688 29760000
990 179900000
2322 301780000
2311 177070000
2308 158440000
2293 276050000
2211 222280000
20418 151180000
32330 203080000
2265 89970000
2248 57650000
16835 17110000
23019 146520000
14537 186390000
2207 265470000
29631 86690000
19867 30540000
4256 206920000
2164 161650000
24987 177620000
13324 126750000
2135 196470000
2129 127570000
2121 117370000
2119 161650000
25099 115310000
2502 184550000
18239 322880000
2098 299520000
851 34030000
16083 207580000
2078 260620000
2073 153620000
17245 268940000
30362 25030000
2039 2110000
7418 157860000
2020 184040000
19077 42420000
2965 42460000
1997 284980000
30138 139810000
25373 56570000
1966 133260000
1966 27010000
6701 253970000
1948 106430000
1908 194390000
17242 240200000
1884 250310000
1882 48480000
1871 116750000
26126 49930000
1835 224080000
1826 174780000
9289 122250000
9415 113340000
1779 154380000
1773 139600000
1772 231230000
1766 244960000
29137 26910000
31962 215580000
19734 312630000
7700 192660000
1687 52360000
21123 245210000
31944 84620000
28072 251230000
1642 306580000
1637 306570000
16269 78420000
29326 94880000
10878 87530000
26202 81690000
3362 80170000
32414 116530000
30134 18210000
31374 207850000
1590 141470000
1582 303290000
1570 65910000
1542 100300000
1532 102640000
1527 49620000
1526 111330000
1525 68930000
1521 137660000
1516 93820000
1511 56600000
1508 272180000
24782 108500000
1489 43630000
20766 244720000
22332 204900000
1452 234420000
6770 115270000
1443 162970000
1445 208140000
24264 242970000
10585 269310000
14542 69960000
30852 202330000
1354 11900000
1350 78010000
429 16720000
31947 267630000
17271 204320000
1228 139940000
15141 18710000
1221 96090000
21770 255370000
29824 36230000
31645 144740000
1175 171850000
7788 111140000
1155 91240000
32251 7210000
1105 321320000
1104 223870000
1081 306830000
1078 91820000
9885 55770000
7440 274900000
24093 84470000
21088 114580000
1005 36460000
863 143440000
989 115630000
986 15070000
18100 123140000
16711 220400000
29059 275070000
934 274450000
19745 283820000
931 163190000
921 204130000
894 128370000
883 301490000
12065 221600000
12742 201690000
26133 148090000
2093 65450000
848 70060000
843 317410000
836 77120000
815 241160000
9414 213900000
12905 323240000
804 83940000
794 178240000
26045 204550000
5239 259790000
17420 155070000
733 201640000
723 244820000
31693 39060000
19267 221900000
694 192950000
683 238500000
682 244260000
678 203680000
31970 153060000
7300 126820000
23716 196100000
662 57830000
19612 63430000
657 273350000
657 183390000
642 234290000
633 232620000
32203 251010000
606 28270000
9658 322890000
20898 162520000
558 286220000
4931 95320000
556 310750000
552 228950000
24326 34680000
526 276730000
17575 159780000
513 51070000
23018 39220000
24064 267420000
20955 121030000
471 99340000
468 116800000
466 136980000
23856 307090000
453 301200000
18698 185670000
7811 19030000
18393 144540000
402 73080000
400 77280000
397 9500000
384 5940000
5434 218320000
368 175070000
357 49220000
355 33930000
16726 720000
325 318080000
315 273730000
4243 267240000
13501 305050000
299 312000000
27966 174270000
18304 164470000
288 123260000
22144 19320000
264 71170000
14937 177880000
251 40820000
2665 44740000
230 90960000
18518 63140000
225 35620000
201 175450000
18135 268990000
22770 305930000
11716 181900000
11437 296090000
25654 251840000
164 287930000
158 291280000
4773 196350000
10551 117340000
24547 264920000
99 258310000
96 252250000
94 44850000
5825 159800000
6425 220770000
25771 197150000
6648 312950000
26856 177190000
17488 38790000
25541 320050000
32 113490000
26 39300000
29629 147650000
20 326350000
7562 159100000
4821 123930000
26152 280180000
9 219170000
