144 196
5146 12186
30648 23966
24726 29286
6048 4040
2201 30655
21611 14808
21261 11442
27005 7388
31902 9055
20477 27043
22475 3489
32650 12412
13117 19185
10025 32321
31320 3463
29314 19092
17425 23235
12109 7017
17407 27340
26375 453
20916 11127
16617 21444
31309 27242
16410 18401
20552 27265
12836 21874
28054 26736
24997 32370
23537 21162
24903 26243
22384 14466
753 23347
8025 13456
20287 12671
18742 22103
4400 7318
18987 20260
18975 25055
10886 26169
8693 3644
6040 30763
10140 4241
18372 1417
30135 23936
25813 5310
3984 119
28820 27449
2641 15853
22427 25035
22136 10984
9828 22608
15749 24003
5285 3217
26613 7214
23264 22633
32628 10870
1589 6951
16719 8199
15996 21044
5416 25903
12944 9462
31725 15908
7917 26611
27403 1865
8830 23354
26590 1709
21936 10239
30572 30420
22475 24965
13908 11963
18050 3393
11521 2838
21449 30268
13347 31964
28134 20409
32096 24837
11723 27416
5190 1427
32675 1274
27525 32719
14763 28070
19035 14293
5443 4267
11855 19794
15941 8135
29986 14733
27797 25864
25347 21156
15353 49
22786 5144
13867 4959
20423 20620
17197 8940
27268 12490
29661 11412
13864 9223
23241 14806
26838 9576
26436 29085
13717 31429
30394 27936
2121 20652
4160 21511
15842 22441
32367 975
11475 18116
15219 18031
4549 26444
25439 23612
13453 3539
8387 23818
22876 9338
18305 13460
21046 10863
4572 15902
17574 19635
13266 17240
30639 31777
14508 25222
15877 9388
24275 8158
20606 27112
26085 9777
11459 3276
776 31438
19531 24246
28543 10404
18314 26031
17787 9894
14693 5616
7987 32116
30442 17574
11318 28727
28478 14323
12544 11468
18390 30773
9420 18214
2282 18058
25002 1005
28199 23700
6865 13931
12197 22905
3382 13737
22296 46
