1584 14288
15493 29466
17027 16114
19515 23341
10563 21080
19484 13184
21650 24705
3529 30373
15924 1096
21418 12925
772 19105
16337 15514
11556 15420
4146 30527
5323 4109
28256 17046
20805 29700
3627 13234
11952 12040
21745 6285
25179 27445
29408 5296
14912 12216
24801 1302
6644 10866
9452 109
1760 27324
6013 22515
32488 16619
25830 26120
25094 30171
23106 13051
24849 9097
21778 21984
8500 11249
23270 28368
2947 4076
18087 19556
19786 16858
5151 3010
23175 9306
866 9095
24229 25923
16695 21213
16550 30426
3112 23060
20879 25878
7581 30710
12581 31477
12450 32011
24100 25081
8451 1439
19746 19498
22893 31386
12661 4214
135 26669
18165 11620
5815 32541
3522 19044
30988 22532
19749 27032
20106 32227
6154 12238
24936 23591
19364 1983
30658 18444
19988 30023
9623 31605
32016 29672
2099 2684
24 30940
19071 23393
9166 1663
30796 19842
7916 11545
7450 3717
4375 2458
11274 32604
11980 6441
4433 29079
11873 10955
28148 27392
20376 5273
18903 10149
26757 27038
17146 30279
5274 7116
12195 18609
13198 21037
27646 14758
12487 21395
9515 20368
1393 4650
16585 10032
3650 9471
30170 18266
23621 25447
19620 5933
838 27705
23025 1505
31395 17692
30102 2708
11412 31883
18057 20809
31505 19587
26651 4749
11672 31453
31458 4781
912 16582
3855 13074
3880 19693
26849 31406
26184 5440
2744 13728
2673 19053
23221 16641
13755 10074
7776 11574
30285 2753
28423 11767
12233 21236
23381 1525
18834 2020
24230 1682
31746 21589
11600 15198
19427 2720
4698 7257
27248 2646
18971 4437
13171 3346
9716 2066
16137 28680
16620 18472
9584 9791
9782 13643
16698 24839
26252 54
29183 32628
21043 13160
10148 19078
28582 18480
15055 31085
11708 8637
6624 25817
22841 32455
9534 18777
6103 12368
744 27631
16767 12605
2745 19268
21463 25385
15187 20785
21614 180
10834 12877
5880 26986
6151 15049
23162 29197
14762 28175
9038 8632
1361 5304
21630 1553
26265 25455
9081 8377
4798 12111
21818 8643
27086 22019
8046 2106
22398 4548
13085 2743
5210 17525
9049 688
27818 11888
28843 28725
22862 23818
4278 3414
3538 22721
7277 530
31467 26546
12050 379
22098 20478
4358 6575
13290 19217
2974 11224
21748 28732
6397 16484
22167 15825
3292 7881
9816 26309
21169 12112
14802 22387
18878 29531
24390 23602
6709 27589
22789 8677
6591 4812
21753 5396
2106 32749
6066 29119
20441 32328
4862 387
2282 9248
22708 27177
26482 14952
14406 31563
26397 9899
17041 13806
9506 26335
29380 18132
12421 25403
1216 8772
5493 10351
904 31440
14024 22014
16313 18537
27766 2764
12043 927
13294 7383
32520 14084
20223 28932
5890 12662
20460 18355
22807 6371
3807 6275
25847 18807
15671 13255
20037 16611
32455 598
22899 14892
24026 20401
32345 6844
15586 3022
6783 17071
1040 28992
6922 22291
2711 21999
5100 23253
27900 22837
17389 4686
27486 20537
22607 9869
9594 31929
27247 7813
8144 23625
18144 24197
26284 23032
11913 14169
10245 22932
1255 19689
32330 28616
7280 19260
27648 7903
13011 5140
3394 7252
24656 14900
22539 1280
6723 21348
14038 2913
13396 582
13026 8779
16823 18832
23133 19655
12299 4861
8903 2783
7760 29929
3169 20826
25355 7882
24947 2350
2356 19186
9772 18646
2078 31702
28206 27370
31185 21916
30369 8795
19643 11943
10532 17147
14817 31402
31381 4500
18797 28385
21126 27661
8383 25291
9805 24532
31712 32296
11489 22852
495 28521
940 30316
19310 15919
28761 27712
4907 31051
5044 19626
30220 9102
18615 15054
6244 22076
25217 7295
11427 24028
15947 12381
3815 14054
4861 32081
10516 5924
12191 21038
32727 23477
7365 24045
483 16883
9140 4342
17254 3509
29120 25181
16964 19459
8647 29839
28127 15245
30476 21642
11904 1941
21322 4514
21345 301
28100 11230
12476 18961
28931 26088
25880 19194
17546 26663
8174 2796
5214 21929
6219 5360
31543 27281
16844 24368
10429 19880
18842 19505
8288 23467
28042 29229
32511 30649
6773 11577
31238 22610
9164 32406
3917 19131
7262 3471
16189 13671
15875 21429
30236 20552
293 28650
1755 13204
27926 91
2023 26285
13938 16556
8038 21805
2017 13302
10222 31961
16758 17782
14026 9117
25858 30458
2352 19557
2938 1621
3283 9654
79 12145
220 25415
6062 4350
20320 10675
19556 13483
918 3417
20893 9417
12606 30952
25940 30150
15449 31432
21973 17047
613 4177
32445 2355
23219 23702
10799 28999
24212 8111
3253 31909
11215 6431
23609 25217
31247 27304
30863 28516
10830 27685
13352 3116
29235 18478
28703 5276
28235 19176
17844 4136
17107 2217
4223 21053
9727 29467
16007 20587
5047 25218
4772 16074
14342 21701
7646 24619
23594 29351
17357 205
20183 28874
18178 2278
13489 23966
20424 22448
16806 22557
29691 29613
28307 27712
14886 15989
13978 29347
20014 5909
13884 11650
16757 25779
26856 16991
14316 23884
24728 22495
20199 7863
13422 459
25819 29545
22492 13694
4718 17332
8870 23834
28404 7865
13401 16863
10678 25192
28423 9667
19541 31828
7378 3369
23315 19750
26875 7099
29406 8222
14943 13043
16395 27798
14763 27007
13814 25027
18219 29391
9340 9377
24372 3932
11328 15556
32099 13299
7898 20717
27154 13130
4646 4026
444 4941
9503 12381
20457 18664
5151 8121
21851 21034
28622 7786
10766 4695
3299 13840
1141 6537
26656 26403
12683 4336
5580 10825
27656 15758
19794 18256
9836 12014
29650 28769
15285 23617
27730 21737
18097 13280
8058 19774
6080 1757
25052 25041
21505 29419
21355 25919
6006 17681
6452 32715
7788 30053
21698 1568
3528 16999
22576 27636
4205 26482
370 9643
25954 26583
7304 5481
14194 2473
11060 20448
21950 28458
31958 26103
713 11220
3642 32326
31183 12136
16964 22443
3958 1613
11595 30966
7823 7654
3278 7835
1185 29152
5419 10536
23032 27385
20199 3657
23823 32221
13516 14061
22959 15814
17465 18439
2275 8239
20755 7249
20354 21651
7906 23670
24951 14520
29403 15317
4059 15271
29471 14881
31383 8532
5186 14501
15977 17280
26243 8570
22404 14200
8460 13246
26593 12150
2334 13927
5997 27200
12963 16852
7109 8162
23315 11936
472 9691
28785 31003
27512 2669
21774 585
26039 27095
15270 30840
11001 17212
15708 32646
5341 23263
2532 18253
19307 21362
12762 18590
5822 28686
26260 14811
9352 8629
21089 32150
31524 16966
5175 1692
22381 26396
6489 30505
28867 22760
26992 26336
12436 7178
17294 2786
10596 14942
4615 6278
2916 14189
228 32313
32658 18355
21007 18777
10267 3328
29637 11745
4350 7630
8616 30133
8978 26898
1465 15836
21488 6666
14975 6992
31184 22124
20547 3990
10445 30814
29776 15479
31589 26836
1451 27458
17845 3341
24091 23758
7713 30582
1236 28910
16428 3392
2001 27069
4693 24477
889 27148
19554 29556
8215 25943
18734 246
30477 17724
15695 23652
17444 27134
19900 6295
9152 6206
28490 28082
7261 28715
292 25323
1439 22467
23376 11302
23307 21029
30051 916
6071 195
32242 7542
8855 3166
17455 9449
14041 28265
29620 3544
24457 23309
25644 15295
11381 24659
12153 9273
28241 22580
5404 25049
13281 22879
14602 15137
18108 15932
21682 1775
7828 29779
4279 18195
12631 17716
5308 7845
24650 19403
7819 27495
30098 16742
28825 27155
22603 28823
11778 7011
25368 28128
8690 21187
3436 17282
16839 27146
32098 2663
19798 23822
4533 20414
27400 29215
9822 4011
10742 30763
582 20297
27925 23379
22510 4515
8378 24203
13166 11320
32277 25599
15678 7638
383 665
13618 29494
18442 1161
22654 31513
5025 28791
23 13567
19450 20753
21029 22854
11893 6941
413 27224
23225 2142
4797 25097
11738 5181
3315 17650
13918 28732
20336 16197
3436 12165
2939 4442
10525 27522
21217 2129
20802 872
3822 24998
22882 7347
19667 13682
26390 4728
8460 20369
9582 1913
881 1110
26929 29018
16536 22864
19193 14051
14801 19497
14818 23286
8050 12261
16811 31049
8830 20002
20865 14175
5559 11862
25456 875
4098 21274
24044 22697
14030 14595
13502 30840
17312 16370
6856 9010
21136 27715
11388 23392
19128 32756
27396 3000
4602 30909
6107 28585
17964 5603
6862 5507
12280 6379
12680 20911
17366 3654
21090 10949
27044 27370
28814 16366
4074 20535
14568 23146
22065 13501
29025 29302
32542 26782
1973 5240
7083 21537
3477 8513
28168 23120
3802 26654
29275 18652
7427 14502
25490 18032
18956 23040
28254 21807
15222 15796
7537 22396
12040 4721
14145 30444
10614 2720
14351 21437
15616 29988
19244 27763
1699 23952
20560 3687
8313 12995
22983 10586
7246 7180
29269 565
3607 23134
2830 1790
13900 5720
2337 17506
22570 6880
12146 16568
23099 19535
18587 23894
411 22759
29459 23173
4948 21897
20283 11257
31398 26386
9230 26192
362 16116
21098 9877
4186 724
3766 16652
10116 20746
22829 733
19681 24590
31474 13794
30271 3849
12611 10567
23183 16950
26386 10859
7226 101
16781 27937
9707 22716
22938 3025
2910 3870
19499 27463
27440 26744
15289 21400
5188 725
25435 4975
28783 13047
24197 26759
31509 24626
26105 15511
14910 20474
19626 17426
23775 13024
5390 19999
2488 28814
20644 20925
9128 12116
9474 12538
19781 27612
700 26890
13532 18484
26601 20044
17524 15111
13164 26821
8467 4904
26115 3219
14440 26546
14962 26660
13759 3193
19297 9793
22321 8311
9517 3468
8372 25314
11798 26931
27138 17638
16093 2890
25300 15564
31926 7490
12501 14532
21939 30312
2704 1249
32625 2477
22144 1081
18253 30106
22682 13569
15498 14559
3755 14557
5369 7817
15138 4695
23156 13306
1990 11529
772 20045
28823 13558
20583 3465
24178 9946
31823 2568
16037 4708
13290 6344
16542 20414
26573 7391
11516 18597
26607 1506
14866 934
25510 29085
15888 23732
21668 23825
15219 31216
25081 10480
25051 23692
3809 22111
10851 18569
15068 10648
8799 21677
5676 2295
28453 26912
26095 27474
28375 28190
10852 29982
20794 17884
31349 1306
3144 10289
27582 3962
18634 1552
28979 22242
2656 9941
13479 15109
24998 23574
29022 24021
27819 22928
12029 5010
8683 26401
9771 19596
14631 20987
17540 9598
32551 16657
18681 19773
24154 27720
19109 14049
5531 7471
19599 10807
17223 29500
25279 25530
30582 16167
15117 2223
22389 21630
28639 32074
11400 10231
11261 6190
24962 9468
31148 30558
7495 7917
6853 10048
16894 26905
3692 14702
20089 24340
1245 16850
6537 4333
28225 15238
8421 2804
15374 21302
27397 25729
32614 20975
19030 25557
25208 2176
14650 6212
28764 23701
7597 9335
24754 28198
31874 5750
10680 28843
8487 20836
1868 17238
14246 12701
11175 32369
31384 18048
18038 707
4590 17053
23508 26839
6406 12800
3143 15908
19273 17462
27455 11474
27814 10693
19227 12967
17548 6251
27656 6153
22980 8756
20234 19638
23390 6306
30991 23081
4809 5882
8240 17167
12218 8945
12487 9473
28865 25853
1884 6399
14952 19429
31682 20904
6549 3507
28647 16712
13027 8598
7475 23627
18974 32596
2576 20321
12392 27864
10097 32554
32349 12089
28896 31984
9833 13240
2433 166
16387 20884
29573 27614
28841 15796
23757 981
24095 20829
11491 28063
28097 10442
10590 31011
28473 28591
25087 651
25616 13248
11047 23921
17287 16152
28394 5709
2337 20190
8409 18481
9203 14902
10654 19355
31398 24793
28841 4475
13718 29420
10324 1671
24341 3621
31573 18506
24721 12089
24227 24935
3182 7862
27044 4448
14052 28787
11565 32714
17439 3248
14859 28707
21059 16514
7203 10568
10763 6946
22577 23856
10206 24320
27283 18223
26895 32014
28513 21397
1850 16888
9550 16819
28617 6593
4715 9792
22892 18981
1553 3609
28526 32422
27793 11161
32272 25181
17037 4211
16372 30449
9211 17346
21947 6133
29061 30512
28784 18256
3125 13255
32407 14134
18831 32344
17377 21372
10945 6829
11872 19791
24523 31840
22888 6252
7008 4638
27492 13276
28799 16903
10632 13400
18051 25317
14687 26903
21597 18907
25847 29145
32197 2883
10924 18669
2573 27270
13580 30273
25108 13590
22310 8278
10183 3200
13226 1006
19591 31123
13355 28550
30999 23942
24039 18662
23484 1632
9611 1743
21616 9707
23443 26707
8912 14872
16057 10783
32296 22293
11512 9808
23951 11855
21402 11109
2970 7543
7778 4314
30984 9480
5779 18578
21709 3673
2063 26154
23721 4178
32176 21530
27635 23055
15108 3856
324 28267
7998 6682
23204 22566
18341 21058
19170 17922
20713 26513
30089 3562
16236 11694
26637 25712
30014 21785
17834 1118
29517 4898
15946 13310
11274 25721
4661 22467
14353 15467
18170 1925
21942 28422
27631 3999
2348 24010
24621 21551
12021 32163
32477 31932
263 29417
7123 20854
3097 25409
24976 13112
1058 15451
23432 25197
10471 23429
21639 21921
28535 12125
28099 16301
25437 17780
23143 27466
16257 15526
20703 28755
20450 28191
546 26948
2504 7511
2777 18234
28200 9412
15367 24100
9915 14972
32025 10073
7034 16591
10316 24718
20058 12413
19589 30264
23854 20703
22162 14908
14584 24129
19204 30629
16847 16171
26641 3923
30076 2683
10016 26500
4572 16650
19862 12089
16179 10337
14168 1245
30487 26530
28073 29171
19417 26446
9164 15659
28661 24801
19272 10319
16609 29591
118 29547
8473 12971
8830 29779
1417 14859
12367 21933
4940 14892
16108 18439
12874 7126
5095 24337
25645 772
26409 3911
16335 12721
17666 2420
12611 26985
11677 17009
21168 31736
15958 24647
10902 5714
16062 2537
31216 7087
8548 21950
19629 30326
26030 15962
26423 6196
32373 7479
8440 31018
25913 20002
32743 26278
4956 32702
3437 12327
21701 9209
30624 7333
6078 1945
21442 17351
19447 13729
14275 12658
13590 18346
21391 1936
15838 14394
30009 14321
15488 1761
21820 173
5467 23881
7226 7223
28637 24129
4310 4873
28749 32477
3419 26923
28962 14097
31320 30919
17772 18658
31321 20835
28897 12798
5860 17799
4899 27609
7630 4109
24556 23370
11185 5559
7741 2034
30742 26274
31626 1607
16322 5294
5991 3547
7364 19655
3362 5763
8103 140
30324 3803
15733 2198
23601 4116
28549 199
8239 17184
27835 13156
25907 6482
28105 7754
1846 11722
15788 15469
26414 31242
12243 9642
22460 19921
5929 7975
21901 10030
11457 4289
26430 32180
16208 7462
13547 23421
21147 30103
5825 18368
10520 27659
20457 22051
18192 5749
1824 10863
26684 10218
19086 6166
8353 21850
13482 17516
17594 26698
26617 32058
23111 6834
13475 12271
21767 25327
26455 23723
1604 5115
16219 24224
1129 10917
2431 659
32185 8296
1747 8675
30167 15386
10849 20316
7327 9503
31322 13897
28315 28927
28401 24457
18047 5993
30023 18632
13786 2176
6594 8864
9742 8706
10292 14918
17180 7171
2196 23609
7867 9918
23061 2028
2423 5417
1568 22963
16952 13621
25790 17561
26134 29389
6690 16463
2986 25283
27662 15097
7159 20365
14886 4632
8784 26304
30253 21429
15152 9455
30669 9378
13800 32168
13286 7510
7925 26735
15827 2393
13061 4691
25790 16422
23732 28736
19292 7793
11802 20217
10686 29673
31620 22311
1073 30691
656 17748
31489 29820
11531 9070
25984 21921
28648 26049
31831 16766
13479 923
2894 11909
28484 7606
21646 22682
29781 15729
21009 1244
28850 20413
17883 12882
17910 19409
7718 22118
28247 3319
8675 14182
32095 13095
19019 17199
3739 18768
24022 12838
29712 20819
22850 7090
20396 14332
15770 984
23152 24000
29911 18291
4616 17488
7018 32275
17492 32314
23832 19614
11349 16895
28883 16803
11847 18538
3606 7292
16874 28490
21132 18457
19559 19942
26040 15024
8354 28717
18197 19283
11056 6264
4682 7124
14874 11053
25095 15476
4803 31355
18456 19676
528 20881
22783 18142
30015 30848
28421 3314
26811 7426
6369 13962
13136 20151
12768 22322
6166 7052
31143 21595
8319 2537
10814 32645
20047 26494
27903 1161
7095 29887
3602 26389
13084 10509
9928 15826
11127 28866
20759 20847
2338 25394
32175 22660
15638 20195
4691 18668
23309 11900
3159 17485
21002 3074
15828 10120
25079 29286
31089 24145
30145 21
927 3943
19773 9395
6841 3987
6841 28444
17584 27174
31715 29444
32413 30918
22532 27055
23968 22243
8048 24296
24478 28692
31565 469
32518 22955
25377 4846
30150 26464
21412 21193
9202 25617
32283 23370
27335 2649
25652 13231
19950 9569
57 15839
1666 306
19542 8412
30465 31275
6890 30076
8192 22991
18140 21776
768 9268
14992 29795
10523 19107
30449 23920
11685 22898
2122 11993
21045 12696
9384 15280
20053 20807
8022 7068
25676 28696
29403 29185
6910 26042
13555 10486
31658 4611
24943 27520
27932 1025
7918 27144
18811 18761
7800 12743
26865 30840
30498 30181
9791 31238
6426 20909
17432 2730
946 27920
12515 4638
22960 15590
2980 1548
16172 2985
1644 5076
12901 27129
15419 32368
8128 12557
13641 27308
22668 21823
1659 29488
21996 11507
16917 6270
27001 11126
12204 28298
29398 13016
24258 35
16695 28586
28435 14799
22872 25201
5758 4193
28938 16898
6837 17563
30920 24947
15239 6735
7698 20005
10509 3320
9958 5086
3371 423
31865 31302
22270 12913
32547 27410
24758 28523
26765 19288
13145 3509
8623 2294
24434 6917
15831 12227
9524 26373
4987 15030
9962 9704
3826 15139
14991 28943
13167 31481
3701 1675
12961 27049
4053 1241
27620 30669
27711 4600
22231 14625
5410 32254
26121 24462
9565 12150
17773 4772
24104 11341
12060 12163
28655 8973
10834 18177
17945 24387
905 18285
15198 32722
22409 25191
1895 30210
6557 22039
10564 26033
29133 7935
28714 26472
18714 12565
29097 20472
27196 16126
10855 22904
24069 26754
1032 12687
15306 1929
1346 18286
2782 74
13515 20752
23763 16651
1823 30976
18907 7419
2216 28623
11388 5349
14474 22425
7927 22798
854 29204
5313 441
10688 19702
10840 32152
11777 1005
29228 19737
25897 12202
15051 6592
27511 14987
22888 8312
6938 7666
25623 29803
6435 27074
19702 24962
7127 17442
10882 290
29669 3862
12972 5923
24194 4290
6329 24578
13639 17226
19225 12024
4703 31490
13994 4663
20828 27745
26665 24367
29387 18453
16946 23273
27678 29475
10235 9755
10342 11332
24251 11713
22175 25036
18865 148
20008 3147
23923 11825
2322 20919
31207 18021
9581 12973
11314 1103
16566 18798
26080 14850
28513 14222
16784 8124
9831 2475
32578 28957
23995 6951
11008 10259
12642 16541
5532 22071
12907 13749
24060 15192
17957 9763
3748 31366
23137 19285
15944 27968
147 22203
16833 4554
16928 25294
26663 4957
17050 28042
30328 29177
26090 15355
4023 8404
17373 17224
28311 12666
20195 30301
25211 12799
17564 201
3825 22070
16575 10481
20461 30004
13991 5338
10018 31598
29269 4956
3685 19127
15171 29894
28340 10622
24486 7213
19796 12813
15330 7324
26368 22863
6069 29538
9077 29850
27323 1391
7666 16190
10537 10942
23026 29525
657 4108
19770 26758
21856 23682
32153 28517
23994 20245
1125 12859
26439 16058
23136 13526
8538 9907
2640 13674
16535 32259
9841 20460
21886 19865
9287 13522
13171 13344
15990 8091
9263 3391
30249 17612
16543 16349
6808 7658
21702 14556
2579 20402
23250 6025
1520 23181
32342 18708
7299 16904
6282 2989
19958 11693
20767 1839
4731 19305
21235 12153
453 15537
26035 18848
21960 28335
2118 566
22870 26173
925 31728
24622 21696
24359 18592
19624 11374
25796 27053
29469 24473
27893 14019
17462 16987
16268 21114
19966 255
7806 27860
27843 23112
1028 3322
14558 1919
5561 13378
31900 95
12701 22678
8031 15495
432 25764
24102 17918
8350 17215
21416 2505
28344 12641
