585 35
4823 1000000000
8 12
23 26
44 2
28 48
45 23
4 9
20 37
10 36
13 24
26 4
7 14
29 2
21 15
29 13
45 46
46 48
31 5
45 46
39 10
16 29
21 16
2 39
41 17
37 41
18 9
19 7
29 32
26 33
18 29
45 19
39 40
41 40
25 45
12 20
4 0
18 3
48 5
5 15
17 25
31 18
15 47
2 38
8 17
20 44
43 3
19 8
26 48
35 23
28 26
43 16
4 13
27 16
14 22
4 39
6 35
4 42
11 26
14 7
29 23
20 49
43 29
45 3
26 32
1 30
19 8
13 19
41 7
43 7
45 5
32 8
7 46
41 27
32 46
4 15
38 43
4 16
1 5
44 22
10 8
7 28
48 38
8 16
13 44
42 9
47 26
28 43
12 6
21 37
49 34
5 13
2 8
41 25
12 13
8 31
46 41
4 41
45 0
31 29
18 35
5 34
24 26
5 15
20 16
42 11
36 31
14 40
20 34
43 20
26 22
4 1
20 21
41 25
6 47
48 6
36 2
7 41
33 5
33 5
49 19
46 18
43 19
16 2
2 5
11 6
2 37
23 21
14 38
35 11
43 37
17 8
47 45
42 47
40 43
7 35
32 22
32 21
26 14
35 13
30 45
37 0
1 4
13 3
28 35
33 42
16 44
13 38
45 39
48 48
16 43
28 11
35 19
22 27
3 19
20 18
29 27
4 9
35 31
29 39
45 26
0 9
19 33
25 13
42 44
20 36
11 8
39 12
37 42
29 22
22 6
11 4
10 48
17 41
11 36
17 2
44 43
45 43
26 20
45 9
47 42
44 14
10 32
7 17
20 11
23 20
37 3
8 40
33 40
25 29
21 2
46 40
21 25
35 22
27 23
7 32
34 46
43 29
11 43
37 11
31 46
0 14
11 4
46 0
5 35
31 17
5 35
46 43
23 10
9 20
33 47
22 2
44 43
19 40
10 7
44 10
28 39
44 23
24 8
6 43
34 23
15 14
1 43
32 35
8 8
47 22
10 19
36 10
18 41
46 36
24 6
17 10
23 18
11 13
8 0
4 19
6 11
44 1
0 3
47 49
38 14
2 21
34 36
6 45
26 48
3 13
29 12
2 31
42 27
22 43
39 2
34 41
29 9
46 10
34 46
40 28
21 43
21 43
21 7
13 30
24 44
31 49
38 33
48 39
43 38
30 34
49 6
49 14
21 31
20 48
26 40
34 28
47 49
5 7
43 39
44 8
15 8
8 15
11 11
3 30
48 2
18 4
10 6
5 42
36 12
42 15
43 5
27 36
25 36
13 8
16 19
42 3
16 12
34 12
25 12
49 27
33 42
24 46
36 33
33 38
11 4
43 12
19 48
38 9
25 30
12 38
26 18
28 3
47 24
6 16
2 18
43 49
35 19
9 15
14 22
5 42
26 12
26 12
4 45
13 25
2 24
27 35
4 33
43 20
7 5
8 18
20 16
20 39
24 29
42 45
37 28
3 25
32 15
24 35
28 10
39 49
43 36
38 12
30 44
21 46
28 15
47 35
16 29
0 39
20 22
18 49
27 22
45 18
12 42
38 12
23 27
24 45
0 30
34 13
4 19
3 18
10 35
38 27
11 17
46 36
25 15
36 15
5 33
9 29
46 9
14 4
2 45
1 22
43 27
12 40
2 10
36 19
31 17
4 5
45 42
12 8
23 0
4 14
9 42
46 47
14 16
35 47
26 7
45 31
2 37
5 27
6 6
41 5
37 45
8 16
3 3
43 32
30 19
21 39
25 28
49 3
11 37
10 41
7 3
38 22
47 1
44 1
24 36
49 35
42 46
39 44
37 36
41 9
30 31
25 34
37 32
18 41
32 14
38 47
38 47
33 18
40 34
28 32
16 12
11 6
20 46
22 43
14 29
15 39
35 37
47 0
32 24
42 32
3 43
44 21
11 19
28 5
47 37
32 5
8 34
38 28
18 24
13 4
2 26
30 31
44 5
23 35
6 48
1 11
33 2
39 27
34 22
26 4
13 44
39 31
24 36
15 24
22 48
1 4
0 18
11 21
35 21
48 48
42 31
17 36
46 30
46 29
13 28
5 34
16 14
41 33
5 7
1 12
11 36
19 4
39 22
39 26
35 47
7 24
7 41
19 49
34 10
42 34
20 43
14 39
2 36
13 27
37 9
26 19
6 27
26 41
49 6
2 41
39 23
25 13
27 12
42 33
35 22
48 24
11 28
30 32
45 10
45 29
25 16
31 36
29 49
3 45
7 8
27 2
21 32
3 26
33 33
46 17
37 38
40 14
23 16
18 26
5 14
17 9
8 29
45 13
34 12
3 28
45 18
19 44
9 23
29 32
36 12
48 44
28 41
17 27
24 23
35 25
6 37
28 21
21 31
39 31
8 33
23 45
4 13
3 44
24 2
18 47
47 8
6 45
42 31
4 34
33 3
27 32
4 49
39 29
29 46
26 13
20 46
15 45
10 6
32 10
5 7
25 34
39 7
20 36
49 12
48 27
17 29
33 6
24 9
34 23
2 46
22 45
38 39
8 6
41 15
11 9
44 15
45 46
40 39
25 23
34 5
40 20
24 29
29 5
34 29
20 23
5 27
22 25
27 21
16 17
33 10
41 3
8 38
31 19
