10000
469735370
428135583
647419375
110904030
987025392
967835702
329130196
153955234
643494182
106828597
37893341
859137808
690891424
754085515
592816550
154018260
292607247
316217419
306729302
619824552
335313659
420833363
385339364
65195854
243065510
738016407
909957118
767294784
192008205
976688791
366113426
73652228
924876933
918068283
532819743
715329696
318617318
706611748
674231033
40828974
230906214
327074366
625020638
734966106
588960142
197770179
462455959
44569921
563530142
230175381
840471841
227045907
875677983
238668647
398165958
815873422
820335280
76036874
641406671
740662224
336457136
414920719
831951840
97455454
592466440
437468493
69749939
934693300
734294029
820805691
848593008
379781900
950158437
617126151
363761897
46680924
153571091
541429279
795502044
906956432
908527515
496917723
217623697
593689488
216236783
926447616
25295126
591124191
857430886
827030639
568002656
114713855
133991576
137320268
993949892
664225337
991795163
723048127
389973283
87806180
329918255
56323743
572514195
810759667
680138900
773901816
930034720
251596044
643117516
135594968
450466808
294385291
290076519
559145789
257947870
876673676
440792142
388927967
731985353
661770823
376595599
717281879
390466442
557938326
944534472
400721706
423723377
80400313
722567143
850364490
21004470
471603112
677336553
587397784
928283020
747020617
612715437
250601142
283662496
433946395
368394284
331473384
855864218
337474863
980102926
217982571
216756993
610075311
859538871
825022935
864755172
145438930
872298692
623005957
400039032
192776271
417340289
346225024
892763413
639254883
164000720
9214645
739949386
344562982
441305211
260173570
821846893
594494461
842054159
372461519
877821691
288962557
802273211
716011532
625972874
505003740
50785909
301656965
141246765
10928765
952323149
384519847
969965111
347169643
338221767
545258739
695805485
265937550
266728197
224197000
523663437
563246649
237029226
859527214
744250595
720096555
79108334
586120340
899023659
772414247
694878383
680158191
609258615
631682631
912628496
225876571
783240353
897508229
334484033
702394339
739872545
181714417
800140307
592208218
176050096
805310029
581575419
731355999
859816521
955959579
782202795
41701507
695635990
695118486
140399071
266015172
194082136
206181243
208953570
94696834
439624974
870042025
178629641
39671356
448578570
62779467
304997053
104089125
843615745
252517117
710075513
292086734
63250223
746465278
831143534
853986160
618559027
490702770
534009559
217146195
158581083
916316427
223826954
262272148
18382351
137103185
540948398
700623750
191564990
425448659
904738678
554443370
855128125
990608827
599408645
745974933
975870919
487363540
224889303
729845813
511373417
762176362
752839128
911882127
871643730
133886740
547661431
767210886
588853527
331457340
496285358
531093981
266922481
652792768
207245764
807496046
874345099
530880428
745402678
187174722
39155339
564819293
26456870
443253817
186535291
75151788
394470057
453716146
312454476
962720610
548277097
16935366
892987003
275848161
491694109
82242335
77984641
456958979
360803143
295205664
631931661
89926544
715325103
621195276
623674172
438772062
210049102
782050500
121379016
132979342
591292024
895644548
835605241
512125901
630367083
228365262
27218842
744050970
858946852
273445268
867279147
569754603
106904470
96548771
645562292
646894121
352941097
852922748
826149096
777589005
936642488
552944903
407723858
149094786
305187231
698345849
419210684
266959047
477637086
960010356
908843825
361305581
936453462
596357190
684951896
426182838
944491392
23308705
349487875
234049564
360616939
243700036
912038820
802174729
164891269
483553494
818018382
919464999
788668994
362389705
214426928
668783104
827115071
673508452
199465133
295511384
652806423
345577747
607413727
545039520
755683829
680254917
946090222
130023817
901899761
965197646
995532088
980349550
896440410
353032155
303807718
310322964
534586150
745568468
512949191
709485873
429295255
365394758
163027856
912889921
832569592
946919520
153629810
848014785
604572073
568362825
974998858
400592077
977250097
373449895
502916421
526090708
480680475
481242985
42701903
258162059
502982359
245342609
520301290
145277458
986226529
654758922
209577337
234399669
29387841
268810939
69445221
807048218
205748753
100751996
323832946
795398360
475409081
354896748
502283309
587165491
943696391
86668026
33179758
776146775
261349539
264496564
611404602
521799557
236027018
874395138
382129386
694943307
129140301
953286470
230990384
604087795
177667122
156339843
181635468
23988141
921966824
21702602
456298927
447138961
522657808
539906457
985571597
479411904
704858878
992819401
602422097
978411424
420911459
588568131
790915209
588645240
412409799
117834258
969411280
571388795
942857577
392480056
706997689
277259637
107004638
800249379
821833022
268689107
59598188
795556890
418991332
676596893
851219656
974025569
279597073
50228022
162987166
151183366
450319365
848296781
981172113
443964775
240213234
252944698
978213974
467407902
577042136
695222418
742223504
518381750
128973494
125693868
518283825
207616742
690741161
578463740
51862561
416895374
101186242
706732309
133959063
575704651
390760847
851026326
202936660
643218082
889895672
792250844
587333839
994720232
203115321
565597111
181529918
75408397
404007311
121960990
844939926
324708842
373959681
337711036
718414757
467578297
509593363
334573976
706595261
748923890
799504490
11011852
232491360
254539878
333862987
633520724
756560815
219570547
194180306
541056245
472746747
549810999
164833140
556191906
603314573
746013219
852178189
782892701
402048248
592758352
905564596
271544404
799121953
487334588
134244565
401774605
340838650
715671120
744653902
690188919
283107491
386930480
949678498
634130066
715844517
101688671
559025685
885051448
428020230
12116248
556874807
153114393
76047885
470285379
528786765
645308051
113363304
10242629
923103081
437208703
187085172
118250929
431774976
515912588
994772270
185091979
589775753
441647691
509825060
533076434
443669570
280449849
712556339
957417001
701259277
821698015
267652104
857260765
850651116
693784494
552720949
461038288
849751490
134267096
678269644
151114863
94366318
883842706
296938528
658659060
499764827
637886627
347542667
590523303
839588674
969340046
843577952
524963465
568590489
342227868
385873926
100049771
562486465
594831277
803906164
683758345
196974998
634694136
345211335
740846016
375636246
652344695
133383675
615197051
825843533
231940731
747930016
140294307
938398868
991809695
309330114
531055501
405035551
800047798
902307398
903183226
141941189
114494001
620921680
957806436
942624806
808474379
267405652
861104781
12427958
289888832
179618365
287320058
748996804
990752723
743815729
641288460
835591423
221442180
990239500
49244717
448368549
931259630
679092631
577592273
872516589
179748953
561031195
115568790
311060286
876154339
631773139
597447593
199086851
815189291
629364658
385358865
449923077
301383164
963247945
440642486
849069245
72266280
11009568
144543181
385500693
773414070
356090590
616992523
880556445
739584611
460253934
309990646
528659953
25329062
192110166
14553658
576995877
452781779
273631077
695150969
481364116
501432571
796179981
116056805
319725184
996338302
147905527
178441101
573258492
962692457
198378043
515823223
648372258
187406546
322637340
87966368
166497042
491038516
495735065
351314184
359309854
195805154
427189936
82775850
843403374
562453513
496768412
429841706
223739621
518596457
83505271
950033292
91435869
349493434
524295381
263559754
635169227
191871470
667102400
813399012
106636891
454782568
7360178
723868529
949356973
430169774
530190990
222340570
365073943
210117876
378526637
119152851
195585121
919927001
793841369
818608241
888371446
29582769
349929028
547055715
547370554
232016688
766781181
624859771
384541392
477387602
945855696
852979872
579746300
787059141
138073447
792113494
339432626
883070906
298464439
716538521
639698066
327010338
695946997
932818842
506478913
444776688
643927085
62639954
985352508
956707969
925413371
708102161
421885132
844186802
786142813
888595763
843060384
288020148
229043480
944754546
186841728
591985298
482379176
117697441
787019910
985936574
165635142
740491898
785486096
450218191
112896394
200171895
309739001
509268786
599557802
390159987
950452210
825396912
342616530
876963019
654201525
108211938
274020769
624715090
348454529
906324523
427924037
668692518
676052450
960062750
613053859
518002807
131764768
549292509
228929284
593713360
419419590
224340973
200723124
909546819
202758203
513441166
893736885
790025783
755735070
775853038
856899182
998287703
130232832
762808467
298693637
55198513
657212376
229458001
740547404
856121742
764669383
862262714
647740103
806963388
931056976
58719274
215446269
394456634
644319971
343377818
711540613
655270152
851649753
562387738
452548971
328938892
42617649
179074341
595881419
27782525
440685576
426975190
754562405
178239029
905190006
648353070
167388480
800729882
95345499
996161609
302357302
137435136
991714705
22317723
601674251
582154027
473598186
480212788
9871752
584072301
385853515
806704083
327081047
565064659
653616252
921082526
648647398
451124456
737109646
112750664
147580433
446174859
823258446
350385201
210842244
935879700
448365970
807403772
788754537
187455369
352525935
602105752
429739254
461438649
998842944
223273443
652594339
534995424
266293531
429937531
81451089
365498523
119065818
670533234
15521856
728655728
183884163
806105062
308813536
355792074
185814270
24426019
672800876
580491585
418073104
735422773
226455632
501524507
25801553
80233150
844642197
391249565
509068625
996670487
508016484
933230406
576965278
886360063
783814505
668809727
612629203
312489461
487738085
387134185
317183938
497222497
396054947
98366708
987004258
512010533
883643904
865278324
417381504
988109525
925647983
684018397
304165936
325417717
805272693
559782429
782584320
967948111
709441435
589249130
143277017
333364805
894930030
298318263
467932553
322545638
520297338
466233756
759885331
418730235
982834307
932561693
888784074
820439480
203134029
199681704
83194162
144100706
2351243
49330320
942757001
447360831
739617798
975712667
382476926
228724013
735370695
618799357
178053602
389878761
775957822
36730542
825206171
677311615
825750483
610721124
390200448
697960954
747873703
727838038
508770201
618461176
988605930
564921682
899027332
201576127
544026314
880695164
245554832
412070994
923058323
480463897
294376950
245095186
681844917
7911838
115574194
627927835
575941700
616626263
683975194
890994341
292227492
551377504
184073181
381019211
30883971
887130629
194232625
577042287
915600967
842174054
20614796
16348020
343872061
295641574
642784677
774974963
177147997
840340170
211188926
468859408
962255471
674202273
856622661
764751890
934533134
142859860
371946878
824840202
656042759
212458984
303159500
127529216
446539270
750124252
299948542
307642179
280945356
161225866
775283258
510147013
470775364
583359695
93161550
336174929
368330753
643675903
678857902
86410396
694488064
973802656
325410211
485906228
817428142
150689700
934072145
506233721
115891565
809145261
671045311
24563490
371577075
802472811
902581357
910880458
957947727
78539239
158802028
158954171
658199387
373998882
31687701
595106057
754147184
22944067
378685812
582291653
73609120
318275158
821631835
766120164
196511031
708376457
889178370
440965914
877879124
283409674
789970617
585030470
308084335
881077178
699273735
150613813
244728051
977811207
956659162
25820597
348313881
421612591
930990743
320082617
357536046
51701278
189208123
552725900
936220291
221299099
798187639
128858712
68483860
486352242
591273856
725070327
908526801
516816123
643820344
841116950
360068084
720586988
401118985
456424320
433914655
520659908
774200986
515462612
715818040
391586938
48291062
56037670
461579820
167258760
984837455
559236602
611604607
991750666
611465602
304620441
255860793
59552818
255400381
840832090
745369510
676488794
610103198
665583369
675450852
586216978
214788473
383671675
286123309
160641133
354173463
273689869
511645370
28001835
840187560
277852429
108333024
262510270
594385246
2972061
3611034
687390993
982187770
580637594
555303691
680486954
715230389
703252693
711155081
950898792
445635756
378746005
287880622
224723921
329848611
808771758
655413519
778347364
148373893
12611733
315709055
633606378
861273508
31829692
285371516
451160383
501647650
792652534
816818384
386231028
221579534
751717648
890455656
767995134
489403088
720747305
701799234
699021961
56012296
613947305
296456528
221380885
292109435
211735605
609431357
88493529
475513513
740979173
298528460
788006080
973311199
457331790
911908991
341483647
351688383
540550831
449711466
790782664
608238616
95803165
672224823
331074292
205722451
875885342
548477216
565678645
620200021
44353359
527693797
584587405
637774558
206725538
374744165
88914879
409040747
598205467
853582630
781007890
437805791
338840243
377182667
728700139
557332280
613932407
534746532
979736133
611026456
375489898
575856037
2007574
260914881
103865765
557520028
288368262
920377318
69544283
204649563
926810863
973902785
316135316
518367418
582491277
874526779
21120974
800002423
523458784
222605960
605700660
474140928
39494313
922441122
512852234
292065761
188502675
73753832
651328333
872220369
33684631
963255291
45882519
489777803
832782720
681640180
984860113
899492297
409364703
240047344
795608125
80051951
383758238
416582025
661263570
292256010
10218261
949791620
781751442
10705517
106271054
104318882
554152653
287423691
596959873
9650364
23331825
441657237
181046989
18010775
90563700
447928562
641042324
223288227
188794034
199695750
319895074
762644822
936241913
375993165
186966018
352255568
752318423
163463401
176734167
932124
54637055
176569859
659727525
921292694
912259011
908983862
323535366
723141933
778470843
760068851
507642201
173848231
115507294
495884044
729560680
706306421
648396986
331933060
336524064
951874296
315862893
701962447
600036623
825486289
14940625
763163018
659686253
302563766
531187064
362468156
748024779
408393790
99494030
482662668
918380160
631844725
208064782
503249942
971116499
756348390
391718266
545780445
579473219
664657085
622330877
48346734
546541420
313728790
25132878
259258210
949443714
779959230
318910351
148549631
821584093
887795555
380478381
463215361
459233982
520881035
129050936
666208593
837053809
919604134
665341129
90734407
878023252
351256481
572146273
592769927
339463341
70040439
87716566
770294320
782437951
350122867
702563184
211612962
128653969
956874054
299216112
887077296
723257774
557572438
634751751
613637618
14217573
248861840
99479725
635369647
17069506
198629186
97693372
960417762
296261012
48421503
91160121
400843840
597401682
858275626
649901360
199588159
548927604
205942543
986771016
913770894
809448887
129142997
805252063
110782753
454994262
898478168
722732330
791314394
267235
418519508
663994285
814083201
197334944
859643149
884670189
423356350
290970260
783266915
698543488
93669774
337715252
664106997
451996026
11426488
765304447
871700415
291371502
184896433
867369650
268184123
694702019
846996250
516424788
48871727
196352687
326911265
570515593
4982477
78202491
222340479
94162522
611404716
861670780
971570667
672792748
683264936
705281327
166044879
111380409
965307283
287395895
855261970
673991441
622057629
677742184
452804378
290945858
539574404
578302019
260434633
309502245
174354676
524374790
358152110
602614408
650855042
308480620
881984796
140492269
731370381
338679506
962961417
644212603
65116661
857247122
326293450
89245743
543523789
848374615
469828419
87429946
439368649
916545946
126189509
531973415
117333302
750161813
919588358
491267628
982510096
702799096
914430168
164044320
53037636
738853032
240754286
588306458
695402986
359299207
121522474
246090499
832290381
629870233
928295909
672777989
349112344
571968050
948294860
682165353
984006932
467977106
362689736
770263826
130487039
346035190
440163284
676980521
36633374
867653775
764889045
772238024
861918973
657068039
543450602
963230337
152260210
275842250
351792161
23995446
278863735
514935348
636274726
489657322
275979399
200398641
612808276
545835309
113965564
175078749
741019328
388813993
111973659
213025374
856584165
296032727
965878261
177506965
586570647
463370770
613951942
299767559
395939641
693753332
290943268
959741016
61680094
691722003
771262807
380606263
613740605
705600379
410347740
204357910
285296810
550265405
147700939
247785963
780476746
78667951
213630327
922913426
343421222
153262520
171838696
602780050
27087004
118570429
804795511
134561469
380850121
118501547
84815847
306045633
266058672
659495861
562927412
395535403
415759037
724090717
49466549
576395629
994473351
777899821
836387917
18714774
590414064
688748408
194915321
556621860
257463106
852354197
5843543
422800012
842815560
919465367
470409676
570868144
933588797
815123172
110695495
244268484
724499474
423901483
772603388
284694405
144453579
648338883
119568424
864758620
633230397
308736543
165181108
235407463
805182694
856671241
967819856
800574249
226710768
57980150
848288095
773060024
10445162
631663288
579722009
124490056
803326212
118536290
10189423
946396792
635269458
637985574
479231936
326202662
879320028
825088072
765519325
174108771
773958254
474814170
859981424
178811753
385207773
676505232
993933704
917392171
298488442
85712005
918675022
402319936
724037128
692453959
899172172
87795734
52807242
290304984
497779863
898189797
163797127
319364423
77046518
169942267
164597791
312753505
703743247
2847045
155898754
180004286
481980880
738249507
106560320
704074543
470047257
778585820
789673608
496033292
720442322
994855410
499574091
202363528
260690163
154165145
246710317
612519402
800527406
747669163
931763738
283336923
353007184
46303435
954768931
750869202
455267352
775527172
923003401
573907185
986026991
427504303
468337219
930049947
938368119
945091193
585994237
406214500
936711243
553591901
5446558
408338955
849291702
591750948
37476710
455505750
890045575
62576898
981994237
291374921
827173785
723257011
396229824
137416204
929757683
227374124
241126238
485230701
159912632
669208176
966312422
377295501
279418308
234510560
429986580
144609184
699366684
714002141
375972053
535404951
767516013
21051601
924279813
805680099
161043879
310101075
346953288
392846424
266853925
555084801
67726416
628071843
540101141
429756443
810267823
422315980
153448348
706261796
305874724
697066103
185413227
883591604
553237161
247607222
970834304
699505605
778158373
113319542
342950082
524589144
26847266
780278600
839848391
753756093
980024501
578294964
606083196
435060553
491872110
469065388
789910113
916880996
821649886
36304286
378603998
959533135
577487049
283413100
282246816
523639907
71462678
604080788
459254104
878523245
194854265
63521350
938504583
983135448
404797115
94379124
569130325
187900861
370996174
75815980
138990607
865921158
583201430
359640632
148187772
592187771
213377584
721131927
338688976
247361672
516460845
747804323
938485970
536843918
868754255
679001819
395923797
638888599
181063606
28075192
883860172
695586492
173891523
908020368
642058795
849977986
46250215
950567047
573817538
34392711
644277033
585175908
879674960
203709254
612178656
982699631
439837327
928649631
119023007
143011661
905534910
548158665
581765319
43840760
27907876
414918471
550376816
359284115
693164201
381177664
290947192
661961814
440229454
534166948
280078752
251593546
1165862
245188834
173396403
179686580
366083549
19830149
436271616
523807491
366867239
772831357
340167764
944196671
438162670
646292823
738450519
893889013
184676063
654445257
67271032
848671157
51179072
357801743
157156807
611883925
454879604
855902260
197155411
772773181
729499094
38685705
389083084
818869398
913312028
548937260
944373707
75197569
462754877
930641841
706755248
347141161
741512076
449569608
433789798
483118693
294728556
373692789
362206802
811826601
770355065
847059243
197952404
110636079
92428064
292002240
471615471
475368880
773138581
21488037
45396806
657320717
752170930
682096064
485780052
883079131
269962720
958984546
288543210
688181400
61937184
10558982
852187199
484043179
859418014
148451700
681003293
234915149
19378250
938515158
194231726
929480430
435966710
473792942
665160113
396221465
914561589
960024447
46927211
959324247
861505620
908831912
412204793
678339145
318723069
66230305
286033920
764561025
920287112
60685185
267562348
189810387
539083233
423675543
302730118
806377303
752014261
216593604
738125160
757716994
52300379
685572743
454885585
60759700
156239
426047320
876223829
626973599
181589170
730021049
554978113
806243569
589188196
178180095
545278818
937342820
619130679
932023056
999438572
603946047
597157738
593570632
16164105
460272299
521042816
617118872
217510746
44372746
180679219
2482272
778441965
182888165
845389757
476211168
955268058
658763584
520945103
687077502
953401491
306564039
10977940
336328550
787983978
347007386
721970113
260717138
30776426
929279574
996652022
293926935
25902136
296165060
611063787
864238680
264756492
164687366
80796531
726872905
515890730
781594828
189556628
170428990
500482823
126723378
148244976
825131830
798273140
965234741
124274719
534854947
903617445
322167419
340023550
56381943
695918664
427375567
993742873
644978849
43797908
382118008
571881247
377875226
263822002
737393486
417797249
51467812
781252438
308769098
310563697
852343177
228052238
606968648
240806861
649779542
103535275
537748238
335786478
352016774
161780208
631406935
460119977
900394535
133188333
511735623
268641920
788487354
322887168
632220605
235970662
241880109
724509421
750312896
401249350
885030182
850076792
425693897
247212971
162872983
975775232
523343089
207367590
613546508
251521387
903480742
325801082
153888988
624862533
795064575
56675254
524325288
206212477
412815182
285086952
987652730
754757165
49615080
928134613
44921459
870263804
709443387
165448392
633749824
537385346
894182994
392238631
128000591
15718820
43602497
334521173
203104495
753705451
58320120
840666003
340267437
327765396
597778305
797573808
687705839
219268820
195193365
679190803
318263358
447647978
913715617
969660379
706689953
626945835
498144551
770860386
5774567
598110528
156523728
98498627
331408298
948844316
796116527
104605093
643560198
990057561
826430325
440191413
704257913
426078884
389254430
957468770
980823597
185132428
902089541
65672061
723159036
154154316
425156503
210924599
844032464
222152695
961863326
682143200
477068084
431473040
740363883
797511482
706200813
346277585
30076704
263514283
257445307
552803686
657528668
492695179
238845340
690290520
917541861
306927095
436843133
399847112
921370636
957081447
59846341
797300974
526311374
476155304
446842138
559436147
446979908
585282032
171026179
421494365
939140508
29569439
666239886
560524115
777577182
980588622
157418593
772625949
288864643
392471780
362753536
929657549
355639027
259444555
282552709
178679949
294496878
923286347
473767483
159075576
326746453
538304021
176139911
132811246
329457162
501950354
79737709
211094839
641971468
714006059
922877035
113895346
316909173
77453227
776609361
442549099
577179201
174017318
214723485
546326564
902346916
464975704
138124683
334842465
376057234
144431338
272988664
961162220
450434190
186479825
519516503
271037851
997720271
380100557
304046953
307690484
137656664
863910700
576634393
711310332
816188266
33589716
669338064
114501354
964835624
803622075
883128915
574814055
703682866
523910203
181815715
470086160
749089352
646134607
194509247
475449641
766130468
274722888
670061419
312179292
144735900
993641686
391502523
169902982
360635680
94285897
399110007
265884519
137240196
858857154
181306707
84790316
636444146
228308268
957561253
640142889
698371641
826044074
324735449
589343333
407815361
122091794
386797542
583666543
137590049
440010091
219936855
336870656
383452943
341259852
866342399
901741734
386550614
678672758
94156421
73609476
274279141
447695738
894038598
647105335
438130997
373155659
221208945
352452258
514489055
683300933
541689970
208227936
639593140
15235238
804014432
364523623
560231426
559979581
413612113
149862097
807682070
258948079
418339773
5230872
842399928
465621902
906526883
688923654
435418831
498401061
459466084
641809608
726424670
956403089
272738282
37180686
142396127
668939234
407585595
372117043
534455473
27857859
876021030
270737540
173089599
353550404
137527045
815343960
779937285
598005945
36206502
816072135
469235597
65050392
583768815
92543265
223561705
389950796
460478420
112044425
107747742
527520597
207007519
486636826
982055391
924442143
451193286
313034842
321950959
619231352
624666745
586175519
758733264
163786819
828339003
377355869
779205217
651126495
795806468
991435864
467867641
138087222
827976001
833227585
807070924
397292835
634473058
877519301
493068223
187283349
492135660
78925806
772280289
612693138
357594438
801319546
926346002
468329947
773506964
189815698
555886028
439861484
885708492
693410454
69203174
25197692
366606117
133513425
920850794
623598033
496330657
370200846
430299796
63788648
279900392
430373887
101891436
771180993
648272043
903956536
886797440
972116316
521656096
474152782
295229748
34875205
912845000
482050419
873992138
687430613
559217824
475329941
552951345
585238586
883511533
382542448
60592456
425290662
305906072
392122323
191945892
467286269
887541793
936024160
356173152
224536514
255091080
375923485
876316026
108504498
201135020
572038198
148828445
737409587
663464480
358472771
396321551
231074896
818798158
464092183
200807301
450641497
968777574
893186695
999176300
841050136
52137810
456802677
699760451
761824326
266954660
764162704
653058415
80055186
989225977
977775013
748090771
98687538
692096253
629616443
773052170
352970135
745245630
193139088
980224150
177034170
262229314
317009005
480324908
311712051
824481958
511789653
43839869
160853359
375448675
938726584
496152135
154287954
385953855
853323543
425554191
512374886
328021073
431741819
177992848
615617182
336741323
962958434
398840300
319683057
719916240
904792993
673553525
524326258
469090083
506340542
768503642
658910194
426133387
411244783
12356069
896082333
416414512
17305999
795866240
589475224
10667648
418117321
729304158
478197904
630409134
960373098
98762996
972471997
773811033
916686463
530915370
108494021
968345479
727098042
822402096
795645262
715016165
89364623
930019672
877256280
646982203
153324616
770860651
212975195
767827273
940988779
297352373
942134131
282328533
681536022
685436804
710234777
395132897
909076917
559515289
44104516
215590978
756429949
492874234
297332113
265190049
823825795
684187176
980182966
425911514
58065075
295404085
230512489
67714026
574841774
684812093
70289000
190265425
5522486
365637439
987588665
444524547
33460176
826798522
298447893
463732473
829337394
796425021
845186050
235545535
464338738
919698070
87278366
181461208
172283556
986461014
654619960
640589189
304212287
688980317
724206109
962947709
702062918
918849397
145284411
706512640
181869926
32103854
913396325
251167333
26702366
72583180
217050369
635266985
74787799
73135621
198520836
37953870
144003323
11805078
828597898
913659813
686819438
395076537
753498466
560691337
106655743
222165901
885480275
564826720
738533859
515944272
20155670
409406406
888021818
565514948
122764685
715117164
253638236
19346513
460240726
713857286
795417744
229638753
519697508
626710154
519258349
505192999
286662426
910804085
944694619
22835783
291595033
913722757
860820999
297329468
380337759
752960371
133491980
900074164
536071697
780477960
252904803
331729064
770967983
413463907
413956517
880068888
818050644
493166308
535791653
264483798
951919060
78500889
432665841
456826186
995611442
199268916
135927294
613996614
991821167
480836222
746396687
438271262
65094269
925164785
826155858
348240896
60582459
608777490
991358422
303087926
999204421
865339269
393837252
17990166
143149948
272014225
210373709
157726204
599060190
897803241
165920323
675854999
410530194
897388078
647960620
290334850
366001617
183469485
833930439
33822350
372350035
134114346
882278544
113831224
724986790
434759076
553067034
678777245
114140716
550505853
138348695
804348196
831615819
797260670
197758601
227590757
339301927
843240680
226902484
33846500
982342972
681255024
606125192
84561301
516502225
431609379
115762752
154985808
877122870
885153040
563420264
439921663
267116673
470308873
332108892
437726497
121831509
90785917
770022477
631236076
453034539
196692011
5463051
830125216
145387923
993945016
624248184
866938717
198527602
188711293
528213327
950239377
742179209
59211782
541154957
953180885
392454974
782974345
81835528
168653426
66784168
541153301
503040792
55862460
65454621
423655642
605577393
586973343
631435539
313862135
625175612
849518446
521370764
981160300
299200004
983054015
963032662
686623715
439240737
788128421
846641277
254298423
209790467
835776166
202714053
980344328
962777947
832349759
237130498
561194849
543923365
576548646
420783856
819600328
639983332
555108913
210215384
562745338
823651146
711321744
936044253
282351662
443989688
891850592
479860042
693803610
608436231
104068063
293989951
425019340
486044342
571247576
806126532
109596477
338430061
648381322
663041985
496768849
437141761
614170368
921996046
431354068
307005061
277534509
981858445
362193255
525388592
52231474
970210318
734663400
92801387
285944564
976611976
166704978
50476730
374688860
614185288
436059062
319020289
432240600
274526656
373007221
889923482
31437190
230590408
657144071
752316270
882575299
692273499
104927093
630502516
256115604
524317030
472935499
582488263
843874622
145698930
220627034
109590482
675536313
274133343
520184382
202893112
900308190
868892255
1772711
384515888
547387869
446039146
123739360
812014692
495959239
176463897
82002178
517618632
215705937
145792167
207691940
814084599
818603717
62915648
764415095
744287995
375205399
662290619
580373148
613165560
391238277
293582873
350288647
134045826
450314025
350338412
314685841
608481529
638564689
340491612
489733226
600999754
240509560
560941602
691248948
298239602
409033875
474861193
742200112
991411981
856868045
753525633
258216980
12861601
798745052
102185906
795401400
138309607
755426491
395534894
374887130
400127802
765105583
540488941
759507008
711038811
703096369
920941451
282745406
475224532
532540820
847988423
370191716
79002653
504865849
479760152
944974045
973031713
742437749
658469164
83693160
988965643
800847762
675498652
121253921
603796508
123183488
705436085
687520260
476055545
875181567
483844510
757507507
515267609
147749095
787900447
114527553
673396837
220989891
393332875
206662083
464431295
705376484
204860041
34961530
774070688
611099032
824244662
769167429
198055091
627819849
114674615
32582540
769370250
256339785
984243636
528051073
606792857
396007641
936441920
123170682
403220497
525563413
3102417
863944653
364958342
304295996
528774657
336630532
2375808
987403571
946801521
382439908
917598795
39031126
982759039
949195559
461172232
544909580
992255048
339944305
540134701
266403881
960942868
107893576
922041009
291672996
704535662
302125602
534166405
307267756
742732593
690645879
77917157
175904490
129029989
957801510
458357305
734544248
169353789
6090818
531632102
80456877
839887299
101796853
243795546
110364410
108368409
455113418
522602536
641914800
375259037
469561718
533099201
483763970
726137046
930137614
885448497
820136934
171309668
891691081
211240561
73632448
527895857
183839367
182531762
11246055
195314481
927666975
646063165
981262124
499650296
998604863
63308490
387491796
343588920
939986101
626177382
360452837
332618703
707839800
373986385
658763724
633218627
767895753
104836427
602410296
881974501
57427918
301742981
16423572
745963408
370220876
393133972
633882073
559970443
305839525
906173838
387107408
783577817
638922071
587957695
629854683
922878055
843655974
913239150
844666836
345525387
196267327
757691692
807960740
39243318
633135180
748371729
186068933
876708522
181694589
965756082
504437063
445686479
579039947
540814455
670468309
132172301
900483854
18121818
644351413
711967975
267729090
805786863
75847151
530010425
818414417
703016097
783122207
228970213
571383591
991302726
611053895
649198116
819759643
380575915
648070354
77609393
702429658
856359291
670402204
137365299
278811418
970832019
954189352
362642245
86927738
984205738
371195290
990192108
462338936
164254298
429706176
69473627
117441310
579688417
663411839
826817323
920288490
844791387
279227884
417295027
215020613
77199659
263043951
640415738
969234933
107002524
850573003
635265496
972505418
562506552
379461112
663044715
576207142
776266673
473737817
592445995
513700723
361302635
434498526
159896502
554457847
437047326
293655838
221310014
924426133
676563654
96736317
546720165
806618654
640490305
828474925
676618255
917343414
997235665
152317386
653961894
777472783
424709538
244286024
588659874
21020776
935477831
729045768
360454275
101044908
414631839
210742166
185155962
119452557
767415680
736553687
665929694
825890807
935460846
861900153
32416722
436849797
818776409
512176412
907154345
892961494
772660449
86642851
825765565
870711827
316908424
297573527
204575966
929140025
775779187
507189719
936438286
800414283
788822184
470085669
158185451
187403074
867575220
132546873
581045094
706327049
742458306
789947653
880669090
355876229
525187746
379336825
134750055
538088987
313169858
897131221
689555868
776991299
621945002
318250483
276639289
442261606
382542143
349179076
438564533
989858290
543260780
419599204
28256606
285254428
259566427
732236015
83839289
541528705
346977447
394620059
929882095
319859925
499223251
128623251
168263401
415998599
27631622
31875675
413031921
374381633
455735707
787229238
359413740
453231185
818013393
824963121
940879243
68451872
40621007
220503677
495094327
687948308
407886063
521955192
20936481
657780346
968251988
747815341
786351404
161208644
940450442
137146285
645570759
727235544
891910861
303462260
616884451
703485895
356316604
51985295
671995395
214216281
301267141
972580684
697730867
583286508
65692364
974794021
231978324
554472121
482404117
601022377
782810249
113367419
689776877
458676501
678364508
370996428
106888129
534869469
799003559
449639376
745042588
76113137
595851315
387739899
550806100
556914271
958132986
88638884
582171403
666812942
869978325
274717161
428398464
504089841
855547495
73641344
815875992
982553477
424501164
938926044
738386957
747943319
186053391
668957605
530253306
865759563
406593269
813244944
651943542
951575519
373423774
93041297
101001363
986867363
899236474
896674420
353013377
911441225
461182308
437254312
98676291
325897606
875420385
308242728
575807776
610654271
35301967
233913666
626947663
309923874
72466004
666104969
360978731
85516395
244472198
321650873
217419117
631708251
822083032
887420156
752790706
38800303
651106552
189475882
11857398
182108391
800406315
823246899
72755958
635421805
756143118
314229813
12161653
790549500
938838116
274603798
484790610
237115572
950842854
959137378
627226743
920925265
194994202
942882820
697247689
386085370
259193427
959824635
133102299
501866319
952387653
72988340
261600738
986329294
590594768
392313761
14868129
310179631
933917794
863093702
722232348
712326410
215261004
81013063
659121013
837230146
888296074
471222587
418925585
799899435
711009442
527209062
226039391
972075077
785559878
819673784
775001728
213994719
838841647
711124128
41100165
994726867
376626255
456807959
61181087
60905238
851428080
910400792
792328949
105897244
413526733
275077859
219812712
397718301
677382235
34629852
580083314
410481018
338056036
569355951
15929877
944822113
155848953
277346788
579274553
120149245
129276040
42184880
811165968
958072315
603417820
339672455
578910830
73542022
174961106
102798649
237237854
969316314
770705272
322835120
448789815
989372068
190267990
981572023
243700176
799556085
995795342
446600156
400506983
704581529
678905111
876200964
417328575
440198303
974467229
520809805
328013756
936513730
50013860
661092839
533340444
150969485
335178815
202514619
199424225
391195013
352298957
110649548
377779441
6832784
699179505
282979797
762110941
989163316
624599308
121382833
687952604
702091235
901835619
279271271
863671257
765319789
88540522
418122726
20869206
717036136
569740514
994213869
527935452
718464721
272105068
263956309
378125439
755466672
15556287
383554683
78834575
197985457
937665588
284457646
905056381
986760186
200603384
86748878
237586165
333248627
595157044
587947681
603390905
136947213
566432264
633403593
543668345
103248604
395221579
776840928
896683768
939150499
610350852
789474192
335978926
250473328
757506121
307382084
733700690
465843165
436956746
825161807
691353322
602003400
586502270
663715894
854672058
919180452
453560531
295662861
46262175
993713701
383962069
709033571
931458211
466748343
758300856
603783250
56283991
963453154
466005917
598315037
377559381
476994195
431552477
968345755
596984952
735804041
350330169
746185090
462203011
85452727
257460699
637647882
899725068
699615435
162085976
802759812
526941994
820204743
575029059
749591978
566515955
627519128
590069583
560720346
634951758
88545801
209786566
394506327
736443734
393378274
702849211
685431823
214044245
685870682
594128790
993980420
903334620
535696501
876522539
340296370
579360239
548729804
923549151
847632799
919575056
806687787
390515077
22561323
39589758
825874087
190746759
40674777
791240884
908954207
5663388
907781525
48242644
959367290
45745701
319967356
445831451
841514654
991373006
87688432
852543283
697831023
274386466
752856757
689526906
38176908
644666604
600183412
334264017
938856433
735096845
37504127
688976339
411729928
716783378
363026932
9783731
631242892
541487145
998104761
50853083
538825098
361489129
680016620
725322217
819921498
843718328
509706256
754975949
69733559
797074397
604423052
630007666
820604822
274900233
679321572
571153817
40069772
423022117
247158474
269659075
414676836
415275408
311848000
350602534
452715836
696433659
227660314
171022803
997130662
925689418
863609841
233477045
943487835
880309611
393936226
705333351
731347197
306269498
344535308
130017842
215474889
472726881
421054979
2966447
581928708
447736557
134112513
33217316
855016571
253869182
483118534
841400104
13396458
425836477
471929724
284103633
578440138
357596549
719636356
338624077
144695379
282758791
959809350
616781053
160369214
729945338
871852780
955454473
576463411
881013472
29212935
609861591
916262172
142109617
890984497
153665828
686861785
119686550
954815149
159472588
553817798
195542578
80292261
954344320
795959300
467765396
990439677
390531853
603734839
640195496
24207847
71541514
325171229
866051402
397400285
485420674
776852007
411294594
187418715
638319750
682433715
178038218
88487085
872581236
10993270
235195505
341139036
827270075
908336458
687331542
793307716
324418168
673234359
456364211
71016268
211056907
495177853
17290407
238286964
70873432
372409425
487746879
798003553
812122023
684862606
902439465
897386889
967577020
759650399
579312747
637686625
460231164
993902275
671952437
44794904
337058797
939885541
131390917
251066391
218868264
489134836
503244470
597595048
11409543
749148497
585073468
254769493
69102404
301817480
621856845
964319504
54192665
897492112
252936911
820270713
233345148
257993154
867737369
792244531
719622821
119356316
954542422
893536824
903821874
777718828
913679105
68622148
665188631
735384493
437564749
115446341
911091333
881278079
401373771
137660582
237962166
670256210
922174508
628903199
579603373
668756944
952198672
598826990
737666512
297637900
228167244
752370085
301923195
476386807
264551824
489033158
772064464
844542228
488342438
602148240
242324178
693000686
758775201
157703728
17274335
74459866
191402300
648391847
373423386
524913810
711922840
977808319
207607697
642695427
376665872
127248587
299740290
913294946
838796226
418975052
444797140
231794074
544043064
578918461
503017529
681723458
586493299
269687618
300195521
363480799
196982507
608595845
641519757
112795759
546389750
908945064
810825335
476783482
704262283
976181711
304731791
216320390
750399070
179432525
882038906
224647737
753681976
157501138
576481953
146791365
148777260
584070889
13948203
109987149
980681454
691147727
287845358
601393605
941889992
136909728
281927913
136086370
448422298
533317587
272477406
294173969
642256128
195991178
1594331
633279880
256962124
16330633
439175968
36314314
130769875
378897749
648674302
914805113
65903260
258686400
795822466
763588608
407292620
306700587
425883821
882676734
435638655
170931918
991590678
372964874
831774763
485558230
629471213
936100940
479861847
449657148
886872388
179900811
768575168
62974876
193980788
995065356
145086438
895441040
384356427
965067735
789080557
511527391
70326082
818414399
532942863
864637085
924304571
532877361
138723623
558265009
525143357
543348863
735878483
236799382
991856307
429653393
42885714
873407452
828898123
80911303
592913511
794688911
687269575
2718805
622841471
795787642
738156404
411634666
901545913
586931878
975086921
19326840
652952695
88574450
516828613
997555701
819984086
585685895
598873519
606679077
379693340
836042457
170141807
152916522
307249710
127195883
564757248
797642082
175137852
598265172
267895847
896891385
830172479
802020820
978103496
309275475
163519651
581127670
921636765
988615895
270884823
525298527
12446824
809765042
415135654
591547732
172382940
441283282
322960736
342064151
183982504
807989376
342597883
414730183
107317725
386755588
639863504
823494372
666196234
934693623
16603493
3338143
384880072
968483540
831790225
874465775
724043537
560664016
832623871
449523615
815781959
777077268
957029274
364686438
883078892
661584312
755039908
310837146
739804365
362097764
949164293
711793079
954947398
513550916
792415230
25625131
340020261
747148629
866309721
719007934
981820581
801130381
653401788
322716544
534910209
477995708
241175598
300671466
458392188
366393500
708701754
360583045
164623804
620575575
639829921
808460287
306083037
692756696
355304500
244880339
998770502
804340671
957025824
508769008
926110110
836904733
985081840
503132209
985967766
235506424
616638691
596556185
69115677
324594823
419304407
910186888
589801013
385022536
581335859
145198889
156000750
753678436
151065521
290445679
801476085
60047478
419519296
978808772
446179034
532440764
695872086
796706226
172633529
722742499
14101869
706196439
552218648
773714452
833923384
53975153
226780073
396737898
340962808
165168985
132970276
230758277
658845302
321075317
769776905
708294492
660410887
369787488
876988307
160663444
90028744
244855690
120480769
924036952
285196614
645697721
613341463
346497088
902442386
871916113
75169152
391761298
805212285
310799307
869551320
85578112
2123932
553764458
671885414
525442734
325372001
462467099
293123189
723396365
846788910
750950138
283583742
948774988
175002364
5387716
224557015
641547729
861417533
894350628
384469871
468944803
794668967
836696786
192697404
14534813
639861537
6261687
928814567
322595754
705050391
966572917
356200865
125748929
392979090
518669891
467807523
822146084
818365733
447591180
215567749
781200268
570103200
755266971
779666549
185472780
93636145
728610355
888511949
316222145
243147109
164154054
539042654
501077956
742857743
859885305
422666012
144038537
252537394
41963196
526412175
569572234
118489782
497310212
689303022
3679076
878027166
985588097
196957462
30010859
209216518
273821758
8217675
778459193
192452281
397713078
472120741
10621416
64120232
533206769
364960309
172541828
353386650
703424993
819736313
374427304
999054093
685487488
975341687
844818849
11436675
307608894
378583574
346839306
768354496
465157589
580315203
506095515
275475895
202081502
409483311
448889076
100837428
211479835
910205722
267312065
429919438
991011848
593172681
188613671
913474753
146353122
327305757
48749380
920463785
979971673
750413680
145899702
345960584
866671710
562038273
253878925
641448877
472019160
494520889
433707640
4804794
891443148
675351123
695413373
408404300
849655975
558525398
606290250
457242849
340251940
150793581
121204588
916064690
508440620
179942326
210082387
802369603
739236852
696085942
803373767
54605349
8325193
34544793
355670435
952147841
20275824
904836427
856452179
348046980
588935075
513111101
54466265
345684832
783478977
555801166
347840254
873292692
85865792
39120700
114151157
67417486
656279538
794462006
776483863
976088330
727348445
760734825
187162921
855672577
90947066
570861940
545569309
433876400
401736914
470155148
135940991
980172875
508550929
415965186
605899552
876452684
251202341
362048246
479110367
726796412
416540654
123172976
228961653
773638162
158846
149760299
59914962
563743193
980548327
857562654
479657855
679304151
291634081
896204301
682191359
925311771
837443044
162396284
656335963
361141869
902055416
164143050
235808128
355578230
723290519
585880166
832616158
506998906
909863853
198399620
104527341
622987252
853190905
513844226
883150379
166353474
33146451
408702429
399419825
233408847
727131270
61634471
253145696
595178843
849614183
181306141
517052469
782865165
294879264
908044475
827776987
726974276
363672182
599487947
416107269
981320818
877808348
50106138
207080073
579288155
271863126
322830437
831190078
93544131
233125700
455332290
802100682
359595040
442476987
225527697
746160170
251804848
715556907
857004998
831375220
5555177
65211997
815248380
772114619
769382044
116208753
446405909
388347790
174996162
77671568
173530366
934031525
164736542
30324507
317713686
460098853
132028110
49956068
394472297
875887615
385832861
635139430
649586160
909588501
433274928
90735483
154761306
512451132
139458366
858377952
940573994
281098342
420204805
677150994
250839662
228221822
412234054
836362783
14622062
52857841
771806277
932373919
827984015
479195695
318269416
765168015
164392527
364519271
767786863
908760830
313729080
602200761
975387312
527584572
793055975
789577916
881188626
202350566
643042463
38881729
819551558
374603244
867570060
599108911
852884965
261947305
781970155
783313018
233844659
343347987
12660317
201770479
182085415
345118511
157134482
477969860
105486662
588149076
536925466
767470614
179283268
430221042
973504755
289288015
670593157
688877327
854663040
49247471
375114198
837739415
765958573
630328662
784741254
965507405
987832347
940015337
214697890
637043961
50993499
103011035
286840148
28086261
518433845
341201922
240264274
960446587
367671646
829768190
649097784
903661332
325635917
518410110
239733869
933219112
711872598
19148919
110800598
817748791
426066588
276686902
255061078
683834622
499898610
497702729
627560994
255822680
941110931
153597008
876958159
797910899
267700767
14680994
570084189
483989710
695131532
516958188
928815389
135859662
922478544
272729191
80214544
881717205
54429655
769065905
724299255
108839111
524340402
51591016
760513480
521145034
740636203
339266884
79870843
813940146
166631169
849952391
671687434
568357296
291318524
450705446
998238564
282809506
741024942
956647514
707444575
163975435
446258338
435333069
483366875
733126619
201977152
711562655
854106448
516131280
238099986
311417472
531006874
197541336
309550427
331134774
282949125
502694226
303784490
956800092
95334046
640452573
906042608
977886327
361353963
869094382
57006398
219851713
822927
618660552
285643625
436912289
649383584
866156494
789034613
667526296
659729991
557001884
653714557
206145794
561748991
499953165
14265071
226729977
15661676
917982442
826937506
383174807
242305240
698966130
217309431
440673792
554289996
185700288
302576689
287783583
16392780
283626315
628220117
957698785
688753012
659858087
365867929
721420336
765832542
246902866
791451399
639073559
917814021
333161312
339789053
485525254
272060502
918948317
824241114
594611621
545362085
175027079
880189228
682121008
868544634
833213047
172833700
466954174
328471002
690802224
838825279
967073088
894790079
124472806
337258554
671479955
458292632
751735970
118592130
423828087
130927121
24491728
284238594
770610898
126501339
695506347
497136361
327724045
599853311
244232007
439859402
118979823
26390714
901572564
203891361
30169900
59512201
850399151
553569396
315957064
547704384
280323915
865887728
211132657
204418260
322395190
626438273
476090364
176163693
243383525
430162857
11552517
584064906
476338977
727363704
201638567
740456728
874031393
422401428
275062806
475154125
669580219
971054945
234978661
819635145
555606108
251076188
58037053
282273495
820198638
122787278
507888757
700248940
996792924
760973909
947018921
308949117
152785408
315787546
774626963
770915411
614664344
908115122
502378699
218726535
973716358
878965408
743074242
113784313
881584730
590284201
361390974
490169632
769319919
851026886
87712944
289968223
775564456
624740634
247871275
74490106
53491709
814441257
560455772
164085095
960869734
610634271
714377726
187541866
775792644
625923996
830143144
214050310
595767617
763976396
703471330
910106455
334199154
576867934
653781110
774833294
270204425
16746163
460087513
381616519
777553622
226003152
711299122
857695079
988228781
703370208
69564920
664396629
570794899
799486009
563142374
297625370
545866912
176152077
378263123
468150578
584994960
577296050
249629726
359938578
661772448
390667323
278597946
779753301
106336057
624574551
881675621
314119785
623858168
298543524
825404450
239216852
636169813
284395358
907957915
377674609
561360231
995008165
104809958
974176051
512662301
445537462
490435506
932112931
438484358
148996217
981561724
970825526
691631142
116855213
344994160
659720546
126636362
344310654
893733141
862361398
981537448
166531727
743003101
947738028
576542725
754455881
507316918
442210389
306109781
781540097
999631194
31029656
370787860
415734210
12448382
980787596
797179549
12477589
30698501
589038604
151910224
477811910
25416519
686805681
37750478
875788662
47471288
569908601
955664966
334264194
62532180
646524260
221510342
426065656
249109144
603052011
134408120
952986869
914809734
84155519
635771060
467408804
116006437
614292718
797201143
312546526
212838313
285926493
878432313
803905201
30464116
68556774
323500615
416767398
462897858
72128322
180640277
607806066
75389048
859430723
944067335
164173034
814057763
688061179
305454848
605159710
303927278
116307084
527993123
333272806
743460425
610466235
671848193
556705438
381984799
95322803
933623595
819499760
33173502
678070700
281498059
379679649
832743288
500261814
384263878
116189381
189395087
606614667
925058970
315014290
126608545
483774558
737350684
61368146
472083194
966605125
50982801
384050605
817495893
284298441
630117956
236278703
330333217
981969689
917443284
862654255
4421576
400570772
514196284
942544495
61859821
857825296
925463161
957183927
617922463
482810791
471104288
533875751
921629917
332178507
243364853
578446844
389321816
34183636
20077997
991470214
109345269
983148141
311379806
155024098
884002558
376885139
683467787
694816108
935232850
566959587
47580090
598137910
406482092
596830615
686012190
910298095
822570359
789480809
961903609
934583227
280975521
366481227
923790438
172189090
298378376
67411656
772203882
193084700
749301187
614347964
447546106
715495387
407691069
859495884
912990612
263501352
933821685
351029251
546919968
999102625
937311244
827083193
631660463
528619515
706999985
458402674
808297294
875664644
38257175
966451363
774538292
757803379
601847486
418018996
861735580
152582003
986581010
759264795
13514784
792128904
760587698
348754277
164510934
155081771
800201484
510990012
170942545
235749836
821352284
635482030
994235133
223272763
348188466
66956348
825749454
521535771
285738634
776302110
628368835
118037677
772867978
162026007
403660786
949310126
78454164
672339740
16232540
895049554
447821095
790922087
776106368
246475398
445443085
146254953
603487470
837526099
396363524
348678664
19651128
837852924
341983824
345024005
437171851
781569651
64969365
999025079
926823219
547293704
335105551
171512835
215741266
278805142
483408538
839908752
511079585
419588795
499275416
242534599
380074218
327881218
583889711
547248214
198216759
586218810
128569400
682329649
810148347
741539503
406330064
49151255
14204889
411980862
185537576
142730716
6082862
362036676
624581856
232125932
972747748
249878492
16621988
31917227
569631401
392114344
830951410
693987272
734681819
50577281
809810430
35315262
765173314
97232961
17253230
569233853
936507446
573926708
173555244
125063865
817923491
524107839
815167409
603857839
418820859
992142674
771832329
642768672
5680335
585276561
622178514
283463304
4243487
471897005
955136175
885869907
407230183
663362942
978294985
626877565
890870460
131532773
479108105
884296391
807460870
335875295
224832698
104376371
193566701
968143042
985998791
834137148
308056970
487449384
882816116
251268817
440807139
846125557
770428885
216072965
814198710
104521698
912349334
587766673
996136000
204062248
706604218
55833088
468597377
14411294
467039500
801473418
15552576
684596831
269321436
333038437
632210670
911775700
230112763
671895530
483623636
308129200
641418893
748434092
224735341
684377135
491827837
733920664
376235082
134341239
932064321
668800119
372727832
162893930
515203337
426261566
824397695
274323940
403253440
968211119
691609217
285725288
371150788
666290332
829368800
152701653
119727235
749285324
501175053
22673289
718449781
215001379
632807267
691833989
192911697
866006882
32467570
996183930
236622843
879173302
31464275
643372266
604297965
684191338
377218125
400443468
156589633
204799398
989621748
704220367
767275746
78769063
565228541
343474523
278230836
117263314
120131767
792658726
835322581
738536112
838499499
954659258
997053468
550656487
984722888
616817450
653592397
773844635
60492628
101260113
904112943
741301151
65044903
625792997
983426827
110419707
362242311
180552050
851157015
176777643
231525344
507384744
696501673
245627457
675734321
957655407
529996224
527518657
411596080
82157630
6806403
891634013
49400335
477322465
635589909
153631756
772099115
671716401
505324180
574525755
846917441
924239783
452807554
947602773
616625888
703951486
131085276
857693264
684963272
910035258
244961122
764273052
429682747
686835693
298534964
677890926
721271426
333442337
210590803
900245251
285681991
661715491
13273857
796651476
377793437
221501571
156983762
600039769
206615363
761853132
265940185
88131903
92436841
326397859
700472691
487145349
534074796
252744804
929569696
63040164
551813019
95424393
396519212
52253617
533059092
215164491
766031926
740374153
696549744
211946917
299363399
364128269
536700329
563777544
971662779
17797253
500226123
413911100
963225576
387729523
777957009
474060677
803575727
771036967
926748800
460358894
896406003
536560319
367641966
631395226
87395713
377769480
212643117
439321620
868565389
276156750
351921487
299210073
943710078
207004849
741640140
58692283
424841963
621903211
823988483
392768915
935977548
589945368
643092004
847897974
750921176
902857183
832006306
781192341
390878946
973293316
111594103
175233
310039794
830608087
430677634
70569063
582046171
343352882
219438304
289943217
116342038
350836484
770654257
477448997
449978267
847260391
481499205
602459612
879169269
450931464
365715114
480513078
814998089
862237886
809775322
231617299
932026057
139475433
121971692
847832101
733037040
341668507
907945404
217433923
92030815
956792096
632588399
526045739
363059934
694447728
508219410
540440547
169753115
442138655
81859690
582421259
453010483
806227368
495891577
404213261
602622369
391288838
5342375
181007791
278218660
546619127
91156550
614254171
897568822
72914375
635926372
120816569
429916235
448426486
760275876
469724408
561719632
971094728
242078650
744203362
834982138
824872898
927295370
864284004
282898484
158963542
160296745
897266880
923095193
771952676
67407008
832182062
114989335
433569078
642540571
385272321
1274042
898571805
814962943
663422457
304512562
915295412
93755877
581685927
793022082
406731640
810029960
164854623
856629701
490026324
822054873
556876973
578858630
941768120
242263796
416901780
564489114
800353209
327417047
45583536
471984387
381321116
182248645
221210879
883270566
771488040
436381
919610001
764862026
249730276
884569282
949620030
711049424
340045233
584589983
277670668
369264967
329617719
268213745
225299201
850432505
285234944
507144896
380175577
41572204
324324219
510177158
638653550
377340976
411591521
530529078
123041921
20081167
667640560
201784724
223947393
903474856
28042961
416333162
96555036
705916705
811375097
955368206
305695081
32739850
842789698
440174780
95862951
893505228
349820477
34438680
522206565
200112078
414263236
609972812
995614802
842085617
739643398
618311808
668248096
229036318
751883613
859096848
340562222
619836856
64021300
220988834
956245489
927654531
530586548
314174680
598836392
861269061
966499900
942188899
996392601
192671003
577329994
89834814
718526378
754526025
289890974
389136555
950677448
338051091
365443261
338807267
528215188
291704069
923383452
974084903
860705276
246242844
718429556
413501821
432685218
911251796
938861557
690770954
981495866
648257028
460716482
693126869
946473227
245321520
21267651
788513009
326734837
646542136
295967046
718940645
467723315
664320793
208978696
781630587
48628584
505369579
166154792
418948145
158336596
91649317
430456074
21278702
558048349
257118807
961830502
789831325
346243536
644498955
744570601
796326587
260253084
113505599
174346564
765708932
179409563
581357251
292255098
619598020
437416082
947765038
519146327
421178622
48060477
301994513
442437948
127410847
196182852
116395961
808803931
827174168
461224269
930003075
187940029
302769583
871576660
102587937
904396989
180548109
995084376
797985788
622695255
602283746
54562165
978235065
590410407
747520118
139820068
132631506
830639680
102647812
745977133
570701632
764531188
823084563
831324527
451399758
889036569
445961933
667562140
961372173
52511363
164551819
702188570
223568707
132514813
953027615
682998325
720950011
638352901
228247761
877211072
898936104
593198357
859549702
638870280
120653596
726170237
615192265
706343447
901209621
352081934
973499119
309171013
685642286
793038759
833882476
909312645
563807508
329938748
959806380
325369737
289875809
531611489
840487323
324407870
800731411
932768954
570598341
30159811
899065548
45667134
85898408
623067473
763652422
181915197
721148032
123527648
889571048
502752824
630443285
999938929
617424722
554248231
587753828
875643710
610328068
610628349
249157765
927861369
583568961
275196739
89430812
971743936
991105843
844331962
28546083
466272641
869631382
96414697
20374377
34313312
159941856
821285730
616410712
18640322
899224239
292859594
328045865
565953678
833981117
37672892
371067286
827805817
826437040
965592569
286061289
411164154
44692298
143542436
14020134
750488230
351198130
43673118
567342006
172694850
79149493
525540131
478431620
297721670
109442449
836282317
310347497
575147997
339233250
120838524
854582298
910554442
883741354
697041097
809859627
945160139
118956003
998338149
358388472
70718624
529951043
983107933
143371366
828848829
378338367
53473712
287070226
335097702
93533396
526035902
352136307
800394159
212822189
832471397
594333242
22838472
767241245
99199657
82121841
36972811
581460150
934184993
138830349
318878055
348482940
180100477
932215189
944010403
294894575
556236919
859359574
956244723
936431556
616465562
241408132
261145383
978348429
706670766
253079410
502711909
881952603
749043666
210215690
521697273
599803046
347764635
205113654
358707244
916538617
335801107
475409126
622602793
66464669
164758774
982006340
221378516
65196868
230108022
510563388
443975275
729538233
622953665
220143628
885453131
755339445
861323575
332619529
755046184
228569732
253873669
940697685
326976849
172594048
946259052
312606507
366903865
642906641
117986500
199282887
241738252
884347273
320604051
346346113
899346668
961751197
599987270
896006715
173677070
201164671
687885241
692914214
472748943
797831833
226967367
357130288
195070526
7116143
203322470
967116445
935354257
216848126
199365465
493649660
109813235
942798941
590306052
395618030
878894586
349865521
251198031
341498925
227380306
110298638
125834751
605862066
724371723
706601900
641295188
380670203
174690340
685236423
104978149
514793979
792299529
725217150
980980330
489013492
647615063
818561865
106053601
64242442
185739258
195998786
360819555
695687313
670555503
301552549
876629933
92372740
923786339
835015077
32983298
212967754
561688838
170722355
482476509
656471018
348712062
31130443
184200963
591894486
473240289
815912730
207939684
671804658
33978177
597684254
758674871
873380908
538168800
679023814
254472179
507149178
28014621
972601273
829583782
846705817
676968033
529107838
234438143
247586056
487058509
64076417
190080604
555050512
204121312
521785517
268163527
612101468
539604272
389821940
435077662
639510206
878296129
84636058
377341196
370256099
778559261
370158084
533449345
32977204
464860378
660766537
707495999
474601688
205626706
586329667
185392735
935883761
515656916
102867264
189112908
588949701
290811680
323591053
463234940
941122021
692331441
909554739
237574745
65858194
271092888
825987550
314569388
261718489
51492286
571702877
568332934
560455555
689021858
768518261
542696026
213620847
565961899
645886038
449925398
865706608
581091487
509317488
760378887
608483743
528876136
832656111
858734738
564326295
6626457
884695640
522219352
808150062
720383282
489978603
778820116
917144382
410584369
978901891
580728943
486061229
595984529
601708986
824576638
389795952
976066075
191457751
934685421
830020410
39438124
904932023
651243138
902055102
873904541
24196986
561741545
152786355
231076660
591702884
853125249
789350435
462366719
877101057
990493727
148879100
73549532
439742879
752625472
411628469
952444173
469029384
385333198
519344741
907211628
329282269
956333524
424098462
221263095
105763718
552520737
926422157
857251284
51313781
255053272
349057153
101910205
961217949
124194548
410168505
394655751
426194321
958344842
873641753
990021545
780920341
514205086
681134783
873617629
200513455
589128183
243248552
893604283
191728910
619586378
719049178
89558878
35065120
56123849
673228515
140414517
706540843
20884860
829063601
303967541
351982768
3879455
957888896
776514050
926068265
18317645
33780657
363856131
771923874
823867167
5372177
265376011
744459584
629656494
666450407
950011380
606335740
601549998
562344211
310234802
14874475
423293839
726157173
161091542
589298981
409349932
822107936
542425284
519952736
244558560
825944099
72802681
686472349
479691843
548875374
404625150
252969935
794031185
987770519
948653597
252309143
615820130
197377186
90769697
871771591
30191591
42524315
803938571
213745277
600963023
701287133
125903781
706997188
551271349
534590344
540487970
591164138
560804780
825872742
877231405
921463402
4776514
74891556
424459417
88805871
134963534
198413095
627748085
585314692
590079927
796743820
941834802
961218011
899332279
450030755
142582430
996273849
955811215
809633570
879891614
968403666
492643703
339627509
364633974
704580455
957213613
928973805
381633686
27693597
640019739
380973817
490001712
820472160
564235631
239324151
662618693
643452851
675570260
593516718
78816806
576548282
372003109
990109872
730346915
91476745
576992211
629389723
399094917
562368917
712706525
644136985
680162673
38175922
257261185
245101409
412869157
778302943
522640384
956554122
7189607
833988213
286286528
6274165
143307247
903971846
795082201
863837417
589302278
817236854
944251128
935108375
109242752
787925076
972568691
737213830
229011284
915258283
958852657
553967066
51877964
725716728
780569008
311290279
307631933
442210460
105256133
908831084
428037313
109073495
299322599
917711206
614596747
46661575
376587327
50890131
877354036
983349017
292246718
579378381
843308595
110086697
484247227
119074157
248827874
616772298
308280380
202397654
737346046
665311967
9192755
935251883
747506356
192496546
440304590
635187264
194057191
809647007
6645714
329004393
186301186
937057737
476140342
752314412
324109685
941828382
499221004
592102598
986966214
74267366
996508575
230676435
409002827
151335740
487868104
231531782
539545573
114083291
666225513
85682958
49646134
464305627
668830001
369644433
300700407
23531612
413553453
878245337
186828716
685159106
633612678
13886686
418862545
178475388
457947611
470240760
139992953
627063995
577603835
581238607
257871743
476309767
646545907
285038003
918982152
914410328
236670109
837112849
855343078
264773410
868293034
322049997
510942105
983499185
125997342
337304412
475858631
668584636
93988951
687574689
690096390
171394066
859284955
753384022
586488285
264392222
547351833
268953657
221661493
526599442
821420948
542553244
92186697
917141578
734275785
851635865
569533301
491979231
680519081
834462274
733794312
171607660
195913305
564446297
35834129
644264590
896017504
42207558
242335342
6196024
32505788
92237754
816973000
851345260
942324304
194394312
427303100
431010441
132494820
196241297
200784248
106323665
667452499
581878354
444199257
290842814
675705591
650095867
333145325
282623864
690311659
402795446
496687103
20594680
992716303
415859893
698382015
293690677
117910598
337579380
629000819
788328143
213329858
343335508
911509053
57966407
967396629
947824070
225483062
459956526
188080537
366232146
906864222
338746226
950670698
883510090
369672165
111321614
776385163
592367712
895484387
921439859
865130763
124810123
878010081
777567724
169775578
438166474
858436697
419522095
932122135
667604087
343407070
765591348
119849267
73686317
495290398
513253890
535165885
944270553
54160713
65071607
582583025
662216290
834597975
289999539
813659990
478510752
286661602
510241846
719564375
403524653
380359580
762577015
148448744
82375408
725435216
167048036
423075527
356069807
50383575
803302066
484880504
977137704
420155108
119191925
375880816
319770018
472602739
761186333
370905070
793348274
554148912
470750499
177297622
45510720
952949385
660143222
166527826
913399566
568206583
798567642
395677756
78772963
138518309
36041554
815233590
793622385
684424776
781419030
883885359
39695795
536020871
395649716
694359514
100319997
965059543
247367370
257819081
59992811
678023559
933455115
594010864
936800713
19106477
871189788
605810062
36866687
441559018
910654021
335825038
9669667
273095581
259799241
80316087
908560319
467795304
667879304
969463268
623465444
12416246
626215548
642311907
920323913
383596530
292212982
523980522
309687437
911535433
122134023
434304137
498439455
334074827
652507664
608913713
718111855
551519033
813662779
470798833
245953591
471429338
45106118
518026809
106600430
654447050
379512442
421967100
863581687
905043295
692309563
684081469
340217917
948265821
32136165
898973631
654965228
439090208
45459945
263267334
705014507
70879145
549768882
597425724
79249508
796838562
532119014
974337644
631583487
942787099
548584741
661469139
263151810
616734283
565048338
803481822
614743774
533413472
747264006
120802824
832255340
467247291
425077676
94218079
561803333
879027759
521537064
997202556
787713173
706028216
519862990
542431090
380787153
275354167
439451357
873894967
782807691
952795218
204337027
461259029
285276438
262190384
986789744
24081180
412519681
2199951
500836770
165890643
409470075
858457208
577991570
754209007
152586361
496749863
423434380
219564831
720068740
171469819
655547808
901056413
161878425
371889429
36441329
273958833
211477813
979155721
492337126
408774478
573718448
493912631
738758543
494816508
952265459
379912061
809067623
434164352
147019063
617561404
383937114
629097652
887792046
711980002
135382398
543437482
197036070
570791950
798760698
431068298
51014687
348592077
911970790
942219804
587008785
132323294
294261237
58025966
278514790
446354034
693789992
572308790
980551251
280110029
254356034
472661282
71392011
551212429
760687663
585734300
336627122
511901537
568308637
163816124
179601362
926886473
910987427
487038960
306148061
479445461
480560189
533889166
241580054
568499958
761984910
240585492
322150943
903347115
613913336
812998541
58418168
697200849
400017977
641616696
785470757
808798472
896155061
517342485
946734238
185817222
919265855
403595289
575675007
403083930
393685759
512122349
939112853
43913942
805988056
521234529
80852630
344554920
293735241
719921973
836569876
18974859
211352957
490998522
863483501
625341317
449048766
270791120
214712001
922432189
489222343
971908007
974106935
962902923
57455470
261517158
372110710
665590087
199170133
840955594
296726886
223781226
346455176
339838107
650843451
964183438
385321340
554020242
392260949
153925591
779572304
956320192
649832934
128794306
479986251
98124716
659017415
732236667
44440628
663986811
897087273
276616205
790292934
271222412
143289997
972658642
675719587
534516771
698704043
738864969
435623864
616432830
248443213
998131438
698010426
866725226
506338846
347225050
991712726
953214525
133335209
773636821
344012176
96477229
316456097
413942534
982412415
250781396
665814753
574451344
928224354
911863202
292859766
854831774
135196878
360393620
886531339
330430174
286869857
150387449
181037516
428576349
678362460
731537666
810154087
275536001
328904971
973950274
629407262
563572287
482814065
657855149
523809666
650505546
195697033
658596557
674204536
251970003
24261222
273983595
378235706
59258968
351599006
980695805
692392416
340180325
604178315
415364779
7831896
665385294
252220250
972937407
266692648
930502328
522906599
825918213
792626372
348328201
215916629
43818621
375601552
397154909
892288894
988315012
739076567
707145235
763022724
797339178
533376669
933969417
438737042
406214357
128345986
686418517
211317319
512356073
8491372
290031987
263833820
636228327
58350028
93663453
404207
801066060
919420349
576698750
124007314
582860025
491418789
772745477
946641742
886381942
412171653
542057143
657820404
735677477
339651859
828947745
341036274
302885600
51122942
895955145
391749995
441298374
275298104
836697046
80011570
25667047
122375052
591427576
177342831
704906426
468528041
941513688
91773283
888815655
446299347
628894712
825759400
853169014
781292235
742822205
888292340
931597773
247288775
76795667
652067337
589694214
985530442
354650418
504687055
348782166
287792956
57372639
766758497
97726159
152109830
97255585
551209026
793701142
670689514
713109952
14489872
336972581
543962033
249369180
707260893
933695850
567540668
650762848
878912355
974151230
699693932
213986506
818561613
168593381
945918792
316327618
814620395
122876247
583691088
235655275
186484652
531430888
102217343
196213456
647399255
911688866
79260540
193417008
815777124
403493688
98670262
242961181
647376836
205976235
675963904
180015763
321853025
124584011
827916338
192178394
601240936
67021260
870262270
111408513
730054341
543766361
235883853
440134951
362437622
119255066
81369855
904048468
962840856
731117098
472441203
763682481
868991157
285667355
53836060
462515574
214099725
92006717
82279586
959317926
904143121
808428004
624194317
342997382
784643220
133207921
623304537
496142869
178943685
612892332
439985811
441144008
401554098
905198290
170435879
285361254
327406793
752596943
578844464
689395240
266820988
273344800
532574775
225623588
39436130
767432699
179698049
74111816
48321797
985751519
993302797
501722609
355495545
707483937
476021121
851430212
441283344
616116985
544569164
764062300
700837017
604134747
737987933
104119405
970198535
426107706
984603743
843311508
590988568
453045463
982810709
856234218
510196166
886704721
662536921
418946323
207000597
660221587
643811332
519825525
228937925
374256570
541988427
11323518
939809243
205469235
658883206
465285892
365612535
669991964
788923507
447615662
165329013
31497632
354082636
997286468
821449502
413046739
687033544
274504807
171217538
281307019
672153080
950493813
818356354
413546959
267189717
350777539
22590772
528838887
230812759
622068554
483610598
864359032
279277473
26280667
573782980
776492275
895411985
115792835
241497314
4848516
562615177
121200051
186259276
479651673
612065447
327754824
964459112
264217755
424266578
396169555
141919583
554978585
859431464
889060827
558136628
964637369
980578561
459668062
596458114
35255198
323609351
363353857
836922538
286004453
41448618
739521698
995988107
230367647
579921184
772298206
619286067
231919817
858431133
63472097
166533229
516827506
849780326
678583254
666983716
702441047
183592286
417007633
660506337
268140842
399717505
642849391
745280211
906647631
44000988
719861620
622056148
606731236
846625939
139526688
51779243
686995724
261430553
473993434
206636279
553987530
729649900
23620897
450877269
720564628
650320125
666683598
269546768
852007005
305377755
799572343
393088711
367118793
409098527
777604590
631029600
752729581
850401437
691315333
792625233
645601087
413745012
280329256
297545042
119019759
652215917
342115124
292523916
362007742
895054234
102097499
735510232
92616669
803295356
727683843
584928982
482025473
525320356
75241900
903221019
349777715
353079462
664495513
803733372
928327844
970652311
431904344
719711805
826956321
47680361
323286
130784659
648720154
440483564
365989592
992323341
947815242
592044497
922008286
411202063
626479297
545063720
690208097
232708060
553113037
24197926
279642331
880517020
789177875
496610642
978772187
581502566
430640102
812282793
488002280
732414248
566052614
262677255
513883510
982843119
601351616
678544510
125662294
139294123
962278965
757042925
218081084
715499556
796561907
492405079
877173774
545866647
676734067
197343889
805510343
591494744
310049841
688977671
209849850
850116504
178102342
936261006
447990523
812735078
591859453
785057637
514459823
887033047
790135406
503810943
883020748
250769335
654864777
611046728
935080076
875144578
628038510
58999007
290668409
635776407
173262230
613759875
159174929
978957650
859880507
752638392
643415251
297001690
65015361
210700059
421123660
192931803
399704392
178145848
166472091
524692678
22085868
212375655
979591262
737472900
69158268
172966195
841464194
65544607
955619997
244036994
315057280
506643507
206968197
678374718
90000361
90326773
828504744
463136030
620352533
448459328
273577764
406100496
227897233
539239369
169143091
702152164
548772718
626421852
448338348
877089137
431763176
332038027
684397277
321383380
977391102
669337007
973739586
375556011
885133348
154651319
402756853
515699109
38261595
522827483
343806254
508568455
283756586
346852442
478481671
117327198
837182072
760454499
493741855
174036224
678177101
268747059
56713924
366135155
285786734
895279635
300600530
494011575
989146496
226145980
879703511
907988237
484075537
478775773
796253550
558090559
553790281
496422568
45317771
695943454
802827900
2488203
952145138
655064639
404891773
753477002
259134048
350290107
451257632
800790322
198118202
951082124
113819248
515117115
792243717
399266548
329412118
350527679
956672862
947237513
273898158
49540706
687915306
884170853
844567457
403584192
21370027
774735178
319019912
740799722
821686580
732555018
936694851
421363019
697173754
649628806
379419189
146483583
44712650
706773513
914896309
201522523
912801425
888664106
338056138
178969829
475034234
389317061
792822949
708503381
311875187
483172248
660854761
720000925
138752769
983856446
524856601
895572668
786114294
647278793
89755487
996755206
8897072
183567254
532341756
701414695
242517677
201525385
772063353
911500570
864220853
851314943
444701272
671276254
711530069
888071698
789118574
857526425
149095580
495943957
231753515
530044866
596811933
303065339
186539267
592530432
445284973
470968081
7800458
692148973
466377180
920478914
160172578
695143821
664208732
158311277
508207844
517035719
26420042
30523223
16540788
441486446
81591654
324461797
748243294
74860739
758859622
253397052
972203980
490579250
534473933
648410998
197362044
639739350
409425309
557524700
668921139
929834820
17805908
294380101
496102336
395705879
441946450
487203521
286341347
782933129
851973511
981587888
155680831
225519447
735498741
854853401
663608859
469307313
345471433
120799738
965436404
496646512
72857154
621690567
428245454
955360268
531586669
898042296
456814837
45677666
617777716
850074668
995250987
995607111
987364870
911478557
63215607
686277622
678811238
30921017
588176597
529229838
73221045
843110671
686808786
408501781
337807379
446514522
614484349
117770431
447351412
228760282
109271805
805852047
517280784
24846220
431714643
572992182
637933244
363024607
29149285
243876151
390105011
236280320
966614960
981369123
885433538
674858049
915368613
799866387
639590311
519485849
105731977
598868048
264772500
622544747
759755528
334378695
317145344
223221421
466824179
224947073
987087598
277654208
370525179
736522608
755520412
756747524
201050133
178733507
881467912
397779670
538164293
370712047
649040464
801691096
972081501
346718204
898283764
620177680
359443135
492513969
16320427
376084655
3352531
957698730
69723426
725706431
384987824
977326096
967315100
879988985
853567111
628725525
242552844
884135673
750282391
848374256
93714430
331066815
973889031
668233955
655149382
909814045
332615851
747307246
247651218
675964416
142253612
377750470
466590679
205350775
43807586
794349734
927833621
33074076
718266541
402449438
960199997
539913317
205529035
783806944
502155407
124588742
646393845
105978516
1945866
950354829
698795779
275924073
102785166
868344101
230151596
160582838
787258870
62403996
721357740
902993960
880620315
703237294
992318185
891374271
189760077
377390281
879955114
860536601
186842914
401010244
340503619
624429411
347354715
97861489
634937494
525009347
613565152
576312855
972188712
930698637
470267920
737253718
434381587
618497917
545109381
806615610
763827655
705656692
357388438
911036641
867362669
95220261
817447199
59188356
587440190
573840072
987721310
737140228
511969726
358752419
784117289
420789674
507721348
160729441
578862301
97588009
522023349
650285485
157035357
528711867
945210430
544219396
956123784
636936365
470505128
906944326
88005192
904349980
216072064
333612759
67615196
341795830
427531822
505020733
810888448
288292945
71132787
623297483
786652621
290757013
339895049
396198196
496828331
381713995
435389625
13123192
74649390
74663976
987873232
683229699
806002598
447723776
919792622
417437845
331398706
659865625
6149991
789727922
974772679
141604400
18332383
165221468
743637567
809518317
365834931
414984315
481345908
154486340
941553472
953590659
172552702
434046375
413373682
397122753
467882207
386402298
218850840
936847732
436851594
857125196
60571090
92269528
442658000
270109853
303906020
826886399
224825136
889332550
88892016
65616034
773093150
266627701
319509592
348332528
140639543
621788029
4980744
141191866
756846599
501668813
253983440
482796661
267749714
618386890
1429762
372723999
776911371
522426895
529701236
410697525
70754740
107660531
879059464
228644161
889201054
229847686
431401609
241834801
782076218
740667035
229954665
478245246
48922038
645252490
80697411
46909143
907194247
949420862
182699796
929994889
554066875
779853401
54359420
190221525
493334665
773950572
768433679
179737632
15149331
765451489
563637575
374366047
882718255
739185843
142559801
205742127
237877426
927423791
366220236
283700729
335992920
509854153
64903147
103009325
34198559
580170649
368599906
846328000
810803823
320896676
261348841
370695342
457266352
991354590
398452212
144192295
567350418
121888543
891702929
851547221
666072482
379981413
376709261
178838901
838291521
526972129
534912137
185485308
531523657
751936277
689211530
766439430
616344894
715109982
415652293
871257454
532877054
769915443
420567802
182574296
566075376
240268691
807056910
989399478
395588115
332692566
42137177
684658346
905681377
925118564
268667220
762819361
218261413
126680101
253452586
560516698
432637763
768597126
6966841
917366090
714415900
224536058
108947019
332663821
489628972
154796204
581994945
593944473
59736757
468338665
644973641
615812487
644793488
740119650
540813954
71545755
262297661
512985710
272648608
951875496
313482824
609436538
853787259
13653550
192945789
293624133
795690189
344132210
659105872
396990406
369142307
254122599
500546721
413686244
675530411
145143559
120701735
863779439
816921066
151928254
699909795
941911117
323071656
880506301
83274157
390163222
309782632
848544555
674750829
303514687
799744442
937735616
743525751
602619848
611422840
522517134
491720136
967999828
131409901
850180342
128126684
574580596
275591191
232912857
745582027
172277269
986125066
217369013
467025523
493694345
933919044
436326241
779169638
2926466
744768018
394349282
47988160
37273853
292686468
244163039
737623641
85812164
917887785
721414883
749645714
202621183
762706634
760946630
940330290
92311727
634532112
531439029
185970789
857649125
40731736
601666130
134534023
588231226
362250574
928421178
697400323
956443599
639999182
26747691
15868465
436377023
912317758
691877446
433507146
22661265
697343805
276722848
854954472
77476793
660849556
883824707
102753462
559476985
70799251
96286672
221380251
167148672
471247819
28499912
596783691
221250816
332655168
976459502
461151438
376452823
968901190
914269975
130622732
907099825
441758426
385571098
681483473
169054207
490145448
250842087
675313023
114487443
422281929
446492348
295341634
797145748
124123796
342250575
779064372
480605730
812588734
607898825
61812116
788825056
331841345
496273029
267479370
911345274
743245550
115734680
751600994
319707099
735849035
610557433
374501205
311171739
329422065
393306590
183123505
15099051
25268997
618063027
378407603
163969116
121939984
427137838
310637963
403455369
693992239
1634702
142549660
383669118
409842950
343559171
677618508
941149385
711794552
849678838
70299343
939925028
695711328
618608402
92628783
821263765
675489667
748451037
517447631
409992843
904873552
595622469
638312289
388558548
704436541
616564606
374248706
820339737
431433394
747773019
536070705
681096903
208936732
843739591
220231107
187966897
445986597
210267516
676337206
945886929
968470166
567717719
531690988
146239287
641905012
533436819
315150421
107142768
600612324
194309215
350632309
167251694
5775365
372462074
510049009
216452532
578573640
785578303
863679116
831290097
350463931
130251241
562115388
282781302
61642839
228536826
197389495
734964321
153987533
315204436
335771805
461227417
794974769
533887260
649319499
557794393
569855300
217090701
584619779
431163652
431257383
750517688
659077506
242076339
452037280
714188300
294423221
199193786
571953571
618844021
172191118
525528503
629942551
499735280
411957330
739990967
10898271
962046806
983903781
476891154
441095332
300034355
57479720
176536462
212920619
336083586
872976398
314334841
459109209
691239317
57066043
39377657
660663342
88563798
115668949
36729111
410573334
791469242
640666306
434784688
380984470
870205682
687803810
541001946
649324980
403533434
216745861
172079286
102653923
256333176
604372692
279364747
144654730
743118685
470502172
462048190
342670807
41795543
653960318
637321017
110728545
740565074
448792024
683834074
641919578
724844514
794448546
851029300
517805646
195440383
385632470
897228833
778686181
893071866
557075068
370198179
981848987
464738331
933686737
449714850
188170799
382329529
179642845
625721317
681951935
960612321
185636264
89796282
796953165
602722343
477962294
52122255
631705021
132018684
248964371
603901439
824715188
690425258
371866768
932245662
237888628
505198553
40877507
109447005
930993399
565083849
257746098
507239679
766207029
298669673
482865476
636097677
998952451
384438138
332038419
472188841
274623637
284400100
499123815
642636209
587649614
96664614
872084400
280308515
412640346
442548981
799571517
98879971
182862691
513993543
164947143
272691980
689746272
288216665
70197793
340849801
108051081
326489656
410564292
173789458
913492374
281834529
525285133
50459070
709407312
552394304
143345203
570140001
751593580
780922833
375767084
540748261
147788946
823053747
216166815
823755903
49079482
683492048
715269275
423915500
201895990
909613753
911346466
199939115
393210059
623515137
33489127
265424019
873385018
165438930
546464554
483748499
619092833
1262163
431184764
267246667
399843862
670162955
528020617
926403023
54323540
632342145
983441039
750420595
707989744
368641497
247880189
964426318
86203157
567847969
622428610
45893442
737394898
124508746
517247025
380538738
296150553
465838954
41978242
797814186
535322334
194683770
264655106
623703788
295264485
717077077
669293076
716907675
343371519
914044562
511901875
362280414
591064002
928908890
504515379
258278466
627037528
656134165
283343817
155774096
346166697
390310672
569959415
803146718
187658556
236191224
529773656
453788595
961180787
258560786
586122438
742512950
145773045
638667996
637678844
386655320
103628184
228417070
975383225
568418978
597402365
713856348
348232215
814235691
349283177
559755576
868340007
858591214
130900060
92485733
625061392
255915385
298259666
931361232
556275804
772533313
709844613
933808522
409511956
110960280
466165638
21290349
587478030
230219602
771600696
508488418
166122199
588459239
991680554
7125102
689167755
469108834
581228270
350769037
246621360
636356107
467622897
197827276
635602608
497486195
438704630
741989197
484418677
30773390
956041170
93392520
620488687
211771015
584789143
674087202
908058154
197007368
753259762
264077578
837600103
296697138
259932629
46694413
863181133
681901522
311204050
556247353
283389361
383318130
365503636
760169438
434988770
673003309
388043711
416083929
323133355
790030925
808056940
698995921
882583937
287030647
578784258
305211350
327470267
559077933
41883288
44646302
175222095
646434868
71728630
636275497
795402588
842696070
797107803
614223566
317002192
687859648
20884601
789265907
421849042
258691025
537768805
903462624
457695999
363964777
439720281
421918883
790648674
249544184
444470363
943356324
413229539
466722583
751692839
652887695
276740795
826408380
312713200
623241606
42599911
852868640
945618692
332222334
804250384
934922490
823462029
879929583
191443068
207145250
529757651
847139128
750686913
246647803
880176291
329320283
608813209
22005381
399283668
860063457
668062732
724155774
408729360
146580072
479341131
676021727
809790081
640559866
400445028
568235474
85931334
982324361
896676638
444474936
41670943
397318674
452689806
434709420
7675125
620560332
316112688
689869859
590170407
323518984
243046097
23298183
392025001
967070558
559904398
846734188
315018368
487541476
819594731
638885477
311607544
104925490
147039704
326261063
993280963
901939656
266468661
734943556
710382988
830472263
533918594
252174439
523247924
942206095
166426067
740641183
748728750
529604075
214936617
879940648
896290892
418506363
730231586
494867308
528938033
965658239
829928404
19905631
586364006
15847530
452055799
536129383
481026288
476474775
254521449
517100317
128986961
696096647
314005615
53539205
291858677
729453060
965864459
255964634
189857777
584764037
284389469
35205935
992387360
862187558
795913778
935897874
595316903
402298826
49001088
937809491
20428766
797560041
99713341
31409557
281076314
512100242
864028210
494003577
748536748
429685585
246640837
152658611
992662460
335782205
551691616
698076646
878729437
752589920
80533505
335068242
813150939
448244910
610556808
320624354
147477820
621596821
247542331
339648500
992107047
308473184
594327036
395685800
646836963
433674195
638144097
357830021
390264646
555081360
571826736
205001330
604897874
961013508
145618937
724928032
146425827
922068981
398199746
653341108
317587900
763358762
890801939
694344706
961720157
477281750
196413140
177328948
352445611
443725494
622660496
345465938
880828783
296923652
995188298
859409278
595132032
876572367
786470129
396467700
970033824
111875994
9566371
104123459
359648811
852333615
729685884
236852172
795871815
109843431
222676316
61087116
541260527
624179302
802182113
756063236
606962600
217444385
342354973
89365311
301004439
73201645
533119731
525818570
819578962
48900928
515756812
306468096
815423276
884753617
728173237
376730512
581445113
711723481
489997040
638717834
408032460
139612365
447971399
980506231
362392507
389914291
947690561
546691761
630926422
587086831
131842280
949194562
823168198
761970877
393142930
296419561
370270640
534322398
341049714
763160676
883275703
843466828
868577927
90719820
852588267
345088351
141555703
735628264
498622627
813101235
55786823
579972198
544139780
107157788
128732581
835864609
623683661
769044575
207842932
924951438
715084599
987915805
720242603
748079787
293707346
597356992
409769108
538361988
952510813
980282672
47210060
671522279
121126108
180593001
649040293
179848328
303891035
705722407
361160991
10650700
352505048
450196947
859689764
916254038
60286256
619532081
413147474
587495299
353993466
389897231
150549710
141366379
541137806
906817306
442873076
473740716
421703923
875426640
194945140
279611681
926534870
294869779
338043003
908083689
753686671
769670181
949702984
274158606
40253043
585459148
378352855
205525299
283187648
17274845
508867837
120512511
324993994
320184635
566620640
90758403
926094214
331776274
421347178
924327433
9356803
112251040
656738917
107231894
572788365
820649392
990461752
986891993
266991681
793035974
885631433
475769983
961296220
925011292
847394819
171365880
327863015
187098135
914818004
756969248
440483073
786970624
273444650
75746398
111531618
645422953
637981611
442302260
79535912
281518992
980605698
748260893
301875639
345966373
33496393
943098114
153686819
718624388
287117470
792678722
730615715
501695375
587820817
178229713
522017213
649546116
300199494
520735098
536418760
21438629
734667029
756462926
710604267
646199607
69490252
660120551
157838430
914823335
739244402
104643163
527614700
400038500
331947378
666792753
573051732
170674904
869111205
660385608
887668216
871663742
440391967
538374423
208016138
706679423
130204191
497106400
783446550
517474975
57943560
751661247
571436981
41132091
717699710
786164072
223438551
980290489
43563850
708979038
971954741
557608521
39344635
29659787
314808191
638993530
799450797
872518979
892786979
694892652
208641768
297788118
862252751
436348413
333054093
596038569
825449448
673043002
363892949
972692672
523768274
962193658
423301126
401653708
951195017
11002655
41083071
776837502
480282494
853460564
181649221
347051520
611138290
486207508
497366220
596636616
599713907
208213231
517412934
406020406
952186018
758334748
213457903
661240699
998574018
619397330
846704218
251432109
290647057
376786727
47043152
458489984
834411953
604540338
289514695
610078986
476644281
137294838
602222801
823657433
679676962
736681185
875601927
790357752
681105061
97565454
479939785
443971448
372942452
906340534
357407240
18780055
526334382
809723299
64572106
93549244
207974815
571777203
544873199
649080657
306755799
46448460
536809928
653014459
266376568
719339990
354745870
31837565
375185538
226659557
426027676
143469686
427973879
737185954
339690075
72762702
225895617
361897310
177481498
619859068
466648273
624681815
396193988
460862581
722001825
615990413
206535577
91280566
252850325
578017480
763298144
74932222
79920818
402004695
547128207
126127187
548949685
142164382
19965839
648154976
326949687
661566494
217073239
806624663
480403073
940082020
808115931
501075238
713091305
918946348
833265875
988455124
503396394
781683992
240449475
611427665
63047082
755232974
458281921
304333737
975289005
283423937
877165794
66524208
104497331
724902310
737855831
629452389
464192281
889701405
67577307
881267357
541860868
954167997
401013172
198646643
141536844
592422822
361679674
542749673
401552405
463548515
426570105
966759091
351430443
529775943
492668130
703592384
787332872
970245938
270650537
460543541
650423721
129153412
540445947
752631886
976368147
306956706
48316754
579527272
974379345
669839592
947860863
443353232
767731861
343383066
705802820
843805441
314532167
773911366
536463975
359557974
132378225
251003542
993503660
27453509
121701259
642632765
746586723
784685874
887765855
467352201
546897185
218096845
186842437
206767860
513705686
664936533
96777990
601821393
905262937
689526669
406372609
202990172
783547195
165371486
722963886
249649880
373950262
807016315
218127415
54497555
872985752
559664567
759075990
705172209
444749442
785714741
535691157
944890525
375486450
299350593
601140084
695973739
418921185
217833620
615394836
975875473
962978360
273272050
81515959
941658332
585507471
202910613
865408464
593107650
686016102
337614314
148395711
403358884
22375757
953988947
963805993
802847083
785379975
541894280
457077724
859864533
697716371
304583429
818302628
647536529
223615450
312156132
774921757
839296487
784654672
842424887
830285059
848524457
710207934
174482897
170959469
550582409
514694425
292470023
942024320
848313837
250562348
916779017
366304217
658622946
185795963
491654353
511725634
665636097
88588696
364099098
983980333
578554395
574574575
417818419
581100757
653634265
82301100
892715500
220315020
339872191
303484550
273345175
248127493
105093105
192710389
430162508
440685061
806470522
538007691
785650897
785824106
875033797
618992911
146612464
820371271
885480887
935959707
392728810
718876302
353965597
925326610
178236314
17088615
566918128
199699908
759957940
446384902
144856057
591657842
686978417
749293518
695544249
667146353
169598928
366455371
388786666
467292697
696336712
150459570
569308520
568474873
345151138
877582535
221777425
393995331
547752236
634552153
73157532
292316632
53266733
504867937
379239424
998544621
232914587
759645725
518466473
917211403
773333700
261244483
104243692
627913828
973650610
90502933
354541862
477149105
781781691
84513616
391527250
664642568
155591553
944335036
782591846
743762196
413887217
769028334
228517821
44292611
128555598
401461274
952552985
437265060
319332273
156997357
595676436
292885376
584065939
127231552
828406294
414043139
971012644
387135055
821589016
109599579
597818591
271619222
15301469
92668135
471832040
805180752
581816053
208966503
562985680
633097907
911269631
673603002
95788337
39306526
861365099
978974186
159546444
747007061
875536433
30453898
450438474
401344342
33309409
639175600
903589426
239854607
751355599
441333027
554804262
586635350
436499130
445416929
41716322
766296521
113165495
839737355
781075593
80126517
595399913
420791724
201825743
552575557
224664613
886693483
382133614
9550447
233880466
968681844
979087227
225867357
612192835
783342102
589362503
861365802
985969124
675035067
445041298
651316055
267709160
928478473
384319003
428159769
892746711
23307459
101695637
687512334
241548698
772730606
54264663
440340504
379502601
822488773
148241576
522945526
992719230
484591581
598675450
740860799
876974118
64671980
184150192
881623095
566962890
52659191
970269268
201296656
747930860
719219176
510369374
609876635
604412978
478523925
658874814
860177949
502718668
118034478
157024462
507458493
321121927
219855039
397694392
361229908
204171581
928827806
769236342
238231756
197215174
357054792
401148772
830042972
73532070
55863193
436831828
338244023
253921370
119158162
404508862
232636055
841426033
900254568
176642914
250999487
154412640
826651529
393527345
838028099
575053123
298487572
156700736
775517470
834850889
686189703
870776911
605968320
13210774
929472352
53935225
535818555
773221118
825613680
498052322
597945430
944867275
954532025
786818541
247956681
743619060
520322581
834473101
465764706
539856581
676195496
982939690
968479987
497142827
847750040
739637988
307310964
787154157
102703959
672436196
815481873
159572558
598371726
632440837
133405605
917179079
405814427
388552118
737468881
672575414
139033521
982387591
645535506
134044767
895943699
957104805
719062962
551802180
967584728
643074721
532317139
40422115
190230056
90981485
174571581
463259292
618541822
105784712
160356350
237600720
971386143
346615374
222008231
254236227
147001974
932075152
960307113
398282370
682092926
628123740
494466048
277153822
205537709
680457132
582193457
136761864
740627682
415601014
340823841
885107770
731094100
805228527
879477991
557021260
945621819
133736977
238249230
574710267
679841585
865634825
480739885
706830256
588588345
574416890
897875376
504515549
713336643
124185693
182937467
857677439
65274265
86589087
427183281
175410205
215739804
401948619
301129466
479587167
415796109
411088505
943075869
152383873
5964401
372115342
551671162
944947871
302311858
540207035
606258243
439798376
251149488
448313550
937633062
355341257
372807870
430755177
464566950
930745677
458152016
397437341
24013363
723528314
556376834
15783771
901920023
680188827
98879620
144081855
147251199
424770724
723517292
369567611
124037609
765235101
386159765
957392851
743860481
605611329
877284805
96927184
296591409
108947613
598344632
704484314
903805407
407428917
671470267
936232608
486022085
546902234
579504201
744792312
241674473
776247993
631827572
633298921
358195029
497907329
738043002
270331666
152861796
12377633
229290880
511875986
601609836
120470679
237163706
403601291
184059809
666157590
879706681
208984389
606431217
821183338
861362756
274801134
400098412
300842307
987403307
126643763
921970537
807335911
677217762
810122506
15468856
921670698
186147590
472717017
559091930
249270648
985620954
84627137
472933336
884131534
522244414
655292172
276349154
149875384
180133849
483179676
76155927
774130067
841247615
714333886
738247422
60485212
655641081
256928764
113214583
964487085
552624543
272652117
92507362
901663010
226830004
166619446
76420752
231585692
318529104
377762170
622373658
791637992
809968499
136320037
246743729
233785390
754206864
588851566
216612561
156485982
769348160
881676232
521310216
529197721
21882050
6454491
606765887
901261898
275916740
535796380
132840812
132200197
675414378
812876794
559813763
521472632
223327133
767102173
187326577
785275178
277046603
943139767
258530564
695340783
409549950
730548601
579072934
395567634
640992946
419101114
59536519
427387350
828762373
308161156
548597519
418144202
544011811
91487040
133221406
530903534
800968673
149285353
583792822
941258832
389539312
997223857
517663073
718094295
356123329
831187396
80388517
545336692
244670169
153352076
738404410
21745064
708282008
288542342
309015273
101253706
47926020
461661944
456509761
537498134
355614225
415370965
812579605
342167041
303790552
943189955
834810499
988067121
264525413
14534432
178867606
817964106
374908984
874327299
133194420
309317593
427639098
900564146
926043879
607468159
732866037
754858577
448637131
436901579
933021200
390262694
298245639
866988301
168556142
825754940
589943700
930222058
706142183
613201012
884944859
123760445
468203450
172660357
418822121
172159186
908123650
374476034
816042851
727380746
588675134
204132880
550735986
250623539
833855542
706695284
341892468
256711493
232608449
232211979
726825713
762372108
673337242
94299580
349610591
119469088
922921200
742234845
490164614
232540218
639048883
409441121
119923718
735461583
820463545
338866051
120069613
270585071
540176391
397425266
690928112
738303948
198553444
463976419
980985479
79382591
877922438
913334697
101684847
206518610
787334123
97144628
928879344
689180016
367664030
948623899
398448375
961827971
572069799
200882149
446509340
251377299
661914321
368174334
661320082
845955494
454192737
482144766
929993961
616450703
834942615
898772850
273831504
90774870
784146382
327778777
660229841
750272736
255303696
124579544
578988352
134216039
764367809
895638905
132521959
915194977
86747056
984073475
184447553
814710669
785046104
272500097
709147463
57776510
439224513
304493253
210594673
514606349
416377322
481231263
57067636
254873878
55741342
629275110
188896775
582923120
721667140
923101668
300668648
931121908
205356379
165048706
463745772
913527530
36776847
43534815
227048186
584187711
260814218
247820123
870475031
102195779
548035050
172497930
