10000
200824816
246678568
289053665
315333696
915002180
231734443
249845897
722745908
471724848
410517907
356440337
892558153
640886565
912200114
971683299
715161364
260562760
562774461
408407240
621945579
575892440
579679420
770317526
304593834
682503096
56702921
413084463
732256222
774709856
661455752
150754267
693433425
696987357
163205920
855783669
43893437
302071020
649432453
681042388
337005488
869763436
146061925
874000907
783878308
676359902
116590660
87049016
635446712
490879460
418996784
545378344
642420763
627294829
35574750
219282947
45850117
409873654
164866386
254114656
177641908
479503584
564531375
857752000
785595741
507501780
522913959
919550879
523290345
842950005
319659542
808888651
852417107
115703121
142010074
141983214
196029199
114979767
646934423
24797367
701222847
640801665
552435702
132638342
732637194
359000538
536078739
132534797
202199656
387602920
120110481
899627480
94200060
898320877
230376612
222176092
907664740
806724474
516246532
265175972
942145650
608219422
331384733
29926418
856939332
248922996
455820144
276819520
287207814
993682901
922874072
846122215
736563309
995451362
689171828
86307828
296247468
987256671
623470790
270663613
136640029
752830983
773641225
662383639
229179404
603278640
106513139
462560106
408369965
195815474
690448882
614987671
743849513
158121803
697215639
576993366
637381211
515144190
784535511
221520894
235794197
866985951
682832108
671530775
856120791
521462794
54010516
818650059
812559561
876965240
876083176
87575536
888592997
944289889
14034995
973841690
421021735
254548290
366921396
932682183
464438001
180188104
226535686
447481606
897896879
46697290
192997303
210867013
319374138
638284939
318318418
357547277
356772671
700788484
248413343
480811753
479025793
117015396
485286295
289105388
339756485
471628006
541626651
772157764
196478580
322687600
696796879
211424589
336436782
653863627
494828316
74183125
437927696
646243243
992521481
954043246
558633172
902844152
945290216
399201416
954157075
381858669
999063870
388922661
963856511
349462506
686938416
163875699
476324152
236250474
252022084
469043646
724751405
56038447
344253444
913489374
493226489
585956602
319179877
289692505
969710786
656557226
950235396
967095564
891249749
648488180
922347044
792380347
543499858
673719628
935098832
844907205
786745100
304283000
174998550
880862388
662789877
354726090
220299032
311342555
558724565
628555795
831726123
51732973
973302420
940711335
369219136
521655172
700093430
444266344
533750970
552260224
203933050
639598789
112481078
917342737
56526309
679738497
801827632
106229065
675660276
127971537
39872416
321858177
572665636
414870748
683234886
464554397
500732991
505066987
520014294
98613167
942749569
212086639
846940104
859757462
232022352
850534738
732694959
581149043
971684405
62241022
681575081
850257614
719008411
905182488
461972416
899443788
440019764
503976239
299822594
244030266
985024373
746711863
890485890
933156228
360201721
924906257
595438797
804776376
181491861
374457552
74791684
716565871
13782185
931001137
718470296
39629205
395539501
401930930
31489873
511001623
930891167
410518214
389169902
623658298
453276344
815326836
906070293
547935346
154293178
964306861
467678058
478896236
905962931
680382448
435904175
808640725
673988913
612324020
701733364
376963391
715224759
982450501
280355133
332178021
236514605
307033436
233892967
736466654
584207286
890752342
358287680
273421007
866047692
91341995
640444922
990194447
416380460
527071700
70990827
331583488
919542438
77782916
890988520
885874311
611671992
642132827
857695431
76178261
313031506
213923985
406676571
808622195
867260820
434971157
761267859
160320481
778497317
442488998
319430029
403760079
978349235
707605734
857262647
362686565
401210815
527716869
973780532
894139380
218671347
179557404
719696128
662607458
674587405
442696950
97977851
546605750
694070293
813397126
151970430
717409581
209512205
900611455
659151908
38069037
443060844
899481896
87271520
253324836
296329205
752776050
617636797
698608188
68658351
81946581
391193741
192459560
595526511
143973973
322515057
970419770
561719981
641049817
980035156
930473893
191723653
365567760
702108560
988146470
183010683
279509720
763016274
685695901
159303644
273297041
471075366
794759411
736248106
417373080
279702980
569863471
844025048
481156369
483172901
23852632
219642989
104755208
107122225
307226939
605525165
760058381
753643065
158703896
957361577
739012631
8409019
384083152
973658240
205415264
374712868
90715359
68422586
612618509
205417859
752032423
473573066
560203315
188031514
507966611
440104649
702038051
118586950
483674227
822762631
331177198
351811021
918419966
306055606
32573636
102805768
255210429
385771679
569881253
629442592
910869724
385179294
459918079
466271134
221902187
308498008
47947853
922953475
417422152
663011482
783925597
9133418
176930546
914070704
624868689
676160911
82052059
704309661
944996854
276918410
920087969
556882388
929644445
20895053
768136828
910164179
418241424
469596796
862972322
646012517
890128470
323552645
75683853
162721967
491140994
483147151
654230581
658439035
462862180
760046868
82199524
368157671
347323292
380627048
308810191
762485049
114522532
270561155
581176758
336684757
53107346
111453471
882570185
408410373
528748076
745054957
975761657
93671716
40876563
599373727
596215822
891942984
865439473
31877020
743856139
150446525
915894414
956328544
472632669
113837862
843584847
746309687
883588583
564863020
40875402
421734862
387038415
609409681
727966609
503300531
354977982
481410940
138703601
208646814
122070303
747366811
684345744
73046709
187282957
844847303
30445360
386253357
223449135
655902969
323621183
898308650
215040446
327172425
111159462
349366293
449908683
578636778
516098864
819008937
982295396
587662277
535207191
163991861
898184148
659633314
827374933
562094255
833362952
209826913
517994655
576927152
206847323
109427118
368511893
831397345
477594661
763980054
795375736
852200451
760602951
341645108
427400273
40783231
612686422
908140664
376045280
247498638
632714572
211750595
536132169
533171404
606866693
709657014
279908636
712641581
747166783
299454704
551424551
704288624
699024561
293324869
790034093
885034174
875884325
687653107
528006331
294175035
571317321
385980072
509317388
714293154
64509027
860176694
968489763
658793202
516407247
713188592
110961595
54900666
413721412
112469253
707618552
458574013
24073408
351875345
901582421
778690900
640741990
1026648
271666069
455569250
698096756
328647453
354518404
966365827
823159703
125681349
408151390
49475927
896295117
836715155
784007138
226638090
76567934
192027468
319579173
133720398
470570407
985758738
6812923
951285303
528863438
695889973
945019135
913014830
180829880
893389778
238981927
727265712
462870955
829174250
461035231
892082404
175186793
491558908
526683793
993944327
979164434
413258416
326540637
351682974
857667553
668220170
280661764
396619019
139171644
993681680
498890913
439061280
874125212
467387467
618913548
991116030
970994162
10061302
961826613
362953302
342594678
237893974
30997649
738194854
919817356
367699216
553500279
947264000
484018699
532827490
141912309
349199678
470851954
190180350
863237945
48764110
595245767
596957130
351388825
949536680
625427412
736553358
812616330
178563399
14509045
732434098
933853892
786609329
114909539
926773769
415348706
923280030
252578152
194310433
54381304
956173473
727796795
479809474
721595759
178533211
426632393
264920499
72649141
997960691
340036049
402677418
352773462
133044388
698277090
254918891
868815415
702519944
738887356
386403036
39983315
857156490
680696905
94376908
158693254
210141780
862616616
858731836
200801039
38188795
498710346
33213476
444010994
766271223
598375383
327027377
287311397
528412661
475098339
901228890
65579963
870027464
356607380
424677243
194154147
307978793
240877321
181254118
515410547
811983620
713739467
339265986
956168857
842121975
994050448
749337038
36426220
972604249
733883881
494429758
378503397
533543348
894253643
771239910
691502104
755725828
627078764
812202495
172883519
715136827
415471382
298055874
444537900
772855423
106662907
229244752
915537855
753635380
945171821
819917698
395305739
104044231
963668318
602427126
548590254
856184483
976506015
590596274
164383551
474466681
554670806
774573105
109694331
834493140
64548557
617066302
450770843
681488391
514503212
34644350
777440150
521245964
850734046
884129572
577310839
522419133
102395687
627137006
666985044
242276699
389834850
71057450
739590413
678285231
417618020
58106292
668326833
754568002
201715948
550386336
609910264
609118313
225985402
14317015
174792685
635837370
631332451
783878588
99643120
273610692
438717468
267723676
848528959
773602127
374819158
934796832
317438861
960683526
247588504
501801384
923354317
438139350
883021374
848312751
394675998
469898286
284533495
435989727
953741377
85406735
982706501
646928335
845646479
74931153
17930317
525280072
400528702
838650702
441515213
913741284
317244196
714282544
628297780
544714613
538999660
852261968
911502393
75220984
717435526
221591022
614863530
975288223
909491124
140615478
339472680
584912777
436493519
830326051
330710369
647599755
307877954
579500527
204675269
395473875
288766769
740669215
999423390
758915870
808146870
92388078
705989214
302469541
999327046
734025803
581671970
103504641
218326058
979721806
591507409
48229938
461135235
767151280
79429756
976534873
599248518
270155840
221408865
28522151
616195471
544337843
740977133
322025087
519694963
303026319
859990160
985372156
816337209
756824335
284434281
59571968
491093372
554351456
335030379
259809221
351908094
146422004
381703075
551520457
472090675
591916388
101139073
993304741
255244592
758833698
307027801
693253838
292452221
328254520
355798573
317778862
848984470
607090122
318840895
8041834
970193254
487547009
334677103
963645245
107254409
434258869
648379480
215377965
650981068
575910584
542075703
244846434
830094684
496663324
368462270
294497256
982794989
894121572
424671424
361086651
669745868
763417123
769171710
216135359
982110503
861277013
867385109
179855625
937071013
23674717
439986870
25743577
807886396
324345593
390229839
650939091
864429466
254211613
244751817
49506712
391425967
385774817
471352526
122472076
275355498
241794767
938876376
13239845
307153547
871338690
857517298
426890337
872258945
334012589
629764134
520408383
629328902
570896635
523122326
184542184
191935299
721097762
954019708
395949983
601193642
826690020
157067044
125183591
623929572
484266732
86458222
571150794
911801260
343806470
439664166
577248168
519491530
801109371
170146480
677489376
631744931
310034624
776032397
257056737
719967895
192475400
288560178
121392686
187675191
36285295
886875924
490867808
303608235
820657406
748962578
845769442
502593117
954224810
516434845
479788344
689093769
480183587
968028179
978547313
744111204
339089429
6861739
161960269
92300951
59819100
937762196
725959733
916365664
747984131
56586973
461653630
24107352
959332098
118641560
984071847
898757005
878281442
215280716
367671882
119312124
841311126
992087302
824479744
875164473
982596876
702930542
709887936
106647856
563947268
954333187
855585401
41384671
878038420
835645447
899618861
354008343
211849706
879317959
839131213
985506725
583331636
714961282
428067150
845487144
141441682
939060623
293341617
271621119
413192194
792311484
741248393
860708642
884569326
852861026
503120051
791852280
490016856
105717550
597850055
556905950
880421916
708362222
921522426
408526260
338223550
842590169
195547913
274310723
337195574
519722483
444500979
75918012
621991769
307924991
995851181
761354781
526698239
922859437
797340949
465974300
923430826
398267818
735757480
857400376
801030921
417689912
986251099
64667317
226065513
630204152
779002593
706801997
386287807
795453811
166575722
952018408
43835516
589135062
671450809
82815044
128426812
900814665
177569628
334871402
144264286
318933225
863755486
322934115
892235445
498026011
317573905
963499296
729409713
193313941
431080825
204033133
47765700
414814017
720434829
973456457
776715680
98546081
394363688
369911051
263393279
659107130
885697837
43493610
963666795
99850820
186002595
894793018
635120348
993705321
987086181
888385555
278455689
927252948
809706779
761337267
553128674
637622065
857140092
784760572
98942102
21377221
277098323
221119122
420224228
713108380
107588849
278495386
816267856
344053737
344974359
184522735
11934540
547310157
578600818
892366158
227996301
427142043
294858565
633189060
301703975
608760669
165339419
323681921
738699610
580380571
247994367
198070182
639614305
104355502
146714412
224715172
244766248
515477268
359720673
826126424
648859045
811366561
34762880
790710347
802152127
790549797
437432640
850711348
780329153
807816616
96610483
366558230
748065140
81080146
942415966
373508933
955630237
925852828
573843345
860530907
339780344
673092693
436536199
645149104
541715875
472009719
590386650
837475523
167020051
787221362
164665097
937807853
435987500
573616764
519589113
207880169
18219514
231417109
741919639
551945346
344955156
945868715
951792298
931805654
187890732
797105255
511925595
860076194
351841298
290588617
562057986
898384539
452523371
20996981
368441605
193039312
832716081
946990631
868393298
736036287
228572327
245158945
420374488
752612686
833461538
789551503
331533179
238005767
987902237
937204560
457902287
211138408
819290167
712603811
512655335
937086944
736615326
776292623
768130373
351801684
549524091
15216339
358538553
33302801
235258007
982429368
180056752
642537389
657564109
787689549
767756546
763648490
303976784
141633250
385708259
514080558
644398414
879551555
373534409
239849190
491612765
878743298
455672478
116880741
241180655
558495677
1511780
86055940
551551619
88703704
873806119
782546597
12413368
940812646
480306531
738918359
592550466
413108548
530164124
385621312
778977954
583848871
705346649
689781878
520096055
722163981
31352170
650662976
770990008
141414805
58070820
442530129
587870359
523486724
938662676
666349014
429618868
126528833
858544029
99569586
594176979
33958362
877011212
750606732
593454764
561829911
727076615
417538974
999833437
306774847
712598665
532575597
188147954
870861245
483792787
349765330
946628936
860823396
109334623
667345056
195362822
51120921
718656378
632588115
47038
483888042
828672469
366329931
581656337
944711797
130289874
291072880
994901153
811732483
573745045
468452073
748422701
706189914
777234868
785048331
689980342
212369738
968591799
23855015
797457056
464694721
765955368
510790727
141712498
11601407
522281575
273219418
659980186
50401466
295225526
179108316
111938901
770037504
193035097
517252484
212801535
300997903
672209896
925541999
152860338
443112716
325594106
110896656
933440974
972720586
511928756
391565693
162381884
963876490
371743969
621269798
800835858
31912178
130491347
112517962
852166176
348354378
571570437
255476362
953341745
791846237
273241710
455272372
754794393
21476499
164131866
305281017
809459478
243015810
207359363
221925360
33725894
9985519
487961480
657395747
74711757
456721635
64059813
907554417
193038323
450972794
640546267
455995011
7241900
552099603
303689430
765145147
224850237
710091546
751139197
639746611
983582769
363765606
172408742
184707326
278624094
730921463
192024685
711660729
471911787
908039314
810049718
58975828
680713273
327119253
285183212
390314476
442401052
612657734
577444674
580735173
39399600
956456694
364962113
182976689
481397845
186353288
230637756
575549561
353292377
298830796
647848675
711298622
494144329
744896181
110530170
40585684
849339022
307059124
65287711
78912854
721617111
621061888
822366280
259939244
263076472
47123741
398418553
275717245
917538220
599563720
900767466
746642588
952881064
944337622
406393761
660371451
786460730
433003930
462908078
924037284
226084340
996737845
251441774
26770034
314582887
667146270
844442885
668210201
958850496
442149448
23185969
972760641
296821165
939670456
907714858
591202559
477647887
865238052
212989196
730814328
178633772
751749253
650285502
437605415
539445530
463149208
459499149
70588337
583797296
456759253
437566115
103096592
168479544
389964953
896903890
700913626
919419796
244708646
444395957
433780319
116831987
284569773
55251277
467356488
40226421
848128787
138547491
532271544
742225073
520903350
438957404
186634780
120970462
131468299
301064496
730288388
650364607
447040697
450151595
294118301
550697586
494567732
903524515
142922367
101871332
123298685
38594489
105060636
4268122
69544126
329739913
188045142
684633026
837932048
810632487
625167123
41752953
248764004
333897567
706531056
95389674
232271493
805069718
128257217
477087861
593486180
148306222
100278706
500963531
635286136
274464523
333760196
198366698
488261
545473609
69421233
71734908
103784660
193409197
589834148
941507593
986962019
326028723
375246295
271986594
504832262
898301877
626011017
928672522
768062485
25834725
357226689
648926749
302535668
179665957
17657432
19388394
278912221
196815155
942087127
866386918
897822085
461210492
24478792
859213472
534656855
849856685
511198132
633475271
689389666
83520745
216212411
809881685
119742777
236189669
497874873
122216113
729454472
325326388
882680671
297708004
844653152
879140801
612268377
139242630
117132341
964237304
560454631
90418851
186890189
342029747
243834614
732113920
71436598
147185151
982718698
467026698
169907996
899659729
437878133
46115305
544380120
964753770
199546392
535335382
116094565
938946090
213080158
928859303
499715111
464502085
76550058
564716002
846628124
957913909
713625771
89965016
735599569
800147606
43409895
232080279
305412689
291122629
202398920
314468118
297061779
23889388
68191323
800331632
225629950
443360864
930171334
415785299
587324489
705266199
599703701
853020355
596578179
784394692
454317414
605981076
644810553
722972892
247019969
400259198
656529958
486810425
590339215
784610811
214000369
904435913
609268847
747281808
381310409
34907139
641750251
4718749
745221689
373944773
516020156
958798715
753203907
892669693
258843500
198238639
973891210
914324980
71799153
628099824
8864749
602486208
885640230
312527184
846895989
83537047
630399928
718170392
958308262
781812497
319600834
965128026
763289546
655053811
92945921
788865870
721626252
476440517
391960019
490612842
45335944
711164899
239736956
447025975
955438577
895647256
637063154
890226691
947253697
817155844
757005434
754056923
827668287
39593942
989790307
876114437
147293005
37338450
392313013
83613797
706487456
147383201
819490376
386854821
209695311
830257434
305256748
820358447
294051815
823878013
762084678
2271143
881329231
442148864
338096668
293988899
614212426
410911283
159626190
375961134
176446434
614590663
581409748
784935742
208977291
523003584
425122949
989388253
404386361
442853645
850815464
747047996
455747739
266438202
939858620
318715312
262293487
40769971
192239555
789257507
546580717
41425341
64159226
681204122
977912293
520397416
917594380
5470122
918002642
112128802
635906205
378581399
196296697
380789828
890058689
375358649
545856329
815934162
780209820
63932729
397799689
75244847
808731674
957302535
808020854
118847315
536849403
828430572
877704937
326708400
135093094
773382206
705799624
443558107
336914049
821866955
406980641
901842603
287781157
929764053
293575162
33504705
704837560
846190818
377400456
427037866
975479725
868481989
223457360
513651240
227766631
518315951
811192391
557119166
91314734
507364730
536791326
393727773
883901593
6607339
695364454
34357522
569139028
150011882
435091112
21805870
862949152
876886443
867375221
571326148
510043699
54012205
153447765
897865747
846368659
906924976
448179608
240554651
207255341
341410108
483311297
921454365
713847079
159750744
911365529
211811274
877843537
234528674
95607436
99581577
934584548
398169744
949353104
785934108
619263985
380574630
110871563
371060804
299258210
392123013
314138553
118563361
395544501
814218965
340242353
157925945
243533263
903046908
261173172
599729081
890984113
101006900
63330590
621572822
323729312
619364053
541778835
451559201
419982268
551725479
136163191
295359476
728049201
774083057
923410800
773386974
54169586
357182176
253964575
893002510
70093284
200024846
891888870
383604250
816595747
124364847
800339082
869219560
921933252
100054112
404435634
855894746
382318773
418104474
107832523
790891343
568287826
357168051
237705209
519109532
433162111
324548946
941001889
665343132
114869622
790982352
525595116
388060984
680436121
163729852
947956887
574365761
274505080
801628633
219849392
887257245
724129269
120061357
943775672
134872234
333599987
104339866
202741972
139379794
230099305
740690221
514730228
214995714
93201638
802993603
709186978
833679728
583240148
408166697
695524440
146805848
668691232
115589714
973623074
704892040
755029214
897795590
521229154
884346436
971614709
150724833
975082455
56013834
79813096
593132301
104205339
886183279
864002478
870676912
114244953
960084833
395908512
793884703
214592463
270414703
971338597
539195616
520935671
686117341
662527357
222340044
153656666
225651635
242193776
265057342
107641170
55582217
875900303
300992329
554036121
870967547
125185812
9859853
524658742
495549145
536532998
89240878
762721602
660933145
996679635
821504295
117716885
370088121
701866630
136418586
805033114
800999293
133523100
991187783
278137731
200868117
817947668
978437733
218717873
95382922
576917258
3874930
792561270
449560794
472344882
404236038
830042363
47194971
963557521
974045555
535183148
765944715
512722353
721457764
97888454
183477429
903220941
312857631
710461783
712115327
221956907
447665757
652959826
347296620
760876329
519821157
248100955
405115306
841905925
934917519
700425554
264665605
242016366
828618859
144240462
912080570
930350084
684379030
63878911
763647543
808637855
738305092
416761146
55978921
938273943
943071962
433009375
758489414
885759230
673352327
847918712
534366538
724882656
908502328
586083171
742520575
80027250
908682659
271744269
983073988
949214515
902289682
586571485
233887509
128285908
879322864
268825666
785534576
712782237
145353833
962206123
26283692
175615510
20172697
15845934
163931678
162468792
146032853
627000843
572351143
950184803
32951637
719860690
341871009
679789946
528434775
491568595
866742346
966765187
499306015
603780111
797663511
514440198
856092500
318422236
278543065
107407981
695599440
218687406
942892212
968492908
384283960
125322804
711095543
124436019
89798919
888895887
138898874
302918162
719739162
178402782
875045863
238683764
868845313
52906691
392693036
256556480
113465963
784134128
281016895
188036327
20450316
856391618
726787224
119707662
932029885
687824504
192247855
636197777
8213170
272052481
111865297
754091470
386305400
228598098
142795819
376140687
172969437
38953305
388649025
652642751
503005542
418333399
850564570
25433289
885895798
485902403
750291920
141685388
462165316
313039559
82453448
787018261
150566101
385969209
997548866
459404757
722474046
784352296
558245126
554176331
64323983
736725022
957556800
169242323
746309969
227134251
139320523
90022179
310450415
982079853
609650616
220226396
338130742
50719112
669364235
412461549
988643047
396712591
431035594
593017289
274487680
367002883
476112648
571786521
555618040
45337958
933712791
904828710
402594800
816141190
919363704
119916158
855739276
681108471
137872111
421537451
43440569
701378004
306081812
208292030
545064746
724793053
416125003
775297984
624293106
516669404
663906246
378488990
775941422
674349407
121018938
674062915
731580758
363263437
227906494
768704105
841723720
519768358
166002101
833818056
861197591
754434950
756091701
276173355
919701293
39046484
303431411
154142205
344812795
355084962
577267403
483613929
79705568
789735138
955725284
775138592
379329650
407913751
409944159
193609566
631914714
853915
538769427
968562889
957558449
43656845
202408749
97059442
720194410
538128831
56367403
8960455
586094738
233633192
717806165
397656275
206476406
346796733
548509843
779386434
58380092
525482104
455573973
311674727
499201301
439312122
690351086
382042929
642528649
369752853
422813059
997991538
200959356
960440889
439427873
689066107
734448990
490862468
294101275
453638757
126914264
175726434
829614480
112779415
603697307
889967412
984804615
715016870
356803628
698239671
78106115
756240835
575623713
27256190
608635662
472199896
767129469
429906064
401994745
486762320
763862976
939100495
732378252
750419111
777021824
392093113
373329097
740337907
277505964
23977406
633778136
53937710
622381208
783632899
109643686
297969424
511425492
77152297
20220414
163582253
349810120
355585714
719370736
410213807
408702622
499733605
410518013
150274497
847885364
276001507
267700116
548582829
510484846
547478778
748225377
599358507
441144827
245543634
734803590
599348853
980858839
701624849
825977392
438692269
807290018
39284763
878151566
157341559
694391152
361009520
284900684
119668677
620482648
329346605
47983628
399104950
486422200
44923631
746769153
785336458
545135743
26941482
722180286
69577872
914849560
467626977
964055810
109144236
343355843
558709368
171210482
332256683
790189651
120757575
373286465
777047332
753968800
301042341
763291268
982450155
583728897
898850602
788397210
623716174
28441222
911632294
325841016
480870993
563815442
163272411
950537660
368194628
513877147
406488850
884564543
709154164
473394945
142104740
683295644
899367229
155376447
352317554
186374391
130028254
604827987
903787337
99826434
434049705
776953029
530181544
33346069
248879899
787854505
447954388
473473355
892899923
432399803
28836164
969101168
467607654
196555132
301879458
927275783
40455101
974688296
713726879
413789296
694215758
933977933
494085659
392176585
224133403
618290614
780602171
334808860
254272460
159889625
127025200
740186601
795979933
164770681
169326781
593320390
424396579
397781306
92215067
259901605
719673898
345980524
924496313
101218521
359394518
881312157
296916858
782017568
193009744
305703796
811148221
504353486
344838020
552203385
619959824
965036329
394538469
511426278
824619269
293726848
677183007
653384231
558420720
79913691
216372654
866890258
244935020
425966440
825719782
233458792
401561911
891672839
671184033
965459325
588964753
530209326
617221158
214068374
476138606
872740545
471089655
965855972
1824042
598744590
266671946
606603377
560913154
477178952
586518233
708214613
173516503
541102656
284148608
869245792
766379189
588003826
299815003
553609021
399940320
452739261
396345045
93070460
450006552
37635609
213933261
809583969
213221696
793564950
682947681
544269552
701889810
500884757
292206119
912849505
101008328
475571352
962483085
261107308
178134207
92412608
272367396
884995468
452146369
551884452
769701012
822779677
694747247
875640563
436465657
290024885
641066762
477661750
648719568
214353426
195027444
274993641
229151005
265441235
476333127
421944852
430804071
705604962
69820890
276020938
304991039
222351039
359631936
260796712
543420348
304402320
169377377
996743136
162052219
787046448
511635610
37363691
278654374
814287447
859191758
413648991
346575993
563296409
952843716
701769893
647097334
154706024
524477237
180889168
83758709
2494582
925495146
830941643
899556040
229574850
337355545
516075277
428854845
655016629
99806939
738962775
280185197
194874192
694330781
931060582
508978878
776817682
227087706
601788007
178189881
389937664
624227039
699170205
452454893
573381700
978213234
772313203
521131967
338837536
592396100
898948817
891067098
739935803
468636565
172964123
379638827
381840578
231120381
218503804
176105328
794870576
373020435
448926339
714211620
118027563
886084233
534663327
734613328
272003116
684736434
909500491
649154440
698488180
331024589
207354608
741714818
347522107
651577902
174717286
781964058
279969529
519872863
653820080
349115909
359487803
760229012
920385112
429340777
219852042
726412194
801771422
28957116
742634279
657947704
323660554
27050068
993952194
551148648
724608815
337570586
10128705
718292077
855474436
66931423
91051471
662022754
438390027
85248124
849556856
104776917
455574706
285813338
74157756
933752571
432096026
949335200
989649075
816270780
283217886
146669317
55930823
873647829
736604986
684412784
617312067
119037270
400185286
977138998
956899208
429793380
979331487
971172371
694204421
679262297
91297420
941824722
822667708
841604197
887759302
684348092
260187477
106622585
113349893
950672626
625428865
238609757
675444418
405132436
351689987
683994808
585792660
270077681
517318736
937538586
314383824
294702825
940679274
132317252
432988261
144443389
793380093
124186778
465042664
673747752
293940944
815694036
878885852
277007590
530600815
1045537
196541892
133068040
373882515
430634483
27720210
326612405
561363701
479937014
292295130
302950653
662716046
556793097
86123577
876120517
496490117
33713523
412131681
879476808
165431334
236905225
850053533
90217719
883820403
547161075
988491193
792729243
890413888
267546542
223535266
610648573
367204981
941088517
844268127
395601821
314836888
222261234
833844351
622118492
242819359
619116175
132004657
599046386
873656983
293835754
924984227
62287362
42799421
295725940
131021392
886177035
572750662
326037083
728138028
344561028
784785371
297492296
895719353
659811269
913404202
731905146
192527828
811322210
269285581
390915548
609525415
606226670
340977313
97035126
654880195
53459891
647050675
873446985
903292195
605977071
506516536
299651634
54079918
43423332
100007162
903095426
542554212
965059638
392616637
861614845
173422423
209907630
181998620
626206831
635262843
629546448
278143047
625150981
926613244
135223519
927922135
762082263
853713385
935315957
519089442
536557209
963786134
737971992
729888252
131536969
948326037
142111634
427798050
356096591
935645660
354348145
279513060
983473458
733804821
114942346
410716755
255902496
858159931
594039521
998420666
491785374
943448747
912811495
179628754
281052299
96685156
439883051
174725082
201998211
54197680
358265958
636710807
519655652
895692780
534091842
481142331
685348345
934938606
844183946
712047775
70472198
101164652
834125470
131550149
843361095
889427963
535069412
781176153
951108414
709523090
177838941
171234759
703163637
641567768
114083339
52957445
860679942
974647306
375031741
959691497
442588539
401864312
577294324
55042829
870677314
105399263
592107335
469817692
399591841
70958854
780738330
718236154
241526322
1426271
568437093
79990767
495257188
303828245
212488643
366437383
645880840
202537231
963386923
86094147
182687757
895658851
862165721
588487839
980499290
561336376
982974485
726502176
882136420
565151465
749138436
153315505
385527620
293865855
583809725
870514057
880795652
956572376
665386324
584901032
361324875
51226397
465895693
288258953
617218560
338756942
626704713
774171467
892549270
2913906
468436179
872798804
116528665
874627332
469804222
18426880
257959212
787926209
295175980
336197522
864633106
887564068
666523043
117026174
340462929
418995327
361218257
901412501
202162230
96948062
377171149
803901172
360577991
550041382
204196412
371342005
380592322
632250284
864656444
972571396
933118636
623499946
677497613
342367914
404031312
63731820
876986973
716220170
535492536
256223217
370745728
349268461
206505441
882061069
425339923
428032636
705737089
860852059
914274778
890259696
561308793
923078346
504286671
20248386
460051717
411631369
800831181
687346042
157373918
371281946
32142452
5163059
195565146
919319360
389633181
538257657
672166259
20348450
334846120
365058540
925111330
885002274
971562917
850124863
568982688
760467444
552156503
764085858
533046953
503706736
752031579
37952383
188753481
817307591
597793898
261285957
430183283
85066339
890438602
661193611
167507369
309853995
563792613
530349330
731207907
44009532
391004163
589874326
283597081
251063765
886313660
213568226
698345398
231960014
182944333
50865587
588222761
50249680
77232948
173498577
41785850
955662472
677333439
626416146
508853073
478555157
666796965
660940159
732487317
959050576
230862761
459733626
700958826
74127226
739896829
158163752
604470265
696805294
826535962
327090568
479394940
318935123
207239694
513455837
263737043
47614008
684421740
338757193
676395038
283727361
814283174
558431624
953377458
76064191
117078416
423693616
534517433
175655556
563204575
486739784
847444987
788265424
858450192
817881682
226610305
797636416
284348412
191301696
815540472
100425791
176609708
236673485
770764831
941769092
142889035
313817604
306872747
228953467
348755173
271658610
406875499
304779887
177487298
317873405
571473146
183696547
482981751
490946211
541228752
646453778
662362997
397809330
919532802
781959769
299743605
507845992
893430726
49645194
484290665
479771498
252344330
295688152
276306722
953515232
203737575
885210015
114827881
683531277
28302840
370869579
318761551
351798007
575663776
53470287
386700787
73806736
271661253
404652486
20735955
332821653
178172374
422190153
249084643
172198709
552566340
176633399
293739427
330634006
933651463
66327153
249274956
693897642
83635965
116566804
367008484
845681753
328761320
37883253
952544625
960896440
404269311
300138397
686198629
592853062
217498967
438664543
964332944
189762202
863375124
105079367
559113466
219069595
646349226
18475927
268163021
316668504
767832056
482713833
532690547
838486128
823709539
58490713
323890263
908175669
47740295
739975983
33120592
1394480
594487708
610457830
307564885
713625959
761597798
327462960
773360619
749690259
767285034
13330241
395538175
858333086
127285390
206825272
365792221
229595429
525042218
880529989
310923458
548120668
974852278
501934406
415316551
791651177
172408628
884916617
641029578
692709332
957424770
387090658
817477558
421744587
95038277
663672409
284991823
931326197
285451704
472627404
324697824
170823930
331080017
317499843
561846895
208212564
239704635
299191671
441508156
452105119
637426639
677913833
75427446
353802184
85214450
117492657
580610468
784820087
645915550
996695903
373459779
142979647
578492905
816678247
823933201
381510375
603141369
478886780
70343646
918546402
229566931
159949598
819376028
236530365
712409802
852336391
435044133
55400384
31028683
131597235
313159671
696756453
498585948
78449978
177726450
992866418
403285255
781919458
195247288
53866540
689857110
573131268
107446899
116377362
774969454
156372614
204122371
349907991
118569709
233482747
343221633
774286647
76282754
219671145
445816083
716124088
4327313
337629850
30634483
389549806
919468368
924017752
512415255
112769273
136936349
757882853
172336986
381712978
133871955
823011474
132738023
166366513
460447031
282611034
732428048
549740597
991750063
256651773
201156105
842468429
256958811
798193845
55087871
242093198
452110394
475102737
632793112
485590659
489537247
203244612
745178537
318727656
926447833
441911478
461043691
645951399
544283766
706071253
996668760
656566361
593374595
617537189
363353572
36723013
638601769
134930138
311887827
539753689
510006276
194310243
506300462
933172661
859046672
269657791
713419940
741041153
252753129
233043604
416781271
209459856
356488684
657691070
951850595
464314509
516806034
54791759
32047225
421283806
831366426
51697158
477461964
949011617
482491249
834110673
621749127
937862153
93906457
642966104
992804952
430847461
757933823
121124700
286498302
284692152
131016789
405929228
821432111
564203293
214260884
301158955
596948110
338232167
563794767
154532972
579463430
775119928
469714853
403065743
485829973
410076530
444767307
935787944
73302693
739019926
169484177
903947808
857646682
685870315
471190909
782542269
9821751
589636175
56686170
790860745
254561848
892181940
779814755
730941765
348427743
317545708
837960395
896575939
273608716
174909473
411464089
845266497
708775675
461211329
292667326
403856390
392424716
293951979
980436242
604834494
640661596
30086878
940661355
31495242
437165462
408777890
545795402
973854488
712401607
540085317
583551038
781670367
920098972
463742279
936528964
848858858
315531628
618061906
102041895
327149833
497964218
315602978
578713851
227930769
158188462
271988006
784828874
498252899
568278459
594585468
519592696
369113080
509835948
682560870
421006094
279974881
643031970
652487033
216975162
27647525
359349883
940807048
687415094
146986663
257238775
132131551
344095385
540450060
3614017
811062162
448705379
40413234
209424916
700914315
866961695
874420071
370031024
250784556
213881537
557925743
407207503
153991810
406963367
19118468
825577724
260482695
279974584
949371072
232914485
639264058
902170509
278049087
596597696
27615972
871437015
932031480
529144562
542043932
714382396
105320600
592291285
878067447
688541711
462772673
50692193
810339557
397903063
108360267
561116249
476369745
742810357
488949844
205459992
985448504
914557708
337614832
726516140
555542876
994169027
373949473
665917677
182983595
584744099
619308263
664539490
598002042
565786592
480842645
303914587
285051620
142986065
875629802
931909329
827290226
783808765
423608059
619877802
196415004
566946182
861127468
6391662
778574598
640695287
723498127
650022334
71916147
105094054
148216927
287955424
790764317
393882049
258296948
531072222
662037180
600088276
472137529
344782614
71600811
40148435
595736454
433429087
296346530
534007309
502428827
665974112
499809685
404117967
57663262
508806626
109991082
16492488
45658513
810962118
849120158
394548219
115664821
103668334
309582269
276074779
112823388
889019444
207117812
330954604
886161289
763523542
542970772
40589896
109402548
399951441
620049237
98413177
914654278
69752974
904513516
6388953
409681906
904588148
310186643
52335824
997718120
554729561
626317817
430387827
717311301
246284089
50834397
951431261
540103616
575067842
762564436
723704891
442699397
784269576
987506644
44705350
546529766
200273692
112532350
159202163
77076631
280372380
127507139
530596673
442231073
159782712
747476233
611511461
948823237
298336142
790934712
281275057
982759110
545034322
703049158
807973417
661228906
247997409
854808888
361821052
835885886
258977728
194301809
275301092
356299005
330475399
520634607
876039497
767150105
979056947
948476909
77622894
927233838
724893631
947937847
350619607
916300962
570178266
853475321
119238176
851037078
18588119
529800074
658276951
132549362
853355377
397588396
262488827
941542179
771335486
284746046
773323704
974404806
950430408
115405755
438701167
493094597
131199169
104852963
376780442
384610324
234947698
265710861
885015503
420295903
325136176
798496774
334375509
317187568
950547435
305300507
946692096
306406601
812230754
360852153
885173532
86179833
966761965
753082465
401286984
753912384
6847288
111052537
828079935
296222651
826035870
106715517
805341275
144064570
596899480
710419135
668297827
621876126
596093460
175414314
122949941
621426197
273490298
318044305
277940431
972962206
904656032
721658341
101699897
303165353
857339603
645865092
679852140
162668396
739526938
113677717
150434322
473234614
747266105
544431001
144543150
16583088
113325753
121261148
147558092
118779968
586962893
718218338
897129816
668245208
223997027
920772531
232493234
798172920
737801236
310617333
95031014
762518123
483976449
435002535
52539282
680930307
499668607
161956089
945641155
60106344
7231715
195970262
12783382
905382268
699424287
887879350
830919780
851084021
537646130
34936622
186499933
402300616
313475737
903177964
716008791
128212084
225229784
84526549
17070024
776255736
909104452
752373913
637698205
50139305
439342908
758043447
161538332
630021129
891440917
511384168
635808599
432441596
950675231
297782101
522713234
570962135
612567933
275912713
681095072
959087426
736423029
770081051
546210955
217954686
358960462
651267777
131318504
854271292
759719427
608241659
203965883
992541739
716408353
683425186
743544929
749219009
700827060
467281865
252038602
533771009
493138032
116417521
327629640
282219609
967816130
4909598
795853805
273046212
322418982
886625369
934534408
663715326
869641184
152730193
329698591
775883624
521829993
856470806
335697861
327575135
253607752
702861897
997045623
830179910
401205886
522633549
467257163
934628006
312366531
79251796
678807436
19476282
997446953
123967486
961111296
42352597
800029143
4849570
362696917
3538192
174463823
791420409
734285426
555131283
343272125
121220372
574073508
919093765
422784317
181387342
258781873
871534795
9766588
576771160
730495682
3546613
955343343
575851297
898517716
664676964
481552188
659391015
574431934
101975112
3222554
415090768
547188466
323247254
705628858
407843390
596748771
246011135
212074070
543746197
102384060
361423157
593826766
859063448
813512347
336561332
521490756
974460583
248011422
366711190
436254667
65718409
218152831
538810024
926462893
457123898
510696126
964981328
814016348
217885311
272575633
145369909
417568225
499835543
524910821
982566360
370509782
407160510
163633825
558983589
269523443
985374843
465318329
161212321
585458581
653271096
284773685
256325310
666742706
665555952
258999693
901692134
694308249
82153101
575734772
76318456
369238982
85386696
371101629
796914735
936878630
554533132
104771042
488262180
748746061
646882315
571668358
910178328
712907773
213166049
78722346
586802326
249372835
290306656
716859958
277931406
380500722
400289228
51685735
179406070
472459441
415947599
111471057
884102767
289076162
55976158
365994858
11770481
63332613
288028418
31969841
452105438
231810495
237702555
306598661
851940559
336988808
901296247
752323086
809070769
963042229
278050609
128744853
430219950
334043404
159481569
895965747
173863200
419867650
619924598
411703606
235802526
797855595
904997622
247233757
142265508
943298094
854707696
101924456
876163419
565153177
592600673
111446659
459785751
958390380
557129374
39976709
731031379
664343991
947922470
403437497
176385545
4084717
744362982
424329370
622113367
933833826
537145316
480423217
817657193
823430866
275470229
621593900
780079025
292620809
115493704
728477703
300976562
238061524
7778205
355089364
34252771
331900149
477497302
907934164
391089662
982115
523352701
722510493
890135385
640262803
809747538
830821317
677552671
455035570
534789574
15306105
557828396
943820924
416918676
618230851
145291637
304182766
630854174
827982774
898668421
743694284
933625124
439703774
308217669
713007789
877905193
594108821
914031269
143096161
740026941
65407334
703433872
691673803
378509354
397489284
301164120
628874635
372136210
343737450
475595338
435868827
142704389
79959205
229338966
617552990
818727463
72519534
62395007
440274259
46675134
633985308
818047844
187294825
92374262
373987993
952328157
563679627
806327394
780967560
120906214
978637870
899825040
555428337
543828645
283521821
878113080
907364588
432634767
103629112
827077637
275006611
29544847
681316620
683723682
603012203
546264756
692349842
169106414
8077945
27692892
272253512
944471486
193056687
788781551
873135650
635110274
453795523
885166562
764862179
868104373
179554237
737087256
237518330
569316299
403441087
936676718
905430074
115207131
15170665
11233325
249515512
153210428
723576348
891194384
465607707
873455707
290192218
528589178
375133220
443561127
574592897
203209770
476783187
636239429
787106276
84659841
644216101
613497706
932218567
120960496
425102543
488452276
696523217
374195034
902941587
735312180
187822230
367737920
947621922
181698574
88265366
814900706
10772005
620347823
615834340
299430925
81867980
920691169
397207647
213463124
703109713
106324384
324693153
957884318
151780872
531603245
216718894
474710396
258279065
77839049
403872288
553548481
523305960
538386909
126918368
335480528
971537238
770808759
995473117
634819010
338229844
398898718
33791175
751297400
941831070
737081843
297996240
412864699
590100298
352617112
129621575
737182929
929309867
971722978
904996121
85945927
758036796
157202544
77514672
594618752
367433183
456518711
381359938
227736012
687001483
734764641
982036833
402439921
393271818
761820812
32830968
649466287
965101409
502220367
809968649
138733087
863172333
471798735
637502483
207595460
735898947
789057514
723232547
132150026
190130541
9672228
882597807
137228553
285520585
451942109
159336936
935874172
282833537
878709426
355219085
670463467
358117432
25321974
335126742
117486537
355013823
424262242
943418170
897824550
763430593
30006116
923154685
178296307
60107640
480807245
92822852
339994248
894936600
974145000
300449963
848564745
301966367
907481705
375739860
251005932
882591155
414977377
324480332
246243666
722964753
60665185
691063536
735791938
172639772
604451462
991696066
131928031
634527701
509970498
151589794
445198557
475705148
670325155
904234196
419148559
647004261
586224161
625979840
215704788
342435151
640848089
497977823
871380094
332557003
678156281
191906385
659392261
920789381
574464688
101329355
418764961
553732293
465133122
30256978
981762389
218735966
641156438
471860044
756467594
409858401
133349906
581285666
145912177
687705500
663749249
704533610
414155601
434709003
185734607
320817442
933194984
817595136
515371079
233156892
144466871
591383678
734595744
274342354
221223399
96317157
7772282
49182236
975207702
875038049
573281535
474606843
195245335
932600180
762412867
382689867
156001267
827318842
520772876
195943768
537137630
873087990
363553610
313406
829017761
89367788
948849715
415397797
567300609
759473654
770762777
28010447
982600059
88961168
630203750
765845042
878351485
8734000
100877935
989517219
548485713
718753922
166266358
222564949
222378288
296778638
453017088
543122373
425278183
390609869
387276361
195646363
320051968
855344400
350620228
388052888
298265178
178749251
127717014
648970414
309872865
248785968
121292164
689546215
486278086
290266766
555081362
661139418
711807437
45142589
505842807
841185283
145542736
674913959
759903862
108853892
150587044
270092295
11368212
923067953
455367835
576353647
40280598
67536281
359219055
695843797
459411086
786315497
883195195
50528228
3080232
71009788
863091682
298287323
184184325
501270822
54305229
297951772
840505462
590144766
184644046
710797040
696301521
290579514
378532687
511917266
897617561
406024234
256881752
941719451
65658575
101767669
257614823
600067935
765320176
439661344
811836137
816930051
583793023
604317790
496095833
51402244
945372529
84397962
107168069
432893475
630894086
603057361
42973384
248713764
328151452
20612100
125785157
516894848
514837657
949989434
866421647
289239681
554860496
168820036
241385536
723896608
583553128
705023178
247668192
704950908
536277150
922714645
831938453
429186202
618055316
29396365
674950532
66851173
794153167
440835374
982885247
794399305
96360283
948309736
256697838
767278678
657724437
630083767
959809102
639819880
811235044
130220440
810336873
758381231
532544305
477897256
646070504
633074665
79254851
21358548
111750377
197693193
490391494
943630122
374669591
62491244
798666995
654280505
736991588
515429258
339864630
580423412
588475829
476312253
698339928
499015744
72399838
432267643
823637514
420496123
707945089
45838029
350728638
646122518
804987703
952305163
74455816
649212055
826670563
125449237
532077867
857176146
732462943
646220592
915860540
724580936
662670000
622470322
791717425
74453783
107469881
123432259
120710720
309832604
863635555
687227425
661785943
385992759
399732880
778934809
688877627
775062508
838979977
251163101
240803557
405066070
628417921
723656319
981116172
414621333
219862438
104311184
892264062
35376156
730810508
747223078
851845536
464178693
995991601
771101152
528328177
408712689
916068404
9437171
699753994
629230446
163428294
77647343
186511517
995326544
231886651
862218525
940200079
148638969
361409248
254006486
796556271
236133544
764509549
594788126
820749173
96057520
679696411
565620885
330461595
478279472
354895939
522938174
937879148
553653700
917136451
529973523
488750083
619793421
828987034
545518920
722814010
489610583
997339848
333114892
174169153
681260803
850322246
926806339
89649020
10819270
803072477
226529590
745079180
80993088
648700545
585919966
310121181
617440723
400759306
367945837
587438451
325081043
356616502
670427043
254154710
128748998
646391419
190989830
54251592
24611103
771203250
133325667
353704392
743872553
889796077
457407365
760864364
878855853
727796430
462677606
115577550
194556468
503251673
999630573
551058202
529552331
826399947
570594911
373776966
857974314
498128637
367271171
876902621
417941044
974124320
508669292
481248980
682162605
149471352
63379039
108362831
178374307
902011930
615964835
579089930
103063249
929049923
757393200
555801551
263019365
194952135
258994763
145189391
844235155
204743481
516356582
964996063
439637324
976434340
131773024
893112725
891019431
20486101
432153695
3697720
225823294
747652946
177527937
886867818
895442695
554579498
763840182
688013424
254338927
637918838
198944238
745082571
917261429
991366657
517752140
343996688
461437149
68968299
945077491
752248954
622948519
864957483
269513683
858893090
124886320
68871644
462806943
724989424
98939685
693460727
446154270
799765188
88336052
530860900
494626891
200105289
500798157
277786790
198805044
977286012
967906308
832354277
879782839
321637566
649668874
14823949
716218374
32920822
650386549
275962287
868561106
622402544
753749317
324778389
617017427
130035367
846710217
501149144
23820800
680812636
848310801
158369263
301432977
240182047
154625491
261178047
625686972
916089745
793292647
877313496
107478354
668282040
494596506
189335496
519344540
749321034
645997219
981305196
216137927
292177770
995193557
911970936
364518066
978760142
873813610
725128830
427415710
459543188
739442354
757882843
174072142
963863359
857369586
104092709
540540125
271655757
53175726
239640529
255716451
902725555
696299667
792625265
335807330
611586170
178987169
822829677
271126747
649982823
727274449
665489229
229922092
500667331
554944393
935823121
356501172
619607681
394887182
226313764
280892368
216088981
14363209
706781899
729648787
342905235
28991009
181041305
612429549
400799739
83134769
386405331
804410352
81149424
953520689
425030195
237890205
612766235
479728532
708512028
799280473
858737082
231259590
148737019
34064626
629476289
287103568
107216045
928176616
342008820
951331171
963652614
738797257
512913177
558650774
758215328
227254661
794871466
951650823
715458088
837623013
762015157
779410768
258561822
707369835
777996815
559157313
574430405
6675776
581032445
743466862
697881686
598270936
135219814
94029601
834380201
885036534
15335947
474960810
812497081
528414729
34149564
660495485
477014672
194290788
16237685
103079225
438995166
670903081
642438102
92967027
376894439
348122887
938330860
68818602
94064504
11992201
371892872
516535147
115140351
914519327
416877840
786774282
404045603
262853954
713184279
580487911
80354069
945818111
538520920
797449058
606303793
632824450
310713448
423100211
493370346
859009246
959335244
767349172
468578585
248540998
881295072
216845570
159467412
924513079
647468744
984953150
244387588
660637964
609220377
824963013
188057294
524064907
776475202
951071847
193172398
390902227
829819734
59879489
387559594
182456419
635411184
555482147
599507346
296199644
329623428
438792481
613802407
116693367
78508608
418698264
58292149
772028869
852635966
149304412
411746515
703172513
94851377
709515317
354440716
238662111
466236201
210411167
857302512
588501079
934810856
535742144
428697539
695556413
821076806
695945721
950840181
96534726
214071025
177193202
953161935
962058606
183125528
319532001
844900199
551169923
39530783
46974666
576919276
634853356
574150017
331418390
767912127
445489398
669553208
261950467
301044884
773258466
963223909
615651492
970562360
805352199
374283662
554522099
814874205
866421331
349056510
708787042
908366520
651785217
439317437
119063825
798685039
366499737
904601968
615234329
814762070
745171177
69710044
102142550
453006266
22406587
645262626
473291826
376246359
986567819
239769190
627859773
637210383
102637802
364025352
876007392
120327896
879670677
833752716
956062006
492954903
802254802
826025571
987355524
120749
579567420
400884089
446695919
13341028
351919450
85614840
65953094
767444758
543918579
41582959
362611254
899378184
827400630
314558180
730662759
195474470
906136408
203721047
337923859
348994209
217555028
531750156
700961383
541888479
290617425
4662634
433542734
235748558
735544319
867697506
296172662
369034404
720875765
476749292
708899722
702226545
874062946
534590524
941722644
113981645
219890463
388166503
31134830
699584663
413785648
896592347
30166552
883193089
243282321
380665083
337951904
935301420
814872812
788626724
798009136
719224714
279665134
867405658
983494200
736453515
777633506
398432462
82736271
159071700
427591411
427096963
965076709
609268042
96935063
387519212
691920789
505946222
598894668
432783805
975702426
627189085
959497907
486982519
851183428
616069888
141290332
796828478
257930883
695103395
580100118
958299807
901928521
95275728
161832898
869841585
508904881
330877984
755604497
119573958
44367026
32551020
363254077
2485846
41097615
649323597
775628166
945183233
584163848
140445781
795999160
494075750
131355995
481430319
426734976
785592426
643667183
190374368
211975970
791955090
542352845
874423058
995788103
347512978
711192712
967058702
589663179
879149670
566371492
226144884
608136040
872046246
875186972
975196815
898779227
203708917
925190352
50458439
427178305
808908779
116464263
826279198
834112205
176343422
288911267
625407474
578561921
711894997
344550868
269062184
279930065
972417029
880045697
14584208
607969396
561557278
138035835
289210722
623234891
828970383
480290778
41097883
537941872
727542422
659485777
284091079
337608080
494116459
443632020
150500977
89796752
178698363
203232496
484920444
31893746
152003775
936629284
548941134
709088131
820093475
637321150
200932577
317065873
447579929
523808991
106788751
803646806
664030199
928873808
521156597
771573310
90583557
229206458
146611933
51562950
636089808
893982507
911293339
879554713
160825251
524311389
580907976
815067217
96001614
808997483
791874106
45940117
985035660
934666755
646064199
170489859
153415901
461674689
238581851
38716314
662784588
218187389
214326201
972760736
699638997
571069066
621563276
260546306
374971110
991154721
922570747
109006979
603329490
695028095
422471984
609879274
942355879
979282905
286200952
442851187
521617346
509319482
611188649
674119098
481842834
975997239
367968789
980262106
461127515
356025140
525257808
992766225
262225129
970042464
563038859
593565357
465075273
163714652
882292890
563202658
535201432
668700699
580116161
398221291
676704866
992385312
976199998
331337339
491698448
213171856
679224132
613622721
627584314
190616369
903814360
488886439
408517155
168175711
196888222
550794643
841045846
856608134
716098889
841281264
551252128
447480843
634556028
182077734
963295466
696015792
861733361
333519503
235128801
688160519
391846795
334462829
785296730
354120601
896989645
83924931
145698470
900984564
933847938
762006841
921180243
594777962
788488875
261942839
609733741
324573128
695824041
221253997
107535515
854669566
953000012
391066582
145510988
528683946
216737336
346688019
496830724
173345200
275025071
163318982
793056673
972641802
603342502
504897031
142680551
901975521
514378244
848956302
949404030
683071172
230429437
839736128
411983428
963018490
70931480
101752656
503091885
630484242
800613917
93156777
982903968
421272218
982060357
953970968
970437842
496826618
103286956
28853728
412435587
473963568
128488180
531193503
76799233
975506832
118519949
574679310
494603326
289024453
251286598
580151918
892203059
853604647
24630042
375267094
643799817
272333476
32046893
379727554
568730825
528852833
302266148
846419695
689480788
677104684
832982397
211042946
137014945
269707577
243322375
109931138
965098261
533926852
787167807
616510607
34933085
995816544
203199793
903712779
236393629
864001575
696765219
786768622
49310130
865355434
940371247
935889578
759719802
282786619
237331939
978810505
965697184
839825527
56342244
23612254
864002309
813140562
134260570
912693898
932659774
705313049
688422512
303097760
149946583
479722660
321552519
492171244
590854411
780057925
17787371
852384482
772131962
750473699
374156053
317213860
312273629
628993303
9562405
16282669
590946830
810883641
12157519
467616012
998250947
527845727
735456723
323684119
876832094
837903631
517376869
40641704
337194570
133121302
952025470
546053255
724781784
498832516
149334248
424366171
219376606
560461212
157365876
993412413
907405781
897138393
834139628
287130680
599425183
424860704
564509282
394225289
219743031
338958395
369155924
162857619
925583908
801108515
219432367
119923637
318071092
761818509
49759376
414226464
421640271
195228562
428947033
553938736
321322530
806782059
361587360
255976989
58609829
622412213
140043126
770467797
133520986
568104734
350251100
105652159
347348461
431685830
809659316
525807794
757576897
288228430
123960936
952521438
231648217
551419767
891022048
746679244
578127961
451215089
566875902
491404718
1754454
190846219
498420758
863542152
620870049
851916858
753980171
6528965
833805335
377022827
112931191
762913285
278129801
506117453
539666667
696687275
843076884
541992905
455085380
632837724
119370325
848458459
904523882
348551304
984516550
328771472
970035010
437009146
581414537
411027769
779909483
28435699
257150142
282132357
694742288
319889383
445058781
556518172
4585299
182810764
594532846
265758654
797670153
680934699
226977094
293857551
966444222
59835744
783712636
185698251
267055783
994304691
449588116
748407020
578112671
580870088
443407600
586529850
822903867
949587574
38116228
348800881
597789054
894217273
590239544
887179697
773731778
176403268
754018875
37513209
31899995
400991699
430066783
167202693
40228325
517876499
581141242
611454637
611827792
290833529
634020676
691084712
768111697
773585711
385761512
857495720
802398259
803307078
188646969
899959921
45949082
357156839
197754830
527462475
537089130
47730322
935534181
619273476
227617362
925463737
206335798
49692464
300106898
11773735
193057687
960400777
766130644
342365508
464695169
219936414
418159240
902429711
890439609
172413034
790669197
955025425
729712031
142776320
62405863
523201223
391524082
978782982
309348197
881602680
147248549
805892840
364327619
23421867
807085231
385359272
748118660
43429295
458600233
786352037
302042172
548853911
587724145
296006484
290068578
863586072
387832345
101010916
244702571
145259959
228821997
659364409
227587143
596398966
755532234
617593770
860626813
823414913
244563332
885342560
692458764
921038637
954573659
499633507
659339658
822592038
103077700
893594069
72385486
935630761
253550644
518245658
408570578
698404320
534886076
296063067
916131376
614042634
505824805
749557035
662279830
235148751
281922240
329903218
307595045
255964693
314991738
957616288
490338817
646017785
806353423
966275322
473884101
961964813
532547580
859760399
199876565
825635975
981017677
721208978
849852169
189738593
369113019
774494791
88019049
425973318
924834152
113007271
908683057
771031790
551027170
266133585
274809352
718331634
407102375
365071076
199011840
71323945
453964247
887721301
263669730
486283907
67061453
184762934
527055368
592529015
779191691
523204892
240459628
622266833
690414427
297784480
196304311
964165055
104948569
317239223
416799747
114872010
492350317
69351322
107824829
141527870
499978313
48397039
338511541
689669810
168397644
629931865
488290547
740072260
357689412
376765945
761067658
171239902
312949827
133466153
378045034
309000748
379986747
669887137
889741168
43861632
501009143
223987596
130776232
885765786
159652971
611069186
610180531
459009768
598962204
43233095
544773404
111036040
905642193
1347057
619934817
45532055
729378761
901499734
23824501
562999141
528070859
733809688
974879773
616160613
192225250
536025567
733009385
255456193
848424320
745236111
321419600
417099594
601235722
870443596
258588916
189432339
604345852
426423328
766450254
395428895
311890066
190418082
183919710
861841195
307193584
677724465
356668677
991221486
700857671
467800886
327360647
661434286
260393343
490454493
843425326
13273094
479878170
457200602
374726562
995763555
602577946
537432410
639361012
41704203
899222148
620823526
461446791
638025680
661657224
392792433
343610650
39859125
950479317
770293480
503551342
210257052
873570625
137207446
742208232
762080501
461966368
745916581
890203198
401969395
670095477
966677568
727945136
840096798
589049008
665024194
514255148
983529960
816094585
341535644
472694788
510026744
598912190
163195574
278966917
175835902
379779019
34021563
931766255
665537715
359966205
646321517
685325585
597185454
668649538
597024491
411317658
534208973
72807734
17966426
60163405
45529875
372809620
47353960
759042370
92529018
546306105
275748337
606680450
504249580
878675903
807004042
807891639
39643849
129397240
576595705
47715967
439796371
578813905
731162916
142973991
618600135
431566447
830081833
990018610
511778010
618868872
52627472
884908005
43383056
435421043
896740193
551465295
697829405
258209528
633541458
456461496
201559843
385665528
505218499
379979443
158773618
861080306
592410223
711928064
914644531
734505909
873392669
722656013
854347952
136519266
956185719
444175450
523925256
491897811
900092694
261680043
736979549
239103938
315814790
412606469
920424139
868594508
132491649
689464281
268079533
764334554
568096470
127495426
196724481
852429881
779129416
324071114
650580120
617582554
118833851
80400584
980687228
220049121
256479235
450859218
267110396
313306433
150888668
677168217
611716048
97390949
488942449
806737259
936667393
667821284
143062847
93902401
669021400
612052878
180014907
80987768
136786497
296636677
487561616
457175766
717067996
637694100
700959975
478701914
254215910
660278099
101618205
14393334
792920948
884351669
268094476
645466435
966329888
112480332
181997245
814735788
472569402
691703096
891212698
899145523
54893562
907246704
749840634
182839429
883763909
436471545
464891032
447705445
991398459
75364526
976498433
387340819
557143780
189989507
736005804
57365758
707166998
183715721
839797625
398385311
469060130
908574007
662087525
616087101
720927248
607705444
603387261
964006335
908322812
804827849
852557927
539329961
513035006
573342610
150842173
300832827
711740434
491976776
773575099
907818813
886731245
233382109
773656937
306816526
848214372
518737129
223538356
983731692
873058877
946355227
898343933
930149663
341318885
648617874
773789387
495273068
151818939
524021051
228929438
526791536
77804208
521300549
501869934
62733970
379848592
50711976
375662682
31537046
820524806
603085580
527702494
518152742
263991701
502185692
74193554
433713085
565621127
117490545
944104125
284747427
125716634
193268499
825829112
650171708
674342787
570643553
197497794
538246920
27989856
246472752
307680553
248185216
429484885
583795659
880880831
612528257
779278227
331084905
723604726
518291548
778380257
471887704
743376514
674850428
638499253
703010537
420375473
168294052
659677600
137055010
268004818
981271155
90555082
629302580
910653679
39646605
93125028
54820253
294864058
832980308
311342368
460210627
848786651
256861272
652274499
159347998
621081853
663134705
787346591
499333882
645666581
459235126
24164558
841526917
584526082
473417806
625846967
410421261
841950482
506199338
97544406
474057272
596947302
83055919
416553825
948339327
666837364
789031781
535488933
672539970
345373275
917395117
987697885
47391992
588775882
233435267
580831812
996531785
837786211
159767952
129792786
760151027
444392154
27534189
427154262
311792983
113127504
599347557
674616278
884693780
172626064
349832136
426405075
302631746
194867544
835934188
599043032
48955816
726865872
289536781
447482280
880199657
879556823
764559101
324334952
395088205
967650227
263510299
164440453
646068060
934030477
917733690
189448684
735579500
202011992
851797698
222719428
977038950
132486111
42550274
198721084
138364187
656441231
267808775
281598220
627776457
947063900
722410504
595824064
618892851
370985276
627009369
701636941
493699503
967400606
852299491
836822276
725647644
936819761
919243888
456762227
987903034
301264327
838454014
781365896
304268467
868997308
748651155
111879122
575559569
490673283
299128949
857342908
624048404
886427884
125827875
607746293
156819796
531335417
546712354
954726584
648238291
318040330
210584400
417759483
25924481
711979717
633269931
243493884
747580642
342452938
807058745
931550350
663699312
286463647
287551683
135105457
237258237
618687627
555529306
382727028
259347115
389510250
433839198
829100204
134570194
763367288
221824291
461212295
442108628
499085181
709220070
768476644
200847110
294965846
14146133
267183531
724588174
270706067
136801575
380883733
270733771
235019498
426839767
72165113
979950980
786991120
73842263
504515027
195841850
120084415
991815921
291039441
199076839
833254970
246941398
530021269
418036954
704129872
324263410
86119713
657501867
743431259
136659224
655444230
600636011
101503254
707160668
269259725
206491008
330626744
29939525
784344443
490276615
858643954
831154316
102288394
102547534
741643313
887143810
41493561
513089493
716149031
539891592
786679395
674412338
27205716
846979007
747034913
46914281
441136279
704620747
507628645
667331987
485905710
965025076
803488353
320456837
758108699
622759546
303623773
423453160
93540822
118493699
227219355
986452482
329639793
150837895
344573552
345315130
369142101
864839852
464601405
145419841
85916938
740048348
94383655
44302032
968462502
976191164
508591098
897105979
96264239
634385818
346630327
264332651
493445104
886889347
92275844
441807309
523863228
382133523
862026578
490698353
601613202
414746166
430058265
243494966
180936138
664189670
83739972
718756034
965875144
860586084
413925463
828818986
736724021
585502665
297246992
579195364
831513176
970542448
514623260
487335538
409689722
376995041
256806923
609294102
469848663
477097430
355266186
915423247
918322962
861310740
889883450
623035141
562700693
231706953
596580029
814353371
191793931
947882331
190295737
751917664
672097357
785128853
772646190
460587530
435540139
997648137
797974834
671366360
117788916
205947467
929773085
398029132
403217819
614494448
469431976
113282959
639623805
295631671
236602771
867993505
359823604
93990799
152691777
726783626
862785017
942318628
427703859
379602242
546278971
98641394
420874207
696844008
805855042
863489737
541578641
961810714
183589765
101931513
363912874
291726620
985883320
720232320
706754665
551836344
230941682
406788014
113446985
499144210
363079788
905694969
595891564
170838746
988291079
461016275
1517215
225891547
976410704
522219849
917299496
646486063
335594944
470889743
923013099
501673767
905792940
322312315
518852473
630849334
191439552
352004721
585319539
119341005
861535786
493322287
338489587
726466298
518576822
381161162
731774420
706460257
629024372
78670344
379656462
565038378
636208731
941822905
13526265
351323376
115036721
349708668
373000878
207298231
51069388
74594878
281188863
267036684
116442013
660508600
114155773
486431747
791139455
938666325
170237764
851772246
283258886
293353480
764455923
784839574
901340412
750842962
761208017
767668881
777312262
811889331
190615452
621718814
11214906
133225353
596006824
11556025
771729054
272546101
665447811
654156327
724689991
497110955
913459318
64972588
964687562
701785026
533813361
819527269
839429048
748678066
514875048
949983774
784243966
624514148
913438797
392972227
713939401
365495884
895127906
935377217
129241069
461567565
57222625
153692700
304624821
439830563
27213624
331579480
884598956
385008560
534283606
10904515
824706984
988319765
737345244
344901805
436318596
464493054
738791301
920154654
351149888
653820009
356683919
403677394
535686177
879498712
522662211
174323241
273252516
636043577
276148373
744070363
353165328
281379681
182005846
295141308
451315636
297359750
232509136
319642409
435348463
404690057
63892706
985011556
606306289
654580297
691038094
990465438
456183716
664448818
579932712
366466401
812749465
8914992
331990634
344791315
54716472
990770888
435504601
802539598
644898562
415935687
149895542
582570075
54160665
904290214
628839205
920077418
976485507
217419280
407455702
679290242
319098061
243375750
302691051
572026980
623410145
503088960
416568467
265338718
872101307
75895380
907849718
119702653
52304235
560692074
446994429
1555278
92169373
798346448
497202194
476251205
182159547
462672783
517692517
763885730
590874629
452452055
754590593
270988042
356574236
339281091
151139711
689893388
584576011
165310934
535610055
233860493
622782138
140217500
475018334
138708735
224191820
480111913
606484025
161714519
401832928
3286392
26827359
612877152
557413148
201682593
256751269
755841431
127925300
972037600
1633495
411131665
512542237
351351799
243777290
416970098
151284876
564994535
495488109
364170567
394959159
449500925
146767090
543690869
678311416
378751362
627553940
637516460
194502212
431729504
35023407
283382464
869744496
765314136
311479665
456051009
417653094
285179754
601884211
171661763
908907649
119606614
159653141
419315176
723356302
71316756
511891311
768065010
880626256
51682488
705875055
136548508
236504340
730067692
584244220
805170084
983466889
187085260
66550637
847483849
231519941
611986998
757958997
34070730
562515703
396850759
281330524
937510335
469140879
638868205
744176484
26179997
433503677
991815833
900998494
564588681
137903311
190133321
528438172
744690361
56761143
726867009
929271581
301365124
150236607
203742082
462406117
975067900
408735327
61875476
280782037
699804199
605736434
655102320
361723032
793324263
764190949
182868042
571930973
288800694
21049794
896297379
647473903
784827584
391059907
471007641
346987189
14666891
273643898
614685885
203202046
888464626
613405372
678336759
185036126
587091986
49657672
695077797
112209477
216664909
314303958
426125169
220148138
990613855
836208406
215337904
153764059
135506925
358327051
468701453
61322739
175585808
617588241
316083436
442471277
953711596
999171537
725638526
506000117
997541164
567047630
172382662
837133806
609904747
814292931
378920968
97944987
154922785
153253164
484288342
108302089
701791209
510230009
206741667
321957146
508730349
690601627
381789366
437606003
316995249
325473930
747222251
404078161
894001546
453866597
616069703
860391103
245950069
846222767
434042883
171655454
213961224
514546246
963349736
888146845
859781328
89950810
77921290
493058710
113834458
120363012
505500649
998562000
547886092
577469847
789654120
78982985
841930445
812683921
389914565
966655675
920038271
569854891
476223944
412859779
733448501
720230741
458409821
744161665
713961260
339878344
915995769
483568806
202073781
828159639
564657533
637539924
660815669
592417687
193717563
75577453
652115249
904446583
679885579
954470100
414884973
661127765
250350660
459157489
863480341
393846868
706651617
590145227
910576524
694018827
771315584
468545180
977182870
362301931
916268606
234054021
120364372
672020577
403220156
385820496
946787408
959738812
990850478
456817784
429652393
250328505
295607770
656354968
19233020
158759545
640697069
194878757
60308129
337429789
478673997
475158894
369367432
65856700
815659771
10989466
204491347
540006196
627905272
618287376
364881920
769026860
789664998
419665898
596980255
872168377
998900026
612132678
640255343
982157355
125789753
326537440
434707614
960218835
529777700
910101439
315229415
848755085
299518017
505428055
253633931
560329265
131315437
101287619
888334755
671362502
285532021
502611918
620255109
884574153
115814990
175196850
883997249
86084301
386071163
325394662
594407257
762612675
264900568
887499587
223587422
126793580
865146178
720629704
630952046
327070134
362882311
365552641
827848178
536570312
128020721
181083977
120585577
914964225
955753023
50040895
70075998
63050589
504765629
628376529
239247565
226143922
767488725
273198227
558025447
641077248
117164483
626928252
751587620
106465480
69832346
55065435
299795740
188562407
473922126
579988015
952670341
739516365
611673894
446886596
812720469
844241932
523587081
630312392
427888881
261240416
772682469
669579321
907412000
102017776
502039434
20370159
435935758
892723129
849276283
111694500
999948293
482459072
382085561
162872717
552940480
493437966
500718049
946740500
800024362
849350619
757001137
712210501
172609071
618017664
18853556
180817546
302565283
939455453
626583079
905195174
364054868
784490311
252115828
109738982
105261337
634774970
178346585
76931523
579865268
233133659
682031736
133905420
319006045
772717859
928291032
1126352
335722094
246112141
436314338
837602914
612699113
962417016
390220762
949699894
139077165
714878885
415990967
747372891
254235197
392228913
203141824
328803753
19550993
1343612
210811884
899732566
897585894
449681831
781896438
829561774
492713991
443139575
47399587
828208659
811350224
812477427
476879187
757144510
583746030
601019644
117018195
628319706
740056520
20035739
63570708
516510994
838534426
633976676
895021674
263856432
498815455
920783920
840114668
972125200
623788208
125723061
768227
737499285
977457485
941601753
607083385
233229039
387556191
366762785
179237245
874872724
518251532
315387909
159169494
904663948
768050221
653675000
399366756
366748597
888477965
776969086
998006054
230351958
969516744
990681938
869333989
982831959
485562477
461912797
869095594
10412923
808642720
183093561
803873192
30098913
200219637
484915537
66454730
867968660
842370117
834551635
764219049
94791274
793910245
416397419
38561923
390820879
557131234
944434243
846387080
999363560
383007074
30580786
412174445
529735881
159440327
281417010
144114690
245207073
285406619
837187149
305966753
867839637
998946274
508021800
651889056
706678377
199623578
892283229
148646689
377681851
404321533
303111433
825566576
93518542
437893754
667867039
964596777
255453641
219078294
17949015
597126306
353038806
419260012
628629949
589434815
453936444
721842300
936979241
449608425
475110217
312640701
626435785
765310568
684640685
74786432
11862928
145449291
727485597
915830426
193613236
586710928
99487129
217192759
577173049
350667680
847810432
240782126
561444638
855627150
602240642
744815047
236023828
524122763
598565766
160199280
826889316
366545300
924308160
713099475
989847171
536791554
729684627
573480311
372497725
315297484
839365495
201765096
948176102
456488839
548194376
105985850
164630450
865399907
539523079
507793959
263152003
879897892
378532304
425643437
443478815
463943490
53337271
226080319
960245430
236467205
417891091
349276734
924734515
671054503
327354454
858049700
938768663
714867265
639254216
526633849
616657511
702067175
164966713
6828654
223897929
56689214
482982984
129514840
49755523
434407108
854084728
243782499
493106577
661225554
470929050
435792978
125343443
504141235
982701450
300517776
28511899
354016753
395289291
298713545
151239950
637971420
435730378
795976546
334141361
483516833
554487626
632787306
260899539
388118537
970839474
16684900
223825038
222718477
3153096
418396411
814771935
985941816
746987663
125537771
69621598
277395559
847914875
999164441
849137920
140974273
887861254
351966963
613756158
432878341
327439027
73218770
826880024
108464720
236510480
71173567
381226928
606835473
888888328
627718474
127719620
142653639
853158932
123782579
469029227
415287693
739125961
66944391
658883624
122647466
186141902
255686192
316941584
121318
694575583
743143514
273852201
193975322
545475774
46275622
898349109
450497955
542873271
780385104
402366396
97352071
625562
982537010
254449097
371332875
76654235
515012957
938565529
213836236
360449125
622453896
451755087
582127222
965960471
901400573
817642858
308365698
638191297
468131825
245201781
149862875
811073265
359105569
210115317
728957541
754382011
751835359
703189461
737063006
64578061
882760550
479827907
550486390
300768458
847691132
579272735
264763451
946671796
491024921
388298769
288243101
420683325
475231195
142504051
522626765
809376933
887897935
933624247
194451248
972057325
646688010
865575674
20988947
10613350
153603976
537171530
815664229
918570448
823582731
472394907
95216206
449738458
308961970
882094830
503610478
840517791
26231084
670630126
473537022
410901139
757298700
84421219
377047843
157932007
317151328
607218239
797873549
146672695
215695042
709348947
875675348
634081913
263899026
445027063
497091785
192292366
30694955
999982462
687819294
321035839
800569889
901719655
25188937
824132450
772209906
409687148
308088121
638753246
297198767
272135050
92519118
251441553
113869274
83121405
825850614
884522416
892570597
878397629
232711975
418121163
78569349
15431002
858752457
909008613
82157539
914339977
519639404
955648540
587102947
326200510
320919915
250577380
776065607
589748697
752313270
207923555
60655270
659333551
29787699
754972698
895901990
34902674
858127927
755143663
939146225
708625565
524740976
267489161
878542423
495417014
367142728
278518761
798456600
849367619
922627174
880367703
908302194
357657430
325188987
440790046
713909476
770049230
315431348
415784487
701548313
934880193
372529070
998351553
696168717
539611570
788255917
718667667
379718864
806718386
128687919
808971991
850796377
770514719
396750271
451069471
673594962
606760793
704710004
956466092
751350726
950883919
481955678
412382979
889875241
394154496
303998834
60178047
954982424
2451875
568044315
630114107
748379846
303029223
243461985
145224766
373959049
419649285
69013604
585119301
740346962
597690436
910977582
595880669
556578842
596146380
300833612
876281889
659329063
301615188
213741303
238482710
119771666
365368839
889094029
996662534
392454093
306167684
718476478
888123439
549998308
760589964
698311207
453890322
785139951
706511401
535756287
685017137
377119506
757427858
958957219
955888216
130066243
209905870
452272746
187631998
112426039
570316781
704530249
673397657
927309735
874611578
103306592
967190614
160043734
104372591
93750203
298441046
568612029
778490599
993818769
848908913
894673629
970131327
53492415
679338261
69541829
561343528
679346749
442653076
935993959
207976160
628930271
25552742
256948249
569113926
369941593
207346753
100721411
213528035
157356854
413287458
685391656
48101419
551787722
164860024
84958792
511323624
163688500
465364464
953111978
765260385
581391852
467688545
789659049
422373702
92738714
850552989
673302131
993213529
779692606
242165012
352285843
128085599
89142150
795039515
790563802
630907546
853636540
893284103
403847132
827590876
158940374
845518824
267281544
327164044
364951750
341038252
260635514
358722840
626547761
39912948
59169747
159217411
221807675
134836102
677580200
493849588
916240731
805430045
448670484
238208918
823721081
144114880
126737669
391738312
955573779
40215132
440691223
281506774
614935999
364012650
761846741
714031506
726250697
377549599
65414168
169252384
786017986
484099109
28462767
839267308
129670772
431029068
35585566
431551862
608924663
729986022
904762204
107399300
876234217
59693345
188822468
979435654
839592215
297206701
409946687
240108676
790346852
287624702
174416401
418506821
157743301
971643294
503174410
317130449
134460780
266529727
93233369
79292529
765088872
634996814
505444074
129922158
669030532
573584448
643201177
493716844
573105438
277170481
885394285
9962909
709382994
385923241
558024525
260593350
764630655
360532180
206477478
700714136
594089812
2041378
310409863
466378221
830213471
717257821
866349197
876129517
410999466
983483902
12025232
909535551
340249977
105990369
938790352
670057249
839964531
185913477
920935839
785102645
37840824
565760424
927496174
213973056
657052788
545339726
108266730
678486395
303581886
989694705
60759964
972013746
754773025
796173390
53782030
829058705
717981535
655860875
290822583
591484587
766911823
569749741
354155488
445985782
249481747
257174245
24100774
493640455
107113209
911750430
737777546
446536888
187048291
842515076
975364681
771618692
415546492
411300774
81224021
404519049
507908572
54898825
203656176
353458369
108610016
410852102
532873806
127485493
203499075
958355376
452478819
994151828
589298182
537196772
167047928
334041183
392732534
908859738
252102109
580946456
181827929
195200176
326041237
847544774
418757515
517373521
592149792
707929943
916740780
356267411
124620867
797627075
709327963
282853202
864353089
92796802
107024041
832429761
155736246
660451159
243475310
688379690
913923735
618965911
102184381
229399102
954505372
573289587
253356116
496618897
806862870
353432030
979858760
295105195
661421107
214603702
123852038
291859222
757961925
151620480
448183709
636457379
402966308
391554185
672447872
613964661
407229344
556686228
915896939
291449417
48381487
504292098
167818012
886366621
953749388
365064667
160156907
822157122
123644021
803859830
726991767
970575068
915872189
278252604
168374545
545592402
189835008
289501676
119463622
438446743
910671966
581137662
397762355
218612416
225285549
990517594
298089873
356696861
309914041
863084272
516752602
369237447
932944441
193476266
383957756
368047476
115372687
232411990
546799324
324274399
101335492
396805936
575016940
148404939
481062683
273492296
226303696
974818813
959111542
696514979
490921439
522436325
661658168
954960887
599737416
962862190
905109244
411592639
63660312
796814215
127681907
5087848
659645501
307509351
899076399
816789194
917891732
48767084
761631583
127004586
332063481
57529107
701510267
548958632
625146143
604970788
389411572
438281574
284424087
8916373
871694952
45765012
473217486
791269662
452106327
584043550
896155614
629714297
182848648
665673134
792773021
478740317
13286519
985673940
869835337
792095625
862656232
452708866
503771240
826289043
816777512
418706551
375979513
180896289
65502572
283530891
933839405
653936156
151154457
797893874
382271255
32305432
710560388
653441936
883315479
126539942
160513522
811927478
380348420
689002653
683102886
641470160
578977453
690846778
141505672
366101513
98737020
245506781
452781023
422328327
80150344
842571798
842252603
672177812
375710522
644205690
218954753
405628744
57776857
471765085
839276533
440184326
904062881
813311579
968588717
3291883
880041495
763204042
885861719
315024166
207047992
378810008
561031644
246425855
739693791
775321818
462445769
508578119
378009865
186220530
276915627
714538574
982096482
272804495
756058819
13571889
662187767
538633095
923990012
709601032
593605289
309313686
391770799
556554886
170512503
369748295
923829223
951646076
130212512
665498069
847443216
626547111
338807728
609928525
44482595
101974357
478333651
879974518
264485307
312345648
976130850
10983903
796968127
95587164
848200432
243247643
93516679
604711178
696184982
655679220
229415189
241787677
836885213
913476250
975622196
873919166
713096212
328674299
735792268
963920599
857053072
432848679
456125589
383646171
669906543
978879786
552041777
137842610
828951850
74457670
810116126
45359333
111066813
727690227
108020200
889515582
638104538
272478963
655607195
453579035
468376513
489528996
524394310
706973975
192128231
548638330
739110142
772029502
855669305
457798464
474574408
622150297
251524253
791286669
555272130
497074099
32708139
664639318
938779034
250910582
527652206
688142877
291207509
141933628
222065729
771904836
580370164
244672528
163871358
629132998
33626638
278621032
617678335
825518912
440008104
896556843
795766858
602338619
394760404
889977342
631125516
563799150
125011186
564647996
209595133
352105142
61247566
289722973
71207360
317144625
184970820
305674568
935709521
293513047
205553393
417278695
242486063
933774316
284353889
662267944
974391110
947276046
596844405
813203447
255699354
830737209
775434523
349109760
771212900
527821975
88255922
914771489
373734015
903041442
298943529
939508286
951853922
569162581
153265595
711897085
782717802
566414322
22471444
929288146
383324353
181054969
835192236
606074095
735874999
194591638
456311521
176405742
539606752
189732427
828430008
214768356
995570217
644328013
72675431
201607169
826907479
157865804
193700636
547059299
31215840
193553063
280598793
902299444
984557215
609353463
14811260
761066609
342405682
347895596
768065378
324543157
478221867
525689194
408328266
52888382
796986115
690925144
606498432
746605632
487880575
861536091
265607688
291254317
701824444
744824497
163721
51111670
86200653
5663897
313282842
189161672
559451354
631667213
336972663
583197150
169752898
194050197
29732619
136174441
237204131
289082154
578251974
518602218
962663323
607898478
231037229
552389379
594254067
379370186
665977036
830876884
400875230
248587846
966973914
21212918
813891625
396739564
19748664
913326020
593679238
897747612
72764167
379167388
36563354
409578165
735235644
163796607
378078968
544635437
795747694
866302786
682227154
933898229
305099659
341666979
559410966
212260250
653734997
243483449
452218469
234792052
843908863
466078123
16271727
282961936
292427147
378815779
435247748
469685981
692887136
227859229
633777235
469947549
921472550
278145421
219576218
723443515
618651370
705806915
97552028
494351500
294310810
953720291
241982734
778913693
631816424
950531533
393148943
220859161
467535764
238917275
729944983
981850524
195513454
680205015
678542013
402419645
259774705
223721028
454494338
218165324
29791429
884755488
947784165
33782422
352966602
344667315
881781175
104871428
778013980
953534153
68340323
203684343
723250355
280619140
925909874
769139967
57217462
454353759
427570342
82580618
801059250
996219041
547225938
463085318
589768374
468791546
227307
982654649
574172142
872574434
933535983
230268515
958371688
785668210
774919899
15747617
198184449
572397928
256757121
469754332
317591879
910655225
602565482
809343293
835138929
224638758
619104774
818367316
658493809
930833333
56091532
530589255
290609896
222716064
937959835
746814116
130634012
574436853
758882464
108445464
415315635
531238995
638241277
347441125
799765447
896712546
306412821
428596312
413734330
751725614
715468188
126121637
253077902
482532955
326606692
322011729
297755174
511546035
743260449
808410337
223162326
586303249
698907238
75795275
899590507
36701281
746004176
283038734
312189562
4403244
165036060
127192379
857783598
143207605
9792630
937492234
378275222
191627563
961011793
225952287
901168001
445655204
404883797
937499203
151343572
97669857
336754364
65858050
507341550
728740401
583473868
957737913
757240535
862131222
145879382
490629580
633898292
780267045
174294063
529966462
634082609
356847753
762346992
540853791
292121021
922856245
302049292
120093405
878920896
964487843
698063146
413003157
873743435
374892454
5560544
819582114
287631290
553807900
778338787
988961513
876651524
979234604
918243927
570771150
884919754
855910398
284837179
57204928
960938232
213106491
889013616
709371425
402549118
820018901
897566403
820714783
322099186
178599534
902479756
30158478
618185747
92558661
59289646
677003639
613237613
43034281
733163277
627270427
569629694
424322599
157261012
295845114
321969449
926208819
249491034
859957605
882127849
383708211
384207068
797355282
344295001
997849147
870954099
984559539
417516054
43243260
813230908
251882461
331202383
263669356
361791897
42981083
966623113
234888525
442339347
935667657
179369922
883902918
980888701
546763656
512606504
315551651
39460470
349075299
965270089
113914778
278264227
356575637
174512733
837662753
57709605
703870487
464757347
433743682
58792767
347440012
473708817
99317420
140056726
785558123
242553058
386840925
528756104
207427647
916954630
747917934
55228451
255021761
576016815
634283257
690771089
600324362
988536969
349574201
884660061
42059903
921312052
669681034
228989510
452480604
484106867
299891168
307213482
762062
863711799
15424809
602610757
556558930
670688663
64645478
786085717
868363168
893003927
934255976
297045997
159495778
767797112
991417824
34952670
965137761
695314150
519513436
923559356
240545438
276485969
518908549
627756390
756447682
557828237
577947065
845660473
695730873
726311527
806634984
179911928
128299159
504983211
166867484
225873217
355069491
964930984
315838249
38795250
320387090
569880295
110768685
484506777
945735443
527986174
90299265
44987853
142071443
958858867
230544222
663911475
545361976
464818173
480064730
432660736
482913182
632551793
425553012
368398776
420684003
730811708
81484930
370688582
771661979
816440766
734247449
369467590
722447513
795462383
188753388
362144520
176016464
831949475
933134297
347768314
245569925
163747647
608981206
614132502
870259586
305851306
309073137
790785670
837141046
408256091
940448139
844987465
909250993
656962728
456595700
942562029
559687726
651381226
178843328
607335909
588082048
513744400
843987729
970097131
806055931
592622622
31939823
170497749
790120240
481112453
931848642
485694289
200682798
591486007
222306181
874505165
834096097
618884058
513913149
857360088
965420571
521094227
76586725
137325413
118976767
614902354
488159850
858649784
479407575
264101015
654768400
570971252
476058375
927106249
168624631
415396624
156596351
285979439
346619565
103217306
91678245
715637166
490686927
905418032
991424691
508322257
682739117
657941313
599581142
415070997
60127295
522745038
86764832
211681919
791525207
299240741
515612769
306375425
290616663
521887040
374988519
752216832
577483345
754974571
292791304
308517764
617535659
748772765
713504371
824053792
924270975
877698953
688080424
204527183
246157080
436951273
189330274
212591528
240239681
885269483
340632159
776205626
520732033
792272082
892929149
837043550
295066919
242993271
705069610
785663505
843873331
405178032
404368588
636221981
617618896
586094111
468607098
251454462
917112241
123965523
624334679
66074114
911116281
424978905
628298086
617205034
575710954
599358818
151804226
982765634
536541668
674873272
754109375
368898107
620596195
226528102
966363792
508777672
610177302
849837486
396776703
563277624
723404648
779902356
36588666
334467934
672812472
447649854
290821007
230024082
226671340
953835264
907258414
703473882
878768479
178022271
112212036
319121379
106925669
266052146
311378674
343990926
223601749
715341754
200727097
679286201
958424776
519332867
112206067
852090561
445005723
760705394
244120385
984429891
15136671
888486840
644099409
990376816
438129738
330902261
565263816
388265725
12078572
979458212
167943888
995110629
765676007
336171768
902049349
778452883
161008175
305058632
965357042
573134667
372594896
555520043
696738069
976068697
56706240
971845851
655365374
989510474
630823320
507912459
330917975
456814331
547246020
497024271
741551185
521899243
487301179
42288164
16141941
689030097
967248841
240939993
884510464
837402831
717817987
45908347
456953733
661954171
57078664
140900395
950124689
629257171
469426748
84444390
61879494
588408997
747766188
558833031
189338913
517865726
755190721
663386332
67217014
951491686
560316564
222009244
413726842
512792393
167714339
10993535
941009739
563895405
310785697
780304049
360752559
196590281
416388115
736567057
427803469
468671705
257746608
78868937
691871466
572469901
180239518
667620560
483476322
440143470
604958704
797120903
792465660
279010507
230348215
309984410
372333747
91330627
931174381
292108035
796903038
203580097
573710917
673906582
308581643
977694684
247594652
493129179
587756573
613941258
502971291
540248193
361242235
612753415
428760584
223943945
603059442
39648572
337786416
955574344
586247586
888631702
718317502
643941658
900043969
847107589
161390020
531405079
792635087
450908506
645297844
166889473
266164566
57126058
647743835
958595651
839740152
812390192
380722012
817972676
81738062
647818681
284674918
81433578
729108543
58871753
267820961
510822677
470397447
398815799
338314610
228382049
74198809
499026902
804294790
923933770
111611790
738935165
171904332
712515173
621895192
502468619
246045295
927979122
862502200
177942542
483510599
825184618
387118100
658904373
277515764
942020848
119966141
733686498
830069033
413139328
475492200
697030495
111542991
389406389
517655270
195802998
567820734
360247497
612609674
812683846
682422445
515369341
407434212
607999728
480707922
988663214
506472391
555661743
347520957
581807226
612677581
285724483
288504792
79455639
108668885
623902098
839595999
927850231
560169917
659785315
438543243
554597912
146459800
651880214
226806603
563450654
652661777
917862469
204670476
613086952
535033471
465400437
733318271
475807752
151257694
911982127
866795770
929707822
524061099
4646932
485019975
990753280
784615561
125177338
981191145
341134540
968346321
550462028
636845212
158297011
89745196
150370893
735005954
896956345
931172742
949796757
452539157
89898710
316499253
848201813
35497467
322896190
389220163
578617642
70988717
828622094
542129467
785393478
165963851
479403050
648182845
522092276
476677664
385389927
506662026
37856491
429540644
569556521
624557437
356034422
288440901
36606180
925509582
87626306
725401133
827455662
387527464
606588127
167966188
74678735
29809024
840414564
412590545
16416592
59289318
154695751
190915876
954273930
483146765
144327430
83588728
661303873
402405569
826198319
568600118
583562473
324595959
332999315
581639617
118402723
751113609
517783725
824768
456427309
248059791
796819261
344438253
686918914
114784483
323321117
193769556
876305182
919261138
280681590
288997482
887837805
597946072
737299342
444594988
906064858
693663050
448169098
58445404
668765498
745875497
296626136
706293849
77452657
421225768
722897454
960170182
900873744
859476366
191494646
846468880
621351800
730989959
503004135
280388104
288557796
451448551
293516956
473919105
146640736
365292249
948404619
633086390
335484240
952058224
738478507
871798410
942885713
934045412
702940685
305301848
789910236
115600621
879731569
72244246
937692797
614026583
414462184
270666014
719384464
729017384
888697432
291064160
866311934
787977728
899745350
150310296
335120091
959483329
954825608
347369963
552382343
5033629
556343907
405421108
410654973
478261092
766430438
780177813
861843750
672219545
684783820
614030590
869338603
216323757
248587632
173588662
616723558
967386217
909690762
444371186
42131345
99125530
103590908
818456906
481209954
754717157
534950295
53486714
630243926
100118179
593039975
944312538
203047022
657667632
259905072
263661488
788352519
120745483
768805133
876731585
21510292
540194648
542013710
7321357
117815028
987077503
136160977
11117430
11344838
962510176
151198924
765253844
364409532
134204113
133334800
678610277
931682497
757233759
836553861
4758647
369668328
230502354
881811050
309816778
327123637
958102106
249877911
543455896
600208581
559130531
759229161
423798960
405738348
378013020
489830220
185231002
637088195
131394507
237781007
587751063
241352912
408126315
19341274
58552071
881240342
433011310
134124885
468153672
214711455
339833740
355069311
848734813
172852213
431032305
624045478
547288142
677138917
360528744
879911683
562861181
328276904
158415558
622934343
857007665
708357824
847141442
83884152
209032887
584937215
426338336
836008577
185106039
270793994
948650467
263728040
237633547
520501134
128735248
558404664
548289080
127502865
590061021
486990183
678626645
820589131
913204383
974468332
684839732
317759014
617719580
706355499
112002908
419683737
230022733
234323817
782725939
135118896
741196754
953548642
99980880
680646021
719175473
864129760
878487203
500770305
449552879
932542449
526018484
76600867
352698639
436126313
142189707
500924822
89200071
42183282
472252569
801917699
5987402
904123584
660507939
919537646
104109952
282896215
457750738
782858727
153587024
402052112
834021116
829281590
179478301
464848306
97284630
708167393
863910716
323561120
27221638
748663243
213904213
792345589
492451143
438031694
460411954
816423392
364949738
915137987
383645679
212557917
695397180
639933564
726055199
459565847
887283542
987240556
678222304
99343384
636650845
197622457
803828169
690676881
416748052
102620544
407236900
67103354
213848155
405950433
312619415
639816647
278016345
51039895
106155498
64973840
797720321
32089923
732300100
229587055
54597407
797580441
601415432
47489639
457669825
565613765
660345041
656375173
110930471
28096384
237908319
623531205
373233790
672238545
97091659
367480818
783513013
981948307
269421323
631053716
298050643
502650954
782103056
202928204
427790523
88548296
259936917
306353662
505625798
324769697
291892795
282492789
266817127
972977442
644860264
215617639
792678490
891037589
511608269
304380048
277421962
260516394
199120499
473962585
967225668
226109136
726164919
433288391
607295991
178474363
214760374
592804996
322412439
267234585
387707388
594139230
417613027
786426149
933064021
522721313
724545877
925042449
244164269
834277219
865151447
365551482
55052196
325945805
550356913
819674367
649880763
462835907
177302094
364346730
412370841
527602074
434866453
45494197
202568739
249906078
973264028
545164423
393276710
526671021
186295531
826200419
373261329
896364247
924698430
670080357
192013970
707281154
537881958
962573381
548651573
244702476
638571797
655821395
171335739
351648680
695489690
780427731
117850557
301742760
438955341
42490209
521223219
537999931
767615014
908910114
783505644
286169084
381301007
673020851
181046861
354221754
658717175
948957278
487489082
99238987
814364264
372458583
525444880
17521559
416120691
820866576
21504211
315923969
254510372
886113854
502484455
403860004
851105917
924676721
520286755
359763888
604066633
373060722
778767487
302843571
660032994
781089208
732189523
887860004
293898549
80854964
272050303
290539011
873492286
521361512
316965657
100777341
275708714
658917920
63409600
927913906
5874447
934973746
767342426
399477409
409315841
296018323
994509618
456846712
837461712
538695683
699545205
607039983
872486973
984317747
608447577
324632588
851698533
190865512
407908534
35777376
403349071
288848156
821331116
724349507
576667531
631127941
54925592
134375892
17417867
279548497
647029986
211415434
733405600
334255858
227741599
817396105
787719344
585278370
813237848
363045946
994509781
408907634
903121052
424214261
879537983
131705399
12429411
8700374
685709476
413429626
394094769
547887924
692000725
174355352
329451195
855044182
768227593
828972222
393524496
609999338
829164583
838308047
467857778
723950254
489912916
598277230
159628128
928625899
320201365
104352769
90221457
898749166
833838339
379330514
846083569
448149118
802295361
539817804
114936348
423662192
325752181
485232555
378938049
683691121
951653022
50550807
218337906
526752004
967741738
791017373
850696999
697401473
579674089
760275783
817895722
172182588
322962551
4541927
690788900
192769846
326964760
219254535
693557758
863433973
988323919
598228855
842768144
834028399
77105700
996068595
687206367
782977085
812220459
611948477
164335431
520380388
913566143
117723543
981165944
417143869
352302829
298360603
85849330
142119133
698281621
338666293
249601477
226615876
650016678
406643125
642283413
5101836
595661174
556940125
626622145
262781219
367042703
822781462
194110573
527407463
906407769
829967242
918634268
295260322
203821038
670431978
372440364
792802332
850570281
841975358
527048293
545473002
144139610
455330174
45424162
513802336
128951914
808372021
878104628
122515068
868576494
350444065
137187068
636643794
436044271
686754983
254672464
777524138
109959982
571726663
668620726
696850122
185271724
595801266
539718732
38779595
424225831
441934037
5829170
530823590
603026112
214918516
323129196
81892316
301585346
574811072
493270577
123724236
773061938
842483171
284454258
280246637
375956275
506423432
984843988
35568219
572729567
170360422
214803630
728602008
199477097
974670147
322233199
789502430
152489179
945912343
551418892
215960939
612083341
357136094
833746870
519823167
45284596
343870072
164447719
187452772
418324984
539560012
775756719
445875364
524127855
326761171
911304476
444033315
638249527
834725881
223208147
878113587
178320650
886583685
158642603
898499639
936912487
244075544
121158888
532505700
494443402
43729313
108032005
996467480
976693823
338611361
329999339
522817856
572583078
21781164
