10000
735745548
470698063
771271637
736596121
956750838
883669263
435119573
244054143
968687528
781838299
225848136
559394373
389859899
336161346
643407010
174116036
822541466
309059310
656350034
167031422
225377520
104296338
639807020
604116108
153573356
722962708
650379077
738566605
12993968
763368194
540161059
792813501
459457999
502796284
711781320
350386603
684066951
700515606
14762878
515227240
564245737
751141821
608062256
68019292
35942807
315450715
659988021
242451875
719874289
997392567
404938552
981833063
848907282
818998782
20433479
800297595
29718736
576844780
929694318
228834599
805066976
968451365
361335610
472044177
456824534
708517663
993373136
400836806
429266457
907970394
701367571
535818938
777166201
62568685
997130647
942978164
387151683
247580464
46777318
155411864
359038920
887736844
716091120
232597929
680030331
37221097
15239279
745961159
306283383
871570168
171486166
321031508
306912028
524321227
938652433
674629996
962297183
560939394
601791580
401273178
795418684
981417491
741972656
106268939
801852491
225832107
620558391
303560475
292124679
393266145
200205746
137142896
340776244
391916928
866572718
302651472
715998533
104308379
424605089
206514210
949158751
370276370
682853458
56509257
718251719
669536185
623829364
747359372
469884139
96005989
990627598
437939125
409490686
298501436
703030257
460247122
857540912
360280109
845904089
827761629
312224382
902689918
819635014
125993012
33002614
944892562
201505699
548417828
510847351
979774442
379446700
530264286
567085993
734158127
568417718
115893842
881973910
217648389
113811052
248397083
523353969
630161647
498509016
222014757
44158055
740036550
665531943
402174310
665554320
296453728
859747336
768596394
216226238
759261877
855053426
538261209
883909041
878966956
909900383
51140819
708259991
697878851
273327693
710357585
20066695
181404635
959719863
547696886
55536752
333284919
317674288
354436728
577747393
934531840
232186449
670289146
120785886
594987528
755145441
755989981
964121851
635336787
407341394
613794152
831878143
130925128
601185455
63089392
3295954
846309584
299726734
903422690
431368601
130202756
638934095
50969628
617993352
931259578
91678892
227718692
530935968
966607723
401873800
915376501
685104936
269475410
579307428
556221741
400674278
814574890
294548213
115807769
466772712
950697067
387007765
986877432
870455661
31654589
373768590
430456061
451767779
246089642
240918810
190133368
304503645
440404874
359339243
497952586
387349586
943661299
591195098
91196698
815620918
307318284
216054510
121999252
745534561
691810985
564491826
808588396
742326162
496000875
633898182
299178461
582921811
332025021
433300951
331240151
926246296
276919677
402136198
295682065
503176596
913094378
167990821
452301509
28084942
857600648
380395350
73506463
303843928
609274513
258637160
844275290
825466025
86423246
435547021
415187812
81698156
683387329
131112691
358201834
822723757
505016706
76952262
791306247
820300260
593225424
324993969
896826296
619672150
521654998
768249474
883839590
68301343
64387808
985045586
513038478
595444945
316589192
945619554
60011280
172485682
883834478
179209567
250959080
382607844
682945007
254468181
472548861
692477964
231513179
139358571
811168967
209448408
21367234
537678795
299696000
597021054
345346115
631575638
362343048
58017217
134960289
191677062
197428671
177096836
242654811
737475099
579288179
361621314
396736056
541725250
403438413
529367145
843557765
684606279
966640940
416987643
548902689
298528493
286256674
248184685
930045648
605655941
858838915
523557480
28748992
964829544
931697754
590726272
883160185
220314316
195471143
845155642
822031632
158633594
983521390
481215930
685594670
96597087
413682846
395283966
536367038
150538586
563304917
796742980
279622589
20069821
173018678
656518365
624637887
424994959
556846328
134613540
433317300
852976554
569870903
885079949
900705578
994792283
228994533
378217125
116602081
700717749
276775317
686830013
944075232
457655958
683877625
927204104
686819519
190634856
530824198
496354775
164735779
944756202
247058484
302636815
696339315
365116785
767764568
581632760
454681502
415273990
667939752
361579569
613839344
840906395
704525286
376877335
295633880
73225954
134394660
116964541
740482621
731679936
788555548
117201977
6243344
916325335
227012711
975890073
865657524
70495704
308448354
209338528
416876567
648370936
426794699
145075913
989979967
482147672
194490645
494827258
13050850
692602923
549308029
659465372
67671856
101629535
50795896
835721021
792006850
624195232
370481487
79687584
798118073
938779994
125197648
723758127
473155046
817491644
794002921
302177915
198325539
641643196
82042159
412682380
41277747
946296223
279239376
353764544
413133969
762866549
253889063
761314379
747846207
683072077
977620859
865472044
767030176
320310330
683135792
470586135
113332593
743062794
673051311
23691734
65234949
885684755
345163426
760339036
61100825
558776236
696938578
252171427
916688468
986415524
866212461
523514423
12021101
92470877
666471398
11018276
424812748
18128397
47841735
480099310
371228139
188475060
344006687
306962647
332462872
495050089
837662169
91590878
635268196
241036736
376800153
922362291
430104759
309897735
977713041
910189677
735812536
233914104
322584028
16907833
480762274
666589441
531908504
665977348
48371653
666447071
524770461
687474413
189819578
827576717
606881461
708575054
420142428
851716675
875106581
452170299
881827338
2238302
971898661
355209567
427819522
817616703
480376206
653909102
385882085
785085349
245879402
849118612
507657458
720831056
800868009
486147633
196241749
501094949
644439122
409903463
319195830
414401144
9628955
484662816
791942025
467690363
17221752
32361153
673651958
897556338
376718471
861095948
509760950
957782707
868598937
697967767
51025813
263840958
730857010
553159148
130634878
236151773
24925986
605514881
126109324
468687904
766076862
784202023
463851831
322736191
26953131
948589503
225866086
349373130
70374536
321267207
110918473
787188526
265226866
881997870
404351371
907358890
933461370
477296877
4189281
673943143
599950944
503803814
538214043
205539470
91349586
438884455
488591893
420441328
415569259
321359980
789523171
582545525
45390039
344125316
451245749
988589542
476283104
944002616
550680339
381893701
560898855
244313722
325655595
82388620
298072245
266703570
714773955
53220329
530365707
577203789
268672584
610918552
174669742
106056887
742368678
566655921
26720066
237328687
126825271
272298791
479512339
841776974
724029329
71903514
19952834
950569585
183892227
230505183
637873194
878050468
800559307
69208061
729619639
907910915
683708470
545086228
209511600
641263944
431886674
437771313
115993018
933125650
704465235
593132659
892989341
505748995
186555985
321139581
914805432
216119648
557750313
28446592
45230854
248115921
594766246
977298761
730588417
793350991
118933242
808998005
370137502
900808324
902887383
895721708
65615693
602875850
768420969
282181181
158809959
832847718
357831786
109001841
302005185
504469637
230219456
421899493
884212699
611761937
174486082
939687131
72522583
279834310
432071535
216390639
943356035
738621272
500907629
413968717
622525200
996088362
966723441
732496296
996887586
454773902
626991757
495659451
996019143
43059046
334543715
96542283
787467609
446494264
94933838
85951880
917873225
294778420
233242405
710898563
295971782
815610982
290689899
147313337
612897312
496166544
246419088
629413511
48448203
63920768
304154404
100595334
677466233
939430034
271306632
440922944
544500159
346982925
189854531
515466361
20680378
943823341
681982274
678597988
359129205
975654077
109924525
576742222
590971326
883591257
686802754
74981588
176764192
258168690
527918952
200873173
158106054
297874980
617785279
179101776
100512354
266625290
789122809
853804239
878637322
598474353
173675708
621287392
389281414
26755083
41210844
955234382
450885611
17816372
731401792
797932164
567647857
413033916
516202426
94603683
646301298
477653003
401267966
841959108
126937448
5678362
658272210
437582332
704424175
905739096
435541574
151757168
434590459
7018324
852836404
476270527
785442114
111416305
76373085
694141626
473093332
95177791
482659034
216355205
473890905
39661321
198956683
510401928
39484245
877840445
39255176
377575571
199263205
770210268
971230291
416936245
529850195
55221212
256089791
24941308
947767799
472545956
407154943
283448975
38495525
532855079
603358985
431363896
766342124
279110771
809602181
712089171
971066723
627986220
720028937
559920376
109877360
467217360
826652009
197494167
20250407
292972435
674425464
405467908
252354185
593117318
603343823
808107606
274241392
913182224
496048888
801326042
125200385
763020470
989553708
822393637
349753404
743051367
211412338
151446217
380631243
725382612
615891246
211268663
413444258
367416064
121871494
424880421
350586587
441359581
337089398
846183367
398266616
679670172
653427818
620685184
467041610
648404304
838482958
955716757
657841188
458617505
494294939
740935369
817077207
160434732
501004114
545431765
130944407
499345263
842998160
408137497
784537872
229646976
414391718
125507757
132914682
591206205
463031645
438562921
951742204
176494822
790795297
309079775
479637359
708778983
570764640
141163373
959372082
747536894
709049966
431253791
789821063
464772465
795712861
616567066
383870199
716866039
835864734
865582704
967649566
116544387
346769109
533934838
635917900
161575424
171062506
39385234
658464640
8821247
112020085
895862009
874142821
426873087
803225791
68265667
463348711
27908722
653162030
131641533
941757619
470770402
781092755
674580509
270344870
833707526
466914839
248841468
847572483
839226863
166010405
271541768
853909646
418296469
99853763
427296851
731001014
668947421
779202436
920293667
941923405
731298216
957157934
732260480
183329595
518618923
887844726
410435085
757962680
31784355
16854383
104976552
100808761
702744966
838463331
859445835
825234405
467670059
374877428
2957017
797928962
931398401
435085133
368135801
938772667
253836140
94143567
284251133
655334285
905584314
850230055
63471903
451403577
552104178
645350576
515752768
634552036
567504362
316748259
263892820
571328838
329848852
305038211
468350715
435552335
345530538
27718535
922331391
783950112
873114932
766380589
687025089
718533268
539534605
864502600
477110837
494337211
25308816
389395359
590531979
158145814
507594558
958366194
519740201
354436764
789797200
614817228
762486444
269148114
649658646
402598071
89657420
780695995
428728832
11709847
518701981
533861932
903403090
795370954
521804682
11854381
877618900
109179722
670481630
931852710
571129158
488263728
677447072
9652368
113826782
933914620
979979726
319892514
211776808
83083594
337062851
485850761
67897895
113138696
316968085
528108559
342863383
387747340
228311041
382599955
325917193
111218721
849901441
433515200
770211929
540658750
966376388
528288070
718090575
541662907
732426236
415937760
314495140
242424999
301411720
658540501
927035932
402345322
169670784
606207121
697157138
331032717
306117109
543489963
548765601
749690060
858750775
972653002
641664956
220763274
626192829
886365381
248789747
708333457
318884
995226284
76131805
401672753
462180178
205126974
993355079
4007824
597406574
396771606
922404681
289578332
898315785
162368503
965810857
24638657
549144591
847176954
863422567
909894773
686566991
716057493
431153876
525140088
689809671
843938606
522414677
694948434
182698942
514543112
734846124
990230050
592485075
356494171
136807034
951273129
366720875
163577420
548503746
432057580
407385201
353244955
658025090
948896812
149890272
52829058
509791583
882687974
413489577
613709762
122012461
17344883
683689904
322267883
60138741
684237600
828204951
852228194
331644042
912037188
829612146
662151207
421090651
49871989
98935603
896915710
369848727
30337268
965420432
570587283
428193634
200305668
977537390
242183604
729905268
852616889
5294806
315377674
822090257
912289952
317095938
419787397
30973776
430230145
104583218
651012235
815830368
456539673
107532353
80208836
186390229
348365920
473871172
964779170
192029088
961632014
884131897
369935943
868697960
656884923
954249589
142971845
667849727
777988683
149243567
60202119
901689797
84551218
815402551
698418301
288710552
459521480
768344731
10674130
906125087
80284089
483445498
516533338
679551651
812072148
764221757
43515752
192105567
392633489
266733145
720894809
821930378
257497661
304717162
745758467
888233877
314201915
839709397
247912517
17485246
662234898
35446353
29218462
71538085
135411944
546016622
561621877
851489652
896247653
2940377
419455499
295217553
902619344
856696169
280554968
877053379
934458963
623194935
84133382
187317079
743087121
879701204
955731772
124970743
330867281
57956167
639119059
949216526
357924836
955792767
781506130
918008732
41073871
589229167
702882198
772260766
944581212
516445076
333274120
118618875
702326469
186666164
83015849
443699102
469838668
867696178
696499883
552397688
342184731
906667975
378586511
901298944
663587449
339133933
625114848
195641045
157252928
232229169
675146287
160682647
78250493
194494550
977816230
228031662
281052817
81451489
208603256
179064344
225107361
5305275
386027560
417854446
809312492
565192776
13870470
635384091
561210388
189027467
153456940
816222856
489907308
386680932
65846756
780275994
726428269
902430586
872470362
836459792
482106727
438703841
799701669
446588505
491919975
560122751
254527735
364077640
659134138
382670645
139532785
131300046
831651029
216049575
339076940
303112818
891747904
344441754
485735504
362429260
813295301
276922170
209463935
129080338
693239361
553424678
439577915
847380101
762875180
439898936
353069944
612433574
697855523
247831109
314212236
299073715
133705952
646196332
659482283
478546865
933647301
719050682
974107733
630610491
230219843
884256489
470764976
180840765
235926439
471797134
385830235
357060535
384910645
100676083
779914061
848937304
304115277
106249919
86616550
686177329
93901312
840393287
845278312
566559859
610933736
141721677
911751042
476183894
254874964
215984577
133662346
841547069
92639339
21215900
528843291
13300504
29864481
817058450
521997314
738064670
294017747
57359732
326270111
326583838
875687437
691500252
52657216
465582171
471078648
331753350
911894211
604926638
623377091
479613010
880842292
850487474
56675207
988047194
557301405
568933499
31294618
387559369
812259628
137154159
538720855
534485722
699267764
575349872
869825169
252986890
472811410
428085838
911421054
121141899
727392240
322671178
468406133
210647818
253446197
688086238
240693754
767018101
332642268
949681856
15378059
404853260
981061150
877085228
408181630
98995058
674218911
393397062
786316716
23588430
605829435
321813350
6395876
12500816
303712040
785613327
727045554
558725202
627262441
6944808
581197254
228283408
279966955
794009810
483299512
563430340
830199006
474257441
603231332
718922723
12318258
224229711
858912919
716145833
644516970
522510607
315679441
424455649
635458734
267778391
575552019
141697374
790865487
683305914
291182894
311621646
567569996
902207121
528100564
194350778
158098738
583543666
129666445
451014606
132236043
884749509
148020654
559981725
497087802
255542761
454088878
518870017
505412585
367629214
778185096
798883989
380481548
185400089
531118550
563910354
795816909
367030572
90770784
293813320
391771456
23240691
672331110
406595066
557849791
70127893
44121320
890643886
456304822
735472425
500857817
30482363
651663264
66506340
647578488
999658457
120046219
740007438
37678690
31581314
21484588
902013204
806332163
139119052
736297188
455888898
795179324
285204195
475951565
196692535
239783260
430371960
315164268
119220064
490187025
762191300
915351907
900088912
284554473
187269102
470507238
468775707
687518681
864632196
664610004
551724935
971145730
757433326
461690945
660797066
131572532
279154603
216380382
574182604
792999107
189355951
750031552
751519980
322725500
345239953
594623404
634040429
465856881
39762541
722160848
173912375
653029483
627456980
665680646
735787430
512878012
523436109
971202468
295510173
765735023
813507971
622822208
702875704
922228037
85275691
758789197
485885645
622597332
732761675
221064684
924456110
324136281
125008690
710307141
32036467
957588277
93440069
888435609
3139979
560234338
275704912
556469765
515652389
927378970
418108582
546642789
767094358
861592182
413153022
98234191
653540220
180260362
308428944
166097525
165148025
452009852
426020382
609035804
651740915
996145282
431727261
375818345
150965062
621661103
303145587
900846768
234613712
820429933
712215349
896774447
465777916
429284264
832583976
302468876
752897038
526799799
42047717
546286224
3078874
703396859
857216016
505364459
77902348
335394437
527499757
199088916
5240103
641547748
616090858
948018555
650586400
780674680
352400083
665381014
694438168
650204868
601958587
249051443
222786305
769123410
651220092
224955441
525852373
328841274
87674348
816112117
14911373
54632145
794296749
37443142
637425184
390463738
262973364
682025267
257816932
750460919
104248217
561318989
718894867
939364250
892376392
650870401
193731695
73659646
128508437
441044783
608625630
614449694
787950586
109578940
140535271
563239481
565219984
120238024
556062870
256999035
384642567
559695958
737946538
661005316
552867997
202549746
444335882
99790084
581321952
807882071
201471717
456752017
539904401
281519338
282001525
284968624
634218301
717146340
157932179
331221244
695511067
488374655
375207979
459277760
667913372
617267297
156733050
578139788
225765469
482424582
797580893
56043739
788143549
342987401
776485619
308413318
375078176
393892030
167566603
75019838
837429926
995107186
676148843
866108913
373175603
834443899
466794517
168920060
957267653
798162847
73403789
288677061
865438294
260229248
867143150
638635096
325252810
35480957
456367738
865370048
673179452
978784524
658831543
990807031
20232235
783083391
607744743
37454698
282845961
114596549
23538322
424433277
590891003
805035995
389013497
404163531
580601748
50695939
554588269
705592096
397819041
92570547
348865647
471581506
467996095
916057557
84462021
159431494
190300809
274153538
968181584
622092581
973633593
820807903
130315421
256136819
727806914
133082305
708602081
991339500
954254965
288001774
293755459
584507115
473750668
572587679
788886319
292082682
986946988
788006928
539907756
832535750
626564315
25477802
872037050
835774993
842272889
476844597
791608839
1891312
390806655
92032557
228869315
457980115
298933438
631373776
245859974
975953388
967459624
829401812
570968415
189944812
257497216
955139741
749433317
108865358
350899164
867530001
357727578
306119403
75455294
263936564
759272104
431497525
434799915
469908770
894410801
143018524
452956142
617106499
755458282
56677380
990552537
858119426
32539207
21662234
912918112
19774947
996595273
266806232
567309764
474193266
956888245
503693094
82267048
510310876
738182725
467366283
310171638
887803565
788992012
234454801
125561216
187652550
290822552
308576893
13775802
69572602
218664262
862761308
771061771
350812702
515965131
412906445
218201243
869220871
138689434
240934977
379287973
405031943
493653028
991103518
548958050
63319432
9843984
372099928
344195269
49945788
543609941
165511016
911289391
368989407
776344958
971363543
439830580
704386579
926001916
437157491
386000144
172331589
821864615
431142693
905521486
47132983
701809614
152407374
926322852
4062668
341850789
996391436
209089102
136630980
218665296
200942803
182261379
449755358
508718575
981281210
253523181
377379643
669198801
190240851
603375848
757949430
37477683
120404970
49402107
252258842
229261350
176810543
981388333
691642195
629076549
665295904
924138433
770771986
52593684
107414509
297457459
865163933
268002044
966626705
889048902
937662731
758796695
531021291
69035194
308625533
89858085
292564450
288225973
679034308
506409342
451793208
38815215
733319004
232153532
628815877
221461895
954669856
937227962
973248458
527771968
310698070
167598338
151407709
910863103
995304937
150268141
982704998
267077021
594096090
823800282
12603448
52427046
620672362
14494884
613123521
523355167
42662166
128672887
381472481
8154139
106848885
329904936
85383137
640824654
205281572
157461304
249814818
795330609
574240613
714831598
226301305
103007476
956609413
652504745
839598690
207375692
360404697
925317532
207273056
324120512
591245641
229892912
171771508
452576850
992497902
301618477
860549062
83337301
607082099
745009302
991829802
259449225
290834056
78744178
414328311
558554325
72352036
725210397
186283212
706057263
801629800
475653985
843320599
58918760
354539784
198639150
70509386
624119443
127601447
849864150
515187422
855837796
225461916
47897139
533607449
834301920
191746316
76663870
771101422
598643477
325130287
310084660
465739414
170195852
954952518
382252773
984241260
595371537
585696912
120985730
413129614
867564841
893042681
342983985
308437556
998539577
24191917
482799652
760593256
362819918
777808167
647255602
553964039
722823917
814410932
147433470
364386365
812229031
704967527
69136269
71773651
987403003
623948944
731501398
782618686
104616619
645212251
41701895
174650631
227927302
347254876
542727751
526455285
211579562
134557947
209823829
669146969
213279689
570618569
414608667
610106599
697035988
385936422
925612054
990162729
374610176
363290438
577136762
453156071
275994312
431358194
357338242
223212084
815459344
946747037
493425067
161992065
978977346
631457037
171794051
779158876
609150249
981738644
235314287
714405761
529380594
452164272
538093087
605863734
117290544
716258509
336013621
887362632
546029985
442408081
186172767
435917210
213701750
410914626
858557470
901175369
793422323
224431377
553308769
801477540
84010179
438530776
89275512
622860122
794650073
672037688
522149878
125183208
60961945
301452582
706992661
275033293
489794165
644195328
104719626
474398928
129193169
454468237
164854668
647107066
692222901
231644019
89645576
83405077
300600667
426918581
405906655
774991631
663379191
365697178
433112228
192615609
558899974
149893075
305422994
847808861
271402819
732032387
881156538
986484571
35615324
491573600
413318539
221644802
829741683
895239626
698019583
976370113
40993305
529235473
663303480
141526768
94605343
574504448
902339311
22195122
834000299
312233854
532740514
875899014
416330834
451353653
863369961
733319897
795348131
667623129
902527519
409933317
447124537
87069551
640019603
753331371
172590299
208832574
178490652
912721932
132903647
809324135
714490158
790761922
540735745
394954662
189014179
544382880
32027857
32440126
763116036
748244579
955774281
769684254
772403975
250305796
83446235
242461389
328288095
472824152
311315942
202658003
326640376
474769637
41371160
901022024
486029798
188397455
211610368
930920098
283555716
515418128
382117977
921801949
110402752
882643651
580625633
370988011
582016262
427093219
832998105
296199180
429866764
652858118
746831508
847343365
763218411
216962027
177065852
625491082
739456818
14637726
619829782
935197201
126094466
628703284
346384964
348227866
901749939
864297322
706780194
345850890
893203280
969779234
73191207
257231650
574594368
570681712
296102829
750278740
97082940
476767864
165968599
502156964
811075133
699563225
826478504
509377985
368104265
888529506
26993623
745880858
934644975
773973541
736635568
290251100
848585953
678837388
241320922
598216683
537416826
814382631
634482837
207290990
393636985
447656507
960037757
913186388
925672912
30373939
2665192
931164825
855990611
342265925
599518126
484959433
386487419
248735459
740113202
654083585
181935503
34443457
107051334
443310315
692650715
191587690
852325195
14177854
633495851
348545032
331686451
11183571
340883681
93666002
648542410
343711088
894338277
382989208
174118482
65594087
247646469
690817919
40953101
528865382
38176105
446023029
384336843
320292392
9862994
141104750
348103666
988812467
357338650
253978114
330151944
566356155
342098350
764104517
744130167
439004118
740152327
115322472
1218245
353009968
505737820
88969969
763442101
302289142
828984263
775095480
698472514
487793319
796035059
773480304
61246317
557122443
905175868
54917837
663045526
851340014
430847174
287908769
715944994
21858650
708448231
277232548
607502628
101099450
313273668
567422001
369163558
756795807
813919885
984620033
293171741
835894468
766620441
52825549
35337703
423167185
933821866
785453720
69746829
78877156
307158227
107142716
702237529
744053486
493262785
49521868
777436802
661000240
198503443
890791351
50770571
390119361
738432441
485343910
981618802
774720353
344410117
950220728
627302052
709795472
214727446
532033107
14892002
46689593
529378701
395659732
997726085
358851715
459990182
9038877
506423441
369722566
663905348
69795658
649837517
42705618
506073803
836069753
830970255
114545345
496680106
169737035
399224233
324285923
100259454
307413776
499524664
340146363
305361060
679692930
481770284
214376537
156325222
653070380
952192431
900288439
444250875
424278353
726548453
437147091
367625042
445295440
269566610
344004571
808561598
908937927
867344402
291551954
413887660
179730934
279796890
424832459
409295461
782191922
286299642
802497140
220146376
119352074
784891294
816255378
794882254
698562606
411835548
19520606
380324334
721130093
807034605
468115044
942440354
686969299
506197384
793108827
191948584
936733155
76822973
176430571
750099490
958822512
183244291
872736233
381030748
491874620
259635746
481448270
758581682
420688964
968136064
732079079
540388918
746673304
105795260
401769967
461247248
115351345
617782927
670089091
833910711
957802237
259746499
894653596
292925826
334422110
973387357
479249643
654961079
168255917
981050141
478721025
488823973
504055744
897255139
170161938
941694617
640226024
402620875
373403087
454943543
141258431
799504048
328509766
110164608
320950013
317859075
116528313
859585247
733426735
321462689
603681097
544622838
862254967
341216411
319719141
421099572
252522515
510504407
901285396
60239987
176669268
47505218
13796989
111787193
82466965
49033380
835926778
686797073
50383140
205428569
376053733
773299468
896576815
236820478
574747597
97076367
17188420
128928373
802624070
599093032
316047086
186856914
25539292
465547764
291347847
929659738
430752172
66745676
7116544
407022034
634873106
241855890
515934252
961527189
224895078
795464310
673784040
221834163
173767824
295119995
288642789
597418907
289499592
6917250
437982235
691424504
892522452
601721573
800878217
164147180
274625353
177618052
594083403
897769284
926636283
336787742
772350463
647992392
202454377
353995849
639248622
247372054
279910417
396257740
432416960
787088923
644117624
654301082
264769905
403517676
989024764
959406245
947240334
441455390
775295879
711250608
303908798
882799130
853510579
986701140
571215813
336698421
954620383
916012446
149393736
371684933
14165570
501093977
668833117
504308987
680907931
864638268
652202057
810415059
203061024
780564696
214205801
411275442
341511190
100699201
689656719
659703426
126245662
68762751
462064782
809978348
191365064
459833112
116956256
662816281
556308107
519879726
779887918
388099937
702051638
584927676
90503563
494828442
819260635
313253752
649672733
465929233
693888233
44740834
749947634
665500810
180756468
174276583
329003569
439548145
912989750
747005330
249201175
164217192
182163454
265145935
705606786
254405445
765387012
338363917
991150811
878046013
684182635
275860997
526218909
2804891
160294154
169412222
431636177
690712814
325507998
455424416
740112075
303470236
913995636
785666514
347756939
818299307
963034426
649047144
649810030
566488460
527929819
880038808
461841895
674491074
161510826
767661935
545288799
532514497
856527514
582707224
744039361
469367826
15558800
804978102
262431349
637049772
886250094
115228007
558957288
987485204
334215466
412228213
765508439
150672751
369168724
948704240
703536743
414278231
683133830
112344092
634737825
934452041
576977904
814352873
981547949
116243063
302458312
574012643
477516641
937550755
560112782
526518312
284983612
256471246
835612896
764569191
892251727
908343546
503978011
224595243
286597843
755963094
966789349
423553635
528427491
815715079
512681227
571327982
125861725
350636925
943050439
467321018
697938587
486852927
566020194
480659304
748109165
108024725
706966860
506973779
170913235
197948399
312760823
391813471
355977199
730687144
708876330
141175810
484647421
221873524
393707789
219618005
344778544
237666691
113541924
678032194
163788044
167191552
967358143
601641507
239765137
850658105
599458047
564286991
673961461
29550754
981430109
308904146
499633618
873623347
734463623
696872500
863069882
860584307
810852505
336497473
348721678
880875351
28305755
243903950
293344217
91022721
196852863
131988647
716740207
566184714
990704472
415835352
564158051
583334457
741601869
290753478
998512905
401136791
278398316
710841257
807763881
625018255
67570979
928567713
35381692
247244656
656367206
968351612
352331604
733930577
552802568
13648150
444377070
784377046
808700957
329195985
505819518
833875
456091857
534446356
221606099
385668677
577014909
30793960
150158634
691480164
317897964
153470327
323754140
972542205
706760891
88861545
777497308
419941796
29841316
247357002
721468567
622717133
232546811
290167294
722477806
193277322
451725546
827947427
41812773
878115611
182094124
811225894
451424547
449111454
363242730
760555910
238559902
320592934
260848622
16883182
478579329
467394218
487123289
525734835
848087780
965360739
911803366
714606904
279806647
147393954
953787477
162860234
425932588
596840961
947406329
827950299
604956959
378175811
64545166
142842361
276135055
877677687
603293697
557603179
998681672
727059800
325272274
706452815
902852028
788385105
236741889
796225446
504207885
178254228
35726320
646923846
611854411
645988193
876292270
850599138
795920261
561597574
809339114
971494
316927072
267126449
451794767
69464078
650478509
148568381
334971098
73779967
834539750
515231405
161320428
357623356
382096934
915345598
539294629
237133359
197029414
732799058
417027836
858499086
437394415
149733302
573194076
268432912
111087668
666732775
358671638
436490584
982998590
47626529
77320881
992386292
251920775
372743153
844827633
213893148
679388089
794357233
864157459
891815387
117837824
806447864
258932044
285801389
141730594
793059916
727437717
889575832
563770647
494666481
823247065
642050731
408306130
908183198
190456845
410703903
772081699
367101214
861434275
685413553
620361972
370335171
716583420
209645271
610986179
913082805
284674361
93911669
485592620
573433663
818572916
180688676
78400608
693344016
199864453
581612224
284849391
285207771
25884114
803811425
235233663
576751888
572694916
974644973
626067767
814415039
305042797
12868099
620048618
463763207
734213171
198726700
66204758
429914063
557904329
962005724
504452657
202412349
601067559
490438700
226593464
896000669
17639801
649362767
666295659
703543689
164597234
10790754
932980435
811974688
386422526
121360228
612276507
957641584
249995118
262218308
633153346
12554450
691579174
755037754
617669012
627205354
131401545
96247355
152134261
32896868
608603212
523276052
468632431
63510727
45106496
37949115
784950049
169704326
620352499
568370508
508088300
424114713
810837641
934663867
833666030
96006321
486938224
513191413
944995773
935804629
30937497
785866839
650784287
423702865
460894843
90855230
790135046
117765261
573170858
525300675
479960658
974052857
208367416
223954647
701311601
493745442
108433166
279412446
910984128
741402203
621704788
511478189
506133984
329229789
717266547
377447746
337249393
52134994
607450540
412315813
528946773
41114091
895832999
827573164
489702786
492729650
729639817
168908641
444710929
914900192
647982873
749081198
619748917
263094557
921745547
347878925
539796508
698814367
916599942
84684214
694871531
51709181
217788395
556516247
389964039
782325078
109945819
390854690
941010572
912667947
143757114
374199442
428037457
339845065
515791696
988433620
703726691
693308097
437230743
157504868
277343607
522843897
103874415
381092695
66263655
894015740
778341993
745078258
353198246
66130595
618360223
44006437
528459745
136864380
81340394
789292393
857487395
647300369
820637822
321427527
974541418
456822070
471902731
807065369
242729895
855616532
257955927
862441956
394641237
209956582
244686372
415610299
968755978
503865565
122490625
876454312
380745086
830470469
903170434
10917049
476913
343767739
894763782
787556454
630260149
748319944
353172442
786355274
590655523
452754776
126773476
156800319
736551873
964891905
610672491
673075604
366791010
323746012
683403765
65629205
181562523
138368024
594796150
14877003
43345527
819023414
477996331
98551937
326924925
831688605
857002088
383059389
14595676
595528321
816062116
648312143
524300554
177601358
750928848
719505463
474059159
408062276
540700221
567928392
651425614
464486230
542102174
315601408
393792677
148063381
637434146
77844492
558893150
848293218
501993889
490502851
939122438
183984536
155976883
373690330
944802633
139257748
948033670
739734824
53622697
366591787
453920619
258716127
47289461
551097338
6873678
698419897
79175881
58242682
95234790
380646115
73163801
792050940
639288732
888546726
377206370
353395543
669150478
755826052
655472074
703196732
58913162
157449270
345259850
817835216
129988402
419961645
124573036
668555143
475708760
697278809
611293357
154452936
968305644
28941779
579672724
871213906
180292980
722776163
529962720
255564248
171128915
190981643
316717764
972264672
568323931
478050463
438335138
782377558
944711743
877617700
143179600
143838510
841466865
662264298
241923267
222408332
752324934
190692600
191644593
105324924
629211280
213608568
26259550
116945286
496344982
507807153
983535329
710574084
886745609
216997442
158890333
867923426
863946128
135114818
570017129
721928954
206556083
63012917
50360735
455198700
585866262
722813035
102254482
370757696
679713998
10381992
158655785
537181255
492688850
523537255
155265949
638358529
95427403
317755993
528782409
386042198
443359363
219592183
344854735
374033365
90146629
828633931
599920146
583434755
785337798
156176137
686594355
337760262
550304932
327288406
104629518
212970368
895447697
185286430
72067502
366624936
620976961
304070844
549047715
921754086
233889162
116199635
548799265
328106063
464604313
838278477
56589332
445212137
204750443
960870464
377450928
87330761
23920062
788484006
778308589
530974015
830012203
630645115
439210302
22937490
550396302
439309723
291512119
837497850
909280925
846591409
186104294
898790091
287031171
830183216
7895963
595858680
397307025
92731502
224840942
949918353
871666773
867337924
276812814
830134708
641104454
614220301
907691710
566967564
312635584
234835275
325197710
335680885
545743236
376406983
875763824
255766007
656897032
269306767
417923651
572227285
26981666
70223134
957945675
649622879
879140895
69112705
656752140
722740703
646440695
332244489
246639279
249729260
810858566
549429427
91374531
799241071
20558440
496196986
600667909
543099901
594184290
333368893
968347691
181047069
345094803
680406032
166626512
800555951
460048279
152779748
946568095
808656350
734984697
576713615
640410229
92680690
783343889
757052133
506194296
88273889
341165659
498374111
242874541
569678565
426673125
855342260
727542187
681169219
367827504
132836555
305743374
503568234
837561776
612107488
808877258
965610243
891635940
648657042
982253283
935493457
571911653
813384365
16636373
348087279
650980557
304689922
121552583
294799511
487637789
121879543
624455786
477663380
118161792
839630518
329593834
66900534
941291370
158389879
855223512
622044377
73908712
687002485
592927041
144641078
982491649
284784120
183865777
951806001
548157298
360017672
661451852
658718273
344779865
528521199
45988937
486084614
680401428
70901782
98919822
152408108
430840451
882325977
773599633
461304406
881379428
443108755
952762706
905507134
938483411
803562255
597029610
772549381
355932043
454452186
919984954
50693918
491866640
367726411
26956383
394497915
501364108
994530757
924985141
20928053
941392846
560623706
44269078
724156034
973586837
101352009
88125480
748328686
539556328
334010730
981900162
306233398
993929906
628530292
586987955
950480837
303899728
765674559
823825098
902493776
830735800
474734578
583605975
729297108
203637580
137757095
556211626
381645573
579320070
270441071
892457185
429706046
209878453
615732895
678195601
10738231
847341937
92745975
763665407
407356045
286907328
733860569
671655744
463508703
879219740
958808872
111684528
570748958
812624430
415869586
74289981
97479489
99889707
657845789
506834576
570036829
186748990
432568562
756597876
586166155
838695096
377729995
642539766
324301835
916474434
67022203
890718084
862989487
729821821
383836509
885323125
596009321
61886555
648832663
476368465
695880445
948495936
539017721
195886075
99678599
445070095
254276078
956480592
640267455
967893749
374672587
656994676
550127028
877095647
75593424
892671681
11098450
38461439
444263831
945415185
912148700
608400873
583700143
761377476
397559871
764169007
917297473
444974594
572555707
441957835
111109885
620807377
912385432
44115945
789037888
811850207
93027155
446345142
469177142
263162896
8555501
485915222
501302159
764082304
785978886
877100499
727351519
694298574
463546689
104854421
170356219
97180988
490457296
411707944
793454927
660330117
633244396
285388126
815260707
68037170
657565076
862937559
372125925
654295316
133084760
620826713
564663794
244564695
955827208
371472630
32615833
576229016
710941442
341988299
9444956
963930294
529392732
166325452
720335064
587897302
175911709
162216712
176639872
184518428
865358708
350810890
883821432
542441699
98060407
921844854
313494981
450403430
366229506
198077067
424796262
485705823
853711835
823628809
411725084
406721534
591165345
748494736
38049830
34736726
199477018
228654285
697138089
66728379
510574112
813210845
127827436
705305824
222646017
654130919
297515012
282337669
815252320
448509317
914142396
756906391
869299206
876522696
39007867
234283457
737691869
881392985
372772301
226277054
841104872
631698318
58512941
114119525
804981384
370487976
893254429
584266988
671479540
937049922
716342352
734846823
823630003
737376496
69756280
128041185
460642551
920401758
470843340
532939515
72984211
154225563
294803380
688997719
305222607
804039514
861334002
793689184
934163752
329800518
763113043
904395938
733065322
727145358
18836122
779349398
787467540
897473627
291521878
925632825
48809579
456571976
135049946
515649195
598922975
549817651
913651444
57085925
853176423
94870598
323538695
546043943
639011883
663543146
857276547
821884623
308633788
315546840
594146396
728213454
734820584
271300018
98503267
135983679
159050640
657742712
908721113
858536419
44143117
408667731
251827455
229418034
467619652
66049933
65134126
966328440
58998470
223716151
490779460
739473691
548134702
667583783
389234565
353215283
856483185
299273508
988672529
605031459
351806051
315362172
679832395
186931249
674196847
605321215
255788901
706700313
942373695
620874636
240177025
604690691
322674411
408856005
736626412
471144079
875900742
221540900
336951906
726738502
413426239
349135246
534167556
141043047
792603146
219691225
68427304
475670080
240601623
175430235
540058144
377810922
210373601
350433337
442883782
208765201
863760902
385540469
192292531
24286661
334998378
115911811
276198078
193221273
753593295
326963384
545197924
240379633
853492575
932365383
223631161
163425490
458106527
33386764
720461031
785031302
455196491
913726750
441206412
572181152
66441194
208493363
409032707
977806460
152250994
385457379
418413243
859068450
607835868
658731401
868774196
951565319
348065571
600521373
500248714
117521153
652368023
124862488
195558858
700818949
817853984
714379086
81196939
988814017
149836186
552065265
787441863
548694262
403523823
107197138
37720806
548705215
172665804
311537991
648879141
427312905
441973489
840160311
464277741
673323750
750883361
769325659
940878984
961122127
103358643
735533736
755617125
296929494
718110725
884000306
190411764
289806459
71472251
505651000
293865461
408827122
836053920
908175816
62829358
769843571
607121036
334418051
463822242
85330774
923682994
599545376
726480966
226644379
673552304
493776022
408929840
924874220
965729569
638738679
582471865
810654350
937022794
226833441
54673749
60835237
240947619
896667501
321777082
26926280
598648101
179674543
147172039
663175181
349006206
40462264
127478115
593420514
330581577
984588104
440669782
51615187
311114229
441676106
577939291
10257226
420791452
495677390
150176122
311893328
492656509
187972149
524669032
25554768
941554383
114789292
649105012
707228603
347738470
925226718
669669649
884038504
947506065
866566920
333881234
939157751
167785736
992620821
195203308
71812052
141290186
351350212
260757262
677655061
248943263
317516977
594586081
755455706
247549441
51575102
871598625
485111078
853543298
44507592
931829233
763443372
912036224
867053253
884662589
996934478
80957276
236968526
300925447
492249557
886317824
14648056
160194278
290268099
76233228
413270197
672164589
484328824
394602328
298182700
681003581
989398664
689320104
887418128
244772655
2940901
799508848
332732470
277249665
502024506
801920025
84996899
988921728
315061693
77732154
174511245
433985445
813936529
362862310
730973003
792765853
72401360
939144492
321501365
858910872
392971553
550119896
3628655
342934199
915241004
651968002
621121909
218366980
685316101
643740124
181616404
189278459
348694572
883168618
981355101
586173075
882501035
566861301
921526667
9407413
67242690
34340066
940927680
38881341
228816815
76964757
372253418
526272139
194732468
602237822
254196773
763855561
423268019
350584570
668733105
518578197
272687569
898562813
945110066
695509480
987233347
363875140
209798340
532264268
905284588
854682561
491849982
897103295
112530017
694581373
915702501
370689276
653999809
505698613
143945274
757196
214943659
157780876
909438627
85054796
619203787
117966882
517079082
20472381
903086418
145876090
863223868
134911625
576107814
993616519
627527182
926943540
850858831
288099995
330734073
327964649
700034648
520179965
715535322
715662308
904276223
458075110
825302584
948307359
841625283
703726734
304442138
148738900
201309029
674908247
668577712
640674392
245267168
272263720
347507527
524556119
753174960
71914713
760120418
819560670
450495534
748719628
870505333
629999902
779377604
183453674
653761203
665811215
548945534
29615388
558223263
190722361
14372630
404899016
269792567
267297844
370690811
89647070
13985162
749574874
738034949
318157167
118393459
186889668
768086939
806582377
651890663
522788556
246108458
713355077
300512520
159240066
314143474
931995801
628682661
206713332
210796191
851706384
487540679
570312987
194439310
727006705
842817566
649903944
775749895
628985622
472113100
523460556
268318447
641203780
701781790
784574791
866046667
168024131
747744024
904659180
418040497
75432566
449210550
759835486
34091318
482640881
891309416
266476878
525267741
594855840
947532262
192425188
859531938
965770352
638901396
384899332
757762028
553400748
901187911
773887981
695549475
989825254
25322024
517644281
49925026
477876335
757355415
435454859
348790560
607198811
78993482
326818539
322118919
542252379
990624690
915619269
315222200
270745880
411538160
697182057
41130548
484061533
334153054
775821208
635828857
715265764
426935136
878810597
228419960
563968650
850145975
830385877
176564194
43030674
226540829
627953202
328974583
375912454
244797812
760209281
240074788
498623233
996877017
116217478
305443488
338383873
112694343
97127615
897075975
987467937
554988468
936934034
581673932
860201188
912433495
956797624
852593211
523065499
343017462
867316765
573332756
241503542
467589379
983879125
423325577
758265247
823252614
432902780
179370292
453812691
608744779
525610210
148237253
913476433
129133662
844976342
265002559
551974991
280614797
437987688
717736853
794095340
503318731
338484315
348901577
990969983
316611213
626582409
402891803
835791367
546877329
920593684
149148945
772552640
740148311
751467685
175060025
388744780
861371593
248781490
554137512
318922679
146387026
785121969
663864960
822791102
540131822
710871939
529874096
68024112
566075112
204410510
181364630
191301354
384266630
702995445
957393302
656726051
221928475
926783764
516245257
459164953
249180393
100592901
404030140
391858534
318649589
616511329
266024283
13186584
621886431
477810784
681975912
800133718
632322372
326048110
435669897
301124382
360391819
482282846
962554145
180845418
619936202
646498151
864365537
7483270
838180875
342966868
134753030
742036953
276724191
771788539
848354959
895682167
826204759
631699884
904500991
669643295
586393860
571901843
4613380
282066107
585961164
921461289
284991617
360771001
852996940
781897387
630852204
353250719
308596187
643218387
45193447
569910702
997654525
535205688
80892571
447496775
592841611
257279091
620026153
606061111
479726746
766607592
819761391
653645666
703208786
82572703
850275049
263359776
210218734
470864413
588013346
499080233
729901165
621252091
69489017
366803729
761719143
471910065
137360679
265288439
929607166
807896119
974111369
224097360
459397243
17670732
397060395
279533519
398790209
915371277
954421410
794526569
435912643
215317357
237629417
157157254
753807498
998994337
848301459
642953423
90702734
701090259
249839635
83721656
165135033
125665759
836805037
130943681
672022000
375159298
447550132
492063892
275593223
849939384
801673918
811955565
687289824
780478897
180563793
465170425
806532131
6362153
705997885
541601296
5428748
256590920
698253393
23241936
386036723
83839803
877831224
117765776
882987116
664041376
474517548
447717970
536872428
749541251
483530829
902763200
344704000
785596957
771455146
225211307
820207610
773670188
892495130
62869107
423206765
837711863
361829080
347028210
875763920
720503022
461364842
878124944
956025326
938434621
855847313
136533250
44769937
175128345
728534612
557260337
150229043
431877970
806645517
115233591
613411410
286846459
568177010
734000588
620813147
623893397
187341117
425106853
230113759
949482246
708094141
829631258
44035861
244426950
766852502
502295819
114881461
13457025
938587975
726047439
981388382
236165219
780757518
477183689
406381325
724213908
559859640
267656898
756074423
383174162
839327095
913661281
791355316
413651614
777362859
38528098
544461179
24983117
447659756
305571576
186154523
479635901
214645455
761680900
691324357
661074455
952618842
730237328
935707070
481323029
674841397
109273733
481622687
796067071
121531444
300416124
938798298
724139835
861225187
135876758
364334262
166240180
915244187
203575247
440954736
916800591
870892188
110469675
74708627
617363807
984047056
206559840
681338701
361853858
17941231
348618071
805847286
620221991
525849948
842379164
955199330
311647134
161738482
194020400
619060354
32544510
957942833
593814947
543870087
652297758
811084759
848673369
191845205
821189590
814267148
28650819
567839723
966843764
78872616
191455063
6372873
279451001
475767439
554943859
175240069
743153705
235654348
43645245
161574406
495340216
605486736
205170925
645794140
481876566
60579378
486164369
337474433
371146564
279589438
643680243
243097550
599341536
531481456
876155264
495707272
692888634
703019103
825434022
647170810
676224794
738762149
798192020
992856668
724524289
832761728
720237934
106757903
633778973
75749524
42844733
94235956
850788133
213402502
600530951
435520812
250095114
262875127
670706969
431844823
784069039
961654581
302576567
586256757
69116647
91754747
564105540
175035647
50785939
171347561
974563552
562257899
277915919
145419785
457062339
906206590
785116420
681388218
255858912
243615656
189218476
77012240
477152198
231897437
230482873
42275734
877654480
787837630
2986279
911612838
652588723
834143190
182922678
449663571
326373221
101143532
494912207
363469257
909642998
842094094
232697925
279542868
814670949
999747241
481409298
281952063
646006257
98082258
416580921
119618146
325989715
206174069
253984398
598112279
613063884
469546715
699038715
884128939
289348472
28406177
13009706
579933097
208152192
237426758
341285902
399342261
191179849
863352635
949939384
965156419
206135110
349478085
664916433
280524539
327569530
794236098
588013686
324289618
656088163
868674151
64955095
223894967
606030764
427678923
625741336
250310145
682092865
758545509
974831307
693370532
954419016
448107834
490270745
633342275
357803970
997473449
712329453
656467055
898058457
925935197
987041580
636413277
149999426
491388735
480436163
597295616
17499080
216885352
638155854
414805189
114524608
700289297
763587735
113641071
226132883
557111921
497396735
706973114
534734223
440049592
304159271
437119573
421550555
761622757
299301092
953542437
792364040
938941122
453543999
906265543
199139158
948934980
531488106
353523023
139614038
220511647
913285616
999129957
825442621
579266071
830466906
845772412
63998972
960335580
654403476
518391584
499183634
139350757
803727975
159139771
323651743
195274600
81636387
183477714
769446962
952771722
623178849
621034724
522166399
514687094
371403876
844951111
771513863
181839634
667546901
300198149
93626511
251541104
463191439
1678735
388144134
276016479
135497765
33773203
929911416
315327491
628423438
907486236
158356460
688078316
863202534
76247897
75509930
86193913
937506228
962074863
461883906
908286227
471454041
816467143
385922720
830656718
59691616
577231785
634278761
65101681
812832196
432882642
524731621
410071756
423752102
857885200
241505016
974400675
581351703
868867757
449329947
63665617
199747166
20816883
986467901
371931923
574225551
135399774
842190191
323151725
163734053
998522197
744945273
529609144
480328004
959191460
414338029
509823787
303368686
642263722
479628819
469686383
806398542
284899981
574802470
888859205
949810153
660372344
697606289
535939305
609798955
601147960
590790139
183694808
520549245
82188322
694095778
872628175
490829003
546197569
255057529
361358205
403305668
757689532
96433812
54106304
81745245
932367516
474286736
305641865
805568574
725565581
84277383
66911410
59235484
109812460
832211487
694685981
838308870
658502945
748597342
713883555
829511925
776091552
337686306
287425578
239307279
352551734
468598583
572178485
893243426
93230355
628349727
325053328
592748168
346868806
800462296
195530760
658890096
181662092
902437497
344066301
714175318
906526637
366005380
461283273
487886245
664128767
371014790
771824154
188861450
670847671
355467052
630649175
992675966
248401270
495281026
942591556
830292388
918389782
422270441
192895071
845914578
562874681
549848172
287138022
38762596
260712749
727134304
2057890
795593569
901544940
950292003
612944695
521248925
348511838
777599535
759963044
418174732
716810466
33552185
381010005
656888435
255417979
615607027
847184430
794911236
744330577
786926439
277689285
371490738
749845570
719288600
480626535
777317109
138215834
319285999
665038627
568063520
670506882
77388093
754477791
991379105
229754208
311472949
452813112
472980157
466818694
322816385
702593567
167716245
679807171
86087446
497074829
658955860
786497730
593206149
588729196
295127756
218641874
792851208
844966808
12993256
489025265
843266025
418123526
173038452
976671621
78518824
10499352
50581514
654778354
174016042
352450474
417378494
418801112
153901977
478214295
642380417
471272687
409828023
178183481
30039960
294172710
109436821
345082315
516377394
375989506
281245217
576379016
672710156
701309645
526708249
996030581
500622072
845641667
931074795
913952266
369446656
523854019
469011637
612311063
853975941
764562980
577054313
705026143
889749825
547548831
842774246
249536065
475478849
779309390
411531325
482410414
921787407
107121629
434381345
164575172
488337393
771956677
353489749
936685070
435537670
804901389
9242366
54642024
564732484
76381043
285815421
327639171
829259698
83297330
128305644
276676818
825660787
749501850
593760919
787164549
90387481
892885684
528178981
950255695
361205572
5941168
373004244
743128553
408247923
769299162
561033765
97450556
123906439
151131550
264013764
324186570
280558793
367679420
585312721
989696761
482011216
792048056
511539776
29604144
459521530
643286182
580304242
768058727
375783097
926823206
250207915
570714613
378910130
664462372
196687116
892423885
322709347
371461091
994153088
983371425
796520155
180524035
41325063
623511249
731940056
272258760
989869679
684727222
475554157
495595896
540597066
763906380
712090203
389509722
615759853
577118657
606143755
311174559
474546142
695566853
830889955
288927855
785024571
987278261
431748444
669065633
217166936
465329940
397342572
307263578
653288706
833701782
656725547
870029721
914471819
909792346
443396045
976173128
772816824
110046985
701512292
821357537
632984649
460058623
58067591
578357657
460310433
671498319
964438144
331328191
204153046
399670897
725796710
389562249
29274209
877650392
172970530
877650545
11925056
881897339
60201105
713650191
250134712
129684095
761152294
77921270
26033127
928603384
632588387
611436710
77129972
622117831
428881246
627891998
104128502
855767674
201284177
439174714
671729070
219892260
294258176
71170094
907521010
54897740
45749940
789605783
798775856
724739417
949220884
622619363
792097339
678414734
271717014
972501734
924138809
460980988
805442471
865867459
767454070
449801035
668391653
304859315
661086211
347799222
925275961
415886239
212891345
590605590
650206637
666790604
481806551
202824969
855915301
828445780
697660368
837163850
739066143
698450934
767609928
361412541
595774660
800698014
2261999
749663124
445703464
337304608
824512267
391810467
540262874
710029655
223214160
792548567
739289853
18475381
918095292
4665841
722850218
127775980
531936865
249745007
946267897
462877068
621601698
482721539
538940770
766702474
856056196
809788736
253637512
906557604
709398615
737102091
13824020
715117437
852565803
476373587
766298837
506715693
552837409
338903196
689100281
301267218
88339159
749001854
604746077
446903754
261349925
607478828
617243091
90798779
924401098
53857991
949888788
498829632
254794036
489894256
165097186
489754229
516856936
307524926
249908750
785989552
20313781
820698214
275574246
736987093
696972318
221574299
230413267
355423474
723045853
921428735
518255092
95740453
911393368
569666930
798690768
854165481
810353884
338742161
645420564
683087606
405611108
109216568
621885146
473529147
344705623
412804213
486342838
655010998
349182032
732471534
454295407
248150735
491879511
848896603
386874457
835371415
993185660
896560272
657225039
349515921
588848433
667300291
438922789
153771730
455854843
863444164
776661411
675655776
605461333
514366725
387559484
691380499
242357239
979336994
487702933
198373382
851285990
955090928
915471642
389453614
941032310
836388482
697841291
250572972
362413933
591025228
452929088
487381444
634077133
927611794
576775873
964633081
414803429
341532097
277786963
804294461
864872704
325631876
718266228
511830617
821421558
785290776
625876074
333191441
994638026
902650481
857615506
579938899
623988405
245998638
697016651
671569797
761840895
772098876
336810465
848940649
907547889
287575630
476083777
762322089
789162905
445239131
508963406
809488009
53359426
504844190
284135653
994980400
307893420
391152452
937909845
688462816
860045843
107251417
607227471
876170533
550404434
955272603
82803035
200974070
509517860
230738992
933514856
251586228
808771720
695947268
876417268
645787480
421958291
39844661
39715078
667298723
254223390
350352039
898898625
759842864
395241278
368812911
36822283
46589653
664307123
162510326
817032472
420648737
639007510
96307345
343821605
526111072
739466597
223817948
688984979
986262150
220427965
754706960
152700911
54949363
16312017
397422104
773048307
310429608
625696592
932836060
755635281
205803532
617300564
929542221
706690973
964806768
714519409
289911563
411008270
75214986
991167999
740064565
891340443
624578699
17798335
770246245
860292194
842030610
542383511
620670606
982776492
18214881
962665801
610558284
372201874
226187161
551601438
943367745
447745297
744425245
300513059
955837251
201612858
607102923
267499199
836830311
864026893
785186173
753509725
733121617
787445903
826400598
963164529
305705301
648370418
347166002
352287741
742190969
585191650
489813874
856993278
947382023
126806721
357472858
696286199
930720663
454999977
726165671
214405964
963606862
685427717
804169386
464680797
49596370
465466051
757843077
465552635
115217305
787530836
898197534
51057224
278031357
416081060
532809938
652682443
762505916
842591994
653495265
346603126
196329195
797115435
767420082
289816760
961895239
912146263
226694519
626447387
905253478
655531932
506862385
980162597
374153840
123893526
620413579
708740141
387210150
901244860
682396070
199081462
741187769
834059796
634828900
410020951
340745229
353655192
552981220
115158106
40259170
422006512
62052153
44715880
329504369
387941271
324713155
595415766
581062486
10414308
410098268
84051698
972565695
77677738
635634930
58815676
66076320
873035572
95251744
810394281
680740660
773496672
888361545
974597996
835684593
91035614
609413663
235437417
192180491
915057507
425785
260997744
314817435
545478142
800656826
707097657
612171915
869198513
313081631
652241044
24747236
440141423
674318942
794405833
249651920
610849361
378849346
249884460
826500190
751581613
66251278
54534459
879393520
52297071
599037185
855551839
590981584
542125028
291322558
679664620
806258809
291222004
972162356
882805030
796369183
213531508
234442793
727044193
270473308
583658262
553968109
455000925
49455920
901087716
573238422
846094163
340272614
151280069
524106494
722450542
584853791
294418060
578375674
880807175
267899740
609230034
814702439
29207094
775814868
362686452
230020291
478865284
747630126
504337614
864202564
500824697
653624982
951352035
754754255
717201926
841911757
536783895
441627558
81724982
263973296
491934714
428181005
451566748
786858192
232844428
770177979
343300859
516954614
925205591
188867473
538797110
507778425
105963260
253130839
205790802
813151257
176919626
520939436
228453684
128198367
693466574
430718876
571291147
406552970
940669673
921706913
811011881
540091428
534094176
499487660
485244277
317883776
318603533
808778917
210587457
264947199
285712854
406871614
419065305
728913539
682455683
531851391
534125737
435947264
768230826
422600193
224975969
352043801
70519176
352403730
522854727
341471905
484030249
240576603
871421435
286307567
582590099
218144997
471846570
450761912
75907920
263118134
473513070
909122392
10233120
678683944
255367801
246007427
999928923
698498141
657877915
500704889
668422232
735669291
743827912
793016999
51806674
651231511
320275458
260779939
749628119
811621258
925516506
240410720
701641652
653437915
255141817
893613848
381866554
47071673
644268942
151211189
343069109
583020516
149994637
857402856
142225165
356422648
103215738
179990301
904049440
637836008
268267485
701713620
71992008
193330939
805782090
231928127
396240515
587202856
228130002
84364127
458760172
869308868
374841673
171863627
516612505
286897984
31421881
913403148
928693908
556927437
179085982
405187475
287733003
283722914
264725713
850794775
256991527
195174594
765394380
42651450
405779979
957145198
249651606
792608448
382480534
7697267
980189125
101235097
925876796
715566346
184473602
704084232
890213858
126428915
674244505
569642122
954296176
245491936
673359668
797726889
35039298
223600688
554714708
498966362
359502233
249811916
308803289
264122036
968053007
580888829
564483404
89319275
810288192
287520483
320662314
195070415
910101722
298701515
447010245
674748736
561492063
670604095
684340258
940041426
297782379
184355287
583236823
571093448
53706134
738206956
737890495
725005233
703067393
457750288
170445188
440955278
657975362
566626343
294709427
48985059
674768833
773454406
441447546
13826352
550699793
503388881
921569340
753888592
906163575
622022708
697696550
638213274
786657344
325153733
233204992
547683548
444847365
896355655
969856683
924041510
793452189
185585365
742994983
494724125
747489376
546647474
149672495
31831628
705019625
526147945
857604164
216804163
199038009
228821744
347306678
143053325
247269006
189390348
690173221
332301583
773577981
566828432
912777013
112327517
856739643
16657535
290224213
354949937
856169271
699865718
913766157
548198003
549430245
828202369
746654656
754194710
387644240
60800658
579335992
778213683
170697348
136797692
842110021
252081712
65937516
187179646
245028758
773371608
462080154
194409508
406967106
945582020
211559093
93651236
200725934
502176783
149707180
844172737
932718747
639454986
451815403
942010864
924969890
389632680
827070735
106311722
598072647
500747415
259268212
225361188
924178009
238394171
4437831
521350875
222227729
911398451
909886598
166029611
712440353
178378690
30762400
642881196
538140037
78064143
926630235
806253402
848414130
605772183
952069752
37009326
536798882
961298992
353765493
564202758
208362231
56298794
266422708
431149685
40168082
756732438
395004346
919679933
628236711
304653666
211796817
120676221
498487610
128563221
438533973
98537526
876118620
85937595
860603966
270070015
189470764
791598131
12981317
844435737
314860613
808733413
7101468
653936871
63162839
541238708
987555315
797050592
541891024
583626962
656834963
577086768
513106340
51547673
119489338
815214115
192827763
789083660
722736088
197437417
219119738
274321666
957138267
89526883
472997504
669565905
765685187
578867331
538146354
262109078
324718927
46544896
510066484
881575798
477992726
481141653
770920347
501953726
871567201
720418043
402211849
60018958
194971706
576527459
638991903
782198834
798774511
962063601
163594127
897081273
91844384
947582995
493938725
781607664
589480437
426088738
623841690
197640043
52645732
435842339
897474071
529759411
212217731
797101524
279593668
847953295
366997603
595837533
489199260
258805489
195661029
476754559
471033310
502810310
685196370
949083103
964534489
872261770
319477236
131801738
330610988
950602055
997056493
768344583
366489530
101998589
414001745
218868733
564927184
731040915
818365435
303088345
811246394
423486721
101926479
470584995
351267478
385086749
265421883
348070001
205676473
427232444
648356314
598097743
793274004
145534708
803058677
119157043
357053840
329871414
705959637
260759902
318715431
194634133
961340911
600934785
934583024
263650066
605360963
140584986
362158664
567635914
159000679
319296814
293413297
747173952
689064019
605822641
535990805
137498190
767362068
604903233
705285816
919686435
701561014
300716999
803239916
936987510
501190431
160990709
271072215
316897011
60142834
769395973
96365891
208091853
917689078
797439762
983974888
156470890
565086706
556475932
754096808
687489585
806804953
771990858
925928969
362873250
413755526
271646815
154729652
655380562
217880216
305397823
303148102
742095560
673116528
903819767
918988431
449571519
518181626
361534592
695431399
402441073
175253002
666054593
863189813
487959404
176788950
244754137
835881307
13095963
350691765
452734167
558684638
792325880
571264426
114014121
796865951
280866233
865660909
628194208
657161935
144724417
35969866
139006996
429456607
297079267
55427705
813036787
117561149
442389168
667431146
657040695
590049204
441343363
663385450
273066371
416026944
665275981
346045711
205050422
628685760
29428567
900103149
84810604
164945125
521234249
683624040
139734040
201560696
438669277
721982619
244307060
891769727
238661089
767812318
440534518
940366198
695150039
752023701
943843256
322467412
716371240
233192816
441191337
908089272
949138370
237562297
310180144
210443505
248973426
70168563
777479627
761359261
456385709
12942588
86182534
201447632
877170559
556870050
173183264
903515306
121709569
761195964
297558707
571350927
394232182
545915166
406991080
480266820
713889785
861320061
954029708
295245775
418244635
327062296
965970221
437018
59833751
404103669
914848711
473457819
57804418
451532273
777743604
550390519
477998894
550389387
783278371
313574425
555361379
611826727
434613133
677387035
22049756
555331652
789788201
570782189
846281455
359952528
187764909
355878576
668372917
557066414
328719747
505016658
447468921
26175789
523487787
127912795
198304584
180368015
17401272
331121054
522108782
682426491
349892076
452838161
691781713
172039624
231239903
80765727
956784629
155010409
381284596
327137538
549404147
517200923
761763437
34145305
891739450
916586780
591965750
146435105
691343126
731516589
379360240
239942126
823000
202787705
628999602
113384132
635016635
411605606
834093507
903153838
368538747
600342800
320450041
612766128
787925657
861657074
999274721
712306407
899889231
608078427
642749006
255620010
922850316
869298319
37549048
36919214
694347604
987178524
595807165
120148212
313579133
86777553
818718049
116263741
95820366
688506887
926320868
230713427
319634578
176471119
460565603
18517103
742911600
465528858
586384397
192444346
52253091
837300636
158291033
21710173
68270181
585635296
949728310
139849144
825973272
919028871
972468148
720750903
444697481
284772145
155240848
550576943
212299653
705972538
61782800
857698920
602317867
24709633
290125415
950133904
21202762
9755839
817544772
667683010
171862558
869779449
497950686
403655852
993167841
272047146
978184534
494145723
824845168
259612071
452204073
916474754
792699939
891113070
607342020
680281292
893308686
83608433
417656158
851364635
195477219
510153732
929193530
485321565
501615229
67970137
852472800
346174979
830049387
845153487
797971755
171046560
770128108
393736076
787929741
563337753
197846268
459876050
537854840
891500011
894870884
518742523
117342591
752895593
807290533
144204194
759906261
826862145
313550979
837442850
957657923
253037131
990044218
962127278
831090510
929122201
359855012
833348700
652809655
521520556
217401477
96141549
544036043
222975790
325903541
185423350
281468191
774301476
318007161
609429864
736083810
362373892
32677626
264692784
232143668
235938781
585351658
968985540
362563457
39448932
542635236
977872969
731471224
51031590
342933464
99982573
595439786
550415595
760984738
865513949
940298402
581410948
63258433
774681644
60765683
149242138
12959048
849754398
950708996
237883345
993624393
24975268
37805426
897578827
490833718
64447867
934863115
198581501
354054504
753437607
209503585
555720912
11344251
115512027
709303781
869311684
381588236
52395849
888541825
975871101
7470770
13144989
97228249
909066675
417497177
662601303
326412737
789828407
695402107
866948691
212122316
87390317
211517374
922165261
609986776
448407574
938840741
998014038
434131177
94774763
133700071
33557944
454895699
732495691
655227951
735885604
175727111
787773761
649304282
773478644
565954087
956393529
549605606
525639397
415453571
705219935
877188702
728936218
834370818
207106060
932983647
968765184
388046954
877964848
232020018
435497835
385833534
158956808
206785276
286181943
945413557
405684443
197219627
551045400
503359843
972243234
633894195
654324779
858770566
792059011
911565861
639324526
942516493
402353905
427458979
904263215
729878341
248033025
197151121
265832326
765832768
839237411
546354992
313551503
783747968
325223140
483754271
222286102
668343240
717576412
585382309
927529881
710789387
716378355
353987915
848554315
864342702
55737229
384224747
914437796
955718491
556875879
798763787
137394164
332863223
642929572
298588184
834212496
390571985
537895176
788237868
187261200
26274340
11249922
447055106
940164496
762022966
442595327
518797321
584034423
685673082
576338170
935775561
742810400
71351495
724594042
224060375
331407964
37100333
570088560
59615213
78257043
868459334
171998107
256167497
260892697
861559691
861575742
270297216
420565116
890596884
52981558
221877677
613847565
834021638
828080738
973484120
769294989
557844899
452118805
340005509
113235804
61714572
684670276
883028127
302944520
18016327
195733794
366069842
156457510
519688789
216339239
31836073
882252278
731499049
85358276
903893090
942762201
584687253
638907459
859778885
704805136
22560107
715939566
391807882
3773905
381151345
227062251
345463742
726054113
87144730
940539231
297633864
512751949
89384019
739975295
25261628
147509574
701534033
16129794
490333401
788295016
345803119
243243805
224125765
528525849
263315722
734464147
869297621
261617056
533868820
785338746
725717989
393340592
816426573
326461672
290243630
397125362
255830361
857164431
711027643
425164672
66510702
924069037
622450960
87541977
256698290
427867042
477249905
501019887
957526091
686339031
749615910
819849517
27533965
7326909
223845204
739724377
902306812
670796672
633434024
383817384
793833590
715076026
95869649
453301815
70301098
649985849
162759864
891290967
160234451
639695403
170269841
349306950
55245490
715440725
617392841
246196473
90883211
745344487
184349206
206972967
998456748
778144370
406923388
376541286
890264914
342936910
812912210
324530707
289048281
226481180
107052769
24939208
680039631
125309788
974609393
733365760
335733569
257797538
591807017
271475704
299500469
25149140
964718297
957006235
854739911
439057134
36908842
572723478
70175824
718666833
582148006
333739686
613468110
144633891
264826920
16067643
982015312
615507519
225045211
185665613
694393461
400639470
514584297
624186363
339842984
483391327
959273876
778518272
358972586
663390336
267071229
853082635
609948997
434209754
307005152
912988131
680029717
781544977
125473731
165680226
400361548
949671676
759449943
752024156
382467545
459023779
724704614
921219959
345042759
700463355
274058713
847391831
877383004
956844832
614030567
335239161
312800713
463238710
859301695
469673184
690433443
750292019
967838635
613244266
43634466
551815606
275555264
220448422
495642089
862488085
519804809
416367691
990925638
495383433
947007744
861542840
264870474
923098140
163645719
88151580
376339648
701859608
709315076
377603243
56114977
361605334
451246706
934459854
951792043
676704357
27987291
312159618
550214237
42263065
25445418
5145306
120130011
979291391
224734833
481303670
976290313
2509487
345262050
390230232
702370017
893853750
778101664
468059005
386162601
433018352
261132517
717381556
688192900
516340712
168225197
896203861
484367245
316180662
898738170
957117598
891531591
65249206
1871406
725899041
394276474
434996258
19330459
683130282
349339647
335922649
249208912
878714180
885799478
758355029
70295882
979748225
870283993
22674003
738605311
115201817
81319520
836503709
469484210
559434814
411634430
437072456
707157703
413405169
384222392
486429403
134111480
362177638
653954368
571712590
664493280
517179287
532307518
598327361
203439154
562473400
897581593
552096890
431100938
836379414
652916175
205143676
792059212
575918587
360624754
713247922
488320802
765183900
333702705
316978437
689036328
536811920
897465412
623310364
159787570
579554014
112121425
890850921
847309968
439676307
220224918
104259147
269617164
977769003
143939102
656679765
287604614
114965337
971633453
332264128
522829512
92043614
272273399
338962108
129018989
368807664
20235868
567939634
582387227
985799608
543815872
422684647
612321226
643945039
918883107
128536634
283142288
166796186
809589586
986204169
538173598
216929546
180951733
179273335
570302524
522734659
637497146
362685814
487900946
159625236
676123138
373472335
117851110
197140593
459314649
651932025
795856712
492319889
628933267
772454527
988721585
989550130
940541539
251265043
841659694
857007257
427596910
977347510
615678080
899815351
619830020
921027409
162753917
415189002
211076255
303438824
460611023
429684028
557742037
258652300
731476857
94043751
916738964
102938106
576636136
64449693
611424028
599926715
971639791
80147997
314426464
342155109
110615112
792048693
11995422
733368791
28714181
728816949
356049908
223651585
801563138
397175792
569236655
570867500
539202937
430216332
475507579
589188758
21649241
162326268
649452361
906608479
392628124
473291708
167133071
387077489
26232494
505456051
567747834
853376591
427040643
909269026
37159338
584420015
333617323
148778950
243336159
127777321
62418278
997257369
578339706
567991827
973072797
935260536
303581478
261391105
954715417
382027099
266571029
240187244
122431665
716951005
922926641
513757112
968073964
715135447
887570711
99574824
585598922
820681825
100694356
484810972
52666543
450900487
564116326
778113186
332567315
930540394
318993764
902111305
502992372
38603199
334811520
561361477
900400918
175234574
658407574
152151634
805504739
225468404
870009088
955508794
782959760
986313807
574561418
17297196
630775732
322555930
273648586
407652811
40112852
836705056
437089923
603266429
430314952
217137305
297921816
790343990
230509967
726198208
253816829
929635146
452267763
941628042
972662966
689567538
317959736
75136649
494957828
533193748
160925431
703935187
36708416
254460024
408586144
742758863
453119581
45200082
292009177
669644982
891528563
925238845
871702365
366004295
553637798
314939690
232053763
623305524
511236909
485533873
302761691
205045884
279661638
738654542
842617325
727067189
876236655
219341214
935050680
322447907
598455164
110070439
642807752
676254422
251498144
704869753
616137350
944666926
233111094
783854141
91964053
228388852
47136632
632019580
948055308
502858620
663925859
428161672
321332073
995662745
449443549
961262052
463351867
867299636
947158383
476443301
932688110
732648843
879795112
612287140
999474408
362439746
192453601
452541642
964500996
71065114
858917816
139335009
317648859
159333997
502269967
291430172
72518886
770249239
85515012
791370483
936854444
556692559
796174621
904760477
753275821
627661119
650600680
313757593
204853961
366906828
23509385
872752898
525803182
949079005
382080321
803931288
785906620
691509892
927754392
571268848
367176600
955549762
957021579
222266397
53057753
299143645
967679570
399889587
120424987
441487060
783238886
613028269
706432876
295253617
616039707
48595886
786809961
925157287
436507498
266719635
862043892
101156702
85309475
367894358
888186755
470893307
265302436
537044365
745251865
864114316
116145180
869943415
637641998
231864340
559516239
703233960
992035970
226563288
646226918
201154612
721435826
647512632
858305874
869176433
372096457
250688031
632456793
104272545
103004971
15361760
613149229
867613603
472144929
2252548
727303430
236677438
746662379
573339014
931378300
458002493
732884221
722392874
362458514
298709151
454532883
23955816
575071330
379950292
247272808
10756405
474933176
550755176
403235533
226253755
363835271
810416566
842023717
251411372
103286793
941540033
12854371
997041951
784830260
569659244
349384349
778668194
709156245
370973526
291028558
63035016
719157114
315509148
559780342
196011248
518443129
988959067
668018373
526837215
866202475
431566026
334052861
88093930
189102959
302161464
662753774
216144119
934459639
388570072
402477942
640226403
98830099
184744440
81656914
424270017
918571424
463871224
320695599
790061078
365860381
944052335
110933433
515133765
96703925
622613854
195816428
693571537
63654400
686716914
514642835
603443236
406367699
82131717
425889676
322111166
379706658
348388537
528122921
221099744
485235423
47253525
911591253
738252494
790092701
984322994
675912992
782682940
772766300
864057472
430447457
934798952
224217868
667542086
213010189
359722274
194215364
86551686
468790915
296590214
173008229
314449585
841093327
132656906
23690825
444913962
688860490
500990680
209122111
321133208
477376321
557949497
740220692
730490603
602807823
998154633
457321438
996245917
388711975
805537746
405213283
934120587
979815674
14605322
234131117
7224587
710442601
750514449
419275167
545665974
836308124
250048614
241738031
700779738
816615948
193757517
368689229
760910355
743717233
894217221
787545323
724463306
765031282
787416392
237467982
296212991
384356771
62033289
404703942
993132047
420969230
491632846
527249894
415593337
917970872
910889507
984371972
998121510
155113791
491367006
889766991
97918642
915776315
414689515
642518987
544390384
506407811
47083701
18423545
31166651
875161345
711292646
537338412
4552512
881462293
27828212
317702537
901674011
105178096
783783584
552735677
543563960
393675228
553737445
67327649
282161177
47099908
922159029
266743297
322962414
626720236
420640721
346277851
389540624
172963915
611941211
551143057
157194114
204926351
31079441
976448931
563288502
554661308
886424614
699968350
75442148
996036331
411859467
544613953
570416691
282896030
624797311
452026550
834888728
568777598
59867694
616475301
732792637
479447371
12964557
665910860
662760128
58058489
209348800
15924799
975688979
279404873
495029393
714393177
272546465
305808576
274198345
818593489
785887389
265666507
64745143
54848136
103036258
272522741
970508566
805960482
939479833
220963950
412683070
819409970
34851259
828336111
691880301
996132547
975783766
329882127
930479575
7030189
789061866
870860886
740948090
429266728
769674132
247373706
304776367
937238490
364465851
215214457
8743544
807463760
981715122
61421096
308224494
864221811
549893209
815953496
354134966
608443934
794807755
270749180
173967866
341184340
152188452
255110432
898888074
584064834
207962635
575170854
901413042
190395460
489332719
872971427
593586792
832148467
10675051
454679533
876539359
75858327
139179440
123495330
38995337
881956828
38986811
921636897
917452863
979935274
827362630
2287290
713023211
724835474
579429482
957295940
14786990
536592262
653249636
449746769
821378440
612981614
565805358
411604869
218063763
159511596
483321941
226992168
833521874
411330944
994039230
539411094
819036663
389803903
485599194
813830653
863686246
73844840
976806304
618309058
748449639
854887588
702819606
695059442
118161511
236168419
861363398
240347268
124834011
130265455
100682490
975093562
657934544
875253465
889596141
918663847
316823337
291626446
951709755
129498272
567551272
698811390
861598757
849562142
332833488
728213415
414619061
979442883
418249507
387251927
930233962
315529579
537100837
687671829
507536546
849791712
496721065
397548035
524124292
13284125
19122054
643436800
988326572
887787439
205024218
556831803
107988218
350047896
4415110
864820971
154038352
764416875
865032621
194966947
904385991
403608216
179327492
577831587
924620734
760159917
751842408
289087959
398326317
569772178
661420843
61843190
115788100
370044159
867031405
360651329
160817309
473543588
807377605
926745131
627399517
288205250
928087413
453759002
615202321
82708441
408416563
947964455
616060403
768317557
669930722
865361943
583245963
423188403
788042536
977076653
218262021
473166677
961210105
723016113
217922448
533756055
646693381
260097697
595348006
413852173
210543021
590894091
183164745
81575538
212645587
628320362
922884256
640012637
276402772
779085066
895445614
23916700
134176015
725970713
319970172
199154349
257872148
869365768
935175175
708362004
119677824
988427545
290002936
748387932
901323266
878092312
577890226
373525286
278755436
472588498
818733085
452479224
399979791
131370634
162792439
74207879
341463935
952858992
296277734
153228432
331673734
408029943
482027154
404760516
686409687
764156608
726775833
426064588
808059242
596208125
613065500
790079176
91358912
456568034
864327749
43737724
800655217
661189408
741051868
688953092
361871771
670135254
897001111
626852549
817525843
679302741
855896879
603136289
233053403
132341925
831044682
92691067
189870298
288639393
946045842
538759062
965046551
502021039
666476299
141368705
300036582
479126646
336368061
407251111
647539017
265123533
361831014
982752507
901864926
684796812
573178855
801704136
546843321
851391
655486314
944310014
896984753
114314904
665531653
845694794
565751973
202408030
516889460
131062784
289908612
879636213
294504106
538781517
229469881
635218691
113398641
326311381
651831877
411449640
928797503
890199743
575297388
434685266
309036625
684068237
821748622
640021170
761479753
987371666
892571669
900001127
99345443
770368241
939837675
774433988
365095784
636760593
188258217
183336393
930059075
752903617
565283403
341798623
531316495
890120854
216105718
617107105
950813884
916820498
300574500
462777134
177718879
257394629
496906926
635866792
312258783
311066728
624241391
617963859
525243987
564364402
906199818
265051828
502559586
842263429
354551420
796944941
3355997
186258315
677394279
1214475
65126728
202560094
969974494
745273139
685692921
800078851
270188031
824831437
291743620
365103600
586140232
447349360
496385240
332602976
866404386
272104417
797966838
710906795
380784733
513792186
158833088
66877323
410271530
25524726
874991828
957616297
999356727
264276735
835041313
831577584
152796047
967527177
613159151
655259063
732053990
601149425
371603571
573585652
661936713
285332872
185447741
870290692
624112790
211241538
743520186
769735081
51634466
349255632
895998991
426073347
41213539
257661102
534137839
137985827
431245641
210113915
165046023
689357913
620491223
971362743
10672235
108757347
601490229
475428642
621817582
778729578
66272976
699782837
470109279
886896289
242984587
624000660
686777088
743892565
673033138
468792124
780928066
803509735
395950415
778266494
110925832
711935013
111901983
811576910
391829786
478361090
111930303
855849792
455222735
628020102
799364278
268229330
471220695
530793188
293705784
407759154
509043704
339037660
807998045
450173708
268196426
959119851
211567848
920470821
926159205
837572699
554606534
116783456
74220149
476688250
546241128
984233681
54800534
691881114
274593196
289754475
773967055
801037881
64550659
66792190
440591169
850702609
469276492
642078941
430552795
775212971
528618310
314643441
263344196
66426581
912467906
366434269
753063672
796843197
879716301
926240394
45084248
182322659
362880516
388234855
477647145
978552342
173765263
981074575
767175348
999955684
546545902
40784141
758014167
651172474
55649379
521111798
358101999
470785317
321105544
699024008
723649724
191737986
448900914
722587313
119724354
610001493
232249758
536715568
994476639
806531131
556785358
2287075
800729481
344590036
953534138
882359788
678481802
946262510
971479940
96142050
412858013
786778035
920240210
670858951
911751675
518488926
254656887
672159844
114140952
523350065
977948984
848467245
971070198
651110499
652350676
931538297
912216825
506325675
638985593
847303123
78151848
40599113
319758983
231406580
922096403
851354061
959558123
742287773
29491936
138197517
694591192
525988859
55021640
500435025
352404504
250796429
272400049
911005185
769328586
660394093
714430766
634775861
897676342
306645602
10649804
536007920
573180680
625405715
599099429
621304052
898631568
359956628
297456625
15047547
889999677
94666011
733263174
485971546
781345998
642278428
853750916
818723749
20248915
205511796
358940224
680362274
403415104
612642149
911985889
481597068
831010155
846236843
347833494
573624247
245013948
164738486
595629861
759285014
440800305
810107233
482033606
398969342
10863573
437700848
875276347
446746296
683151812
837523790
855866376
965962405
163348536
88203910
205871178
571449035
449585362
326419098
954621619
653126905
987276861
570307882
503453898
143593456
990411292
706015776
611024245
299562659
428936382
504083083
911438475
644903119
213269646
114919666
49001462
521012603
367085344
732961797
469265783
417654404
78821906
978570188
252225354
628515125
735486869
487992814
838323747
558744051
16362344
49076890
570950731
103507692
956815818
640595225
754324716
300475444
826829710
93457383
691178764
50757130
991150103
204123926
302006887
792079428
911987867
315361801
823072799
40298438
654559276
847255554
224836322
482113001
394959781
171202346
550852248
65030712
754433882
394538363
204985075
772752591
723051145
707503815
107412497
419633450
456855068
20033842
62990678
756973560
977743474
786834841
656296212
564179218
25510650
530957635
859017471
647881902
857231908
305445769
621875724
822758222
551489164
617534743
63246734
455765383
128634043
11585110
699872886
88399892
304799049
339204256
732865013
391330787
340467429
235278570
358630788
755268163
246523331
881191871
898061874
132981095
992956893
43117371
190938994
355553935
17349746
100335745
518329401
960324399
314101384
680570384
944045669
294882025
335290155
898636964
878610497
107168593
249162276
353920972
69061933
810019201
491665761
671435463
531031736
651263831
838240030
316395565
731147126
642268671
121125591
570156871
475331871
494954866
320361495
539430010
221202755
522007466
192076744
320650120
887081849
374164685
965487930
603888137
424808951
603786689
530086953
651219726
90209663
863557567
987504280
504173236
565906014
648162762
777061876
625775247
201131963
316147387
992490936
297951901
548833205
430560304
326385474
262484506
623766057
683099898
849281787
269800150
607183986
160929130
374900298
928174677
154110246
41638881
599015409
221437499
868613328
854740560
365902450
143519892
914012262
268049608
402146662
195977611
184925207
593321686
621123367
113418967
669551718
873948895
285256784
253089352
627924344
599306733
765872375
377017233
868030424
600173119
23914691
491405145
738052546
704203583
173424681
41646036
485122063
274423020
576915655
11576413
890825462
399618180
440478182
174269584
311764600
870450141
165422437
123731983
327921195
381612419
3689633
952432347
300421872
586426333
149244286
569893116
665220255
18583318
561337943
378499413
650882960
932856647
659571854
824177066
305548761
143491406
903608978
867541696
17326086
162016888
434862109
334460344
17245696
657240176
795387001
242919560
396210713
405164002
862508640
17346320
243909511
123218729
560469233
610646813
702386940
974910469
973179969
919676736
200131061
888978467
62465223
315653266
687009790
171724295
104897327
713620978
253625021
239648831
745892281
218984480
317044499
971994139
797689846
698920273
791805333
801431717
360237940
183766330
37105516
522339677
373585963
758071289
282312211
903304053
698824997
782311768
292940093
581395323
157015961
981856534
815726135
325253763
5965011
697670334
871522267
417111496
111215433
998849704
286213279
761557029
319306833
545345046
263442339
473225424
793372463
159690360
134388133
640411961
280585251
497810167
949438290
199769327
935981394
638395555
904443773
590140531
243235642
603081316
930976709
241056995
218932547
493111734
817508766
271542741
770389306
435639710
160830474
412534325
935178214
276225665
356816745
514738503
132830976
94287156
84045926
50667571
894980398
364674319
807471425
754136677
360040891
886396872
202358117
143495356
400919617
229159893
150302239
999722531
378795959
206680716
482866982
293911372
975864680
463873584
664430429
637010162
857542707
275128860
883018512
575516031
125548843
558497060
710240292
170634
116674499
420717523
738660600
696072049
463394200
136136896
286938926
115376500
911196452
209681683
759894580
822870541
698265829
616757172
560999196
616144598
429348155
787496344
402607724
155301936
632142903
814790105
14900765
921619089
272218430
729678319
395944068
27860546
902969089
940722057
643692126
978976070
465513567
254028264
382492811
163977515
930482904
533973318
454257373
840983091
701371674
732785532
31634897
341030592
298020754
695782606
789291389
444684706
645986677
658415084
819783845
802503290
862453338
730684710
361891857
718171648
294133040
783889674
448763936
711471426
702429267
170153814
686676045
441980432
710357514
135625057
514169595
126150213
950987399
372777737
193730293
621602607
585480164
743766045
529688564
286939777
592733747
485400494
363024936
615528104
675202839
782006401
576717667
528912113
386320526
256123643
226536359
711088073
931806925
572515471
344506995
932044584
258930146
870476569
558706015
696844370
839622605
258259782
886248833
767732571
881188591
480766103
9058404
5391298
803490565
889920259
931603763
239660730
394931261
634236766
311704521
908258671
911478788
841413701
476037070
356807170
86253801
340208108
1480396
240870118
328495421
644342786
823465147
468573085
800281426
19311086
566377362
972734161
141352702
649442171
17246121
93865144
745374657
663013945
376033586
185218517
741570957
663169843
173895972
731136640
977748812
932846294
545740930
363052514
134920147
611580476
209293253
284069078
167207981
197985419
188926276
825119891
853234071
606720569
254678912
708789399
637441747
813674644
274271115
539269580
884252080
552196301
979130529
485719838
965953558
235161796
389868707
307653006
776753593
661953744
766140045
883589491
136228511
938309877
949514287
18711540
11426584
454186445
824782646
420304833
3510605
929057062
707001104
402073531
220026311
519524364
551960883
634828565
993918234
62754314
499043733
587839622
575022434
902730513
317146867
713148641
558293163
421383234
165640537
890764114
722295340
58050335
220460240
112308209
311614184
741380192
836387240
757868691
392447009
78690370
572470354
322876729
494974695
233968670
864285451
581923216
481248533
922879547
740673786
988407793
422854800
356362296
564834643
620962360
949094578
21806362
631353469
90454031
407844002
181621890
551084775
883521225
98928232
352091586
1846192
943049163
476218561
384811131
346511255
533422429
621424013
819562889
469874560
517509084
126547835
749318078
369020774
448522091
391150616
626480636
189979312
149948458
296756629
524602087
98353327
92176761
186311632
751101751
927303396
523202130
753094034
341274974
144794330
838896731
591603139
668473214
32731731
79792207
805467142
498141309
775827932
815740880
499047496
484643014
760443749
355293963
591347718
881568305
562000736
633462618
685470891
995076111
283852886
420632709
342668622
355230813
894677696
958078000
480752663
78118238
40065944
757656884
491133186
954358380
856838869
279069264
104095669
90394325
867950092
83613589
268902460
692974110
117934683
364597489
739920156
119145109
96393587
209820216
407550340
552419596
63567175
207083214
297281870
557171680
426153371
691954364
669505742
282664049
610301977
465591111
37266607
767990091
175373208
771983548
713530107
870666182
26644558
108966880
352438665
997685244
715304826
949987290
782186129
703891082
634041175
632317695
502296678
372197124
922583151
685161830
135293835
37038886
932966263
42863984
646683092
664954223
893448786
846933106
693675725
494666868
973312791
737312595
941126373
179250236
320437378
84778643
397163606
431015850
729265761
763006270
840939719
956157949
195978716
853888236
770597664
145427600
151191460
192879533
393899450
435810233
270215751
421926733
231409654
547993749
871642687
885060207
407899409
684860232
914836029
848568289
622739148
435823108
335548309
494480608
143965927
339012498
569693292
673292616
352554792
305484636
440414401
167785042
327336008
702858951
41226154
309613074
717647841
810651177
220257825
543119070
645936628
285982367
241712321
564023150
25601160
632008128
717038917
185944774
168711868
349638631
542238049
525250137
35941570
479129221
398918014
834772771
131392944
476834978
991951540
394308439
890811731
830408789
484549946
76326994
624819009
677791906
121799071
131878248
176409614
920073492
657934574
8471835
487960661
8765161
185671951
207764901
134100509
59609311
854529388
222423393
675873753
473858343
985168785
278802216
594513483
786556782
687956344
870337046
686105334
377579365
779774272
241696214
345886800
936801231
805720342
658582460
454794299
958061247
131918027
624176397
549378181
120779712
446286143
81762000
180042908
872802063
248360657
536383954
251102840
876563695
376513864
264307097
911416763
996012675
819478643
527298115
420160410
827530713
13917835
32929619
757722855
289328407
854135425
919226004
518407953
105752923
475963133
869588428
705143212
182308503
886269618
340389556
585926197
916208348
198921433
74416779
524230776
933002695
745747700
734570572
712312166
833174004
253510044
709880156
508004315
172756537
806569742
513543963
346393290
93530062
161603857
437935263
536967618
935164137
143123727
5792895
454625671
167013145
650295558
709306103
827789139
800182643
426214243
217313159
136606378
914099299
267751506
973265518
462588303
970657712
496172531
572864927
617107487
625810645
72368924
162358400
26948488
399040732
988291768
268046940
517075622
718734048
65266137
788430677
403308988
165701636
817760136
442744297
598132138
344208675
363413025
651083050
522240198
484182762
500580636
378247885
831480268
432002160
9721323
102040982
237803867
417453421
661432571
307010103
619681989
504167179
799980261
901018979
22853490
612377881
670589683
975990064
433311649
694784068
527671405
613499976
523290137
305180051
491412062
811219165
219061509
495689579
616050879
273350784
893230750
645253308
507570892
430838342
232937038
720146887
766613505
646069942
22754907
391787056
296289781
393721308
147884557
817834870
277515471
704126142
206270017
737782235
968048115
401332381
132975566
935133042
782515621
454568709
968489401
642490088
53833376
554422624
586777333
992435686
174429428
416396699
164765496
215010043
583137939
503419903
477941255
614774541
687496076
666469798
653430947
454618252
380856418
219731399
476344899
717711106
887219095
165156482
183440888
813814665
695657901
316703102
29885996
422470220
721711670
579374025
26740178
234275563
104791041
945594668
273254724
307982920
517120752
606776503
825543674
585054992
666477304
828716204
737934699
212917267
717472201
923796944
160150809
588410853
226007982
894379410
415756495
846463853
728395219
590260384
327974202
210401449
976659066
911171917
932315184
234798230
835350168
235705927
198820958
156028138
549661221
762893819
900477107
978419977
149041896
186994591
959802809
262026541
571136264
506564789
94060992
187143792
927770090
411179970
265788081
702777517
479524151
450678781
198487781
902275057
853612767
400129993
563763180
377495278
393042028
809993359
433695591
47175361
924773328
20045401
304759815
339337211
113040848
774556983
229507291
711551359
126093367
345286078
420143740
357554069
478964884
705353009
94866511
94552133
444382290
956973358
27617315
524123040
923160939
530722200
567921431
327167584
846325127
68985407
464811499
761773074
818704871
621832449
471700732
79565420
335180996
77201384
261883134
793862691
271913380
779200473
268736102
956020726
92120230
441517424
502059809
875994112
556287617
618609311
783763428
301766091
929297287
155396206
848905157
184359762
819632017
39288426
864559724
537383178
364530192
191235285
506596993
942230858
999078439
329786152
292973703
93965781
788818841
350670906
796759987
714207561
814249661
494612996
964121728
76558148
380262230
266213106
134493584
685221747
985265610
422125856
758380311
385677246
514826965
159001787
1086136
180600213
7707053
337583701
607337099
92038696
235790836
500800397
429708630
954169522
25192855
76369874
988161670
204410441
482746821
743352103
466876147
558925534
248778917
534007681
427860768
438755548
591240234
374328292
66051157
499549995
175089378
547678197
46006838
83540393
286089013
160280340
235531126
595066477
841722723
100720798
23742160
28900874
941188729
898668812
682469323
522098389
154303423
426797766
974311164
515527579
563294948
836660476
185831568
896239683
971133137
920573090
579300589
508916618
126482469
907035455
761988808
940527395
373152314
409814204
288500953
428073569
810317648
751435859
398659460
200724877
501568267
976687530
443355896
812892795
381293264
979511281
307257646
132285713
357890736
451331166
584405740
566830959
42317112
679188524
848081457
324862330
956883549
782269016
400324111
487502901
271933327
830967945
677188471
988874177
955347160
153925035
208815749
117129656
309473622
885794527
897939332
395261368
26372866
269336666
521599520
643415461
767552042
577594799
558309993
385793077
722145728
58654594
271343156
18646936
555215287
598175921
109625040
116716440
334127877
108385136
925728129
424843113
730992724
562436871
816294635
63975996
232468135
632522536
408780566
76375226
448404811
897647971
346087229
361753950
473219692
545627819
182168479
450701456
195453043
885171446
343885435
446664811
124338429
68922374
982209436
731964590
377204457
223879265
130589486
372005213
612730824
32931068
416980590
510180572
32484665
333818935
858348898
691858317
124206006
716254716
17695868
238768347
328485179
323225373
491467015
635424235
317536602
593243617
153746345
316596235
960557227
651531743
421447226
498682316
372857264
747686007
530075454
882848675
278779409
580905643
973871734
812893255
256027509
843270488
217031051
331032814
686324565
675415298
131758944
981125046
125972516
872608685
153590457
979036113
29650279
589704180
57388947
692936080
161655225
878941199
260787993
676147922
228619668
962188178
582401606
257293100
161376384
59584442
107005536
897718393
383934027
396357977
362167183
653950672
26770918
362456031
425980636
370396545
468470511
335695553
988869017
328548080
623585823
678115876
101232123
725473958
976030433
264568410
178697251
81656267
607662730
318309754
175606085
48483512
640039444
996316333
619000579
302643335
729757430
307725907
858917167
838053235
529362809
532729979
839206168
111461259
800675339
276043144
541206602
585898341
142689298
845102687
750793708
371140522
882799617
841457794
575602771
718211069
829766247
21841879
772218012
4409385
177116336
904860236
229533206
285517174
816213832
642831372
342328848
789844132
863643486
140161704
272794435
223762595
640025010
98127060
265193345
580316624
558975978
747228743
119603699
841935901
384931123
160665217
365167121
954636542
21552694
599787109
612078153
291003635
172342862
660701321
133699243
714687857
85519070
47952023
675461612
98759816
553098022
280659768
595443784
416748041
192478160
680472971
722748065
632872074
74604158
152455533
131954986
736453158
661772065
691706479
686839707
819362395
733809143
536394995
656040754
206582732
348381546
913004752
561282523
893124132
791095699
179098931
489062032
789141189
519600166
137085809
870210313
780698127
258928341
891376781
77555512
374913148
380617170
667398039
905087290
310831609
331712389
141704498
894317668
385934765
40278254
422883087
501104622
990228487
506262879
797602042
358201597
826158485
685167100
341181897
366518155
963573923
872032751
284754924
631782615
848277857
242689493
484019103
524390531
242236238
239719995
61179582
46505564
987773435
181327359
421066904
544431238
316911372
971748495
158827512
149711813
533615859
890448811
609499583
32666006
116765079
405286670
932307265
487949050
703033105
403795986
468621214
423225968
418377595
867272216
328409843
297578163
525797823
888776101
83971890
418927470
423519282
869078752
681637948
840745770
460559855
876226119
551219839
237733741
954275654
634533479
330405036
549160454
430518600
632606613
59686063
861276667
763097089
985068807
261861782
601699909
722215466
962043141
884933636
675915493
119106050
444475872
386663628
509128725
982144305
950642128
733219356
205055846
207563775
405135576
28036866
918432291
63349578
242604816
238409519
393875701
67113157
405135712
117960184
627970057
72584124
163356063
336646583
285421854
969446710
753517898
352234577
840068861
115808299
212047903
813920447
596389141
75493080
74074140
179700675
779492243
906832468
868428351
837262927
763300908
868426633
781636129
147311351
252775800
395816367
842862485
435610396
37647076
849438205
380804517
104395028
453428166
779087591
172371753
633958387
826019691
574577806
524531712
71233662
98030054
925634932
95014986
579074166
167146113
775706559
198357184
968395449
466703687
359797512
653477736
230732856
700312113
537090199
472833398
98845001
236265606
151418358
936411137
437938055
971792371
224644348
963652445
251867743
148429214
860187286
478066967
949872760
882234780
496816027
182138783
186411720
872465310
151290287
278887234
815874730
449636058
868632904
263955964
787364741
301527687
537328029
346718772
509716735
213631660
772116176
72844605
566200023
380630404
831472633
712921313
60838395
144312001
27775436
636249614
740719712
265856540
302135936
779310890
196694576
386370330
297028439
38276651
115962781
563547954
145070059
799011461
320539838
