10000
71557764
856206520
856885157
187277745
480216234
435531224
633740320
50659185
779204954
285285241
893825143
61367579
993571579
114247478
801480708
465366250
359719163
740225320
282300985
529753555
406344321
992511369
4517199
92240491
370939064
346074062
745088035
590281914
326579662
676995243
487882402
785640495
885284766
478528804
60720004
279742201
191070431
969683700
300800092
854131382
261924664
353886285
643185173
148370051
827087674
131977227
436613099
349112103
585979009
701688558
625531400
416576933
6967435
738537156
31163122
30479459
957146374
668319001
117201065
36698625
516214918
730849591
388334262
11740980
729271473
87984462
416374422
583006382
309807940
79551613
918250260
108942755
404188440
230912564
509240008
608888258
805187196
709191975
486559191
103746655
674173936
808880444
703845616
655527679
508966767
388926197
901085700
821346396
137856889
388115215
497570996
491714447
863196384
389167816
230753940
747417888
752261715
716154903
901843216
472294415
526576662
227229561
971579173
650653932
301667288
711383103
868997254
389719401
134310483
266414270
28328466
4485554
9990392
183566648
610085708
393887824
64150421
745323342
212020146
438622608
836006932
988287143
455749115
389005084
342006284
672375043
313775384
992115601
89859597
381653727
939093969
972251556
220104837
557275324
383022157
516217260
84109647
158153320
536208305
312704768
242867089
171812438
87356068
813651261
260518270
981217054
689995618
614469007
932599579
837354609
558526621
5714066
835631716
585751759
311937330
736116936
959380954
785198487
469699553
518108552
986767444
533816621
653740507
485954673
121067784
668454008
567809913
284679799
408076934
755196154
54415653
746295793
201886193
435159215
394847645
396193184
186302142
203551819
203151625
835980424
913044031
897355626
841850813
614273481
142907140
884970594
226624569
142012413
788731959
802299653
866442168
983370751
882504117
862881420
190895102
899164061
654967031
933339475
531016543
632870557
421251023
972767443
733865942
242555234
326512758
964564301
641442661
319588501
995714626
752433460
503300872
439849526
28100855
704321209
660798264
388842805
102118870
964412588
117330554
354279018
319952550
890275605
207732245
837046825
117071509
302888923
839696624
336053109
123784918
754740205
361446964
982706222
88476547
465546061
755447711
592796166
402447310
328712236
469580491
399494531
306446482
900945959
781374996
35149215
924756481
964347776
31890281
99621069
151135348
876788593
904369172
506759301
511539161
483789993
350946431
902160601
403318856
979409179
454798894
811783436
809703617
146159803
190559089
878481446
910665036
924817013
373384407
437275617
366802609
77197849
969334234
735898575
867562408
662842847
873232142
787351334
515242822
579562954
272003421
494495617
228158728
222238952
173117181
249558807
419335656
236909103
424877281
879146533
319695068
777677381
399612404
188736102
265874116
203013081
192557568
649085505
340585811
363178248
854172141
580906277
387678391
448064950
451571727
432871693
453369849
723972241
385766235
813105819
806061972
398166671
855025867
95576236
957189428
146056965
3950573
761584764
92351241
371308606
193217511
907404305
147874519
814236351
267608403
935403671
784823655
893279668
118049288
609242203
154969745
24069818
395685278
155497266
400192242
433107018
210080779
790243416
446688119
795899301
82170363
80189849
557240443
133772397
72455005
483476945
476828019
845921932
232172115
193363887
361787510
486745762
42606973
685723736
782824011
712666052
443305205
882445364
37630291
531042572
573037290
408522420
372707735
264325943
345306904
769553071
434311552
39616241
777280221
803531264
683893944
177485311
83058586
541188677
933166094
357275407
448909966
532498229
366433390
799303615
400339049
908600632
63968923
942458029
496722710
759577388
898564598
16580023
514655846
472991496
451700910
480059823
49583613
260401867
391624388
373547765
347770243
280744160
242381166
223336359
662391744
255788485
520856935
255902421
710092256
189398139
648731243
596683812
391169555
457008029
621264391
126570289
796175913
11492703
166086579
143030328
512103184
376964459
152055832
664405667
185654435
187199641
869037497
867178694
484312815
617324053
838578226
43170256
450711081
491361721
618697482
299983237
610230789
844954971
445486057
162863489
377555950
299181822
661103459
904357017
620628762
937239329
879131311
250389409
676951078
476216330
619116308
873240032
557744020
67909243
127598925
574675535
421795363
251061203
629399024
339641426
810367092
242971962
503261680
788979614
701861045
390892144
738135932
975294068
262942226
738717548
103617790
363102182
812107320
166458169
325092697
409745117
382867437
249376043
525700249
853288670
760572306
323135899
547680397
939913248
51318219
525465584
64502903
45768983
25167361
617188119
75198468
892508595
670212645
513408595
193970538
299202825
888809061
8772497
907949393
827893864
716031657
346493740
763593796
104867045
858992035
515664373
711806208
929449469
353885154
727397929
566100605
916638273
907545798
727532665
424053905
234839167
873633012
251658449
688184376
99884030
125302456
615848394
872177831
469833846
105889846
849629524
935535189
215056861
993144665
764620523
319975941
903545965
940240235
506901458
340022628
457939144
975074621
669148264
714522423
370582143
564567019
630363920
831472095
721269194
661914309
423431981
94796653
383438917
360525332
83675703
522845728
172284457
898952107
586646531
827699096
397753406
235647121
116749420
731330070
217646838
628365592
557918205
629268508
914195303
402250304
950992919
434257583
198472240
218983585
692909408
948395457
718749063
910076445
908124094
860979014
511080629
981634568
621877076
586989510
107964236
810445034
662811763
93976990
302811516
228954612
607579044
35369154
374053027
458608499
420238686
498152798
139572308
975285058
847463152
995216206
7196034
292293243
458252239
389834789
3757841
695993355
711938032
892145918
415028968
909363702
283348512
822545641
116607061
521834117
371411690
614338430
992852550
664724805
725859711
863397260
642004708
590571848
709537867
889318186
655405598
108029456
18714308
892472735
292990057
48758641
110796662
768437699
927681080
492317361
27142468
106892020
36733372
870835352
401149127
68275341
863413237
817479107
427351137
737068738
461756526
478894361
205846716
389812710
585265966
12106893
306632966
979139980
427119899
789597431
818924189
164386158
584228973
798478726
115206441
903452015
768417906
478002092
446256129
12782768
864993839
571552753
183953041
94471003
707358572
528810092
340962824
6927887
818355022
251296605
212194761
499182946
945641570
251500142
848097452
103546856
515615797
836110788
772600050
74560107
331780735
491463250
428603783
637926425
932572477
928409928
196993229
920085541
876092107
230115742
707109444
555609058
513056407
573885029
84486866
134102603
459074646
318653266
504867462
590132227
670580339
205498166
879071748
25455859
634469325
381053504
394745822
305304513
899298157
380618944
585363951
464796624
19209614
928830619
65951041
205236535
43125855
713131542
759336100
748767712
967553250
587685677
782821130
184114896
639789913
942701728
110969615
823449877
216394528
508753936
739615076
821686666
94963244
65697073
9184311
142727805
446004835
273982373
241384666
641446293
130649739
296445711
570317414
670399507
40658368
687334909
805070332
782459805
573837868
823363346
893010095
274177648
375460580
846463423
296347011
888501660
832162665
554213662
737040888
146299896
890449353
675038688
658032396
418451695
39782762
829016214
351524256
857675543
532645760
283959532
753036705
653729625
568268950
725111553
591895986
139582367
727077598
192586199
835155818
519348452
434105785
752377597
700644384
391012225
470713903
71447049
644698281
380528113
682984484
918841608
665483627
407342615
691240955
398199416
254835299
293938007
873671307
946388840
268241028
654523024
866156276
879064765
576597226
835761116
192900467
619835443
62545168
280756172
212158686
423481567
785068583
794036790
939267105
79919184
440751840
542983684
683013706
758941495
97233919
571330581
298953008
66193015
156480060
482054999
578356130
698308229
196718206
241099244
338725155
414434691
620947108
730548937
811643768
576260481
707682102
354812365
444149730
811683392
287471059
849616979
612282189
631408489
189548880
662466882
419441296
612574318
536854049
81450485
333622004
882370809
367944147
315099382
612907144
365914428
7425704
58091506
522255058
874337451
98957137
864266757
258557278
391926063
378986773
391928271
222087888
723073031
495461665
429064175
112256359
982172701
762877655
886155716
10262374
4609630
271129918
359065347
328056908
116425827
191746603
786592391
974151532
932131248
332144289
281336802
493880045
315143774
646517989
823582133
592031974
938747645
562488951
166776981
872952638
2294454
721362514
810833107
354631628
30421894
789134099
87997998
341206809
563283793
192591538
978761516
217078859
156837142
851972403
669533140
672648937
66650146
38267009
848085479
679827282
116590718
964753962
391054209
319411003
717790080
103633842
925252512
347736066
718689193
761341460
927852073
401408882
320396560
978895727
875313890
229522080
265502982
553663454
271202626
127563722
415923890
637698276
300258270
932232199
436782646
798400849
521760634
257979656
12764354
900436900
773374124
694376336
88405157
969764256
480342089
350666057
89408917
22687936
271676522
777399164
253457241
335418987
755206788
392364999
666762829
948027355
808441715
611498722
418265854
150631983
349233355
142664322
991978966
616779287
431531566
492642440
778742337
591707067
45262090
440496719
739684754
891742982
798672015
488999746
629766178
122670614
498623635
111316409
404945859
912321373
919672055
346906791
777385614
494519765
724841489
641439119
518040661
197861229
90301613
126329860
672673914
254963738
768132001
620748268
669309370
688549994
432440032
137150435
989392250
721034937
363780605
151959252
952330731
402778562
47232026
965191365
275182422
978219972
92681059
675224472
947380425
981393276
358809493
73215296
549245053
215470085
854099086
789474850
321132110
809176813
552768996
691132930
669517286
823461531
638807763
606329038
105239997
783527553
443590203
489744048
978100854
280528197
127839100
509817810
155829207
30069732
921876849
242908016
810946045
957889557
744531281
774470716
804567084
525356430
253471704
577814121
234419984
679056166
616265392
358204022
79702211
421635469
625379539
205518327
685530430
981297761
110203332
538286861
585064504
128688520
466795727
945804417
942121472
746446485
991747260
25977460
717267703
875391497
149547180
389073118
368140136
20567867
961492505
179036907
371642994
592208145
864759186
663618267
69213963
891793699
295667169
324626290
327617444
5060224
417911050
91674916
600511358
729050087
238427927
472533708
615047863
224412461
770328557
745924438
561666767
759769328
232295183
908037773
451191312
652876375
372278273
85241444
142432406
300330405
447047097
306528432
738128184
913686901
430125176
154612163
40334382
3836568
885701306
460967620
308795489
220898713
271397444
509017020
819131381
360307025
413085427
637808823
573693544
406733362
41791163
184246110
879393478
445390418
335353605
901036996
89610724
599127596
368749166
579257998
841278805
892192885
875061824
926558985
860223464
674823620
279700063
813426883
624195643
761794252
869844156
872732201
177285340
400855171
928676395
571311674
626173811
411180856
798388864
589834231
672151224
657249030
366279258
156191128
937378096
618352282
804289476
819867420
130566299
457641523
826705906
571051545
883525343
754903868
556479455
900435078
455468497
646048840
146290238
971019191
594436081
12312825
809449822
408885769
232838586
738235805
349369834
745017197
509349050
850185923
831651936
928394345
786345486
164428801
162078542
763789447
372153193
807871990
599234792
593618452
838872912
363403594
726019140
637342263
491782270
511890261
217277489
832134143
940051239
103867108
781047837
999825684
350465825
490456761
770709970
565141422
318744248
644521048
975303427
841855629
906324591
981318192
669666766
775681403
843279701
88064690
204322107
986461460
688488218
421902074
597402797
961319038
399054080
658676855
138716854
830492817
194080416
442958381
340342428
470601743
754268249
912272675
797033064
763362756
508228336
15814405
112324395
305606963
598600316
947932899
912066355
232252501
988775668
595268548
412035243
235805699
559507778
510607629
947896573
626699289
105257338
17680972
156920780
946705115
400613532
62904085
987959295
95246427
264800938
779520744
365904047
77984473
475511105
738684424
248569145
827619281
265059599
73971461
996953227
227307689
859674874
78994459
887124069
455270438
852799691
411382839
778263469
233230530
449676404
152706859
705136029
547939885
874090543
587847251
665913651
131566118
884772794
821627988
787469203
857375907
214820246
117571230
755900673
337577098
466150672
603451685
800128572
498107953
327555241
155664032
386497968
792020500
145486295
293474816
940876305
14902440
25019828
21372204
869365557
600625903
297021735
934585419
665836024
757722248
664250292
815607965
695988638
486294338
142488431
302539203
610952320
506375769
92622131
459006740
120821236
614482267
535510307
570916093
903887867
345045655
96454619
79586267
104086835
310640218
994936568
454097968
86312109
218978640
846369462
810067063
942188522
986419600
424540440
435492717
356243899
782244497
699722702
23868812
747691109
955150440
588788923
511644728
975889751
765775952
861142686
233207652
107354304
662195986
144538974
742340275
564850016
570094064
959205831
936133893
399757309
699894785
190716836
295855281
399452466
138369482
69028660
297633233
716765351
802262304
582186032
422884382
82343779
597352334
155619623
265296742
590196192
48596473
42170781
809032943
737166717
146129506
757411571
641854197
33297166
773883654
923625122
608472568
36544628
650391389
668524284
434002336
642872419
166722532
485083369
273259868
193241374
530597569
618823795
385060032
598061262
304897222
45133294
631208826
697380134
820107698
353886280
483457560
976001663
663254396
820353534
50296214
341637168
128011296
168106189
534291829
748342825
880357543
329903159
288370058
493687697
536835182
247842901
653038568
567731890
898071334
297715283
489189973
276673154
177122810
330260373
257309716
872073255
244960965
387145952
51277830
720916419
304659411
622710910
206543392
249447724
707058391
326131367
244398854
919172612
965587675
808068244
522238088
928706877
821771573
858088766
526713016
932038568
739235443
495709018
488607669
756610547
944536637
678321556
167277265
412703224
665372133
208186586
48778277
813475683
359317141
647352038
659826168
220209761
219531985
152976920
201634417
65313336
699214035
681452158
706360211
203224793
765076116
907376328
416408118
364403280
469323900
565281778
68782490
755270012
590930712
739608549
919734251
787148819
12264030
638277426
777127969
268493592
14887804
761629149
959661869
440959842
485187271
58293299
987064340
744755123
253685504
392934112
706267948
650694067
787457920
388070393
392936475
802131304
57613170
621394437
555769847
398832519
26013530
378813296
17069034
859918784
798075185
198060937
133783149
581529578
663822884
395116201
906481173
964378331
299907449
721977458
400620088
24581874
399534067
401237844
873999499
638046582
434134822
115101274
425137727
330660066
365311004
661409223
303873158
993550941
619129739
414410303
926352003
953536469
601209401
92347609
634718208
978969982
265912343
446862634
84477796
89344274
339600818
289925136
975198270
30875452
142850637
34468362
808348431
916616881
603073453
637127707
288398589
149973844
273107175
105449161
447401059
125917393
516616840
972812625
767671799
274238930
959733322
373604304
967753229
561056527
754336238
286008856
99967061
193059425
104573815
726601167
907370654
352060054
946061896
153881897
653140308
871007271
796561365
132622183
315271491
92709571
511667217
740902660
759053975
787989457
191970715
290652350
19533367
76386670
114162093
828875714
584737288
788925528
590541771
860090861
552344620
677717197
462868107
796040871
965159419
929648238
451531448
579880278
421767464
99342161
963919449
268779279
464130275
400230128
205136324
119188080
634325441
692326558
684751097
121868346
314758200
759853822
238935245
241831469
968614885
85282417
529620666
457404794
108431832
859075561
45297842
621164877
784637396
893281494
16073074
544457351
14997892
550620617
592376844
894024062
869302039
380255684
445361856
788850205
956351806
369112877
611626516
23043856
143329933
246020485
643063762
106431367
503214168
314756965
347972788
385015004
828954441
30903567
482014943
840771497
501964433
389116935
214761107
324331182
995522567
371490612
846366911
84959904
539402459
708103324
126852815
495162752
849592901
10416354
126852138
586912524
559020846
378215489
164711483
519469532
74743112
235324518
388354123
93844508
732128041
895119276
577034992
427800518
502750491
776242609
921496978
723999925
871293467
608376724
154698483
543349114
521798989
457479749
533033744
114280167
855462103
353298925
85556848
184408353
439880442
65849010
225068100
327479616
439807833
221837642
439921951
548569216
825766588
223678621
128934679
221309697
178638177
863355221
488635883
664890508
597042701
826716531
992200310
501311206
923527689
105493805
106047866
346426799
73326903
901194280
384431806
632850934
413834931
676919736
215945569
102466734
686577634
411813673
490573305
335708212
913197170
638539349
351366797
271205436
784632268
725513199
209543522
580819882
370143159
628397252
329786063
821793346
955194698
107233819
34390475
598179730
266737449
779099124
977483719
530408120
714333680
151855229
764396176
118406188
375487537
693271255
844913429
745037263
609146020
399459250
567733135
940419733
47076885
169481582
335281760
136118986
394225988
763179484
869225835
563539432
15428890
230249166
663378062
30025185
891168048
108777832
352825374
881708489
333818551
587500683
274262290
127009903
550837809
943121241
122667654
927997002
206127113
741786821
741403437
804331390
170135339
525472046
329484091
673210043
865407833
114922682
337151402
395390160
118225170
885093784
607660733
289078155
112056345
452403749
246396420
462797282
630769595
665797360
133077123
88970249
775379304
131747694
811250267
655078389
886405062
676336047
483708764
904245003
20398333
410553911
778622753
766044489
40516241
686169889
210244843
178437052
141854080
546324792
720710963
895695415
622053124
549018648
21884380
596102199
855097041
443302162
636926416
807888793
443067732
55941343
26161426
452737509
105652349
835061778
849284597
710531763
77890020
636757110
3045000
275757291
235565874
181337679
800964747
390831944
183497853
183796648
451398376
976968499
481986420
650936940
994296210
862384135
803378129
490603600
172096589
9798794
394450144
968200121
834394458
42808789
590910354
787606325
846291222
738162697
343967159
315523752
583175556
530801537
561638593
713873917
364780168
387403260
485283833
297814081
628374977
422680770
351582983
248199953
623920752
594083086
551654290
866910361
380946311
188764165
10211629
573264991
597672434
395887559
228215924
69582552
337655992
593972552
593393332
778053619
198423640
558533158
25778347
424733190
691531413
893719063
760018015
389074187
388482915
440003002
329622419
965106094
606238686
698973104
916726340
126815228
949730014
313273769
360331863
491272957
733357232
889043395
618663964
514881366
543564819
723842253
780923002
893912989
456717614
895189905
973525572
428995687
218791931
555250682
429617850
706285335
345646908
362076177
187440055
924014614
181913627
961454473
23013920
646573564
242672960
939226291
337597898
371113316
643728202
818255018
433713282
275451980
564964667
910743255
359656991
20806851
841950539
417492399
589451833
606642821
835320254
263162388
266451880
356083109
933655452
56519004
998893205
961182535
360464508
778244819
495676537
635802702
847313188
981496176
331031201
58776810
215135343
599089054
606488480
614352936
781267857
418695055
24495778
497721331
459993925
406097561
48300452
844205480
756312397
415795100
836250575
624968794
293590182
873998437
760691377
923069250
799512649
731601036
493844133
866313345
806850153
172720642
745941311
755409585
747476084
954340856
909594929
807310521
797039959
434390927
366995542
845418467
298543941
711042122
959321667
708191519
340977588
777658487
329466063
630045761
981674183
659479677
129978220
901958181
52310694
702391089
562473816
699674297
763380427
120190849
797445775
133325864
974725247
739590191
114502356
85007648
911318256
638167781
877392129
259187349
580783667
324611163
721644210
923935080
432783130
554501897
73675462
482718550
197334337
249655020
810177456
935281660
502261981
793783403
621987812
315607188
743905440
784102329
93353179
131449797
805266491
303805364
690527706
207582376
877985280
664227997
748364527
107543705
270317790
387326867
884378612
610264346
454382782
719668421
194558260
417263943
457302598
696028177
30776544
547137565
443314744
811758868
865601464
43136612
841836615
689613491
990208933
117769270
60262815
704906813
411070743
954625684
103897378
122651103
72103442
461544150
707585962
441579957
266371976
147912462
434127616
809111410
423161741
807980954
564074690
38760385
890356020
476414655
26566852
413204368
154523053
979802692
571913217
329151890
725840033
642086653
932622421
814115177
55399621
29018774
153017506
742714240
277346194
201550686
494412776
324631956
649120758
104093326
970274672
34230220
28283987
350660741
954384574
853427999
416238299
767801634
469522036
699246142
938546935
385012515
642094057
20514733
889219950
11496866
611027521
8878896
487550431
581320475
302559407
559131015
547183992
756777287
917684552
398132250
571763449
682889002
360864841
718703000
860805878
575198106
922677030
82326043
601936501
428802934
856043996
795380734
354532177
615498764
644271740
76778620
785519778
324476155
405879051
916216491
940376643
385646350
477956153
499033521
425923691
924373836
830927925
302663059
915031154
564670979
84752355
193427031
701288243
130947290
578634547
431977789
145032569
291774972
924326883
73180040
618848681
266557924
407248065
718832073
965931947
526457156
607020447
994575278
572820551
71192455
67045244
891368566
90245738
109887990
165142057
472633984
543409275
37807809
154474492
471788807
274210275
966428069
743959681
287377495
130628500
383443958
190196234
664617472
931824377
503654638
483471573
262296777
413760796
241866402
853858771
56184189
437846613
576831447
884968273
178553581
122354482
959374592
283173277
983941481
537438608
727282310
617433082
947760385
607925940
297273626
971405124
560460180
952828238
676678037
377420887
348816809
477667907
676657683
791402438
361635578
212512575
782485180
178994010
542291189
961286738
785522612
291258099
770806920
886479781
564008711
292410498
932629230
80592071
880972014
45318518
726728213
919248222
883521560
256124515
253099791
108685134
267354602
652585413
18328565
284449044
374029509
541563133
808098155
751983619
911410306
566516213
254576573
722933751
345807945
871663455
146359480
101016287
26859156
873764782
357650538
443186411
261394599
80885112
446084784
624179288
121555009
478377364
165195598
588865111
238864847
196440334
397985169
143484885
57788210
11332686
8880246
168430609
789544834
599810363
350472910
917995528
971248344
488873597
238177009
709554433
39304521
746575621
892432122
816411731
549812711
615096343
11049166
760659620
755257777
13770448
894879274
862048613
773020194
202764316
736070223
74061459
413579646
904387521
403378891
200380473
801603539
356464776
459539667
644881435
261095671
985250915
811801401
735435308
698221203
105075426
928888792
201905542
8711659
874920711
871108648
758638373
170563538
217766025
831865522
416821888
279158689
98950126
57831371
245175670
174721348
789151896
575350489
626926573
824806429
62430167
688836577
305729445
802058340
697254082
890919441
697583089
948035516
566350772
915239048
463392885
936324626
604792393
254169739
749813229
143737119
19077833
409669558
909177220
948806978
672653997
539768346
321138111
811938746
332804263
525331355
921709401
697251136
114883485
730710161
166274466
179750221
556095528
86958417
877842829
368691076
330404458
31014174
249640084
357809476
669495350
328820927
239140158
397903638
66210330
717037139
650064302
300982297
84410744
585419141
779140649
514865203
167346608
772266932
165852782
215026231
155211784
269064159
855115320
1560255
492191658
654119589
208401592
731967792
493454350
877758375
741024661
444823359
295550405
872762488
925472390
129314982
944310317
465488748
995071571
663884290
968273328
933080478
327098785
677082462
942750618
299869229
905581949
223068969
285112718
13981858
680421626
618546263
861631189
595707686
627338584
852469972
172456242
79112111
905566459
307604976
682204707
466241213
603025637
212355296
7922343
936562386
201134357
45924329
436362144
825480317
244374104
289307462
645934567
619366307
93856933
882183534
16005438
263248537
176923939
800759589
355756882
735361835
114893892
541613371
427212149
840235564
535553536
171630514
431363119
605854756
586437205
707944488
65215067
429649258
432914037
191368057
913827569
930156687
434821401
242951650
58207496
325524934
195538017
810283388
191693582
420084345
657471661
347715025
717250023
622682880
548410894
23750404
199903351
516657894
153310006
659282895
964686696
456003804
241980823
535337978
6757064
923118483
11696738
816480077
895434132
475645665
34748742
108218311
532622733
347075656
829459745
325752331
570105386
958119579
131770343
336105312
534619932
807450686
548451759
23618410
181543986
958954990
93032645
10056247
140400815
268854661
622715173
823252092
343625646
57823373
286354479
259315463
838236733
286866634
931498470
552935192
819995012
511320880
982814810
672894863
529431328
122537097
380609215
119970255
30007110
697520512
127646539
344656613
68610871
933569594
438727345
914164232
237859262
918324601
500270769
100799291
506517096
166952697
451602373
312464362
981049075
30250184
312705728
312953781
767849489
446969612
953755385
577129761
231406205
717963138
562981351
41231796
928990516
704826421
196108277
758468803
530454335
422354752
227195171
849119054
952491909
172430411
864342154
607699110
81964995
130256134
826957330
893974320
95838152
659518355
323987528
630367465
315229477
853448805
431620490
28423763
371032117
410330733
116349838
733170401
892814006
629549096
654704672
234915754
47590402
849274262
792820789
954766296
919800963
547717304
975631016
941837483
653064699
852085836
557484182
851568088
159677984
743487404
742006412
44751561
89507416
73596948
322525643
316662193
603590326
145420451
850455636
335702830
985596550
693509414
886261071
288899603
876272517
703675710
402315737
180441993
917529178
669022055
192152263
254502729
508190654
52560762
324329884
68602911
322432362
207389
504823869
404205668
823591677
120993177
289714665
508154841
906418133
505273316
475956161
850854483
493924991
78589691
753226607
52451564
965504441
512656489
816548954
783684153
219963942
853293427
378829996
857714702
818655316
799099993
699388295
706145827
258616388
209490032
490018352
239990193
649386975
83527932
283688935
626916073
879166035
101015234
363102716
303241569
91270961
868731010
253867912
853804533
590613572
620025426
986709241
590760661
221070641
797274886
911736120
295593483
153484321
936748217
423863697
429576296
336068776
30319726
615944734
785017861
987224429
542660585
112237515
265378145
199464945
446808253
708253886
141559583
779071475
395998483
221439864
42372051
22938392
416877398
436128875
355747475
972453922
248778536
732734781
269401907
548736900
333387259
967526361
735872467
989893687
12129905
852547249
91844403
282666099
597758784
422412820
339195054
659788932
54680001
959901186
991801693
993010875
730585161
320003149
536402339
476005633
495318133
946743594
491754509
909098897
586775236
9485644
918817945
651394774
841705148
803643608
338386929
458957601
271446007
89352997
584090242
260264460
461360868
531980381
599287932
172157102
401653961
928769796
153625535
891039605
242199856
210143221
617084800
879016064
876272195
758238451
829453261
933526672
317590594
215618412
403690147
149983072
923900616
317922326
17578200
398161336
248141299
646659012
461272400
993350137
588307694
437040973
115716729
107383709
746885436
690109864
125225487
891619353
719997527
483542342
824143156
437860297
853486486
342502119
153700372
341869142
397225248
688084111
735939371
106989886
763227754
15121571
590113503
46338747
162460681
48500368
94115353
876802399
36666755
972853718
840178442
924784557
295877413
933145360
13277629
598643292
140729093
849409480
203029748
616202192
589998477
357064410
125301347
53037927
53817887
751669306
710802724
360950165
472213691
137286208
839655587
385879180
593422469
274827394
939607973
843432541
397352919
22364736
35272242
994667437
845158805
909035347
639913194
958136957
158309640
382413804
923220443
173206407
278330805
509859107
360252447
587553230
723878383
970281222
628833596
629502103
70508249
229273558
766929137
940809255
410908937
428202798
404526715
53425864
848308617
547463849
693141106
709357953
236146430
485844163
736961465
860553660
220777794
421260218
983863800
950696446
118362379
318920028
272312215
940615162
221448997
641913349
679495112
265937060
705420294
996439009
250438327
774134783
355240288
583366592
105491593
129997330
574070434
894931358
93954259
998207616
81193686
34511749
221634778
155741894
39413098
480658635
929037497
60455367
964922589
730439714
677268531
120975281
817244404
388947755
364619395
991310508
25703531
597441824
835186076
37725026
376371744
121125291
239351598
244211035
305946572
649568780
719353336
791242230
548296059
912897045
580473674
615476508
300284173
976851524
420547140
876425805
8000987
90709616
624930180
38658745
330793488
361390762
403413611
177037581
817109343
140893489
65091746
597909315
367813041
365635291
185609969
879443640
155970407
497105278
361547599
696882258
465732995
636405681
177499202
892511196
51924313
229702465
540668798
722184052
191440756
206125785
805113324
437068224
411344136
514468712
591100932
12675489
494379686
670037196
870967686
110271750
897845004
973854114
699286489
130957559
423481954
52724774
37199078
756388082
739319444
420090581
80194326
666314978
707634769
138543887
644172469
616971202
333642250
880299182
590462227
30128349
904546501
204290124
108632365
773176999
801386914
554530334
537429559
605596243
34208127
634289489
804636628
414680810
357583390
596185906
405007099
502396334
592698834
357546945
624215672
80476075
1249109
152166349
203208100
972882763
102760325
560992530
804167425
742135934
684505870
126989977
519244031
688761653
747584823
445076396
692812747
999733319
308230756
853094602
257184056
197008730
895440059
545131654
530822264
648081631
691401063
655362004
605651733
840136835
736662233
894474512
891389
517795499
9260213
776213188
974275152
594426821
456585757
514326449
326914980
397017209
270295177
489705511
970890664
233759088
46793907
808923019
56708794
968296202
696581554
43106402
716503511
371214209
79747015
975294635
524890927
297256009
661331554
161819544
816281937
982827802
278516524
61703149
796417246
397993163
837006091
411671191
862283703
659839320
144945801
854867971
425403077
295944387
113900068
893028588
503577752
245677842
246542665
719079431
590976812
523215287
891146179
468418627
243010443
27001304
268156268
745821655
197880411
326756898
34541261
976791447
211634592
562793495
10015352
734888454
850514231
786324003
339846154
811306044
684143155
856952033
877669801
796005290
494978478
303814068
941932464
226815457
624799588
69325269
874349814
263497633
304236538
161963374
189632332
697170280
914582016
646696772
160664401
29276468
264538479
330965886
38546528
345455310
129881551
60621487
617165013
250944545
600041073
535632539
92624566
928085640
544211628
714824846
10696718
67953097
472725577
182824967
830406893
843424999
905731724
846045722
881196453
76670247
621906290
403140224
52409798
878474390
922898752
530351356
780656445
375791630
62703163
607098484
329233714
518346195
898713456
945888683
86587899
930707482
531138267
388693094
304869296
803752167
105083854
714421367
887245932
941461903
438173228
508395828
115122370
591970129
285535669
363497924
146134910
342316619
919237229
592815997
683607362
272529550
9697096
847398391
739713358
987698361
269769353
678022015
526406911
342212811
99244075
93982582
969450430
293216203
867668604
733023903
472546487
115927917
420350993
294005743
448675294
591848420
8856746
805446894
868879055
944342564
484775457
910642718
250360891
441789143
775062142
375672622
423206037
433261746
512972601
945041417
415503631
273754421
322767367
339819833
307989424
435422724
481889811
174091673
372962175
79559873
419628787
459559986
967273125
138742718
943836072
607716906
515569135
372712326
111452812
189497222
397475852
615705840
462223364
769050887
476589022
136963727
740561442
375610885
891406734
42480060
727848015
330389737
262749833
400166829
942356124
726702029
476045605
991502020
943080195
309531863
621491021
206534654
580935124
671551672
246301265
923150400
57681855
559366434
500515032
867793511
634687133
675790223
9667917
435213383
250516668
175563182
451234788
577621006
559661763
52390491
617103415
432713558
878530754
400880305
374675146
707239013
806367261
914440358
627800914
119817122
636671847
176168016
554855597
94115411
395025757
346260381
399448058
728677457
503797472
785163652
32087580
199375943
377144643
264499279
717480228
364941879
233989117
135080545
30380793
591802528
454499616
44770726
20321053
459279702
505736293
862142619
260405917
67436331
758063172
84521271
411762924
572495914
533107374
844830867
919387588
383410081
844036220
501209486
742854525
829439171
845700203
43710025
252687062
895587175
840248493
209830461
796076428
102975803
94071585
942794022
595644077
192877875
793489702
767213264
637377
801699073
695383868
880352996
746520001
19193393
973829286
264872522
502102163
191681375
819000608
748508566
336964132
228252917
433506448
933418016
901366161
156744900
71465527
569345202
349893716
999886414
665374455
246764422
17776809
116917809
613038495
714510812
280702170
454438332
771869521
474181647
976590769
450035204
431690557
67579216
535343923
161587157
32532662
143947842
755787761
193412518
174344524
855786752
445256375
603264074
407258614
692116271
56110640
756362916
146366963
230637414
209888719
220379761
580127245
122192193
1209789
627840927
110195070
788030780
165099038
962849624
858298609
868098356
70542002
671066156
516228168
50248674
658422366
994862145
68929918
533811695
274943469
876722809
574519665
191684987
339299461
790379714
456672632
778733096
838326587
236384323
455905228
934000763
155802240
908998993
112040540
524255197
712020755
25051885
955042080
361170232
670216457
43551040
361652455
976457660
293616283
642984483
866109803
437535346
553664727
220664198
782549494
420169121
871594874
78342024
161593982
463782754
594619620
701875712
227984508
56065731
634226344
252102839
470276353
831559453
19825842
25149593
882544774
677983955
483294693
867051838
908568979
271754498
770745783
990628320
952981837
565132223
901986130
652516721
130854956
809932321
19004505
30305640
734543482
260538632
532861642
193778
269636901
387229759
153462306
302049012
170394418
237900051
760477701
169449526
585410702
20474038
584670215
7676993
217449084
189769092
413246171
394904811
520166832
831237472
118371000
771614144
84739404
400268748
592012853
69837887
41727650
968481094
562107577
801145562
585255089
494487695
31238844
955142722
508273308
350618904
948292983
891531726
178583727
83867785
594088845
68847169
911945253
343839523
94497341
380211529
703942223
831263564
831573228
680187289
311019370
201972237
628578627
230162698
608360563
572678570
399947294
937123287
713087922
530557032
791096363
611815597
437265092
214837751
348633029
44017251
103451336
954181782
26338436
804939273
38554602
719360311
209931375
557795233
348886330
471488851
239767384
378166997
449844108
717313950
721385475
118581525
918329027
122122641
242955703
297147844
968011010
207405564
650031061
93603734
405746661
586736636
605664380
625035566
20027862
766575685
420243271
179665819
362175395
291635021
820548219
60581057
681013942
504203849
167901465
397869871
148834650
234520879
146841806
620149471
510405839
187603393
354350174
52796737
162068565
495494559
520907647
227063023
558543546
115352844
391715854
466025851
683307528
500312914
138824864
897516428
526422518
733288159
117580001
515590271
926408452
804680133
475232818
462794903
780910851
320693136
261284666
120151904
708851798
71094127
529465363
739842088
459216868
922941627
58149951
811399614
391750289
887820639
566804503
124392161
416461732
445640703
647051703
316990375
312473503
86788404
705567681
748079471
676138158
166164252
322491106
537389028
973601639
259763594
104860890
531278092
146255043
326571648
41557526
586609516
708355645
497366576
178125793
131832404
906302720
728567071
242030614
688657829
60654435
145840602
614940094
864849462
9204518
8876751
893731410
434336938
766604928
603523987
879834962
666762559
156981379
821225108
805425578
807854507
69377465
386131920
902251306
290772603
332233120
367387330
210052641
426954290
533303806
377854754
517020887
870318641
503461537
204564052
318840874
984312553
594825708
883418527
533495507
804995828
131885695
36868125
728017717
508182497
897864191
296131485
429545173
431960487
412528540
95073761
142662177
748384565
888866735
217542812
287860061
378363795
751702289
519250354
369482318
737775430
681420633
742633857
693026917
305893934
904442770
276640789
621065049
598685444
384333332
387022602
746968840
654482140
841636520
889930064
820189554
10477227
329445596
82884746
363293648
393443009
353137203
269026490
659411999
806423868
742095403
25188504
775709899
79963592
489813486
547148658
431498304
284034827
852987717
554698142
870492029
238490280
493650884
284542495
197371011
144585987
536967239
966478307
259874588
545808353
998666868
194230333
711511270
300912255
750232846
883207097
134478702
515118737
629441128
243622950
571652398
868464233
111081552
729871463
787656145
429237680
101199570
68305825
252210038
86121046
273555720
874468769
69145699
182992141
300458515
34225119
910021607
963741910
280609928
453248530
872561668
532814855
190176559
227644401
791678148
744161211
277698729
310610531
3481456
785757370
941395947
359695815
663817396
553312003
629713581
251722118
948932668
160801746
194379944
937411584
591653226
83479679
700277066
741062375
14876777
26086365
902939227
118751097
602605899
33524862
23397754
341838597
258949
63559887
374347581
942068928
48224036
712283515
263168412
335894870
895541757
591114889
827548078
692776911
120540500
921727962
489183362
594569820
693438048
273355510
800727441
628594551
338254177
965188867
237431568
637664497
522963490
700202312
5175527
666501797
607561384
926105804
876252403
152064645
162447784
791678009
422068311
434178524
855156468
798342027
708725045
580155390
903610020
876932200
862334589
93181009
334204585
929161425
916569945
773470893
535744245
716449551
441559660
741903263
414108876
283323964
594234923
537678286
91461737
76989895
761988822
429985157
913717097
312536183
728447770
860852807
368702225
199209667
223100053
724601347
807628946
24955667
96727141
587621848
155707011
515047338
186306014
210805650
789925130
96301528
568559667
434648653
489797284
951587618
376249775
119845603
153889783
31484317
545656085
678156950
314081080
147746330
151618362
213648060
328417873
143890481
8966142
639981308
954292960
373662636
112858480
225339219
420253525
336149147
876480084
654412575
59272851
806633928
475021359
109468642
909079605
600409272
879694120
905130015
748856137
730805992
134839507
511654987
447457377
141113443
474261946
986313575
805896376
120815178
279506996
411351050
414019272
558877105
82301672
79327617
236851949
362971007
332774010
113999798
837164526
668900946
177318219
429579159
307748567
256381833
291064919
496399445
867728887
966757157
489075562
537476492
979226823
355822176
45334949
182786059
732900981
517147904
529333335
583952858
708362880
737973611
43179001
614501783
605910612
606681428
891635062
897801684
824734996
859614230
511623317
14018073
7285812
261128088
845982457
777926897
733030820
838122126
623858617
222008897
699164131
980473794
328455221
895454392
546215048
445656615
679981458
331897990
532432396
805582580
164008618
686086514
566128933
649975736
742926358
347647928
39383004
796650351
610055920
753857165
963990728
488326023
714632951
552043089
514720928
39155367
395798004
846104365
545238939
736875788
29955007
874855048
260087055
341062726
933028517
484828942
535550157
663263483
851539440
948270292
963608721
83646332
88236651
299292827
499520469
563997161
465014745
792740627
380205615
323965923
806875588
155906825
801869908
241371368
161343233
400822927
692272243
300549318
77068769
998291698
564022395
715304267
401941802
670329798
999050193
179034172
871102595
945846334
232609920
917093420
401754480
576927995
797130206
414427170
797506588
350198207
773825620
186814459
995280262
381862497
504163559
899594508
756980597
203498414
710819878
182900138
589327459
316818327
478275804
246533933
224577203
897656354
211112818
879924996
13262580
768696112
51891067
806242590
903592689
5657643
305893744
314895424
1330844
212788870
420868352
16619005
642447865
951380927
815716114
190777361
692539788
837431453
11551303
710148062
870022523
432747248
661513466
740020433
175972617
625642704
336948633
902798797
927196649
452348018
630966847
397517570
985633371
921303932
202530157
160626709
423284249
860502555
531454647
194553127
291778800
490853360
668779710
29233568
944555036
278186372
494057617
157619733
332215373
533055062
190838804
286913582
428882303
836162530
589877926
84456675
516902061
444434311
566964359
521961142
502859590
407042456
261638403
633802465
314367473
828149390
624763152
780538461
394648964
386497766
888555885
888033688
563394417
893654162
780968917
952954985
956052108
853449886
333662620
178249185
368348145
33907057
754791331
217657348
96633922
660925828
599330116
680344599
189271482
609064824
238405624
940798877
709823799
510201438
433274956
564720542
656061955
767166744
7380411
392019367
191061915
229780037
671603967
695710937
914410824
721780905
221079806
977596820
879492923
631945408
645558859
944560550
597002993
635276121
690341875
222828405
293881114
974410579
454725564
662349250
753603878
396622139
710406845
815410603
55110338
95701472
958668969
688126806
167256348
93014913
478489205
28457848
907708066
954692665
50040187
794762184
315726610
209773226
222617137
933934492
808828634
545716703
296094916
881917248
2681998
636420859
736286321
977924784
617928353
926343884
854031948
139596001
389809067
30371205
641704629
951602112
382382689
136703680
55949615
76036075
756386192
924492200
738231626
741025253
258933450
46294132
246795092
626153545
304476076
952472610
365043693
464412258
373364659
383666122
961334953
47788932
484747548
764981430
949220294
583484007
536462701
658799551
209567251
202250203
684010862
813563404
598789672
566022794
789166315
133535516
138324783
836128892
111407599
449745552
780342629
608838163
984556330
364616393
819449251
897289943
933094693
871432497
341729360
728027858
568458034
969072157
322458923
245123810
160994948
547708034
595089891
167599554
713515468
405720683
914958991
457341918
782888043
368387509
82516039
815566901
205316492
489966233
825957529
518923685
735695893
267669081
742547005
998006517
13538843
124450732
695093961
807263741
761906175
241300585
258728775
220359214
671177935
844783590
414512272
181106450
432699565
480538172
928177618
804553784
89635328
884207672
178375884
220830560
194024863
329590264
14650389
77834200
232365649
471623937
349735795
966058659
385348937
390870559
569601155
960106571
112348219
501040366
807209301
740532177
950233113
437513206
464436421
817309527
918837056
508111973
436976678
691353978
985234481
473679664
915785327
670284299
332273184
657386734
411615651
935129378
331467471
112843328
966523116
730024032
365567547
864541797
747218254
928929002
514844041
494831863
352728007
974473866
209952287
184787239
62210324
233758522
503398313
145713751
675574829
176045152
275196999
708192357
777395603
809085520
368700014
170719148
494347122
167492814
233928272
459300274
656812050
248748894
574145742
777960186
560436585
726579109
832567300
660950647
137167096
236860987
852059992
303484223
827847530
798429763
961344389
26998582
756921871
846335703
835926827
103595016
393289514
225260008
899178050
300303234
964000853
174747446
747959529
97677980
60678867
427610288
521879654
331939453
503086208
391003798
694250256
898012529
612664655
767385156
988088241
348444552
506306009
305784801
111885476
61467642
647850383
168857425
332487976
594450889
173238954
464518338
657705681
66020118
328748098
928450600
387507213
832680541
937843030
245978535
161354601
193715898
489086838
849032182
287517365
729000926
493575362
256313771
848468995
396569018
268582991
275045155
650293935
529408138
132587753
516354698
249508505
781433291
132110420
290053088
954595195
537451641
548424974
868462320
491511173
797325085
60333383
283790126
26442576
608524898
233743836
618038360
16612124
810987635
180063262
608426204
987440251
107526512
993685699
532112380
896223837
118458303
457888544
236785897
786943763
12783336
67060880
614314565
244487702
685795430
467907742
192755302
341442253
893349700
125122061
188457466
76250005
804409652
243038957
166799660
141941517
107379136
947430003
78617590
665549869
375177581
10451758
970480289
55918763
927094856
307916733
408749800
551968266
959152607
443006329
969767907
102137179
792530721
258894906
847137775
855218910
985552030
591662315
478209097
818213508
949846130
720677197
651715095
503446163
126387210
40902377
458908093
989368752
892758193
778393406
307019645
300644866
937449173
234726292
239507972
34557984
433364800
23538016
604976515
194017131
138726146
638585660
389622044
330319959
142269538
552259919
780778790
172049323
331877707
190988321
628989977
54285376
128231005
310018762
710761117
511824013
583384617
124891778
781711262
650703955
976346152
718939340
400094570
785124523
125206689
765647981
823094416
343587186
172983245
797006771
946676508
629912014
185913198
332471471
967126612
955636702
385197069
681829096
44995205
301336749
959653048
481585718
669663682
533616135
46944705
19678913
378883099
928825755
45632561
362409644
122131593
72408825
995903870
320514215
653188210
641803574
665026543
947140949
838426332
489519555
256800666
792543096
729700954
94264121
840664477
405942529
778306114
203419437
908940348
244022557
487277251
346775559
804843338
354970906
263501892
433026916
407669894
205769563
726870092
44607473
90166846
716268780
525290757
732700197
229884220
162407766
25469045
715550196
178263863
685869275
490971370
960195806
987967423
690619827
313809192
279790619
541539336
371189112
475138352
824195668
11428114
669770329
586310898
786302226
903745924
339073359
671617376
375598527
318178157
164436112
76712058
486785855
672056073
73169932
413846434
439789146
162025409
589440178
999025268
338047442
446388960
641469278
229883458
296653737
753582923
411003493
86974364
715260893
614906506
303571729
538934041
504512216
751660462
698403441
777159348
393208558
538171689
689863266
811328553
126525110
310261513
315605267
898671602
51853669
406421965
915647059
614588185
209149381
473339286
504572566
295704810
952640946
350238653
593074098
91442147
49906434
465708470
551707542
926716635
204573643
214467221
152828850
77130798
714679256
919534987
708641122
337056362
38744933
343743762
609803377
153467155
535947561
855377640
951450648
61586581
299913583
103093468
557131228
557958315
842949274
193625979
949331728
656416871
701488934
391123522
326707466
707020380
112582586
44375417
97811632
773609146
54314804
131834849
156543294
221404019
349089816
165635139
966319338
753234165
275705712
692623741
835239455
429709480
974797797
976002536
314657391
89003581
676614902
213965210
79181501
96924814
572890696
805172205
60678255
879368469
932793232
854565845
739434459
985650035
237350552
519893283
228838519
495668890
495347177
125249175
596030635
723085485
400091329
652200369
546048239
463711812
11319337
340578443
427236327
915759953
72666123
315047642
604692655
14203704
102484930
528600800
459711767
73214016
144432327
231896126
466890408
904096177
492013899
794842007
237420427
770675503
173108324
537539315
47090014
656709321
637218558
200369220
440019305
511092141
683846740
835068006
416783718
962220808
356697007
398526360
322294875
70890707
28368381
59175503
267299826
781099642
495412928
753595713
968738400
784089100
301955741
266623128
743360837
886960469
160257906
996851875
954195471
571682281
338639025
595916263
358286231
241042257
143923430
371226663
585104940
236488620
792773902
231430252
606354734
24431607
849672661
146282541
130076622
812588099
375706940
482433038
442108496
134518197
80989462
916860159
832601118
10776390
907377844
690585438
55663303
904147776
666730929
69535425
664053775
521076564
66897111
57766864
752536895
715457384
482266790
97262870
864546501
711518264
612825610
202747107
55673556
978137979
414965089
393549713
882190519
801700341
323943736
522472561
30265051
268578677
830236340
377032011
868661400
279498538
843740780
850742791
82401273
512378829
341016934
958508988
874404815
279102620
926842250
212722655
285177197
413645765
73544983
921036892
664764890
977677087
387513973
887750385
583307145
468989022
945007384
249736221
306359546
431431806
363843529
191825516
239823183
169320983
271326857
839973980
587201892
125808862
548686274
459779890
405685720
46640861
875666163
179262662
164495687
634582858
810558314
98425429
353928467
227381150
264042939
527450448
658150593
365939375
608644342
246527536
66935161
810961836
148486859
69876574
473187446
74022223
786632827
44888962
867468740
384996430
987911465
320747112
409927702
470371894
157018842
405851152
622743033
438254230
281037879
952346225
465517740
677883716
727770674
457946973
997923721
436034523
466301821
684830849
193145996
887592431
723144367
748360381
819299667
195592381
818179159
90236700
98732391
795935149
421849309
986975669
412245558
289837471
591436618
89118728
266777938
923871833
506620299
95675662
388693342
507610922
213416104
163962750
470487976
431568089
923400959
994683152
654588855
202398414
811441604
785332687
874022820
992953160
341656372
344709409
176370758
812001157
375025839
8380482
767310373
154569407
849288573
174920516
440007067
785017350
856537047
901959392
776027292
479966584
925007737
680780337
257998744
947044151
287917728
802240317
285422997
394692238
495470647
892112207
541887803
214857
445318646
981804558
869361292
732445728
73659328
296035557
956167977
957815135
159798144
480630259
224728551
917073960
97549012
241662597
854246452
993531844
511290171
26380236
289116988
204208888
619054317
314066527
946654407
689033985
726019598
98717021
918020826
963746631
183383591
242228974
603309514
567893993
897637285
971089166
993608564
810558651
285351857
515183058
949349303
737353807
483145017
227823848
701250005
919372629
900405696
54960457
856923468
272542668
476530189
459239958
474683960
285802738
654382820
954961095
978463046
563197780
172175834
355277529
502781734
464940454
417980778
735435392
322573863
735902445
562783056
874115355
128930619
590054535
760097638
552207711
202923394
982661904
665579375
857172540
759755330
485470366
242377199
334894714
839133063
219141111
719250554
30417677
689884993
73302266
442452975
961280790
988290223
528057301
624133205
627545870
933832114
105924802
651757525
811876259
626588396
965549640
969634139
213887218
796980787
313397232
203911532
105459566
669830609
769402816
789868901
303536918
547906444
466948344
136149490
697454138
996584290
700249759
363308288
505570264
672860034
757746863
186213930
149738180
42368987
345462541
632905687
593747633
202917530
362729283
951214776
350715276
750716488
396850736
64921120
863111375
92820301
73715047
75068118
915643691
518882241
401318055
570238896
983416934
148690602
98830307
451307161
429597036
289296349
143489176
537109306
756585246
600285777
580530939
236629095
360019104
23048097
954081987
443489363
992231054
874554090
654120742
60842284
108510074
419052915
239774771
934779806
265218671
846053580
592929859
489159333
67217802
40915359
76521391
936361524
879607565
656897130
909762097
759765635
949544030
469252659
670096030
292557934
494881881
940470386
741555818
159892982
132771179
371974380
500063965
64799888
218087308
549696107
879507763
553637147
232282670
661646160
76212358
498405180
941606917
746443929
910945512
52930221
131038681
156814411
950688807
401229463
199814215
43341469
831316441
668725465
834761075
402284970
121402776
180503466
567716246
861932024
736909014
170248608
941185522
203673956
901848100
645142677
896220681
594339242
935775945
236062605
474445434
769809405
69914519
629479476
572157046
659287652
925663291
931077748
813440407
145663090
201067641
261354165
16564164
662266554
473545930
859726810
657750776
90899316
482736564
547609702
637781598
217510558
950905347
214249970
375712101
325520550
169952839
18449090
284846716
711891808
509441748
371890486
110945402
379186518
551906613
770842051
590203676
102706404
454907694
648813522
652894418
974560511
342285654
444295099
953170742
173425514
86587693
614998964
29015295
84226168
109553169
202414977
313567048
853435427
881554810
818459351
909614347
211797874
774655758
640587389
591053253
537037156
511273186
816920997
475363910
507586045
502865522
954940595
289374593
934460383
329082424
501605890
671876874
152685848
713583286
845888884
282644948
716602675
722197691
19417565
134606946
147465486
202308546
872008736
745307580
150811434
166540259
732169864
324090629
937408451
698518564
168900165
429348696
591796249
781011123
901538930
901344414
170181149
493326799
863901243
862382959
489934117
451515787
731690875
856933838
323907428
663027539
234551358
607543688
974323772
128907338
208405764
639743112
993154867
373235301
562275431
688778650
460464748
886340072
371826066
650410566
15912337
928487163
922142615
249149501
456267474
54596189
771738058
154488175
350570603
804835670
655858178
587635825
192290383
835263690
8263702
571337598
494456429
635375701
727281932
850762837
81515621
493082714
685190320
507686279
129273453
41139082
603539832
683598967
206223596
543594053
717290858
32747153
18314819
749504559
409715147
230244621
497530711
423456987
844766101
869716420
75446091
345544610
159757761
986335841
84949463
502624833
379412835
132944498
799230554
355458605
602904157
971341706
5187032
826266829
735984284
314048549
304536848
603639546
785970505
19230717
220512243
770857053
757418355
843584907
572653758
812620721
960529832
738014618
409987554
661738204
287223190
828426475
563811162
845138967
850628356
821638480
563507332
694400883
3291407
187380417
647290311
534526081
194606817
266965597
547626683
580897790
426823409
736953621
256706834
703470207
409672218
832177528
61141415
794121811
36412349
595705616
257244406
199772031
977317716
547050727
289993075
473854684
771992276
146805265
158890397
789449830
30055188
215223050
555065329
797516366
604561320
814995382
521532572
105583836
531725475
474577564
945230031
167318698
152026445
791549204
759755946
483151632
297560572
706299578
604741114
903821331
861764865
672352463
864162361
145401323
503352448
447854181
84253626
827161094
303396161
917368904
262857048
778912198
160610082
136970682
682734551
178836156
418537426
920246407
508427100
538212243
164503143
885675690
451555433
951908570
576435614
999529253
310425222
861516148
648951253
70989365
231890077
170836356
228241257
9955659
471864972
454653569
547540319
755673847
578597410
268785342
321121235
140229345
960349633
56230862
983945455
97998352
383358085
153250716
520141722
448027957
92110365
956087704
960516874
813376180
563316095
552507186
806159455
269759462
915895166
762605985
797158176
88689561
945243423
793468033
626817089
34269549
626806113
621809978
300713544
84484085
245088637
695453324
669332531
78938394
142538790
981836651
995713385
42334788
370614400
548740652
483531451
677120114
978697751
345099725
786103560
782374054
915513132
978152058
954207559
243356447
464708519
170493016
711305430
300719142
710967654
788051153
254246133
754606352
811098520
743653982
34777295
648364416
555451314
720777021
994893818
87872298
832469065
65153975
991298865
185518431
711355589
78904485
221778232
944157997
658527100
802951889
407898434
974450629
692975324
810058530
416340565
757388302
994784479
329687877
510855272
617547868
256911407
605831969
822364499
385795780
916479634
730925526
918693007
998156382
349013343
967190870
716143846
53244892
845152451
859647302
469247500
286302410
827340312
303897510
462764969
50375300
687730923
81943817
315863864
773585665
172849708
768110590
29002732
487968586
561502993
805827731
848817458
665740441
418665682
979465975
642717241
415350007
116543211
326493925
428643697
774829217
175207784
625771343
481165269
830840783
694363465
787504823
907425988
467757553
746007308
437644851
31250252
382235222
401799376
571613212
107918058
593996350
29042893
586231311
21344303
791938320
75215896
789805465
396528173
172442916
406758202
978550087
606837760
826340207
785942213
197385472
85179264
752080489
417248710
217764304
722196085
583828656
827133318
452437708
4290282
739937229
347854648
128680622
380119142
75188631
188514198
365122787
776124493
753735074
26733646
672300140
153896161
239004558
159669469
930806824
303911142
919915825
673474815
40578547
195219145
419480101
698077318
236468044
18520043
728212801
526686107
604061445
360200367
310331985
56315466
496199686
302467712
353573327
669424885
689958990
82178943
701182108
192751848
833583825
98834449
288097460
534599914
527644482
942392492
332867315
257417576
550705996
569525467
907441033
926988338
833679282
58555207
688189738
62195006
634846811
517332313
734459162
64263859
428175038
314147407
511969950
59136175
997650699
302480838
412204840
617371705
87451084
664914469
868964378
175071120
66628812
8474688
52010561
492994393
385369669
982915701
581370837
941861522
483385660
399605033
516876406
562714023
376429248
255964965
202941013
229886344
399406193
260958080
92890417
253604026
932826068
159627648
506045141
873267245
711184464
818834545
556505519
488874575
81128011
731637113
151474092
149690851
165800471
565302196
440429144
883824256
885391138
584489167
843288574
655175290
490416804
164591762
364264858
110794043
456704769
183127868
259778311
977579937
448423374
308599093
190830244
636649983
906945456
510113033
44405724
244608213
90237017
563460851
239239801
132670109
946653994
451005247
794910166
213007408
244150800
704733782
514969200
629288960
604368899
862801158
520855343
551293053
853137612
651517649
382002818
752096557
976255140
52728945
158461708
671957218
551097805
575171371
902312000
167564555
701249075
230997476
553360521
28051743
767597546
314567015
244130720
175622183
807565821
331221580
467936083
594950286
792580660
19287491
926589188
926908360
149532382
883545424
52140241
173110210
234821718
458823311
939309885
378606487
345846303
151006374
906299380
646438085
318608982
905661269
87449533
439957960
639126675
134286144
32439068
566039657
114135543
127491984
445551063
411331618
661955500
792521502
100031778
796568174
310199462
598142808
529715005
999272452
747055490
468148300
283228277
178274651
194602593
193708237
151612270
237390038
553565519
811954441
63084625
952911200
635106596
486248009
109047410
14544376
619814516
513431748
82823114
913578701
267561362
909833663
822744565
310693979
141351002
333637697
218115898
383502774
718303662
805920650
222820673
711486741
791233479
342368171
233593952
343602649
71501004
799305544
588306149
295992046
587884235
746591055
872749640
642087118
872639369
274487673
812097948
678595306
517877722
463137109
45514246
493815849
19664147
712941475
713477641
926707186
465698892
42376702
285982377
26466618
41138753
967935728
976389037
555982224
570194161
801360344
268310148
798826971
540066237
331651476
428800913
833533915
216202622
522204698
601826821
217154773
676393470
21405555
539737350
829081193
493676872
672345651
350439096
623812997
553885020
6441855
36962861
725630747
405292604
758241720
461145459
651933659
157604992
222328902
160188644
787340136
57461835
55568866
639931825
582249508
994649834
659054564
943795481
622192281
906819427
960309245
711317235
166105641
757872375
510583368
979011798
409478932
210587652
151679240
335661201
775957913
695580986
132796794
386214376
908390915
899481966
698620225
645342681
100863770
613088958
379748225
69053327
218983314
209233733
444285151
813311306
72290061
530054199
103129561
493804945
662451835
110739099
256511133
683701806
410486682
37231421
800704234
986649485
78791856
722033845
958078745
718130001
187730355
371029624
130099357
399469380
684253586
849085495
118522151
347685933
462081042
7661024
831894223
125842548
36280750
386931193
128269181
583783981
687111682
612621557
126955019
550289499
985736396
246437294
735713513
990693281
763207820
386839494
792206740
313332326
700864064
50598606
572252051
579364380
471279218
547717048
897201322
487165937
979485140
311174583
103485953
181699726
30943708
939333295
737170352
193064459
695127577
278440458
757870474
194946897
17949487
115688652
198333674
355952070
626335974
420383287
396492670
590013071
11655145
570771812
272450697
236646446
194844344
969609754
219059063
254189308
243558191
138279828
408769068
854305652
78472835
738304961
102795628
381574277
426704303
872612503
327102251
861057482
233543112
195229066
4493466
198015785
936759462
480369978
638198232
721924995
82258143
641394225
496630330
915415271
300629598
996241580
365042545
918052694
867662545
754010175
961057040
238199905
165781580
493333452
90868775
482682599
361583338
754298645
51410088
942422816
436797863
546970904
320852165
227309617
269223787
545292384
168957653
973028682
335652735
96512891
534837086
722408586
713264546
337543011
218456536
516013976
363811646
307039422
817765616
852231715
579278384
25718655
919441128
289893980
370406226
35114818
662120109
645459516
668424874
193814437
889231548
830535011
546122633
651289099
19699690
586969833
387596421
550986063
850668204
545260699
548472152
443191216
305058929
406347988
54623337
965235932
450190364
281884536
25519093
390812683
887507569
440655256
127088742
364119288
47246654
543749676
488147766
14746179
283094834
981817292
77625670
799235942
976933975
430841912
38086292
992082057
684405414
163786385
20450269
751802605
318330033
524817186
980558166
433267725
425898942
728002204
488133855
137162438
892762812
677872407
121309822
390720584
359731597
435001559
443200696
20235882
485715119
314744097
477062160
419071646
566483288
229026648
370379661
457343520
260680274
362249874
810334304
641942487
83956274
556156055
11060497
122089968
592309457
679361963
989317009
77586833
532087021
805882400
410324076
122577989
562876795
554798684
134894358
966219384
926654701
169736529
914670057
239060454
983568900
503543774
92858300
940236967
983892038
914008185
121321602
508669497
2120799
473705396
588027732
449046344
817729316
299755139
610097441
279606309
667513024
248116254
607287435
956566466
74148548
592294504
885399620
200302576
19656275
632605533
883858092
283450227
908905035
723325437
398079363
377450484
137224756
266809860
122972583
795906797
196563540
322958633
171329629
21741972
495431909
161226392
814300504
9292628
44223182
927158236
65913362
344102516
679708959
165894108
841846905
543945420
881135813
26763532
280446627
883127828
1947035
474434019
43439114
83690817
673175383
28074966
424336348
389492388
171674005
540544926
117900536
728726211
230766756
328824272
366781361
553384717
866267319
394323639
218218984
543442798
260839887
983730510
753132841
665165421
604103587
500272852
161112423
916049294
985102045
641803274
634770512
657174175
37026520
437415393
624114359
529477740
839096937
45280779
340469610
977509401
367040113
235768221
692494322
821939671
688710799
140911682
722104674
494135740
382756314
496332079
338977767
2068267
65216983
710925261
909546433
723825411
959265030
248696446
374200363
576938601
728616344
530627416
58153989
569447066
755648851
716248821
319107542
275129426
662615814
84445195
714026184
439333108
294423407
357753260
626517833
434555031
937728770
865219566
107035950
111283796
976537863
638043694
902446629
943408610
880217088
901532774
413765196
178767723
228707663
310011565
672146494
209375239
854205430
177091539
646516140
775432783
621819265
900879516
820105828
979412406
8831994
822496994
578266548
444482887
848004863
184847300
808125206
495204145
29765151
103687916
244509845
717804760
372114086
757655450
474913885
881646691
914362473
348761868
247045958
876216686
822444958
965396137
334341134
261047226
355591605
42293186
632237363
744318145
767774502
63740487
9388497
325559929
156460241
139567233
909699514
676411382
25104452
939750096
221123001
380668948
599071760
495354646
56560320
730529248
997618503
331657099
935933335
112971028
754290645
545572653
531546886
438117675
196792300
701494919
334323141
650058059
924115427
534496910
240399391
762193642
93284629
205972294
233703771
309175603
199226660
863981409
500014541
773259919
510568372
176087857
308047419
858061135
922085104
258685545
825300260
118511194
760662650
619761384
456011613
325233894
518626240
988515220
392256234
989143120
677041439
29831586
431899161
750648508
983410540
958486696
737403015
81546233
71459408
986784385
765006003
304305896
721202903
611898780
527495237
424769228
513534918
213802720
355755590
318673541
757855771
408608517
758740858
448333012
796590607
900652339
955069127
589214350
235283414
690372700
796781621
2953946
744987038
926478886
911879509
925505018
283292280
215878366
848677544
594548881
40486857
336487102
878112202
50411525
414075863
975227452
277084169
935557685
971518751
195475501
839205865
195900589
709239019
134931067
531264832
995925149
810435041
680353745
196154526
523187741
439115236
342675382
764145657
661284184
802824546
981162421
285032675
898874988
858719703
260397709
693290938
338960137
305114077
179838104
740060169
641030822
209319622
464462384
701878510
728175823
804552918
839616624
601241977
744777376
262758894
252879131
942232395
676813055
613597798
606826930
715550351
811867703
262564657
180684722
332279557
289070955
923801016
108738698
525169462
548804858
38584378
627712511
194428998
805317615
202752752
656317113
850341809
470621966
678976341
658413190
308278511
453140331
1537553
767458856
285229518
271657410
372807466
479885390
363207591
200919647
818676931
359282727
572725665
996850167
730038615
239644779
175327876
801490443
613112938
637114954
661218433
693978080
186540724
422162288
117116638
275220187
29856547
10219711
458508782
215633115
299793439
76647001
427067821
788225464
162483102
964826188
608355542
244540085
770468969
868584843
596931923
143876162
588213219
43185507
516537867
691833305
358829775
374748835
651025803
926017285
194245775
286701533
139875896
400121607
721368121
870477315
740238378
520104555
341846064
889421138
63711735
80407927
342499303
878304064
804043700
244255309
655235757
660458636
25946527
574315735
836840328
828399139
824131112
144432136
293305061
106055588
624241249
379898215
688242541
782087533
242980220
797188922
217175607
316569084
39893779
436136770
883994823
726083390
823915823
965404900
599221925
920944741
498441800
682951362
961783340
221373126
264600266
145820318
583818033
239377424
784825165
844418960
544887484
438847158
49229354
959715455
349689745
396531144
205015497
146300044
267372879
343987424
774971132
614580972
62224924
872939169
883548665
236913963
750422793
197200502
26286411
512532127
398808220
966097523
837170137
357852351
192854392
15170395
116890740
566242460
769780902
732286089
233234030
125433260
570100318
392263401
177802555
357047377
155024522
595053422
624839053
748542062
844043261
317950546
367075663
467155090
67624482
93699332
167642511
151675286
613071732
188398863
520633666
100653029
876987934
762016372
661079058
368104181
709599531
36259366
33619417
366061965
370040186
508979448
600765536
470117775
164378235
593496301
802561481
751016627
959250788
309809758
740658364
122967765
9574216
884111911
34353343
913009446
159379079
673050091
686797958
541906594
362325490
170904549
887673302
689136549
62323170
398015772
482370079
84487972
693107281
495340730
870537143
266198275
466561986
984803430
627466325
361435409
324212556
84964583
893421694
618779888
546321952
710637011
58707785
297244266
461720323
272209192
109224362
821260606
585291568
476335897
860885197
633260628
964595318
912208198
426044026
312390475
19889427
713284900
922328753
687044889
864424394
736409197
471598697
985352799
738799716
174083697
840859218
713896789
571578549
710152255
823951814
837019538
789197964
489391962
377538242
568311694
551770129
974688621
741222866
936230228
344294176
228376781
516043741
625962338
551299835
336178554
349416951
99331521
759562564
763185372
564876403
334324157
920695800
879900561
549704950
836754844
81633463
364297694
952805955
30475221
993793640
898635823
280533465
262282570
836151229
603009270
897038245
829383961
918659135
260313338
909039943
645963528
467714151
438424026
342282076
405608346
118465606
715337692
582794395
73315624
316891224
116515883
902763754
730546064
154419824
189945872
284572568
765797932
997006685
890193820
307616036
220328765
87523404
294472689
802095748
869376539
716954355
550445893
224157911
123152802
932816466
467297163
561722273
544942574
556219244
403001038
642710171
803169314
959015017
480817985
811814926
679679902
670038510
677985646
938776756
36274962
700653559
697992904
43559228
615397530
838349198
257646530
999930147
662087892
820154605
322870882
417257593
57216150
120015327
732929187
50326303
710967092
417200972
98467394
975471384
698206420
99966561
914377083
110522554
41473937
266559686
865748782
878331468
876796120
304207583
473404187
684909316
949084350
661525536
207613559
225998356
183706492
676473498
303176541
630015577
380732977
424938268
131811080
345194058
754861894
943237312
491506078
159522862
905391416
522272592
346650162
297798821
812820993
981829671
974685446
511556531
72972467
62421171
471015958
624804422
860072270
663522669
939552411
269712294
143973083
267926589
250072009
677039719
657721037
633917310
524837399
265749118
163063834
633919630
52293627
534594394
696211477
506030883
248228202
830263855
452803406
296362226
36135697
390817594
439494404
585667431
388121826
57706324
480303095
123195883
442720411
96104209
115378356
347714377
465467657
337849944
461412498
589741130
297886779
712781094
981158447
400708248
149095605
827683617
256413804
687780723
104088020
289848123
771516992
442708270
627806305
662505296
340017210
451251728
880036759
411902339
641519178
625455653
22308409
369159766
671472008
494162201
537811960
336492543
681757504
435880472
621625557
798150569
71336848
202039093
503210164
840393067
257141782
998401708
664119475
4488298
855092229
60439444
840827643
979242786
644914540
600463797
879010908
202027852
351944398
263703937
81089267
760991666
953934549
342057656
120811504
900494790
309354394
132138453
167639303
708033218
329439215
439609876
868000679
160298184
857893763
154607456
708545206
445197902
83479150
416083306
145542463
709072299
343841651
352604100
740599488
328023374
402303429
700972620
935844385
115944606
849584016
657177973
759339169
848840514
365659068
138818109
935781778
127744934
232272614
776962630
676717552
405914688
138249764
92858313
782294560
431724097
359105452
448621920
46112241
331558705
132741716
108121660
873855287
762014320
516438088
825421655
852577440
931886771
351616296
655062822
297921294
223704946
779436351
641400962
811642698
672067509
117181762
675687496
191286723
532911693
205980514
191712643
368748679
22997382
556662658
96530466
218190225
54164456
175935541
30665074
710393835
822230399
892631201
75872402
706361590
602192965
1470300
86059436
929454518
891222101
48892203
512605697
844336501
401562478
788586069
363636272
875207535
12697790
972084631
123973461
725210978
351655273
51577305
748998397
137078906
216044879
276391134
288945375
637784598
810760509
437444452
902457138
583364589
389682521
360230678
963848008
107722121
590569163
136452218
982931909
245364980
593796134
68175252
871893603
121989308
40978804
125932050
860453224
759708991
18595826
187689840
319377026
910065888
320062129
380058052
296982621
181291735
762447065
804417920
169429270
869951174
293419510
220624170
343839113
140607354
23974436
283059019
128068012
373537669
297712949
46126919
175221688
29574044
70126550
308918569
192865601
130613218
926400702
945884578
351205486
156680783
329745984
349167477
6148911
366546154
818142329
751949031
271030644
454844144
861968397
494805460
10133996
805985710
573019387
672078312
861980930
443752472
737306043
53092832
329838842
134398098
845124918
615155945
363952398
139824503
344336345
763709047
36177283
35229334
273387438
298322503
790931467
738622920
578488572
186867589
65026122
963097795
309575880
568871769
615226211
837016004
157010588
748956429
481267509
176436227
29043258
712307269
989662707
815988730
515185503
778373244
843760306
507991662
19075986
378865173
409798207
18366869
632385389
778595412
635242939
604820855
160150883
340894935
599025879
583620004
2852344
396226748
733460957
812664131
837259932
466874151
693286149
9294901
759805903
983174967
853852484
898345657
873282184
758928605
897640709
658649850
492544184
679495141
454263957
727683837
917190022
758831229
282864685
375962584
124183236
173403191
61217650
185110576
134266406
337879271
689735872
606902921
545304103
533598925
1831654
243058381
383470661
386029067
433489855
654802532
698681709
570823945
812905650
499485426
879858701
346874963
32413060
400418633
849273645
481255200
205801827
340681862
221830944
351387504
537052299
356432840
836651014
467020489
658194565
883269868
155641921
583252212
690656093
310006619
797807816
402615477
173235064
562591301
143759941
639863924
373508246
988749662
7459932
696738826
542791995
647341764
424770747
101847021
347230760
876364660
936165123
878643058
412307700
756472795
713444942
797496817
437515213
749352386
425041925
396590576
660038939
675988506
527094720
167685538
519052176
615935048
791140331
448099680
277775698
299054600
484098123
57734034
577596077
973824794
431749828
697981777
136412176
178118367
448854463
196218082
561522686
991639179
519467283
366773146
777699771
92741045
509168899
224702863
111456138
254787350
365835278
950567574
135844128
50699916
174489260
369639061
953936109
579308678
693452230
906045373
198519496
490054751
254567359
413365339
869532121
65955134
949904135
792801901
87939817
172611584
687009365
100041423
692720273
688254430
916422330
619550436
569390964
72230722
164857405
572855143
9361284
18565037
998717816
423649007
471737954
700084917
439228378
421419309
46634506
520999129
472213838
509749209
594988840
733615
400401366
38246507
314969323
526959807
519899803
974016118
638685911
809642553
18062388
979607931
567970645
966879280
31934728
412867766
229038609
195061318
752299570
979108653
259423344
781061340
561656261
133733584
490294340
59640903
339159382
961860822
362949955
879266621
867415643
624939833
770443396
216199238
997482320
870859446
175378973
641244470
521003507
301409763
467461654
304102311
64684151
35126001
141135961
638521305
297448087
527741861
66103498
411208087
942373245
404675190
311901715
553663978
707988668
930696610
170939999
945110084
336398059
771646323
179893008
948418229
86486128
14631040
309739565
481225532
973189589
942073025
968759161
75689184
424772793
209770867
855657551
543354564
746647569
896268178
166545249
508170017
14736734
813723514
729430345
751958356
539937741
342111506
784875506
977254131
624620660
163975199
205834935
871826178
921372092
624991833
63586264
923621424
557566316
138639197
432420490
13678115
891660241
56849623
762333240
286717896
812567348
556736245
717821646
319326947
625644758
272599398
889122658
665083252
275763041
19059116
466632088
25597049
44946057
621555484
354734593
463266108
30469787
512168212
692663337
558449556
227470765
313257527
451612076
597545479
691142532
393520419
464716705
735169457
750505602
907704892
183297139
923122557
848144040
374930764
416034991
843660620
871363425
680747326
530942716
458968329
362346932
704581210
852109135
865757925
17824997
310294023
1416497
328041724
872976847
475989658
678286447
979672979
769063004
234263685
870663311
140293408
817015459
263980995
270532920
19826292
605320278
673428419
370040940
27222114
148147833
210549143
839959840
894753278
257918089
139690297
519982041
144647267
338161224
96005077
323870233
274559586
836894440
339466131
154861290
150238173
559467580
973251432
754900814
103046407
996310798
713829475
833427386
735935016
929533275
824137243
167595907
561973590
298348432
770203160
191449986
987996330
356176381
7310516
581513246
147093723
152598680
50332217
122001647
59885502
117930171
268248374
63468825
184390869
269284150
302263585
657343393
843588619
846983675
683084693
82311426
91188197
737627181
852768798
941049021
326972777
259242691
881412735
619160977
572161659
908098180
333806674
167312112
63763842
269078933
899385900
488016841
265101865
371401054
905042775
845958943
632014710
606547871
252956244
50137358
557572408
469228153
264834074
11947430
119630551
686714309
423156229
817608
836175276
548408934
771923657
440628113
985066545
455119425
246906885
993186931
351114972
863023272
327733615
587054948
617703740
837321067
119013624
825856173
949858672
888658554
740977804
721186635
504914816
452995481
957197574
803166906
419745479
292719153
997285489
959754409
816261500
209270751
998665869
806339115
957970588
568300884
929837623
692202395
801517159
39142362
218713385
748061459
724403481
128647170
856226559
78678597
69667365
207097883
475144742
482694243
413662929
12637332
307560850
593584305
709026953
944579237
404150598
801516462
72838622
302624336
486674403
734353838
913243322
48310720
770841552
788684495
880559669
142772645
857198489
879682611
204196995
770723260
952703198
821693778
117365916
221921099
614615668
251242974
82555158
710057679
66302839
315633352
87670673
404549587
23328811
322243523
92777456
740537231
620756370
656122902
94277406
934836220
811278005
155678619
893814470
619545663
273853762
809535562
369009146
751307229
980086222
486945606
746887741
539623154
894919493
540880781
550088253
109922172
163943762
441527877
515657306
503040696
680284237
357345842
125265513
501403110
435174407
922592185
664709391
454464054
130947960
557190647
996243180
165574073
975945753
387126496
436716757
236301273
389195140
494593508
227102790
36584061
147863863
987394862
408561172
208112846
172014283
558150437
309265243
899955020
572566390
74362251
217590921
623164719
326991292
932217408
227771857
9304373
370236203
363089901
630685910
356753773
184539314
505791107
750097759
145642550
262238742
532101663
405382038
220414708
364943134
415545465
837244855
440840532
560023297
184944206
403772247
690685692
582232651
987469640
462600621
477525639
986076619
353994391
577292615
413986719
536611443
323403553
122837410
397022882
317658923
757989269
991207361
988464337
413339394
541355183
592825053
66741672
319898297
944109798
346604509
586152935
752578882
237030457
390951774
23544230
383249805
171151684
927731854
945290637
228616125
917533471
125825804
920256249
269268329
932816169
838329410
846688965
845426550
796467334
401632897
756986980
731759490
726918482
989248794
555229611
763896467
836454708
892874957
613118931
753735981
450078509
24556912
829013396
193751164
392190927
739696492
70403051
794995866
423254380
558571530
706619098
737845061
520867015
613540795
753347948
610438824
162981075
840197713
851263507
344577537
291307676
111509906
39607167
520317677
63577226
785945022
42661393
442470252
966304976
516749784
202509836
979080519
270891978
163786258
753578261
954211151
145999786
268472903
890507191
231660129
46646376
372538495
903923782
334048483
278653055
44473777
200865622
777729150
17270598
984568481
56353666
41420083
724994349
364388906
948480794
757907834
690067283
797456403
811707718
514846137
236315483
349631375
344536661
499203868
712244572
176077230
90711577
345462626
957322058
808944404
843487572
936180393
471875054
16489411
470276858
22280106
989480664
634366353
81134573
675580095
190867150
899466714
279544605
582654237
700410469
974551421
631743013
490989967
751787630
708308495
162659514
564662178
480822529
907730602
956475828
14375943
325512496
727244909
863641106
118416814
808191644
458842508
417470936
778811853
784042156
489056639
155879204
384949935
879852573
857240457
375944680
900101750
826459755
439974313
565870327
596870688
856581458
845946513
283548261
516739524
30666135
974819930
88664316
639894575
475634209
224328370
278888335
28033079
585694364
444953171
606881908
594984906
921410794
305033837
637576753
777052373
158394439
342079283
727863553
999983161
12325969
182436610
122187994
377375540
377791556
893236111
149814893
84796199
371023729
540487841
462748606
519614425
232047314
60823558
408241076
844192964
666003515
182373484
258268655
644868845
843077902
258193046
295909592
591146613
534719471
440090765
202538693
449645113
796168747
664487350
379564804
475447002
411723823
94748156
798080634
66075122
321391846
7987382
187387030
617807570
42552802
46212980
91154452
97236606
846203681
40644396
938072202
987876724
825205953
878255254
507962195
827278828
582679423
411725404
9401930
360648968
258904199
603270803
126874970
673691844
410902093
555442981
729462844
12520663
513935697
117471827
883521103
529387959
930321897
770729525
870019479
924195941
762234328
651078985
409006706
76434323
365562184
301513489
314152920
464105801
829120874
662204182
799645434
160435192
893023165
440284602
539751772
530913194
328706527
55901011
595260064
35256168
301313621
797079738
954508996
119613682
230229664
486931146
782695512
962258023
9087204
921728447
147838779
444452404
252834464
211720127
105371623
992486248
300029763
566298905
141337962
463921267
197083288
492779083
298052831
221727030
384123778
362738326
264107440
888760918
950527117
658460518
63602041
189012730
517920839
141502305
937121085
295570514
924247451
22851498
778275118
886872009
423515474
447327231
469579081
40316930
888243912
198889681
166913486
543043862
307913219
816353916
284931663
843067485
394271429
515422418
407802141
459265472
342481985
924078605
640958801
973351008
134393037
42087789
277632486
190360991
848779064
744769119
628163901
236824505
927432938
600224901
801190105
559838818
307959825
135057619
473425922
504276017
689485104
141772996
403364768
323574815
919432945
519767995
201549866
630973096
208736981
420477446
791662657
1676826
536387213
525827497
683142467
612129219
982076015
949984133
159387717
832801652
686876868
496671816
715098789
739003638
62898336
809901070
938048682
402667491
409458726
958359733
478898679
528644065
519856152
513976731
380311114
858375254
958982641
759042102
235261488
484386849
460175195
109962416
394311898
968685002
795677110
397184047
605644983
464458867
669780053
679470039
421909564
199432878
675667529
215357225
922179321
35013176
795050170
743175267
821435899
940888695
217846332
132022982
72324562
954468075
516938950
248481316
383796894
830102064
93296824
459585836
328080701
508512463
604924405
749360752
215939808
572769523
754700741
649535677
357905285
573562622
813250833
736819189
484694121
858975617
821743672
657045366
164020781
406489633
584989383
328286306
197510894
226174238
717699070
750394731
614671357
828925273
672683073
140648734
110024790
124469562
41623511
869716195
603821241
109862160
129426773
24872364
152993383
201333703
421905346
26689799
369442007
248359279
997194048
277107195
493190880
206974733
533035255
452554239
901473384
958940597
40277244
824502885
654305630
352658926
580606097
207437459
668106869
783199767
564866943
188458908
248490536
579775590
362291268
4958709
893380365
669181542
288903543
255172208
335521116
768655551
87498346
937718268
25508884
743352483
55359933
19485858
409350507
947235530
938476038
653162209
786417204
334560487
449270316
885684888
857927464
993895585
887494650
267844350
443463046
721898092
259466897
100033018
896402358
222447303
573609676
976062994
903370198
627062277
300405665
657555919
662714363
170037977
29670738
543156694
410197761
517208566
730193970
737122263
16255300
897171678
400629898
650031801
823539143
511024160
412139770
916769488
662578065
873464339
490558773
465675930
137321827
875415912
193316921
880761208
968348098
250325485
473647592
954116049
238421271
698488912
63466498
534959245
355185648
194961012
814368185
706467083
780405923
399767836
833425663
665252823
975866986
321563610
190640740
92857898
551891484
908410208
949742825
852974884
83723776
7162396
809802139
227184359
698584766
14182857
140540728
418208696
880053093
524121626
974151988
484671158
688394106
1450728
40045693
590931087
646396427
237570342
442142121
360019418
1413506
921235666
71974208
286520528
961138812
362858164
595229354
189030144
960615790
312554512
585716156
992599391
420300840
692580177
13364035
676769836
160520254
149084004
954860750
755152857
43188334
527330036
454973692
642280790
899077859
379803433
833991286
105090593
907423324
915811214
799671894
900286853
534177273
915375432
354527777
67928733
859127306
967667915
642755540
777725638
894753270
68781151
493437648
422332140
32195989
197392762
697027938
739482686
973458265
213385523
918455665
690058866
52842948
235578796
816195961
400193486
980406739
29151442
769492935
166293157
878796102
549198649
727033634
30476997
62316025
11232539
658745171
692792004
835515138
42588518
319261708
898843470
588224153
58292261
911128979
757647821
697629236
384975645
988743711
694046833
400310483
205415576
12922455
742237470
630659399
440774842
59019219
730090053
639731105
500702171
965591428
467478310
13334589
676304965
494299052
475492505
238106574
591921305
367522916
843502497
547482376
553212020
747023963
33352512
36601517
883310308
863606193
215454574
715630317
267783424
381222636
129864347
256320902
308449195
805931245
773397371
344860037
738800205
469927112
919096725
533517422
912572732
180141841
790379575
798810900
134752431
51741909
369004240
593305368
901885314
497166593
850159137
569222117
241594738
418518084
657707252
681417328
185031773
187579248
757120365
47231908
274421892
517766551
653222988
358858562
198243807
863861867
883115002
142885975
449639633
826493682
928503306
303686199
975107519
137833124
640328418
606473346
62150646
585160176
533587509
653440955
802528569
493232020
792202266
324643805
899013580
865150023
25718039
610030742
340957824
869476744
617756112
101315001
686727842
842498275
48066027
64895428
273189004
376942947
731701030
774521409
316735965
458100135
974724016
413964099
379969616
524983576
84903876
555740220
977794241
232797747
86652550
252631255
185103213
603959705
143689210
370950885
875583705
807300659
986834244
441451463
494226568
228205412
245333597
881844133
238668095
374345561
896013935
706774702
876403340
77059928
434259718
746917928
713265880
683811066
928225754
294307131
585285851
647245301
410815203
382090934
173477894
218450708
243358996
330720547
876182951
128841855
201810670
56574858
224867454
83518182
778873279
833470400
923732841
218364371
130860912
165882527
566835912
164896933
810325005
352667110
811044921
683515235
297642486
917257120
489015374
603070123
922335240
62268166
265670681
214837795
492703274
945108753
506309381
706310321
379033786
307682135
413037918
768796133
102003749
495694527
632298753
897163706
340674087
133138320
731584307
724512771
272180052
530745029
340392732
690096639
804861639
283738299
567263001
384461145
313298508
65589477
136272209
270164062
476836721
285407283
227987162
502986174
638646721
877078515
113027503
17526363
744058699
525852807
91495292
997684892
310545681
165453776
221318565
414721903
491239244
540985477
843111973
224110767
765058534
192315658
687734308
104789282
781075445
336172904
989679915
953741296
462076263
717382613
73676698
499694033
318223528
124083474
242783307
708874001
946796880
616376638
313219276
393186412
341014175
270068455
265575974
367031496
836203808
799382890
303147133
57144802
788364541
860452120
716956151
635192345
79054639
46801726
733454404
526832324
810429910
124228221
105933894
799481377
76700619
633078560
436674811
423623627
509722892
689562805
85701001
184689546
374020503
333062183
256483973
565998416
203912520
91831320
642636261
132699704
887224306
272038811
301056187
23367531
81114892
648907035
629907313
451376626
530410737
739990614
338817769
910997091
129422460
225738695
20961633
421509873
21065358
73744111
493296024
787613228
405653585
291461483
454591155
139640043
611045383
8945132
137066428
102119697
209170334
797863867
909051277
266890343
143984745
984070106
464161750
760816652
412743518
297838950
701556736
87441859
910527109
615059793
716685990
169686624
897580858
532610042
507127306
708853295
100684660
331591245
515816561
23254293
283355048
624831046
117319812
527417240
150928709
594624974
865089114
492009174
66044728
884290371
28973794
282614046
561761292
730037524
665325945
461594546
215351789
977660862
238429875
432412015
907856974
919340702
947587807
883383608
180871682
641407142
605167341
938170552
207027817
152825265
5460497
732451117
655647785
846290951
41626153
104720440
876109124
994663028
104364433
658920660
420635289
293840805
787917850
581459021
93474736
880696297
973370393
3344077
495739703
976703914
507178573
402936530
800568837
670531488
907546216
688082895
942875304
494384457
802816857
797553657
451671506
429479640
501666484
208000265
56840217
816118794
456537630
734796896
162943456
782596665
513610962
532890360
739709562
425062451
171547774
334694542
107070598
131613328
200884979
333484680
696042129
371608687
404230241
915166597
699559240
883295440
756060947
285628947
578915197
791886580
935174246
386016900
795701449
547793607
906815283
139175590
425745125
883389934
724826933
667915914
166038726
815567138
282740544
275992866
276977143
889294853
10910018
944562393
671299285
533569167
85689655
30141288
933112131
651135774
732253913
291671912
115286679
775480088
189924625
155221395
769730319
548623254
995173889
5160053
729635853
254266681
938282074
159008465
947873225
802653176
751527089
448598932
511641607
66526958
748512765
115215140
695181370
183428947
183256006
134328510
529694110
873641083
776530452
361380803
62776592
5303466
30907293
946570517
199429624
643517627
645032114
189795166
828989848
163363383
855604874
375124151
696781428
306021509
149752938
631035226
411953283
395886658
732837781
749363153
148576598
981059051
659332840
932611382
727988534
530840500
651753439
918458960
884720518
310062040
644371689
790571357
175782746
926042825
321451415
145273487
204700627
225986601
453855176
138522555
607873496
293106411
671786942
273439065
613746107
7972561
735408024
770646571
726953553
314084985
978924200
458140376
500829181
491074051
545768762
344194428
461652055
436746809
725323673
892844140
85584441
72505307
553620887
199735201
190679084
37751465
357600571
976805131
523069242
847773881
955348842
98128761
955593135
103131088
270294720
384728381
602935421
844981353
426596372
496237232
180861805
773703094
136958367
784609255
907919361
262703595
966829910
504813390
994197558
354703451
993735875
339721310
681771773
926941938
526528712
10090657
6150795
221557030
719548161
652760527
95216184
430768612
370165822
262562809
179423783
525991237
730474176
724439113
728291442
268736243
757720026
937293309
17646964
937014322
679184211
275417864
801073130
161900889
24477669
624625243
315485206
711937275
786135432
653360157
363033667
63307981
780771997
215207453
787688447
999891090
142661846
120579848
91656340
670965935
851730923
756083531
55479406
923351228
71290624
73105283
810897820
677734468
709727358
366345771
277547391
108012975
258770325
376666753
885902147
769297391
45459055
227283302
428874267
554949412
944337660
800596079
107999784
98892918
221620439
377750706
68404452
108542038
906459835
288520097
163650366
48173654
5545806
947117835
28603222
805746350
331820608
285186659
904975686
99845256
706694302
197136776
744502405
954500890
873224978
340690778
943318964
477476810
25199299
891097766
431450059
450822441
537475803
514676297
359368264
47678949
622787073
661514291
866352759
902044608
2543032
854613844
173857615
350127903
94004669
325378196
177743984
515348367
592541117
18077140
981264710
334994924
103059028
827070899
843733418
373449033
460838612
551951128
347081140
732096627
665852364
562026808
209765746
571032842
70224856
753982143
458713436
979054790
612789733
847538482
268527792
891538310
787097754
300932355
494998734
873139278
49369982
288533175
436162401
354870708
655852935
699096496
330401425
89909275
609660553
115112999
402273194
368259583
100913970
709459487
252304062
925800193
125043502
169395187
917169435
627277556
282084943
140281156
313256525
28602451
143714008
450773822
571662100
718570378
119385590
690043640
421022137
638205661
85265444
311070047
296495615
600105047
696442664
248863847
639965252
19739276
560946355
547082897
946081877
344776796
602354749
705006971
159308290
368681248
482706526
117344145
745132755
469571536
984717804
746457169
446292516
448505679
78108164
517083455
175564209
700946904
868278286
389051950
795812568
500619488
341936279
476794358
496143864
406702306
302702911
645871332
396019818
850261224
468158659
191278463
34956424
675989376
442010572
8479613
374351853
517826651
152718408
422695639
421800050
547741155
60309699
363192106
805133356
157324651
892345373
849386580
470892573
190606967
917242477
94053952
966476473
961596627
964251320
595312476
938787678
165894951
879080950
253992392
163115491
361662079
698735585
330868002
847139504
264460153
373132791
243455181
174686428
781485964
866841155
790325106
637519987
577729135
124743286
370151808
699529935
797670556
578345577
736754156
507734303
326117046
894634713
386828252
559203161
29192950
37420493
963714308
663418728
423941754
505680921
78890655
524453851
342956996
304774197
221526774
846634208
333441335
585011977
380157159
422761562
542752997
33636262
942585809
452033940
736490177
668038241
997011328
737564926
437041645
522645354
647772855
465863107
727947966
998479501
794797398
293526956
253870555
819242298
62579077
66189624
384225537
767696571
191720191
660798280
164139808
758220726
237762418
296501584
256563232
826937624
129482210
687478952
281852641
179157083
212140812
534786573
30321409
447172279
759073421
932722727
841168563
963034527
420523591
198785571
637237198
830135887
458858032
202492945
849395637
443782365
258971448
538838985
593679917
171871117
435643893
948765326
971414019
112703687
738542378
384363713
233727151
431791905
846652152
10609021
178221208
330715558
62113044
521465049
71875443
507777893
228043713
227713078
965986648
723391801
668673085
617589714
909450038
238640131
814335910
462967735
210377673
555414053
16796867
641421018
953793462
109959681
478816790
824923253
386950035
424764600
659829
510349776
229385179
845941496
43501154
608186527
26183943
116980810
594333448
354877410
99964852
171721031
878749895
468516825
524409174
799887916
249666462
76370946
617163089
711437154
105135376
900070600
763413175
280572567
856054998
372261246
725910930
807445383
594423572
333840645
953876015
243506065
826095198
20792760
419648750
239088195
699443268
503320901
617865650
482216411
328957282
879590462
501764415
601907593
475834118
34979934
452655148
920316051
660300216
876281805
726340129
360512685
558823471
488638577
236125019
774049718
830127656
334954771
49299995
205242968
150896735
730190098
392095312
991886875
34573187
635218647
936275323
525737242
40107705
415956409
505384414
430311551
495445726
218815099
308680174
356127033
407172648
880467257
110345509
863209980
198460281
334485972
327428810
907903836
774783469
726234374
201824394
975895635
28688964
479868419
148305898
476699349
537578647
683673864
560370632
640617784
212989199
632874695
678620713
880798889
497852806
76767466
6144450
643036688
522000640
752273189
954185551
109656191
62817975
760899505
801706828
823416729
947785344
8629901
452812454
967376192
200571364
273810106
445981672
21500403
10297329
165436886
725344028
966889134
999790381
623230920
801425393
136284694
402248011
422639512
603519163
452605940
2831900
725123600
143191418
50181413
704270296
616821811
349469417
792372076
14366963
759661066
944073554
872505086
707954140
607159336
337035592
529046366
364499768
13819565
424412666
353871804
873715627
147919992
931945162
20439391
598024405
138697554
6461108
5826189
652402726
466345231
769167111
152215597
258135840
471135951
664783442
61179179
450208711
302468582
435984459
849300672
829542291
154468824
485354085
87856515
20526313
860024422
632587644
590123866
573543185
849771071
434514318
743067293
401731270
624542320
647523537
983655986
726149110
838749336
305489212
161551387
508076395
307021604
556006245
407769652
894525740
908488566
497140189
943928712
644456045
484919383
957622054
593994340
762199331
831425842
58736780
774169143
721647153
6924738
558052038
441638504
745386376
25869113
571451890
417050935
165879069
253579103
28390579
456987893
134493087
8823627
135169914
402787033
377834470
4034698
580232691
117526697
300586438
454601740
539093349
142637324
423324480
566725415
384748601
130716785
295793634
743088503
57061887
423780260
703312925
754260345
428099083
350953597
870939731
21407711
440752650
34568247
281263035
736482607
45450729
435455588
485190704
764851581
883406059
328079814
582725233
550139268
133455072
323733744
104534134
719775281
279893051
389819857
228487066
628906459
283085163
197730559
233885387
718722923
345262465
117035683
541616578
501093975
268526762
85409271
78810158
54283133
301054106
704485666
683676770
556664792
731541468
312080762
773990638
79589932
950529296
953633671
289323377
696060059
39409958
160547165
549046360
455790099
881000848
240667693
261752215
501260940
6130504
730747649
197374022
459493484
21470926
162590054
166600722
136293029
582357431
524447785
159848191
157766577
495066039
480929032
597734810
305133046
334500822
292744855
728790420
163442945
44728985
998857073
192532426
982799327
865149281
92237129
14016602
917907860
582748982
677186624
756235861
861032085
570472113
11846135
889620339
449250348
316518133
989169
33104576
155072889
771843542
816031651
523347732
740990861
610696009
964744628
640768936
73701191
10753449
742633859
673225039
269040215
681360113
257166890
135485364
758447169
365915744
548464795
302645182
299746786
820180370
206197884
780957791
776192867
932125926
852954703
205450044
477875600
660262268
169981437
343370153
558087662
651806640
415503648
162742311
27708514
532933858
531599674
881956141
595531703
294914324
81335896
809116764
243205124
95279190
998416064
139538732
374114204
630365968
528597864
927444175
308980109
874558462
842902850
798696803
979687376
436793630
229245502
268592010
466454625
483803307
823681277
864387925
704974467
216431571
961472664
653349802
62069427
829549966
100541216
124901520
87875015
266097064
793334304
94175759
860635939
867728126
387290855
276511165
699976209
730475549
112113757
594032295
989633388
861403393
805178075
450440074
819436319
687907679
437431980
