10000
435510887
970764019
539819030
917687228
260310148
795352293
958286909
767436533
597405833
7839234
915369275
537125844
570130376
485081818
178068282
863876343
140124513
948887671
115772964
845035264
882765424
862605273
435084399
170970266
993507245
236167947
792477889
578512190
598449296
389963276
916839537
208452946
244515468
268359435
551531115
543884255
148801240
679569580
257494520
888130139
945861343
435297771
671775707
973229257
839093255
845828993
854636540
449039490
985310640
492851615
433522551
394950811
685861603
277292450
684526367
510412261
335873111
350293920
456790168
697247459
424308691
651537950
589461879
140760560
509501603
901928059
61455559
999085371
479211564
651025237
937001379
428441864
552169388
872090656
826294585
238976915
171592149
556622726
464412786
875971116
947587653
980088210
944002559
674745539
835219238
457218512
46062994
809959112
172758045
337549764
555683296
692187005
272694160
444260729
831831045
785097858
536267713
557416764
272148191
719730809
405993891
663267507
765926553
666203656
784716589
396793396
758131859
831235568
985856454
772574216
352619866
208730592
130750779
409961700
911258052
747266083
661618919
597265948
165346805
754112182
831567552
568341196
604021515
258578784
9070407
632649140
785159897
481837140
191803777
493985138
758003759
28009840
826885174
670720676
410869113
905282781
409664915
204890788
326649671
442011126
316491262
936291290
837167900
485751753
41117677
934858989
188729344
907113625
980062571
732979062
989384454
975617325
255870240
236479099
98875328
17478173
686998987
119803645
348939063
466623514
38471560
768610634
400937457
531800376
732096694
705008550
285663681
410934140
296090655
439123349
157836159
732343660
225672170
623609059
866240342
283075972
760164487
355629175
295813146
901997047
936195498
766560069
576273566
301871410
440023592
811493388
886341106
450494829
275726850
975303888
635885121
668081088
504775620
996062488
703133185
724144954
818290420
322455560
370151012
346008701
676110340
771055668
217156129
593357097
419221290
472307824
608007791
47228640
890884391
532852699
359842345
169270399
437103510
143793348
238801630
504763892
84367554
508253003
25659439
933187309
395253935
202386092
570886578
481722843
979896940
649761569
634170297
308309669
521781462
476198091
914949646
934498344
358802227
336610764
446036967
601276022
427774519
957446731
868414733
869625924
241332116
972432488
708279566
671865119
211605251
187174676
415861870
906727967
100937082
672311760
335808427
617778431
753510124
459029491
710198272
912115020
181035983
192276058
201866031
125829120
542715112
201480523
468080920
266584651
241568387
23634967
241788778
722232768
816689717
61769969
606823550
443481704
837470174
692430665
107520051
698897673
567567216
649412232
474600244
93294816
918469018
361441408
489220932
90325784
639880211
59435739
113694604
946006498
451648964
623697175
252087968
507835195
820909642
636586698
942085148
39935003
609479443
462084021
474335861
932892553
808759095
895257899
930511076
460588571
306021919
444882090
92698878
902935591
216456905
752674954
850249615
594137053
197920925
948316578
897636220
799643044
738010556
768444403
540815915
980447254
762161780
342741544
4689729
714770840
798920074
299535355
800897588
649138770
965523890
273057859
394558751
614890394
299193566
649762783
108507732
147290757
315670528
98937519
747730146
12427803
406153807
861885333
123238251
149557078
464506364
519602946
575598217
91102553
837087538
65568488
857311717
468149042
287635861
213144313
836347511
536710616
258475839
826456234
366273472
744078886
998186020
388668158
424788171
813353317
489169434
670429557
386167037
415043909
968489066
380987707
866696631
125602695
268048807
259865617
834718354
555013629
55949877
146196015
178492227
302582644
411569733
255537952
226575171
767888832
232448254
595979053
980999120
710642897
912466604
275917899
646722912
10047168
47259460
346009492
909707834
353519734
491197651
298636470
841224368
338212809
874846805
791802276
242117333
163513693
75144907
148273164
268505361
314389191
998336762
866825148
369348059
664505020
825844479
105323944
68643734
650395132
176089083
333589551
974408960
614804060
391483499
47743880
443694770
731909150
47352247
298464079
468621914
638947202
956701655
644778450
63451927
525901486
628711128
240193712
256166515
511849070
537355537
113158287
114371470
203703802
732091703
148006688
82450946
710602556
671590675
335385764
850405797
231554626
192749929
821566595
140334482
146181699
506968379
559622630
181655388
36295028
178301937
493030569
794740452
441048530
374130148
598357199
541566468
31080629
491814533
795049721
718326572
739101100
196950537
185708035
686775325
569544506
896511474
220687352
946949151
498336949
384288226
586436230
484477215
574270576
333964324
204220498
198749150
706402404
39388227
43585526
544250005
951609834
101417775
6612262
740140912
669344522
397765085
955634397
600230398
486248274
158387644
639617609
338845890
407245359
474871683
147770122
309287717
383745065
810641783
526886938
176331741
646632992
278542897
705713193
572098150
246464720
280724829
277069436
757023562
513830924
493785647
475989129
627761062
550004724
792948181
203087060
359315657
11448872
23452866
227053791
481785547
606244013
742820797
823659455
48043815
931394918
538993623
295391842
343274947
189617528
82832483
819039473
812721271
466672820
626268323
716464764
630526981
635062386
990166233
835362502
397570843
77598780
187170879
727647432
293345381
653977371
390002199
152130768
884875745
526128123
378681247
430319178
321431796
901058478
365921709
88463503
650615211
690778531
592372367
434011879
192295597
692087333
608608459
996257257
133528192
247319871
742435848
423198715
671761144
908083563
612345115
737901439
443740069
786857501
339986788
339203198
78938309
423594873
972605149
47292105
576322138
280573474
861844645
180456880
440712311
459716088
762191952
399618376
755192086
873805005
58339114
536184981
1804859
710168540
830877355
285649952
33218873
766982812
692210760
452472139
162260026
616816463
324747545
548732609
863153348
183505095
893302296
518857294
539931784
816954724
486513381
683020969
429789302
921504223
882758278
379605016
975266624
745646743
931047340
356390955
385126954
174032777
561901667
205962885
609140573
894442961
145667504
882596201
852671349
931873349
905950287
884385414
562824297
831562629
681028455
493294557
515277309
318978795
679050233
334357396
968285980
577677788
407414389
659573166
660610019
843129084
815801096
720382318
427363714
490044001
206338918
217084640
860941480
262109504
390957892
477343599
655341958
34189540
308621885
557936501
950846112
71466716
594537237
989155839
951613327
336915941
92035598
852731477
649934593
413593884
28001554
459730934
962058834
701160429
903076043
894001986
392583758
912866038
933395764
331275648
30018683
888872999
450453507
744850049
23009802
991166455
450778399
842941164
918809229
941032414
502041351
351428714
291265614
13777381
22539266
680248564
200823560
918178210
693653718
884242112
437599497
310068812
220539960
400916877
114230342
801451344
164518123
717944607
576625037
888409198
810911577
416800609
492222268
428374618
352375003
155520637
469967725
511085775
309189480
14801366
595856349
236822749
736840974
55358244
8680008
425997882
927407473
624177103
304815224
694275500
618264279
629956920
542039020
933029904
483005080
675402008
610416104
747299997
710838129
536440375
764646796
745423980
139409855
18005835
626275339
353778665
928294823
261249540
126359479
927212120
574934861
993726231
250222113
314482660
942141046
664006715
929722781
643706629
279687686
253909107
959058405
255173461
579627932
75948610
958302218
16120315
469230128
293606316
368447657
254376419
240410257
695926677
547493896
766555435
733620717
596039908
260932724
65257446
1408585
574980238
259434612
926589679
88571147
314902215
170767590
873059852
320472411
202308223
817042549
443032315
803628338
110266438
462683500
478337275
855404712
753639177
820921254
834561253
406475757
236056868
955054209
795746504
413186594
419848531
368471865
108421545
818089978
384540538
956269475
932812194
419678858
408380374
124230151
155481750
687370103
49095524
34279873
722558135
917902661
505180019
651312039
772646702
990991343
202309999
618994236
892487865
664244162
112808105
798815431
500044454
832915311
964444504
890239300
67457960
857824898
565444303
848184199
116456482
510500869
966639311
711675969
780482086
736741557
159071683
304850847
181679978
84747981
666096203
851911704
872975216
150106771
710370294
207927576
956433427
586203163
604233012
76036749
69163527
668572230
700415288
451005162
923567166
833294926
625723697
509915606
286839969
299195568
51796925
348349830
557196128
876344861
664171886
400739350
102457960
304112693
549111931
861316810
674081607
401074887
918973811
188914141
684230029
964985947
369251396
211560794
796173602
43168502
396581403
751673999
263678191
507435905
634789354
641607910
763569462
210772930
350427906
669699103
755764542
609267999
717262427
475644456
372818709
298096655
757670360
612156695
38738627
599322833
266326131
997375949
555882654
211161838
42795770
97081071
411843983
273124512
884086884
341490575
559692371
988580034
306219718
386108919
699550745
72967260
449893326
606578017
112530990
371248733
863601193
418102108
839255598
679636568
508728624
70419102
296485784
105413639
488329134
930033716
371893927
167545331
571006392
230676583
142892207
500424764
98963164
722515332
579927292
230113408
85204603
671706047
738984329
696988705
386287264
901666843
767566230
522228485
509993807
824326189
785726583
303381402
612355255
984564309
328959561
364018041
816736012
94065998
673060203
231281008
280837281
987332291
797268449
428673768
367559691
645222751
335235971
871963693
936572647
357203822
125299297
593491089
502800836
589563049
165113401
759167752
351329061
75756842
648947473
513233433
228262175
821951916
685399057
105520080
36554328
494017066
863908519
428952505
812312690
741232881
268430813
262574897
558194661
716311150
480780357
678988918
192472482
567900547
206804041
623321636
135052611
85004571
710384779
973718932
521268359
367436229
259456616
111319938
346565665
394034986
840014643
615665139
5340491
203171082
714068977
981033891
834345576
906455276
407064417
847547038
624874646
950945287
19368156
313752320
924501755
121816751
821243184
562835397
730799654
691964205
77870559
400310706
389895364
492346340
96052310
214560448
488031198
32039699
386734719
407360673
962001413
565086938
814200183
891277545
801340955
316743277
299931163
892342729
564144350
714250833
43338662
795471779
433077532
79256298
886121423
125716195
67733711
985613684
384892710
476265607
579638766
835970014
378497568
67090147
276818253
153379423
307849004
802792497
398072118
46774801
193080346
14546939
40195380
526943720
124358950
51688075
473863224
283047913
374481310
576245666
376020987
938112497
861583510
234608638
94273560
576400667
343938636
705594303
460668817
779382380
339534020
555270294
441022354
982071312
9864464
573679573
758669044
710770247
715518182
238225628
502959607
322153239
399542194
923235
812071257
118511792
141776455
24878858
14510840
887109492
599702803
925961175
78661359
778237888
631678377
551257844
360704584
2348660
243186114
234068927
309854354
200445293
221060398
534482525
262736862
640531031
938909502
443782588
459591128
796011210
31715340
550460342
489770357
673513855
295152060
55041578
172603845
792585201
176858745
300947616
992494725
458555870
89968477
813073341
47798051
50893308
546024367
765346142
357630934
284847383
857003043
588508645
158206752
136464870
685149857
151441386
826279957
808384580
996301762
579548278
237905573
60887548
968861003
889454865
965475701
64681184
715551054
697225806
904066928
597072555
684575871
781656583
672450420
96692051
622299198
685190918
818102607
273078889
887043934
725545239
42650666
624331011
109375160
136017438
326610305
654761459
535794782
466006146
344197034
625877897
782967096
161472824
354173906
36554539
721769704
620434112
28632286
5409974
815146061
651653156
889628204
122607805
761650669
795220820
111074436
670091026
17425087
325505145
685829971
993416053
282382295
320883117
496658779
868567678
336141635
290462674
52008527
107610811
365881652
580450993
509988175
398670971
353104753
121440644
600433238
54200085
970454629
118402364
403954411
467849236
141380159
470226255
603937261
771344691
459092632
959053053
299630357
100183452
181317145
310552220
475236012
574906640
742171695
840139636
504921440
488237856
216308925
773079877
105870698
532038813
754283653
201073043
875377641
814249321
292562813
219853140
935967383
749491671
311588149
540588648
171045594
11462504
827948586
47144849
918250060
644422294
952203223
423973302
501504851
889124982
690658246
473231900
43362643
214399692
60019621
851062187
116301328
215859970
981716770
923091140
37161431
825314869
512129119
873318993
485027714
418538024
576806929
919664964
211076683
916393252
865140213
968538687
131098702
326182394
535759842
29158171
864644755
607774786
554192500
190051360
163903464
385282875
98035307
316243818
666939270
257348967
46999998
264450718
732453503
444283652
708721752
959562262
404809130
299242451
627738351
46276272
144593446
282179416
48238163
858298834
749795169
796169664
997565189
667118120
721908304
749986764
54913881
868335179
523838474
541027717
282329612
856331132
448158692
915211670
350408191
925386602
435955772
584488787
266662855
830236471
504166017
155285761
302397104
461560421
423066434
314414441
789899261
547441480
627442731
601501387
896320867
729187198
257427041
512561270
275405590
288704739
695236206
469057605
65821218
46060755
536939090
201976285
652094270
110634294
962758894
461937501
967120542
909267979
895417567
633741110
878856631
428813842
988859743
325667508
115165117
632449020
144758942
541070918
414882808
185613943
538856656
185404625
593903014
430082441
260135938
167507782
35581756
818346005
769562228
645859168
106021017
315997592
270787660
471977535
956363383
879704617
828301426
736748218
458245176
714542770
35641582
268580566
817254219
285140942
92559997
484046980
194791296
93186483
790445232
971600295
558373706
425503291
372984925
810966978
853740671
879499167
201102759
215042959
561038262
969070942
97153332
956855508
582069588
372660096
849299953
796558278
555718435
524968781
394701501
343973587
175921000
776331725
456361975
418118161
122745015
778071868
261232655
118183423
501393003
815002429
295418904
407979776
598603016
433610650
801978098
409066891
61032546
638474140
403715528
45172088
518571152
832245766
563247195
350622179
276920854
76281319
865643113
175292017
517062289
986030298
512853609
176151320
227254296
221313664
892869849
391106770
827649640
884181125
573759672
130538053
304327610
110037896
327676830
307584249
368720394
514583220
865647743
995896628
960105529
833388918
753015538
883300608
439578328
159453801
493624533
178347982
183589310
168432456
164352205
358206937
923877731
41970340
771036753
459548195
322553643
465230756
128582545
421758504
798155648
319589534
768808612
265249820
352106044
430453722
345865659
306615917
267483767
530421779
97707638
16489890
718610996
851224902
287567764
958912636
384035470
483224420
13788211
829971448
795939996
584084107
529243920
204864227
147930794
161976388
213271007
882055647
501324786
978831719
12526281
50732615
342952826
137743
259379478
398122849
731135970
54058918
233029188
136416910
929579955
532092989
202111314
190567496
464985380
223419378
241756810
937298426
814241766
286963960
294174412
86139081
807275688
792169817
590030267
658317956
933923898
337531431
329253883
73899842
470608710
56913096
205450456
448338401
311784486
526785560
690313573
541340375
790285514
667443914
65135581
702022413
772733520
104145233
254492525
998420876
521020453
156964704
883000474
17264194
673183356
944939828
916515132
261931162
800541123
776694820
680449260
39347571
738884013
626548349
489853520
781548956
579494202
14350200
429967463
197629491
629468101
376496821
873611650
248875539
680376163
458046291
690309444
149819146
162057142
894203701
312733878
671587711
789307008
41151816
546031537
993656913
164899862
901366048
169383400
109599172
118323640
723733165
404662768
74237692
937802409
486724583
681380163
872577751
432120311
410701344
814125144
574817202
37049805
774831127
187974790
429024742
581077760
283024011
269408017
27608180
797730615
964314846
825599872
298414142
313500076
287794198
262417449
989086617
77208577
502440326
405477315
364865548
780933501
535688949
220615779
925860325
59987406
167206163
281433541
879982428
635238881
665281119
816246554
249539623
484444011
559683142
704390451
747979623
619835136
228940563
193333418
611018851
145517695
536622072
46611022
769281986
848515694
78863033
301313369
992914091
903767196
541167549
173498630
402290322
480087162
874354737
744471965
435462311
734539519
104502052
655080739
16931141
448834756
713683269
326188222
777028405
513404449
998025449
827762224
266070173
219280268
94645665
898160297
75630544
682789846
673806375
552503658
2413522
137094043
773115648
7818058
207432700
154136199
926297403
996456298
948657134
208847014
369113780
247039000
503365134
491929459
995023380
414044144
692295276
776701554
643749536
307937704
900475096
162024140
665013948
310922507
241904883
179198921
19898110
265044473
454957653
801086346
481491750
496430505
42008167
8292808
426032679
708139726
454699158
202149615
188636109
118390987
245350613
503363933
139313149
962618510
744184120
290070062
943615878
71628336
795771873
703673940
170157635
523460851
460106826
678960543
865816154
390343933
222265377
214218874
431797754
534057162
256036956
900392739
230269815
850443041
121329118
14340094
814633017
835565980
197511333
597633402
552821983
906879424
299383427
867654555
747673501
404488968
69213536
463248092
655854932
299612427
789342516
806091678
657020394
471999902
206345558
292674454
614387195
678579307
744319820
868183883
119188530
695681172
585725317
315641980
303784543
284827536
538185319
726594087
372257011
924006423
232554236
43304644
571268151
855248521
38306508
379292006
373732676
873271027
802108753
889256886
945502799
334866880
794671790
711660462
410824192
662241605
583716705
234423234
535544045
899877824
17992347
238663629
37122596
801404063
924171045
773417264
888548561
85018261
183829993
513181417
764828934
571941823
6581072
638778112
274905685
356198829
674929176
415134448
169824660
802003522
586759038
692698937
862984758
836989283
731904066
3662576
602035871
213772842
905974338
550145167
702167021
600735125
893876811
173521407
251677300
107621911
531658770
746889524
955695460
615876276
29348391
702950816
610423799
547766871
260625801
569733121
212113789
181624949
96723144
734389411
864002515
67053361
51305805
412534374
133959096
14451405
607735934
316531320
588765036
158624741
489746463
434871222
458075214
89046831
59434357
486977778
138249158
484187361
58073020
331847465
887349924
892422816
601956052
469737254
564976599
524387177
616388830
272041818
448196713
763166569
95366019
925119738
936550283
755352387
883679612
294463100
137046477
660613704
348515087
349853079
671801821
184878363
140252155
107244853
883155360
620163596
342685825
376345110
346098789
128618187
1396648
514927677
980889822
598900452
945708502
916868911
499005784
62614018
928100473
551807698
823882769
664952582
384266812
517772226
224080234
863157142
352303310
219174096
123621677
532471996
236583680
102378923
808301540
618731333
562806149
104501068
385421907
342565742
721138163
149411127
183275263
996122798
133136534
764686131
164573964
16193235
732974882
581825428
364318639
383093541
165661982
631191400
771016607
389694392
594221173
646113934
957802764
620531073
480875736
521301863
192047654
848192379
134681079
734855431
850895886
433887209
558981230
628651386
209457363
147170574
467256671
766715152
559658730
765265193
762193765
260754215
149562227
391091533
794344371
582004101
270134424
609241269
555830052
113422747
160815213
954875417
509877373
64228192
153520832
248410315
189339921
496366108
633497264
844550592
55642642
729838952
18439925
42501627
470165984
867861108
915790284
190186169
579138766
63002403
595656026
309252426
43229026
504957597
240914610
692054770
152458558
388645606
234867987
375765120
592130942
721653111
190386475
622686122
166579014
548746119
427179435
412819459
149839913
892225755
728836511
31799713
576466138
726450301
650470213
256818355
639589721
784339141
287896744
371820585
290653848
596280920
744759841
918255415
211255215
521757029
285299406
261287424
719149384
697953760
103666928
650928842
928258114
725312258
319839535
331722799
706016186
15684809
609796285
563337370
829445567
10903174
662613112
681987586
42554739
825971635
688014133
735854373
55969803
491474239
269150941
741787712
840964958
927314137
53335211
371094762
234274934
859811920
820343693
52824544
411038277
587665412
374188561
658276648
750117547
826926069
19725314
613705036
137030189
701620047
68255078
985126858
854535830
388184567
564530920
2286209
902475805
931440695
255162769
381503894
390657071
876686550
734910411
418462828
240441723
763309516
730995202
222027417
661929249
755581159
175911100
45523424
683055166
266463988
749356336
309525449
646553506
807909244
270592413
157728685
461046154
797167415
582544593
942660309
529114853
436855587
764475812
12833079
896562601
272000824
453002307
925349722
539678931
379763009
522680161
679038294
96004399
761144302
150988650
415296161
725578344
561135910
667823606
316300573
669768806
351633855
854574
826058602
889877064
722625818
748735934
34255854
642659215
913431412
620133424
134220878
91629986
714494841
811461906
655979277
743425839
182398800
750080227
874964340
837031668
123970881
458666662
997262435
586615831
624443267
651883947
298737882
89730596
69425131
538965613
691268455
884964467
57841476
283636485
945864232
995511747
904698442
942864809
351515528
232636201
846672252
627704494
761099076
4925250
188922683
825386294
924505564
886538011
925731039
200555221
140971834
697380255
766796105
272031531
550764734
630408975
417144133
716727702
108980927
337341057
366609396
807587579
279533108
883903208
721691665
142376325
808291219
11297109
930289520
936349173
771138658
938683189
813157576
104863164
99384845
396549422
491767609
845799032
567169810
7234844
485858647
692659538
664408880
33254115
838159756
248105042
3254007
841089569
208910805
862343660
515506283
11008857
592625512
994013553
716940314
30952594
521191896
880859198
432336748
521766578
591255549
241637826
44114890
97080554
447924982
910865436
389160167
67804917
710215538
52243183
680859971
158378609
151664192
303671983
929673617
51265814
385536406
190623709
817271712
795563288
170363780
580072739
77700296
654678371
651418073
805160055
529295137
200392946
431234065
188814085
581166234
164701118
643733749
453562608
374554494
920523635
541715539
359321571
31954516
634288563
837134893
910369947
311130068
800714631
28673632
147083722
930287763
298010936
7823525
847733285
534266179
154859173
190962895
596022729
678104025
671756957
11644888
938525047
511884525
779758581
372381683
619722226
675877117
408262430
711066780
482224097
145758142
877562703
461024744
20921556
813068374
943719655
722839974
203642366
538028979
872655578
656350858
408724416
939964224
936866065
53845360
67104551
884906192
925985439
546424930
214391823
344965675
381204457
486853029
18235111
485013595
31736523
767866944
363207789
425740803
387536411
834035611
281844671
623314769
204628818
91130977
401726699
376063337
412167617
120199355
19425028
308783862
461364477
187198028
762152297
794319508
385356485
144818974
869453394
64811742
481404737
614535758
601354604
702267299
627718698
879193741
197498821
39463402
630464155
762529746
192175635
976252976
640079130
140823539
452168495
3034247
451971836
154259060
759811998
888397355
336140482
825901318
826852482
364951379
42484051
537407087
758171564
967933968
523532612
844794173
526885955
399925506
296322258
1291269
406615408
271865512
576940870
652422499
980840140
926109938
163421557
25602905
681103070
188067857
546268897
176755829
320247840
770519732
388664085
485073024
653615582
591118784
571689865
515059875
420646168
472620471
147351821
148112878
163898538
734453150
378593957
857693009
68752919
209176651
670457735
456877849
286427573
342408535
327591231
152141150
244804425
100607674
921840694
757838020
551025335
354537099
181480797
922943458
510292434
517562567
693397194
325207448
378223291
855143117
287781055
854251166
704318155
952915538
113252468
611063407
174607373
458974739
690240484
968506129
929668093
640688556
360106816
895631049
838972642
840901771
59263275
430823598
705836642
317691147
586397227
674385333
627172853
574033532
204838665
826687415
128879348
449704573
609962502
775393003
860963449
82583713
727549362
990257975
818176034
636479660
428923141
884358282
64276651
417550664
720793890
365858532
511078083
752655767
532238502
226872369
569653647
317383169
250128969
441978453
674463357
648241014
434464121
741736049
90908788
618328779
276775471
580740360
639475989
301541983
131050057
157443210
552873475
279906905
420369547
753058721
643464373
664141074
520919507
726675503
670988452
401978185
643250501
510862509
370272442
858276440
443451711
537380782
32949859
791966026
203245821
737707868
991291946
375772875
731915166
513772472
258502305
524445993
370880209
313267671
666798913
43193826
210701977
638148370
125080516
657945439
477608102
621593462
64332846
291108547
745627105
807397230
990648438
521781908
134040091
433476280
989386617
553955337
401758044
264764683
910441130
747124570
241506061
980907031
79034378
215879997
816536961
109008052
512152401
598876938
211490618
461227064
476761234
464952830
96267407
262227656
542820290
251953401
20178132
670965779
825395019
84905100
951504878
367430514
55187550
549877363
545751750
289812095
825907330
174700062
849579376
45869624
100792935
270270759
218321918
559216215
170051455
334054571
870859176
954069580
797099388
700796946
545408016
556718935
488237607
583475593
79258138
442405617
971087512
666371298
225334608
614253214
732147959
205715597
516119341
630414580
601249690
973169741
365092792
585833676
595979017
482151248
65924984
445927099
964884485
921767387
609694618
678929781
424396373
335317489
486649147
79742541
704270409
672554020
45191217
681007875
812641562
550908143
550689218
356573129
355623363
118371518
144164810
874241007
921875614
415360841
774639587
253682915
691025664
974610087
858567250
379313450
795549724
462191734
313687154
247344229
465956026
923778768
796541856
117811584
756042987
991116562
642332450
449716735
563305873
613626353
14245591
943320064
135488821
177631734
870674265
379383043
267696758
903553496
195261119
335730838
684121669
744932942
39900098
839518446
152361737
725000485
699216872
483470095
359300643
821774463
387009805
75580564
767771961
710161121
981975208
342171719
900781662
979291615
966411818
414843686
293391255
714829643
952212532
195911649
421547128
24329932
607057406
136803229
242607411
586490288
330384335
375234589
474062113
609792881
55602395
610038284
568179455
527565365
879459253
684995074
426158753
775611433
258369495
236460002
570868123
827512705
285813616
5947557
563888575
618770817
702986048
623280890
509041516
652154285
78086076
403910870
696093059
510104442
569968280
806054090
562036887
257037918
700857115
689328039
317474745
595478960
583322208
913594493
257026402
911411406
101227466
537311584
349219605
293052772
312698944
133096121
642543083
904462060
389171902
412989789
383681597
957378124
273205864
209762488
893576814
726951058
289676501
390261051
377556540
250591988
122350910
14495333
626001930
913507568
210312797
937119795
665065165
779786287
758319984
400534184
269774317
294694210
326411668
817001503
737137193
456907447
995988951
691417100
81318533
963302745
824420892
397361376
4150759
491044031
476916282
436240411
973661318
399609118
26341966
567853176
688293893
127432064
495556683
182301860
782074371
556547050
756493961
444093007
412955140
254534861
617151261
970927953
283447012
792529703
736131605
752984315
995850339
414919769
398527988
919508600
219398138
709442377
357217251
224598241
5339931
592635689
25787321
794139146
671629268
131111666
335712056
782257412
556000151
519274974
462297403
789375149
244121295
516812805
155402024
188885088
193897412
259283801
957844072
519763938
937001151
701682304
372940436
297077657
393183161
323922588
264270556
817402263
581558020
140529398
920853193
125848748
500170331
705907354
219120034
356179411
428828549
241009391
809949021
261701262
323462569
815076141
453669613
677298794
229995929
269667541
163787514
465566394
57367736
678875410
587641785
792606165
825626660
219894207
691109553
702776120
20391683
271303754
676477026
487938780
603296543
185941758
474671478
305530168
82961758
216061716
622018219
59470138
412923880
668853847
572370906
497958249
961920610
71875882
124374721
939418755
261682492
836802104
867315981
236463867
987551124
719594295
778199493
304429834
513242042
992630968
148727529
931880364
682073484
154486719
629717234
181321593
537756021
607633570
530038269
816020901
566913937
145068813
8182593
489669474
477865346
349129951
669227629
96234728
571462084
667329104
219375652
184840928
599146728
815483558
669839940
268544305
566190944
331535554
973361836
401009682
156052212
883942039
946067606
98706465
944025149
49673268
849845391
739969525
757826674
470580216
873803644
874079104
32449413
882810785
919914571
913555688
795020724
810868327
525340165
556282164
985808700
87553665
243342818
394968342
946810678
647595179
37197958
680668273
773493540
394893128
559201108
564951984
677109609
844459726
93652871
308112126
160610056
175249384
481293902
936188217
36855303
127627296
512347424
675176681
424747710
783620934
880785400
459490870
572027093
174851178
558679413
247485009
483438176
571575390
274246556
865338057
594884095
95585213
524944361
458107258
750049549
839279719
767607044
918693736
320377583
234027737
9847732
136653719
798039156
314404054
686182326
976197680
110238518
677474642
450599445
323925598
610172290
772356466
175828595
194430023
497405479
427357442
559798282
85187159
270524899
422723969
191271090
797072271
244454650
373726120
477533695
717160907
947051725
211860092
986745160
166566223
81654994
999896820
314445484
883547406
274080995
97390439
144181733
159231907
356412448
572308507
780195503
793830446
360182855
600602224
534947665
533838281
582249155
629425461
186714708
298357687
482552263
911202961
521239076
862544514
902933538
230649704
783288806
413791348
263955368
683405253
213748981
621874229
215653551
555904052
765714216
183471269
147792000
419711059
408500660
320617295
581715299
867816923
311556408
770210251
649508481
759649597
254530392
301510737
81381017
6405893
644190143
482277616
241057204
613656770
526600562
215559313
167903892
58368804
952265646
765849561
597540760
163774172
925659714
902399567
962205901
327983599
459524463
610217124
858004275
968617914
452935376
90371209
173910172
254557353
239421415
2732940
216274605
402872440
547937537
457598738
742180184
962463998
637506225
896612449
888023276
549428737
760696585
501589251
543558657
268600010
557487401
304533663
373918799
124688282
753087271
664295163
748967173
47188971
525529063
423368300
507516818
456828731
151824202
607484936
528223006
361362216
753664426
419181631
769933299
138356623
19044479
488914780
85425267
781613042
105865567
728487696
698834564
535308883
621783627
712164976
651544622
128141906
730275793
957874647
134516715
915756855
926219713
362750336
894210018
252545653
406950975
144292131
271778997
201726765
903381612
127193777
821754863
924109755
703060776
61914098
653239195
279116493
385418937
714241997
682442655
630840012
819565465
683178555
942689005
892515426
523429392
495707557
404705883
44450222
233192046
322497239
396322673
468124656
333552530
68936726
161553477
428159452
459836694
24573763
184935447
300720069
173430393
847655769
172296062
37466941
33998237
373785675
391561164
945614205
163883830
717787289
380021688
454020562
103271673
762765129
938008492
289377831
335278254
205649626
437857990
819089099
36479619
278178594
430350903
867330762
806529515
909198176
629765821
556075990
70075241
667646449
145377726
939527039
111533253
649695366
789858905
285705735
322028238
748896145
818867401
105766508
695080749
525497240
798052472
187236158
653393093
910986742
170539724
477189025
703972867
225422105
330075447
541741360
791867008
820340311
24081015
148491223
271907371
858214962
304799966
57058408
940188044
808823779
979742230
446559847
813013420
13841683
409075305
706098555
173031602
170211689
500818709
47692132
133882608
662879165
38085513
971188082
254599561
946177209
553696100
639682272
537757512
129227916
767217696
340571048
812716466
414919297
176120693
116860533
423719392
531084778
713677251
355610105
296975267
316508073
963876997
544048946
109066807
389674707
788014854
717458471
307858124
514933247
786255610
11393130
739594103
740308373
185795324
381964432
814474651
131764061
416866870
385885925
653299453
360394711
446266470
292890255
659874158
821074762
683580162
77907156
70954213
134412814
577359412
742977047
436261424
956993654
449699895
47712357
874005051
662936671
423678008
568966324
962347196
309149322
699427797
225622451
871700744
876759012
821288725
303819123
686610723
463232434
629447095
183379336
597808552
994639101
266236724
769214155
778413693
193582656
511370818
388439897
962221046
453618874
263219302
163656512
643438179
275065428
5692104
94147715
83215628
983164099
809663475
75529088
310723663
328319054
1652451
409427301
716839604
806579710
942497804
765529781
286555748
442431287
21171875
467723222
690091387
941879971
332903344
310570111
412190103
121278091
70251338
346671544
512677733
788907525
740053532
366875743
871032012
696331395
736253142
378690949
253692559
716342457
914333545
542555340
788596782
590722353
665971954
72121971
711551692
92578610
264488262
812434844
196142627
429816074
374981100
449457356
221923434
648962274
384362877
11133113
719455110
294797129
369868969
579254691
31201843
473450840
718830180
275209919
460892477
263547925
641819155
730231554
410933197
875795868
58910888
926978082
461074299
57472470
184985983
878763839
933851854
987264128
10823591
829907777
666033198
617672120
869157699
622470381
928535710
582680312
139612748
481439360
221763271
662114403
96911267
23670696
399147195
667159899
382628629
829489604
598568558
529577527
846238962
898046909
792627801
821030806
487133021
814899909
476594662
727877418
277225516
979199195
166145787
603106697
266413205
991146148
425956102
513991727
587056764
45632171
673423436
741700535
949517551
705191852
625350430
984622761
295634626
691489777
484970711
263874964
651614076
521898522
504113386
74101576
976213505
718000968
883753963
569190464
596271332
513319766
897813100
963676197
853787011
93904178
533073911
849396206
16149876
750397076
189733366
552642729
907895704
483447052
376573794
976919764
698979184
858571004
855227225
76147728
193037717
887847800
954569365
229040039
326165426
875272751
404364282
522635946
400676720
395010421
197576450
640112197
739871170
709181624
949137883
584646475
759400574
919978339
136767141
657320640
897157402
427571003
565323370
573622315
820475156
624071517
173726093
827178109
242554357
562372791
737985601
391775922
785441440
376105549
516017179
888174116
283738976
741991249
388666231
953735198
240297363
898843921
116491891
152170215
828247015
668967774
920195884
84193174
755345210
202819584
541060366
202045215
762005667
156414457
912573888
886423461
770360205
344852622
70356393
608207295
528524001
500587828
423614938
874679159
486407031
361184593
950547498
986478411
94591414
27674075
255536697
145507776
707259739
498853483
578268976
319912361
318587605
709836291
217801585
709240975
495474528
599116067
121836327
197171507
626984213
61443934
18902335
241464645
101634722
59020357
961511276
685217805
767118749
532061873
551606352
489545498
114629541
724501340
250292909
686471672
898941667
111325934
70870300
584913613
894958509
153583527
159110321
505922527
32908014
199810645
854811949
100987895
835317572
799371098
800741075
568077902
44102143
491214747
517816075
920600427
261970081
617408772
585830790
999870786
763507335
637789553
713581925
271955866
22222572
153343329
315050931
394173251
114793641
481097648
468743153
905656524
702603585
253191453
358368333
721225057
527657228
649260023
658649550
625974481
188708476
655572439
166031120
673568734
624748421
683696059
173044684
867805505
573670850
721132932
103826377
683156659
447622080
561715464
440812065
496118407
411197057
141335531
384455112
86765564
873029113
846842813
415861890
655218524
831217281
455151272
414851514
683136399
835750408
47381869
146528323
184129154
566628451
200329264
53391357
110690686
752769353
658191658
785813492
767506197
717230992
908097309
361875165
874377425
438873529
899956742
810616932
543165080
669275091
17568838
942754107
167252204
129793054
946877988
762587765
230990858
485797423
528629022
234880236
420007563
511013913
662854372
464993586
939180790
901277823
790978536
480143627
840465737
403210867
173690917
305374300
818685569
692728297
38614693
862925576
456015543
86689270
589914318
671350630
913776641
269015516
260985528
745035654
280734991
29361189
556055187
884447941
106226391
714077659
349774138
180907974
166506391
140170774
988356250
818374898
911952529
500660772
335244895
501116312
867984273
867073171
620581393
142044454
117208800
483482426
902939141
733966886
321882906
855344979
348768298
777932913
508666547
250660249
813611564
784034173
593439771
943634190
259163926
604854505
107155909
602611719
454539528
356598848
335990106
9511013
816824157
845710377
717264836
927283271
738595567
544497569
337370624
555591400
362889899
448108097
310272360
193469744
199093636
799508796
176888247
811623533
817983988
267043157
779714114
470553178
927698584
385311917
264995388
321097905
10435443
270044830
288056645
941128423
619922525
743898972
604146072
273424531
682364928
664930168
822187548
951384871
515648920
167488568
333346120
401380617
912961152
955877108
343468448
315690723
476915899
42199339
588199737
156450187
87849286
746219821
192260572
896745263
122382821
981295184
537339309
632848955
513608315
789382334
458581329
407548702
847548290
233198081
919998005
868257183
767509331
544485027
766767031
678624160
655715698
397529990
796063658
878925477
425711688
325308145
214239651
656060873
399029985
927295385
122240015
828854812
716872710
662639594
442341530
894884186
322061671
75723693
166071830
201998556
712984288
921328062
997028987
131374470
759665966
487128763
413006731
377898008
547727748
440887810
261022090
114880136
591762739
917539887
742706253
604602816
995049124
582925572
374691344
470936303
172560419
908877387
66401337
548429681
285280790
857559436
442813364
244966179
133318350
553361552
567680908
554320494
62532763
592880015
580445191
84969489
194437390
899092165
734832546
67351452
161271614
991753769
952825785
931403054
569312200
736851740
903527283
217745814
506598564
852751594
14451904
257368646
290385245
560870464
20138690
278599141
838070683
430774260
581382016
248471738
376270997
491879301
651658919
496407912
537443818
557460787
519535661
489477437
703405317
158895476
83581291
359502602
563955037
92785293
734184879
54251971
920782972
47554569
927472329
479143164
938584363
640217291
561208962
352575135
700429352
232301172
707764851
189101181
688288806
450141882
695881814
576604472
758688446
480041300
653206014
418274230
774488484
78689191
920187452
772431157
432550111
10376828
256754697
663757833
984172931
634871306
595272665
393107746
518536573
76654975
364888002
711919722
864766841
608895737
927828178
220316654
238258933
774807929
296274980
239499931
529694430
32840244
456422004
202108384
294536001
158304012
806646015
630925978
557393561
230390118
789001884
975600748
653246262
112590117
842344932
621119386
266058966
794645917
774328094
925631634
980529260
727754503
788661299
414267580
343180432
445841131
588711427
346366766
388760770
674789703
836379490
436862959
27886329
197184656
447441318
538259570
953318710
486778004
309976698
105808840
741042636
276035491
369014641
958733700
979101134
873408521
762534555
153614893
786632933
229322194
398294734
821156343
32255088
479357102
937810985
737590145
199438573
627533557
355570551
411974540
675027584
426171782
213185807
246076120
569017658
26423730
781088175
104499472
340729952
859851165
49206298
421611991
332095704
46478985
676662114
227953158
519195003
226306842
361493399
849273269
243651283
735327398
675248828
46479776
189892227
817171808
740745667
891446047
804625355
297936076
619879835
693803096
843789190
279446193
147113914
438867982
609836545
507330308
447454278
181380658
485128961
916685397
650246424
102122106
168973621
798066650
829824125
463267150
669940008
252560379
10645219
459353665
124461573
184954703
973126903
246996785
64774401
116278760
930601788
108312578
717003984
775198354
257947848
320095261
190212313
318265336
12990611
178423866
982399816
476186382
579329347
630730790
567671082
987826923
161389092
767760760
279214817
879272609
582005831
277680681
256793020
874503616
268102715
133371876
164670279
993729807
461692182
705735447
381955440
161568492
344865787
796944463
559168441
267548097
957696096
642437605
393076728
182811945
181069763
498335171
648993840
912693931
259018352
79004608
101126067
929603724
817384427
159331749
233824360
330909259
275564141
34344925
813270858
312913809
31803723
63928347
748530514
366311075
240061757
602677630
212127098
201196268
296102326
453528630
46703404
515173543
442565374
481994784
725025250
832474261
365519949
481138333
94530762
870834649
458089596
856223648
626473304
774983863
836253895
688303353
982233023
210278025
624646873
475002847
743067125
6278928
162315695
124150031
254443985
905436013
320554130
96700945
596441470
364240937
282103961
149028389
357935185
739633876
679296919
773693633
915280826
130005320
285658867
436140413
47692655
229108108
853523689
461968869
343393460
468110485
269780443
503893215
746330333
786836451
770589914
797919907
812574333
748248759
478672378
284833079
354772331
684717854
276399411
298174051
948567965
428540311
816857262
644398788
393450062
939973661
951231097
130583025
696947771
958941225
982656983
270887349
963438421
443103891
134613590
922347511
112379842
623412687
869731692
329042168
633602233
261707227
42943285
633379995
95420192
734347502
648975794
81877247
356096116
669721447
874323909
310421891
135561697
61025270
772886172
616494614
129977517
857767969
325148381
98835302
896012947
748441272
682766663
512273214
219415731
94382343
811899651
834410762
235274745
506164380
90969231
679681882
253182877
669368135
166829976
247224289
109972748
398959551
8571718
66056200
240163748
773144668
384428332
358436459
20169011
449093137
981098700
559022145
289309202
217606997
399293176
747628457
74112315
353920464
586649008
713973730
189038518
471726481
848131321
691060687
468592173
664320423
576799242
890140871
783820512
235993757
241783125
972862313
775602588
144351205
514098112
663195722
269962966
348491560
784763615
726838988
200619092
235761943
815141044
795481336
608660208
953212530
835000132
304005369
826095821
967128174
321729616
398907524
236296576
109910026
259065979
841795054
798836987
977522905
670583076
360270139
667587833
608400562
88213114
872575769
318238932
212648274
799098423
776594381
434213447
131045860
812518503
714938782
67119649
14155122
104399238
351908567
173020874
314738009
279771648
358341132
481085696
172700051
833859386
505896933
499325581
828613091
137336977
728952508
493544556
839762562
929977073
894097228
522407141
542700039
591477593
569299976
150551586
408069813
551465812
787807260
105963618
531540289
883987621
317806660
304664605
320808868
411419396
180601449
994005795
308800932
445042379
127731934
288152148
718431251
804895168
196592216
163252870
478447710
819453733
273665543
197918833
5031434
627564438
645800378
190710590
110526281
868928346
782870181
43237548
211612179
48438423
33570685
452626461
961376435
161729785
624322652
100412946
299863031
713926816
832253749
831733686
194827854
682991055
318826226
889844477
439817800
158038624
997509057
102856391
514679610
931818653
161433627
555605629
145071332
937460707
659780165
396049339
277060539
382704554
53005737
11296671
507685791
331503509
140650933
619522005
142572818
618610736
374628314
410238059
25210050
798438104
293395785
930878251
682471851
75021336
783287954
265160889
87181996
100857699
258138511
58905871
267661941
253036213
825487995
990862332
551782192
883103846
456065593
906251118
640294548
275725638
137051308
972296274
470331719
977433635
862639494
805905502
426859708
605161990
694495435
472847107
18919927
488381369
611859376
130132943
404538274
783970801
218024806
60260139
897035951
378280650
845581719
885473650
141113346
291750516
82771924
423463781
295732721
883047991
751629749
715650094
950606992
170658330
376726317
31950057
210234128
35159807
50553761
765085558
317479261
567179402
223050000
665896397
567723092
258174808
755127375
866814234
912883171
757178610
670489650
182526098
793823506
42880780
214143279
378676406
43837458
205252233
685035353
890713910
305422675
227858485
7846888
804004383
24028858
415364729
217081125
145714509
720445652
654863026
138210200
815077331
98573660
873430084
55081980
796241390
984254295
896121587
558825931
453825368
482290164
161313454
782204781
143243917
168721596
88557623
891772031
277256253
598869343
900921420
334544192
85294019
728287271
702986306
191230822
443839169
200067543
345295881
507026510
947753425
135920139
5032593
174192092
534175379
992810498
995766525
159965667
619764676
560056160
786340416
659076849
678749233
955193447
349656732
613882710
242359056
822788078
893286010
984424986
152938733
90926374
173521228
317908687
212926674
383006324
350546021
293499390
903944850
229780531
966729460
707288016
614251932
905410624
806130303
674923597
122258934
892249282
376927130
918821035
8896710
514528017
290575923
45215800
532311191
20330878
449612491
398735771
667846636
53990509
949726159
102202627
963053009
531165885
128205476
655280749
647785379
739519728
628398742
162622242
489142055
773382072
990657393
454291632
623105239
298251534
218307373
926242507
750288413
939468765
100786729
265420320
437988352
707961706
618119082
434448437
367260621
489380474
793094434
449841114
226447967
463871107
621241707
741262281
931927683
227252238
388897038
631951719
523110005
210983064
39516588
79062719
899693873
785229811
350190584
20316499
161578692
706367539
276760913
925703979
160794119
206353771
693940854
349905401
505299902
694121165
59679527
661455446
139089090
482252301
994715775
547463740
210921097
472722525
508306821
429570074
440036338
821178593
705403525
55232157
450386692
698786121
989962818
78313936
73499337
371811834
367050533
824989183
31724533
969414379
518378936
569343249
993945943
348553822
638955481
795921319
958985535
890163461
677718769
186148861
10077155
429718445
703591168
480497287
94625071
487213430
433216770
945362046
733273483
840311547
463016085
21014451
370533750
917547828
189344565
438327275
548382896
420793367
313771068
608126005
91654823
248289095
445502606
822748501
109612568
578829048
835114143
61699237
906983836
429642936
528782985
320873634
489573610
26596653
532980843
888840073
353555642
952414741
461324827
1730036
78383593
761308929
135893935
281805780
214552316
108387578
937613241
966735514
847156536
701166668
208717531
767950629
411065351
907463882
116549788
164943692
828113442
564672722
898296496
190474864
268516923
77490895
163337733
383915749
259804349
411785069
752812198
602445128
155552267
531064101
78119192
86645630
580320038
515023509
781370683
416705605
391731608
135468607
40256086
313871606
409627236
58698089
635020368
500832194
3084715
452824209
370126045
260682913
816755239
858708879
25196361
936852833
619897124
358245419
882905854
977353658
104670731
698730049
398390889
513940507
638346997
607070686
500976896
359653959
622524924
747870158
186673487
637236883
679786978
284544242
885299070
571636412
772560988
254762579
830106528
158057189
812980516
969862802
317431159
157352326
278467746
608384311
951286074
904795921
415011618
634259127
603687081
440960488
300509689
838615778
162562586
892148939
34703764
716864759
607153541
232338915
745201593
302473373
711915060
731049580
550727715
529414442
768376969
334052093
222786377
662371168
367812475
188947738
133941369
241905024
11466849
708399478
296122959
788513288
500510428
637870279
591039397
797715569
812777860
67323442
457692802
398438700
405659842
438443725
885267954
775319687
497719838
801777984
693904030
602839960
116741551
741270009
56975677
995751839
651879768
740610429
114724060
404875074
901583763
539827441
42419212
356015663
507612334
264407637
689291997
369831927
271669249
165645315
804501741
349392425
457093642
876052947
39484800
332767313
366838400
215643229
164543282
671082122
716713834
945517259
615304984
654502291
790681546
410964934
614478036
275150765
366067678
878028203
638073178
297324692
15613280
700932604
105336167
51831861
736805132
451046194
839360922
862361079
517182666
519391897
110568462
122860092
538704327
855491281
907600769
370101616
743047692
750783469
37198024
294046091
481241935
853493063
521768506
158469992
834722570
451598250
66584539
275434262
84210188
629621726
891511217
684383607
238289577
23434619
162253974
368326642
999784066
233440756
183655593
167564324
786982760
481239994
972041598
21887376
320063448
733770396
250870173
875766373
410266902
624305852
613204817
274181081
86608045
237361682
631158292
928013971
845337577
362364
681901153
333697553
349627685
53031456
807096557
226131635
154106334
641609139
109580238
473870300
92650506
506812617
950451058
524832966
157774338
964664151
443407310
991127351
440781042
888603483
279571197
143022529
175130809
90261054
525467495
417073724
626881212
359403086
517581680
277413619
319176652
350200156
54936511
604113146
284733156
615150261
16006479
798221255
110205739
374707533
765661965
762916111
580227578
601607951
80635499
908956099
754515178
167875357
335877927
42652060
392629740
402377544
542472721
114189252
901458213
594842398
48512699
432113489
378255434
185063376
274793971
833247285
29080374
606736780
574679101
44302680
217007867
247539250
563493270
640783535
138725106
626527305
82794636
969366286
965027544
463106247
314307095
36193852
378928599
912540818
387984764
949551998
601285211
543166471
749155906
226278122
168997623
853053682
825764841
931262159
197142775
979605866
426385912
977075874
787059501
316562645
25286223
299919751
388194170
454748958
559555885
866315270
72404463
161851356
139118517
591837694
781995370
782091309
913176539
833757496
16170644
85957832
879959870
372064550
52646484
735640373
326127209
490276721
213034748
278494373
937400598
354596686
106580449
338179253
680907782
947542357
379257064
468018133
751888777
241297659
930731606
239258668
96638226
396515016
50268501
501637796
543388200
378873449
444593260
970067006
871446756
802929999
770226330
173985266
166454946
115867325
365886111
723015166
214837093
897615166
902739097
880155324
629899018
388071103
26711305
773998580
819012630
118597942
799489631
819905982
127788005
895371554
876214615
396150649
617911080
742364613
256205614
798287004
194858207
286586578
8866817
672883675
247963211
298727618
479473451
461575039
179696968
760978640
720220417
1505342
514831756
955570890
716405380
389405103
495414808
691008940
186335864
803204620
7060049
643117332
661451865
222487104
154085908
238854790
728531165
307488410
875946468
486447981
643448454
842803870
527877735
974292554
580117271
794148200
131376398
857654295
963153349
738680293
196651075
61754905
973670772
947640332
452647659
628172375
870086131
190620551
434690022
571524304
23488319
418125673
340664827
781762680
554904893
322252873
667293683
228124632
109475286
627378511
598509574
580526556
32446681
953029089
495637661
66488927
468497469
1583336
724437964
806429121
610637832
881912235
523032125
510190170
858731704
956426923
221471898
553021216
413641113
362956215
599061879
674004187
630192203
297726717
900549598
127496388
617295906
389615266
832837545
211356874
83847704
116441879
884353574
369036595
568302412
987277023
600299445
948859915
804715516
994799088
467046468
458463758
505986998
97075338
204368785
24330571
766919312
706446873
503806597
679011038
579665209
855465062
862928823
234831193
693615528
337800404
550820021
692764047
392931562
784779733
849845201
749377091
886132190
3707335
656647060
216039566
375532279
921040053
106332607
783473417
283929307
551649096
728033266
296070449
182624644
690046053
502082638
794944361
50437502
865978846
260992153
960070528
926440772
423556534
601922603
96786592
242159355
463071678
441459806
226839660
541477723
2163826
263963137
996380218
110630875
636948095
408472747
842248292
10783377
294863144
405292813
819003883
880832425
529081722
147385594
412210031
798899563
309178455
761980888
486020672
560759520
701853220
724662138
116093570
721007882
330919777
152012039
555936799
55347623
554974984
651735542
453596889
454006666
515172098
19782046
370819762
284900632
13389282
796416293
726240794
848766337
565737415
404685053
933038545
838164809
229635380
575040715
449294715
829697639
399727541
684362700
320899759
527101099
540476067
81041481
207540278
24941020
913358753
649303645
548555336
457715182
161109330
731225487
23978102
637371562
149649441
413230178
831400359
471859838
21493720
983983773
512529399
215920073
449463436
249450856
988394809
534073368
173555918
307780945
500651323
317639750
198018189
974629818
840086555
353229021
525695891
164494627
137170768
935988053
21864338
481333672
245484471
252197656
46224138
746926838
711634327
108009778
99180314
382004211
644241841
882291766
592242536
473307991
165189234
178924615
327551402
723941573
295094761
307456749
575357139
309237571
294104257
578054205
535243057
431153492
669683923
893299790
681049604
370133447
712843983
919827447
990524822
171507964
986730526
979586918
574406386
283045441
493159411
33044009
973583586
713529408
208685638
557891506
478055093
167808709
82956369
730944233
553205970
446233549
217250237
97120677
197038212
278211219
178751011
409073085
23500688
772926245
340966863
97175896
890934938
177204381
731333809
401611427
744435246
701097662
140798441
473920720
71211267
846902089
823636912
659761752
520338277
941304910
957159479
613819297
138232511
504015948
188660895
325540078
896770461
773748989
130851296
15797879
750007457
948916397
885002634
201710464
475521725
407080522
153340192
800092003
159522570
114466375
106771467
362977656
396379278
285795535
904405267
71396260
693639342
842913861
7481193
188587838
591319185
759641342
437831854
773414488
618608921
743997186
627340514
943340646
445454687
224991634
938764875
342724385
721607919
138976053
613840643
719474320
820168191
649800055
194912139
283208218
85981373
157683557
805195628
251461627
767556933
928267411
71946079
41763530
959507228
33149960
215534462
939305641
75413242
642755386
501540214
638579680
546807866
272435733
347543907
396559940
726639763
506002568
41904190
743261235
313241817
125678983
888780660
622524792
584792685
203009999
913200454
163182222
499782631
998391822
316687087
642167828
387634113
278858467
524568956
399871323
998128386
627233252
184885171
983901770
560401584
692162760
198348971
156614273
24387020
473777854
848861784
504931808
434741469
321524376
674891396
515090632
120000481
149638821
532168225
82129639
861087220
161005185
684705887
926618548
882944514
184325267
77124184
675914508
205761329
378843687
951791930
65405962
280212834
374391765
18410452
46277932
33602810
327131166
998379359
396770976
813129015
284562398
241555470
852948476
761550015
625244831
611147180
657177712
30188877
55512200
491752956
993889176
586608452
23590221
537635550
742179973
302082810
157626029
99120916
678498988
303947836
728098752
700419955
200986614
766555509
885312634
415273702
213927174
543388100
516601115
560223961
693352376
100561380
316825568
244422731
223809670
73496024
64034840
575966021
796862601
19329487
339565754
45689663
646960959
849951793
270120722
517024348
467250599
849917239
411284202
261614955
661010050
113490149
550453903
111003316
879690895
403906703
458542397
994575033
589903551
860359110
139029626
468276956
767043860
137411008
829974624
598955934
659235297
942605971
365763815
703270736
297180763
478994057
225583492
323730138
491874111
116882370
745819697
39399669
483324089
318007632
118005043
718130975
325414395
932138372
564531722
762668084
958479801
562694040
60421577
408187292
628133024
57796843
89125271
433918514
972940645
9595397
270687061
838660795
675518871
94623374
922967065
539340644
947562586
191078928
510720121
998703986
475362896
581652038
2248138
731963753
756633201
449166840
149998744
725143374
542002005
430180250
229068475
65696022
581094482
611641943
909749479
875507200
939310598
352971805
495273190
858676655
994762014
338806670
709175711
107441393
79869665
838185531
303020109
393004368
871370314
754526002
873513385
413200532
167455743
407722402
602929143
701014096
400630519
547174467
320810159
807923754
346440218
574547270
932688515
662927331
583791591
663504800
687714267
192448061
363406032
538290588
238738787
161967588
148347482
952717999
153172325
159967020
151728696
633473559
408584160
830012544
970535257
4973964
249628561
235375484
750586445
424989671
860939380
342807900
311019525
339072792
763212531
971170950
984153743
571199354
267855265
920059948
655734055
626546680
258904807
994366589
455187594
124414340
303144330
780521835
348083359
108225353
443960394
262461650
932686931
588822745
485431228
132570772
697583552
107820574
169476236
827136045
954002142
309904100
7007264
118866501
902398472
287641666
825959089
567051246
799383145
893657621
601408864
35968164
69577556
25798312
416068462
919646098
303167642
121778692
359388672
770801201
915997389
774756601
474748513
73264406
995506221
981725895
561367592
236481671
943840226
28497138
203910552
946951727
242150111
173392803
524244803
147744510
58487842
430299399
703656560
418029402
964871288
134282909
774136827
435663241
929289508
997500475
403604944
900964271
336327903
235699018
192329144
475314757
552869752
911867570
835617975
706797816
985832243
473076888
631473125
858373835
87062351
963932960
163043632
456699250
171758954
346879127
473305365
338376715
325100252
353680876
280609947
718768710
967590347
14960523
632262680
641385920
991478700
864146349
534490089
243455256
762948811
956793877
691761477
341299573
444957710
102280819
907183124
730331718
360312838
23877594
603888535
626229529
874741910
54545648
140091553
283644225
618751661
644112632
813109449
78819027
965918483
801905844
567216009
31329929
421521859
120139247
865303584
308368632
495465088
299567998
708311488
275952383
801876052
490512084
240772141
439053472
815137770
515443697
179337442
854563369
311396842
738221108
796621368
717109627
492848430
742627029
70968171
293650708
708054997
86092369
326393509
78973536
317171166
831523873
517338346
864847842
725621882
89940492
223257839
279855946
117206340
788163364
782858160
670129918
550704788
252843436
219598037
203014582
915613834
579971736
643144870
604014749
478716904
522757105
837881040
316529178
447428359
705820898
729650709
319937076
575396994
963563194
851615791
584332347
252586543
990483819
88365978
993935374
472947147
203080736
625104832
768892391
718144621
822570542
210059292
830139942
119973311
312441784
272197760
778585997
99819334
938481760
635644868
144751996
490366395
170558780
770002683
323237317
108458267
883653898
260343662
418440212
74816821
131797605
393687321
630180039
698412650
211651064
691129324
870803444
397602294
857778925
636520474
383272527
9699025
954286749
414462875
925084959
135162247
654243716
421292369
467859399
253255098
449509224
692170953
924901705
452244562
244993
79445912
479561304
654966854
336235053
157290485
125085343
220664162
326290303
244326962
785578781
694382250
980037034
174641377
323553742
850413065
930749616
666236359
845602887
596158096
993374673
640439081
617655320
822342501
710515833
438312168
335754310
696209864
891384821
376907643
446823146
141825853
652899315
830741963
779729694
126824897
160576532
855001240
824904505
353195342
437584157
438431019
18884797
815876809
659486408
543192689
318764830
303700167
120754064
971896573
506288841
535206458
531968277
819264897
186207058
481202942
617596522
645540307
375895587
459358926
921209405
467569636
449512683
705229393
350134191
322287594
405100877
593676624
998838620
73059506
415404891
892233028
423065861
341072284
560753218
404637496
234236106
58883831
863926521
545663648
430263568
297920040
601653028
690855301
433617837
63841392
136889526
335810400
623762218
109211919
302828522
400184104
463786807
435447455
225457532
910658965
102106288
723307429
922141010
68782387
691458634
812153708
314536737
915349219
37008298
81713681
465979528
312840806
925129894
640885387
824994936
594229232
769067047
956516881
120805811
386644096
685939751
762537947
890257500
149857063
350068390
784144824
66977254
181073343
179460982
962729241
37693281
752319530
78834429
436386772
254191815
303455650
319623707
558693288
297737949
657076157
288720659
745055722
447419681
671713480
382638862
497408242
538644969
1850251
609261448
387515601
7758873
503295222
690649933
561812917
197020197
434455344
543849377
690233762
214159675
732903463
366633332
414370090
599893783
532644733
949709422
813414111
945926659
374486406
962551891
60228895
781140809
539973266
41275878
860486434
348087102
65407792
781487405
601593980
619288504
643993476
762721063
431796402
594189419
593662212
491304060
999396959
384883691
2989087
880447571
91463473
343809328
574165032
633561752
293170407
128963445
163002657
604495133
907726962
76986175
900905544
101145841
729786098
414722013
215359275
936953323
77616921
241621488
328118472
750207931
720661858
513730491
254122320
901875910
193843969
719498100
559020892
334510437
688417317
688289441
168379626
655984087
400266846
432897606
642027394
648542916
972211183
142755085
86936798
855584183
774660985
126524619
11100045
737533379
110715941
525635931
526242387
754984053
903506076
624990364
54474786
673114561
127415597
58723049
924861222
856676427
388689986
951544331
543328686
358941283
100293667
739199327
679538073
202084992
500703129
271059676
211885637
824090319
927515384
151245359
497654577
593769269
748937788
856025499
910808978
849582687
681089515
48026902
988252415
754362825
189336503
964121724
285767157
96441845
692242155
727201451
403083784
375327308
796503836
907054434
265285579
171487513
694821780
400780277
664907681
229349003
496834976
776182604
27935684
335074259
471598249
917885218
940533116
446373013
66417475
509202318
578069308
603325721
26251342
127757186
722292482
278686326
713402325
710899983
82094211
529291637
522570174
171546904
35246081
775362134
763130153
710426102
434834751
523785180
606744625
929497005
590530371
933746440
651541861
199722538
909528340
926374865
815581652
965644086
463794032
952288442
986145852
825975032
765720441
925776380
995744312
824782814
425469911
800442470
176525165
225080450
538783056
121162998
99005159
649883716
797816521
618669588
879527970
95752451
707730594
366753371
650593710
516708703
452305881
879596151
965331011
978733755
430812612
516799798
767359439
589738418
710675999
711683615
607504944
992974325
609177254
595368560
120716191
195308276
586769453
249763180
777191192
167403143
729985978
927286228
770094752
822464926
438499217
223722224
556793698
900282585
432554458
732271554
113441033
974658500
478742834
962897089
866884255
935208115
52266634
27681919
824067092
985082727
412175093
45573869
924616928
63548374
78213822
271304520
721342688
374958859
395597413
815162686
948419638
383383979
77867826
278575332
169118196
486589090
988738832
933903397
994641423
93225308
116508074
742799048
492545285
172664626
781531290
322710836
958024774
821445900
451356839
898504319
657261774
4098966
461864563
208106290
227662293
226130732
969466052
195905910
885775361
731818171
233675569
398151597
427895654
664950695
70587347
503293249
16156293
819574692
103350507
402993032
295407608
532327404
890288191
454893144
783901590
84515752
322023099
465262369
149408929
660829137
319012645
742097843
500624829
838344011
76828342
716536116
763720384
265126663
59879083
360484802
543269290
529002820
761104241
600844421
915550237
720885148
150249187
698779684
377472589
575173416
90650926
249563132
324350175
241419314
16007599
670507632
214626002
11543728
151494515
241000936
469025444
663889760
864960963
466324348
637967465
70546468
997929023
28975729
361216950
262615458
301196587
340308435
743482255
987562895
140043149
83187070
190253334
568645131
391141937
946710860
342839066
406848905
113793731
448141817
779450960
131662936
463866521
330766820
470396845
6684284
664933594
616238245
110914326
565206630
878486230
928906032
96779040
365177465
726959663
646630394
423237371
884153120
376684752
377352209
69977381
820485734
147476153
692411719
984878012
423604135
984308696
89494949
730721584
943276246
495023353
502541765
702072812
411764103
170392802
121208543
152254885
694528490
82739634
267040564
30722305
68749570
217130344
641402193
462352897
323191729
448888925
868599827
316060369
749901456
165280088
290291749
359074102
481877182
661075756
260928961
370609960
600308256
195277899
126616542
330780147
162340289
555144215
268374008
370357008
663188415
547553089
905513429
412835125
698059916
78331904
195549723
415375105
830115476
905575685
798159679
738743827
504268129
543550734
672793112
249603919
212252154
938656052
960935579
543631662
141090473
404064112
883225310
805726313
481101680
218487299
224348392
468688312
638541438
708145846
356276153
617843752
879480573
402094327
320643429
316974530
495760700
715812230
866375202
947749332
538316842
77769683
919016637
965329898
196790458
209071439
974724369
320064497
318840547
518636123
155533097
625959719
39289554
544607580
217387386
102785000
8384931
485979672
406939444
742275754
95177780
631101847
473796064
15384252
899183287
676366579
507706215
987231765
102161787
824417564
974017088
312164176
969339998
123345258
329072838
369230854
753819505
386165160
237657942
828206700
922261780
936561049
503921109
679589745
766121380
158875763
21763804
997814404
544273316
744346841
989896806
474325358
720907026
319722558
233810129
783273289
558801983
731564289
556019949
203282918
623374158
211339576
836981063
947093639
340452367
495445831
421252143
459093560
352510072
305285901
343357396
937627340
662244683
603262906
737926719
988480042
126381380
578233484
887466236
520820933
381089196
20597704
264852554
494538515
913102107
223402697
995720522
832145691
735106762
888508994
595382800
805874786
584423170
988369242
812890224
869377474
763696236
737562465
975685158
850663106
376759563
428946826
337634269
557703516
56749860
778836931
245465832
667286759
211817484
291477128
796407489
138132684
209182657
887968982
960333110
299718808
802277252
922624920
913398674
512842001
148333622
418904480
802300419
313171752
749084368
197189554
489894557
801877537
241370676
358546928
445224111
359146503
113215779
747362714
457070304
89911856
849361991
634466310
784438997
43795183
177758776
768100943
921236635
61447625
676403766
329709337
238771987
843417733
329525666
876773172
599691058
835265581
185496455
972952518
907077691
599110999
249870724
191706034
906685549
150762038
312491629
564858487
900084681
394985579
709431842
323101562
780020492
198486159
809674989
354849447
394363590
376714466
682627868
53625689
34504909
655134350
73305191
265516650
775299367
69703157
635243334
875786314
934772406
166615923
505496141
427862378
508145214
711268874
884746460
474277463
522918245
222211547
707784970
134069193
44866310
46778228
726941193
423378447
869935463
599255797
653807637
388998387
374654119
486883825
11455532
206367962
895968810
993054063
118701528
699878290
751741253
896626021
164886782
516668461
164941688
715032447
964437012
364267630
608208833
9245665
538396710
419372394
428867326
948150055
201226324
682284179
984624798
502855262
247337002
106400420
861739820
932323417
175062104
653626077
805535192
924898185
867387549
145313334
936160478
635637173
579588011
949384478
163489302
603002338
367223984
685955993
485894844
351753109
858923481
912195997
683059887
708802430
969048513
59433536
627430440
330135476
791702104
570773709
830894684
872525791
365994474
200916575
557363262
809779916
889056792
344561348
439009673
56589731
949828784
676341173
245471090
581821678
416841221
5760102
187044250
591665741
480717499
852136711
604335081
808987018
135028845
932858315
903536364
932799340
490793904
905441534
178709534
952451306
493192087
385340424
891751634
414449134
110004179
369833298
274367942
295969659
809022554
885831906
592866352
503259468
806552026
97874525
181969568
630642380
470065161
83328484
84808147
993584647
17707436
892816120
143533179
170238658
86639578
93688837
80930663
64172917
674268241
615201221
335528254
939927618
667869864
274182466
602630537
842382141
830285410
255929519
162700737
923191124
496924348
23068492
433842740
712889792
21017951
266887737
954719125
7833913
136126684
953881918
933795859
171217742
827778753
282775842
492532020
727651667
466685601
771459390
133971976
409219676
326809094
745211905
338734470
281293750
776933824
318618159
596069644
751186420
529148080
173381986
647943874
548862105
450947743
717992803
668160885
351436417
790624993
150316277
273792168
672869469
40865202
498242278
959372560
771504096
914755941
775144468
448030076
906817345
250868895
853926896
4125241
594498566
901200608
14275062
204461591
435640932
500607779
55811638
674528256
334665103
944156502
856194615
780916445
614472311
484168613
537704076
274297350
809112130
231026686
211759127
150531564
207997509
929065714
125490954
92657549
866481567
890959276
992936140
736350042
292825234
432388001
793564795
841303292
205288662
982996616
793752985
739079152
299614912
969262415
342097633
31427905
183129330
300172054
821459966
854521003
364354990
553299006
914322829
34170448
311630936
166498675
707495366
268573305
61794983
226269019
678718434
469938282
659195913
947526162
782413679
626855131
835511466
470746779
340434879
659828193
609104857
67962156
316844944
526870580
940857684
674089973
742171365
782068480
605406568
629635395
171860132
36683334
764974521
268168418
599129910
219844551
193752384
27109529
994390845
14108255
442694759
951862852
77663496
960482542
544119352
120953368
815259373
905714442
735065935
490346347
473140897
318215409
281479434
974623103
476376347
695131778
89178334
32522986
366563847
56579407
445473740
919203037
299981176
139891524
366028518
17793854
527256446
618116664
701722753
425434285
169661703
716888779
42465909
241131966
297241544
461421570
894361183
755091890
993273583
684293125
555636586
641647355
399929144
617126438
935393933
820180598
510678372
300747511
963821274
460314142
289823524
408014979
597121217
945930807
830710894
41032587
103585428
482688643
184847120
824849346
75721593
190439513
326593992
285791019
336265505
687759325
56586735
363847722
856320906
492992320
488552859
455919209
805586999
863876315
881604169
538345451
705168869
100386308
111811758
680073627
863003178
498057237
193884106
313994995
495623729
653721365
20325302
94006499
842756194
586171685
52691134
381292362
118966224
872382300
740480216
998105637
828767934
592203838
426096942
982694972
789883406
881319416
640016146
374205691
821629085
547471590
658616151
675828126
596785464
347103535
529558417
908262608
497702148
418747942
386631298
22211868
2476611
814296658
700718246
9706787
801933599
938094134
490652442
709077038
732007787
729690474
687070597
719532170
535975253
902838560
489481431
648897653
681923559
966407767
222108257
848277957
790731808
889801456
842774748
717905957
559493977
429598114
560224733
200020556
691060568
265068092
747837831
910617747
591052138
809955583
83403815
862017342
522580444
351514059
81375796
807638364
444933723
727764467
602515301
556615626
895919283
850880318
985618284
571546686
378618993
71456805
322453202
283345838
962920985
835719808
277110272
32156246
904718371
4460984
29411987
631385429
292634531
695620762
141310167
7844856
424516760
125935999
202710673
874016461
154980355
945974530
506555026
479761696
993250853
789370417
992818031
839500122
516908217
285072876
664717028
540326486
536415233
131345347
851290081
700550794
658891322
836545651
50507012
743451203
249981108
131819070
861576050
271712000
563788441
687668269
487457614
317026445
987578390
911801832
758919817
347292455
294930740
833736404
329944733
808474485
526216461
635174675
617398783
317426923
639043845
306488178
163884753
941988509
60872976
865603231
206233998
487439599
217012353
366334244
152281488
724891950
973510220
951064663
633351601
347375920
746582857
401053401
347755546
176632933
433177186
731704854
761807418
405503055
610293004
467106673
176762160
599788723
70482240
991975715
165366925
138657516
678693701
552325070
594511271
476183282
724616786
623051587
111664954
93905940
333943981
98669965
667746433
915434683
995450924
433402870
620254240
29867222
488178909
57598601
445125192
368067210
762978596
97443382
79238129
531115488
275247923
71960678
785299825
471710876
389311401
695743136
10810188
761373956
993664243
917639368
988975351
556442591
299432469
55627098
285643704
478646760
368297383
295771333
137659121
707081130
529097371
389066247
4566249
887713027
415233156
694572772
227254825
516011660
579840761
24809997
189517244
10240836
137147046
871916225
175928941
401091610
876693923
346200497
384958838
746584136
684255682
67400867
189888527
946951429
488975802
251411033
503465508
297145685
579654240
129894949
808542885
857195420
738320804
123560101
612254003
842862639
868698422
299920690
895371581
634383605
381109497
36535476
236252311
824884839
914016370
305051790
948308481
878216337
471543448
991437655
406171239
438816038
543317599
858136008
415532187
271584579
589085067
994017190
983560623
701974740
106447650
314656328
782152339
591789554
455384288
196296397
862452019
716106671
176824324
696725598
121285854
510262221
650331812
235840615
185221912
632242794
280851298
931410708
128950755
125996639
243786477
125179005
506732224
162265646
266162666
763357872
961292855
290948823
314059215
884202292
871737829
981633757
82855813
340554277
864882248
37828095
788506078
449673461
427359422
499122599
22351664
313785332
842946307
329006208
241599442
262088341
451190232
116499661
462641366
553419360
21000794
618863787
363502644
268682124
729310103
159781574
781040779
766366753
381902367
922282997
692810868
829276127
583355690
124856720
366375096
571654305
164288339
341251167
78679964
563670117
413226901
906904214
977286569
663223915
474595130
673552473
252134153
886107655
675448646
368767478
381989412
158170125
956231231
648224265
824824878
843270276
597242846
577151950
428882275
359093473
307742804
183739281
596810523
120906352
690138041
922239805
414645949
376456138
721837205
572645478
950067762
21715501
101890314
615267002
852775695
781350114
120322033
13906797
256769250
576789807
551695995
696720992
463358598
93747067
654954642
545618274
35302767
492948527
874890763
181717267
439431357
228602170
999644557
928840690
70789752
164908299
242095177
931536436
564986551
991758913
515023680
913839203
894321594
336094315
759016575
242013794
456490603
507206605
928000722
766885681
143019219
572680396
813022851
813513671
155464851
815134412
215833170
597137471
623956213
735377416
295611476
698940622
368054666
816412807
662427646
325620965
940033119
548652983
351109161
432994386
314404392
768031980
36758588
68594781
294436814
158534054
324380784
117927140
710305263
815551777
568868812
91486090
423982579
111230235
38923890
887827720
196649823
546156804
115726973
248650630
148075037
809298228
110079701
684408292
655656131
480719547
678930635
367288588
215297897
246401880
379832106
516782525
899804241
116588940
364100153
689626332
597977950
53224131
264541814
453088626
239886927
170502988
405878334
923754642
619400357
685735488
275370703
619423976
572765257
744162174
84127745
905059414
388514543
515110832
542891333
886928705
45076590
146818793
378218763
812401527
915244174
456327970
915569390
833916665
381670160
781887501
317616304
734348731
750673959
391706931
593497695
939505990
997618108
963638854
974384071
73217671
777374430
259497956
923454793
854249003
390637982
331348069
886983685
289620679
690902286
988357740
348841010
236324127
144626827
967006039
735860257
888805416
582396020
611551162
860712711
713957740
676897590
154092638
277779063
815929309
106696392
296167925
744432542
729075670
859178547
915498633
270327174
38029335
82562955
498875579
541849067
679407385
479840340
771598825
38124619
935892537
30673922
143339266
682129258
955536279
270197543
361902565
619851055
798308947
872314464
399063204
116752409
912984998
306462396
783357455
167294028
680326899
962161367
212820866
129468072
54886210
793569540
566559409
407559347
727647523
116843819
821021060
884744539
728537856
273874008
510911744
771767734
549016233
473026115
502710335
544123770
689511812
464304375
482789022
324669288
199830340
80352914
866933781
928119105
485018590
910495889
6742388
202358734
974208501
80635456
688145490
817318269
45392822
383839980
318832917
20369322
161341734
122313641
465928121
183253658
508726077
178461083
620989227
996687976
844009902
159421353
860871099
132934963
573250634
237587677
279692593
363688284
455899357
793298561
942276414
432313343
937217007
620147953
202759048
995710930
649231819
242422111
144090658
282437177
195212146
727495969
278904453
51630269
262426258
614603003
164977516
256565641
310489556
53378343
498264463
413628647
725872041
977428693
785706919
445788670
425765132
299902659
345653707
238427583
975252129
429005559
601121651
664229751
136385472
672728266
729501912
276897728
641078417
740818998
804756043
456882532
521453334
817745297
111117583
786568150
503070789
473315892
963132736
158928058
176756435
669071865
579800788
150342012
539322734
236266575
788756338
795218720
284325382
518504412
684792643
64242050
587897447
569370155
983461101
979536328
259823729
512107904
198656655
975158135
550642917
618336971
310982247
236102873
465876875
581616066
8130251
197620318
242103094
470974663
624424215
830185735
578218839
295895708
140455833
368592924
549442509
455530760
489531673
307248849
109513543
364273727
117354215
26110578
936058902
624727687
42570053
822833853
88101725
537118029
276092910
923741299
607274863
737760770
345081525
742951650
111288654
504009032
250020344
323463572
252788512
345056685
757852653
885537916
504262362
737772087
182961803
772122709
140581285
279517096
365352942
671508517
942259580
505614844
867362177
263519202
402495401
357576215
166901995
751708490
840853596
631762134
439849881
281182361
668971529
386949326
802277560
78804454
394042221
768770270
327333647
252184115
153952742
158463685
268891753
686119634
904097645
73647736
637620915
799388778
746841590
179470274
577857015
963314606
60360161
49671085
821142599
205445831
774480798
340281054
537129467
165649982
306365011
680522785
297466513
750363331
516840628
530900970
855035882
851594305
483505701
74200114
170186570
583474106
348433854
492987544
183475039
608804572
414970750
355253890
679793824
448205012
403607406
966988198
924220754
854276281
986484661
36980428
958095140
424813026
514158713
157598493
424869195
150594106
822361528
103799826
921721012
759382872
978992124
356878790
921731280
217089008
812016040
506474651
28896043
166263106
914334995
515997996
948331073
224977470
211293757
884882611
419428579
217960941
236584723
494034401
936116663
157470669
635946164
383431120
979642592
806085968
689402718
587173663
498196842
767752328
38108206
107365423
867159654
821222718
445453262
513893860
206813354
600797047
781864240
425597594
857479938
578729429
688964838
380854795
943485362
781194552
346437433
397040098
264905824
900933371
362550816
716859921
712246961
863096688
338300914
32571427
852895191
129328593
381410195
292382676
524376351
869372979
993557750
895955964
810499683
859425938
451363763
887397544
478630118
201984758
759893804
85180884
810888862
439918275
313370552
601726116
664971173
229623194
744191364
768157993
347201112
683701811
146406916
977191811
381373481
942097170
145429295
766631198
245931578
95084239
252668853
210120941
572624999
641405716
884083388
570463419
114820334
973820662
499181389
947726678
818545194
758273042
670690345
141766951
571273650
128011895
251592480
663443719
490702886
943604972
440325824
96342349
970230877
555597912
299563887
640829128
416467550
975296157
18275540
508941198
144727937
301885622
384478354
77980290
297853352
205624870
483178559
21220658
193013009
254445038
628433730
722314506
900971257
587492998
47892117
891848812
414596637
320071305
267883914
994784981
997814518
368646182
389957646
458749410
640663993
926077014
188314999
167899016
202345900
997925800
116206408
819655065
766797417
904439046
913776042
73862551
760607048
468773607
756742845
183484697
389596014
777949708
654769269
800342350
189401049
15324057
680478870
258438427
198060464
726810787
271345263
736862953
475749176
675479719
156615840
270918294
701920663
410995248
652934068
82511403
762140334
696589576
234103363
617934196
481423080
484607276
688106494
610277708
560668265
489070422
984299240
453715572
406664857
826281391
317001697
203143298
975349812
903999754
798130699
51393398
66042618
18180030
549833805
600166065
743911048
502512511
571084653
859848934
696029469
650823353
594263411
651280430
218551275
72921758
909711688
470782299
83511455
382478440
158130351
205758863
990966311
295035806
80525294
149113063
343531464
354247707
864106338
163568699
398563626
764144098
517173650
167900057
988285768
944927394
64501936
315374186
816911797
466330847
852057764
489363628
962705948
25939306
637058616
717571517
853707006
830618399
109034707
513692199
527711146
75130377
218774635
630063773
69430307
581994214
729999191
931094428
52418897
676602460
24227519
538456525
21478690
329964037
450042191
380272629
742496089
102353453
933566445
666757841
320256901
241780993
133307817
275310374
794206944
390920776
673898710
613601047
180399371
468137390
686447113
780845931
397304792
469555129
358400168
612590336
21935717
968563650
95139280
115431504
11629879
60292729
494522830
255227739
135178852
969820789
586535708
943879217
874733822
624249781
820074832
795306235
12483124
766201314
542508559
815597416
978694988
305469486
348739097
374433537
877394513
550094276
493571716
28043433
13441540
808246108
563355750
553603557
618958951
611621757
856344018
339769819
334322800
790218192
636996806
676251705
104268662
771522712
888795977
720458874
490518770
917369788
29550473
487072912
113368821
854707917
382230046
245869727
448108253
184499582
34526223
301011292
993245321
425265115
118304422
547014154
809668992
365248419
698533795
668541055
872867588
499751259
575954435
991931348
131977732
807310613
374450849
27205796
282447513
266427744
119158367
239984353
645466266
796739932
263472368
437717416
359950888
859635708
316144289
100674210
776224997
869740948
538881011
151537709
434805809
6993592
902144294
353695299
624082260
262847890
244474569
560748068
383185063
293678197
895014973
733493062
118143642
277196144
628873755
70478498
497135147
710179940
345965047
88339252
320567594
982706329
351681774
645439322
202576029
170118855
76266137
779959921
295319034
228879149
384406965
30779433
748328062
445058304
462411934
551397954
418493265
339851900
303664416
980709927
773136401
315899975
488451507
360838576
278979241
471344298
889448115
998140966
970248607
804263650
598851103
545216406
839541351
53958889
962921532
136564078
559043434
599730635
373386477
78490121
187679061
455646259
113691920
189225097
543101377
763440162
146057301
583093705
294250476
85895551
366807030
910968509
358351998
789129489
235113590
302792853
652929247
965324073
909494545
985185446
853094922
907537452
544161100
98430213
875928234
475246257
883330478
615502425
631338053
657025852
56131030
992581502
985105956
475940853
345547472
855839257
923338380
179573022
258348766
816386619
988687097
140877730
260088965
456288358
768071609
955171996
993250635
842376094
672338107
569110346
939471881
360045516
849529191
884962464
432276191
35323621
331707496
388616313
345822901
447928907
435864771
634049891
107022720
632401303
591704939
805398643
450979717
986080853
749777232
95945569
219746260
89984126
839101187
725974026
374812311
150767171
318007648
153359974
862641354
61733246
446309495
367134168
794803923
133265893
158483686
538482320
72129704
733031976
804701257
104705065
881145611
147335736
893715771
974015135
521569195
818047148
186248517
51816217
45765506
633676973
128700710
575766646
445828609
124745545
787215189
82978032
735453801
235249317
410803108
53175791
837585192
936705506
179925908
8940382
617205623
301075513
256239006
247030611
539362214
691846817
445801790
574593145
798764187
684834367
631312285
465321535
914005213
717158114
421117790
87262496
532913599
490916895
742988533
132040606
270864369
128149336
330348898
505028163
47679267
412587239
644158192
949983635
723812277
519232834
135445993
198804502
189725553
522380580
415656481
663047554
592981424
633686527
611341274
190906241
653466782
863911789
209457675
533350975
64053983
382555600
415258726
149005666
985072141
971653592
150060538
353645037
646784523
928679080
664505095
334030917
290596458
955338887
840181653
41807659
360084600
966282767
849409139
809632412
861833420
710384129
406070961
752487571
337293591
825470448
930422020
229109835
853910980
665731537
498742717
637903480
158071103
766101192
706742800
174690721
291248503
41034499
670470338
231253156
293505290
409877454
86341143
424157011
508479092
710159399
377461871
24220233
396569513
536519385
944159311
82623290
376458078
401243142
117309836
401435388
137702835
588653288
214861530
902280226
65550910
517988492
534123533
252937393
988063722
312707605
729768882
84526986
179110781
184947877
4314035
793446123
995136648
935945921
530274310
371561685
651710292
702864840
329018164
141654327
222892202
896694550
910866853
328252618
115913963
8257867
912883291
161560840
506160383
112701594
634143463
52129190
583070001
926160827
657646626
190744832
81011793
197443799
502724752
968239506
307087609
71958417
404107441
31200726
158517808
357874512
909530007
763985928
606510816
61684704
583937980
111564906
581057283
370182862
499025334
247243099
740965078
463315198
69998475
354616093
739690834
248318744
703279135
643226439
124899035
544244991
186513487
802005206
902634429
24432290
575612934
206430180
867707842
34632104
100573472
482802068
574437553
409093702
286639800
103619166
855771852
779537130
506887462
695895606
907648940
285580043
736796195
152463908
172890256
957000842
650593823
960917558
395061978
900409581
282220797
984473755
924686278
675321327
812698076
350774849
436125972
984140913
107689782
762068393
597360034
95839992
410965546
326592700
250580690
40552377
605043553
539934189
419979734
298865701
871193078
20315882
864629328
227184248
726015055
214836494
588290151
564881572
405927740
332678805
207269129
781735128
243700248
250326338
301102833
692474331
552005206
132300708
351460583
408169410
308450900
157727819
873076127
477086167
559537687
54214913
988468379
369510206
811236665
334195851
587803752
471303371
156046244
814870102
306306100
324757251
905893265
622715627
294871642
903114619
666192096
67580147
904532175
557645640
555586043
474943191
928832942
684892753
482950170
28651069
886319839
469651596
816840175
501798715
302282734
48964030
454830141
111189043
657093580
992781695
859403517
965787514
835283712
752812451
956278441
949653249
666829181
14880268
877025062
1124145
569045581
591444040
801315991
458036552
424818438
713640183
45549198
299017900
949883614
112998388
112839785
910481201
868092106
537955019
712631496
711286803
214384807
931794602
772281280
968764487
259476296
201647954
361917049
609640611
752609546
254960615
358931940
294601066
191849648
44133218
634810166
775248941
278252143
117211707
335249538
384862181
32518681
732033881
648241776
790164736
170558254
213806062
799923396
577938298
112649304
292725427
958128933
355825980
348687104
783007654
252894905
539458766
11300162
104248452
359025357
472576233
666375340
521438905
671602660
276692492
6384776
833645501
294337802
484255378
948962798
641290039
324901300
123932188
501198716
785995034
158901987
141956794
622229918
907138766
967060512
891532202
386322164
921212313
82078924
404977256
523130342
308203837
311718980
239334346
858048931
199685784
594388158
416709053
261277011
927444931
821636816
157764549
130699092
593904895
276679499
51197016
959453903
270558567
270282801
196092548
702904642
507029972
384872412
21480995
37002882
212306400
561544339
747181265
343260491
854650965
996604809
144871308
517976017
357648368
165883713
746723404
594076727
282566719
278708342
133156421
626820595
325173888
108805115
897537255
252474526
860967898
665107644
581391881
726002263
999624239
244532383
692238108
641140382
369533904
608991190
406080283
650288176
205664317
938688321
708126026
738550619
985133015
595350965
571647486
110560254
422519172
923762207
807856824
899731158
211649072
669577939
829008829
570129400
587410600
103546458
90634011
502489676
570422831
481200309
502360965
105643746
344086636
998032956
447874363
325279163
61012846
367782631
473446525
727427098
966209692
961894616
661505969
37529585
184549411
606338837
812606652
293605364
303948600
588213617
554626312
324749857
910752307
371083867
717267881
693552842
582257485
854656025
728052821
45261406
347655304
511788833
615137021
708201888
460593427
957646324
471753067
155317978
24379826
61722458
444569363
733687074
416399419
703078252
84602205
228972591
757501674
937304843
200272537
983098680
78760363
770547130
239862140
424700146
680379808
238089037
56310547
327381214
742716250
232854380
574883058
867812939
752722953
837716865
71115356
219919794
947398265
659915765
989473622
284097583
734523364
861167123
626158546
555452238
723087128
655777605
34065277
799074865
734038783
731025283
42762786
835892321
547469971
603660061
292692014
465666843
283629188
333410343
275574268
845333978
714606517
365114948
463735296
798225857
399900692
762281479
755429158
192303811
416200690
419230201
237111779
115847798
765735124
900313161
64413884
983305506
896856059
710789123
564836262
254047293
691230809
609989581
538441690
969855790
107369491
72843360
416007173
916421157
134811159
155686546
789058313
874894692
747732723
710940467
318548176
466957991
917962936
106992053
740614572
47595035
745082043
633230493
523795861
212985065
381962155
329978069
225625901
294626393
761647853
961300020
200988548
686959577
342127125
411395922
303245514
114914587
565571959
740863425
814358606
755493406
703016823
333860874
5219010
141782326
664282607
889062861
877681877
833051883
82868909
551228920
704960272
314469712
462766940
538098040
693614530
832919631
111533282
426640363
680699885
938027627
236631882
677675645
23390335
217028451
604985199
524797039
432496650
278229928
54492838
804957860
101312157
460813314
937000667
699221816
122488992
277630940
78745429
948990018
852068570
319240560
668505629
819364648
504657671
817937420
299423025
159021418
1103476
343929664
951169594
332867132
987180894
721328631
504826126
480523870
817001023
920594612
432939971
630016248
941857735
54904676
378691421
661820897
686754030
148740599
364772771
822900967
225199953
585558602
440591546
619753768
150037049
666996860
791279188
937215361
605961051
215859709
11655092
411329399
752195952
104774554
296772605
19508521
150048766
250779139
451136400
419447509
74095926
914247545
488336525
747607857
522120294
920627381
584647666
578589504
744311276
464448909
776176013
149680181
374912608
637241866
382950282
267864737
934962645
589007271
964863482
80718088
899262539
765743754
209590607
502330112
154303426
516472248
68257031
702317153
770392707
83436461
3528808
7757584
778847439
967670339
791730071
164630857
432540745
648769061
631861409
468199181
112387426
10563457
156317580
59238093
615970558
857190065
841655748
25025064
212452199
147569081
42501048
82807091
666748667
532869326
803305942
806085803
711809169
294715279
398135096
974645523
731784056
291913235
581532011
542662607
910337052
648783433
788374975
65211600
102191829
287706244
792980423
591104055
226935411
755386869
308541860
524918308
616020156
390843802
60541494
678597922
229737440
291003055
264104486
107454172
982398390
297476027
379299717
289413884
284954177
770024921
821026219
678060754
501296071
594941614
90782126
408565282
648126060
345908894
233069725
223714974
734404367
545581401
894249217
821945378
466478321
826194395
129039940
740211224
400446254
223336768
622299264
593035862
760717387
849705340
51409956
92690765
846445775
211339930
863021772
104758005
395515638
243868656
547537978
326621723
185558376
962941877
130606085
197298797
338508920
465014596
703124486
616921468
861235693
322305621
983874876
907183330
6145700
229502108
647744701
555553076
630210403
213323502
748618456
38886335
395055471
856473997
693292911
995228253
520056348
530299809
166004862
262711699
400510577
334543498
676314860
202077331
710633903
507773623
142461963
835461776
569674746
704752046
65286594
881666369
838911164
238718269
111498784
613162586
844739164
216812159
335888920
418933422
604868021
394163010
813400067
642847744
815063321
216231409
22420666
188252587
327365482
281887713
115962456
999592797
145578163
190776441
703399348
324578755
175467588
428533467
319546540
525373858
625590269
657446175
287355691
19553965
772543134
649762176
715801052
13354360
339158130
254858451
316424828
187137013
597623432
217043073
596560140
66031973
427228994
457673205
626640886
726845877
888215103
262134853
237256675
782144944
693318438
334426976
964709721
454291844
92636054
14782263
129684550
860953903
872750559
935041875
41174585
855640792
462965777
592343895
19632589
43124888
51646883
324553027
426334123
261082092
682872022
950732491
897228952
662733609
379822585
382212804
249212517
717840028
99687432
652208938
610136304
314171069
239581422
654443581
417357761
881768049
889647556
731287277
328634985
496610376
581513909
527356510
205038323
422556925
608362093
192605535
82455095
135078657
82958706
140035193
772093769
420818733
973335026
154871165
549797114
176769975
388196218
755460908
394643913
554236743
809861458
945293853
334996847
493703513
96348416
260046380
760172036
494569457
832322907
74956952
36924687
432397764
979393918
200127279
767602252
989161989
773190635
84826044
272707924
14464927
726413445
385377549
953668024
46488641
344039850
576524395
172980177
402295307
942195587
456734545
446554062
947304406
660478548
867743314
284608814
628627873
643305163
123989437
930863009
693351239
694408215
990877139
810574126
274901831
769481584
868562161
499897848
35423124
994791508
810390448
654931154
10108566
738529389
203410310
786683934
622862832
462955042
798874687
107285791
671572856
986082686
118897353
720952338
383925886
862367264
153725385
619468450
243290132
963898051
151269769
141392970
658045888
991908260
675710326
163997758
68243352
401269708
717212037
796446750
826620117
972870043
135734758
999447291
208319039
872234875
741788511
649051655
795385663
829384971
470531958
363613073
936041179
912403837
338420507
16707190
316582085
583418765
520079564
689219446
715191432
255374350
943157414
989825435
151343189
234218633
370028401
335895435
472053322
748705769
751963231
643888092
21613354
106107086
338776464
582221253
698864552
509094815
760818391
813509435
872838723
338866061
503130084
914582939
91187905
116772505
182229259
323815418
194695811
532116500
743365202
794392258
547537971
393817858
51292142
512060510
275868581
255825765
214503461
187686394
491799802
309752001
726792244
113065101
272707321
15881856
622761624
128941536
416296897
607850237
489908341
418428674
764359268
820363191
486253681
797191194
697485796
732856261
107161102
903786278
480023966
428929067
299926121
115726685
359294003
722667732
655218886
663222833
318485274
356943852
992648672
75316217
659853690
361004363
993848381
927302055
235358078
994140803
780959388
676278862
620288475
319189312
375505106
15100089
951627710
899795037
249025546
27281398
999405265
962024717
575241501
634035017
316099445
744592825
821495496
805173848
820158411
384489783
457991849
743142994
500021745
867616448
203666732
328353302
407979123
206458313
743633136
398783042
95485209
132596032
662267644
458337257
243893152
340061503
557135825
376621252
977409799
267716297
25841316
537103963
402667190
159824859
816173464
773964658
737010106
600281407
384111351
258054656
692240021
615694411
33488106
273449266
161274984
771375188
205989164
464340451
591852101
816529572
196989492
583983549
276227883
961286866
34333194
411856781
485506143
131261099
729882809
368987888
781480008
205561841
589553911
729561812
836827727
466023984
303270750
479678230
418133938
855899720
916715226
50876522
421863236
914600629
870991004
750462702
837605461
679189421
771950992
151391720
270093999
986826899
371386211
319111382
552962229
726078572
923515420
518459826
13127202
148259262
830948523
387901357
843638915
880110951
963894531
21348456
890262522
163510336
396890216
879294457
82972469
28163331
924714741
16487508
56523257
480509081
545158562
129889182
665861828
274709359
475247141
915059547
387970347
353480650
649586463
514814737
881101821
350478834
968815539
101380224
986175233
90305095
159006916
26761298
935052979
634490149
561878186
544482165
711989330
463285119
734693146
34617888
286545760
410403590
468053321
24522276
800703042
806794221
502017169
113166877
437163971
442839545
607576750
854611910
318626181
698198282
746353604
299287483
264562430
289223525
473916863
980638999
83326992
214251699
496899459
49209516
568073706
776937420
14022835
57458567
934852266
381554062
476243366
207492084
125400781
674644109
770055693
184434316
570461975
41802790
629358917
753864821
914428707
159125169
114110671
722500561
460874930
50979901
202951159
983702681
458483424
181112044
780881027
790637879
963694115
520113405
177262826
874928713
84859250
648969013
192523100
191041376
516581721
218549017
644326321
655503912
426974878
760301475
198967471
776440405
683457253
968352778
504466776
143192700
199008743
728922161
359804621
913583778
769090662
421996189
860700342
764874419
13452291
521842929
820684302
263072206
902500922
650384213
683568138
779137773
938190020
636776995
922745434
389354405
378079180
557985982
56019186
808107708
653321992
781850828
889322549
57017824
970090322
145271177
466974866
27033011
468590922
534079827
497761405
506171100
914126436
188131570
863439691
4523808
397434578
537944284
958116621
76376025
387438653
429672899
829156776
258547677
860483515
854505796
151234001
613218792
999237713
704717523
970517326
898337009
666082703
303426213
198532840
393027684
787050024
453979880
811488247
485397326
820215410
344883134
513362845
997172664
961193392
997268667
712149431
786381740
859085251
759266064
888306224
67506887
730187342
721062416
909425096
462490834
804073107
829570030
935707292
889953487
856157331
345885681
115965528
794476749
323329616
610523753
441791710
301984926
771098896
780372687
641781967
369562390
801102755
298232877
490323330
828126002
102526650
253836470
683034394
213085744
349380034
429801383
588600954
389805188
110475383
20530654
