10000
24246005
638819326
706364718
736057815
349269345
891558213
451927495
407591421
750783037
585701460
449489857
977627250
114881202
172901809
69532308
568544178
761371418
59261006
65035065
627964360
607592400
907000022
180739846
731081654
317895698
358391006
764991046
861898355
132559716
314012601
440991169
697064677
234169545
433932993
165474563
147426195
246958111
257938570
688391825
603680236
689060619
550202946
582977130
728831643
853342501
682041802
875659002
688281661
166932836
693416609
554396464
367025124
268692079
888592340
823882044
752496613
225013075
93081908
45880992
126825984
387521619
448182957
673831016
765477701
934839199
806833603
857422179
71825527
892066015
443909706
347023593
867694668
171434693
376526274
985857822
186884680
569333882
342344547
682775565
716258415
785541116
414489087
978849824
52328891
696999966
224809954
354528909
170653102
138906860
294564863
308809289
546423275
763589764
911275493
234492206
275651426
157219879
452097963
824151178
24369248
297096350
264203961
663258361
593833086
565586974
382966849
560283031
947192881
967589634
639172152
631907744
226308863
287881356
144460474
893282881
908088810
223109767
665789905
354937356
624316623
926121276
840112079
697427074
340280355
888137030
125221797
890775239
278592364
945339478
701073562
371875652
454840276
275710637
330322755
418128359
397535517
874423903
873546748
829306822
149428285
122376293
980946177
832518116
388230431
323260713
889712163
201773553
660323430
467060621
607371334
143783348
493329959
291762058
108232788
434575582
337009829
239032709
451136311
538996174
925986698
516119952
986208441
556397913
582090958
982171064
855634048
993633749
638703866
182293786
656736587
119110027
416035777
476111516
759088020
620581660
302816854
968790936
712377369
879869267
129251077
217005433
429138226
896472956
561862571
418908787
147589220
20601826
205969198
860644005
736848980
534666275
148717475
575615599
616771891
484031142
164177421
798247623
332800810
713389005
602535777
79899061
977276983
556305744
293478520
905631044
718953369
256357988
951310617
285370463
24381815
292675797
349162176
413413030
510354518
203769391
778770734
570857828
968794419
190066548
695396687
353570776
329789682
620496143
206727806
881339681
350554556
123589463
942459206
277647088
437456263
593743678
500281962
577929124
366213009
247228813
333372243
771593179
312089537
345703306
522261747
479435571
630340624
449085531
319667824
378905745
90550533
602645232
825035076
757195393
701430296
601900773
880869607
340397385
778134323
903430243
444199688
401213505
143922794
228593529
596972485
288835008
829619587
396116319
733637280
291032018
13665800
439904662
722571450
882750937
967344792
773560782
878463968
245931575
20145929
383579441
192487468
398807124
108688516
631449682
361752568
603936638
552465835
533379809
421777837
342459982
277043940
138562879
507912808
728692847
68370847
274194366
691330331
728043224
158345623
222871872
725857957
230431042
412157175
789821157
511372112
445949158
829753586
254280400
204031152
913801748
741528896
368177709
983783843
169668255
18621723
551880099
772460760
912243049
439668129
820057031
808052004
992731116
599991559
115120386
952929699
492159811
817498343
218223002
26428334
241718293
754444241
256687649
561118129
453707653
323064472
687844365
502920793
491266134
45102383
842909545
190728307
175942745
803424700
534359603
915138713
883367984
567810674
430875611
13341212
240184816
197643116
405815380
742346876
202858377
408948361
828333321
908776843
951081134
322012979
76288995
431771152
904729010
414071513
986410873
241630646
445047597
725467050
118415805
99851174
298557470
150552800
893864410
492258012
180790156
208768367
503154
520858303
497485871
922165078
211930687
959772293
464603934
89500557
541068343
51910471
335579198
308568328
93777342
773943697
81393072
170453665
134956862
279291394
959640887
197971919
345775844
190485509
523999059
83064775
366935622
278631422
2660191
191024673
712263156
94173236
903679138
451682160
930646102
202795973
567996554
793878877
218106094
763928698
591294935
964557166
712166301
301679431
926299058
574724952
961269689
527830259
945477339
883002146
93191548
110705222
943280273
554361359
567793113
608846126
722710934
446504780
625568039
747904653
656514558
831324667
538049948
714195916
30397036
869449446
12518121
113277163
399414102
838980960
692462992
987673301
438183885
789617532
810774422
241651535
464438743
897941110
500561486
349491376
655399595
367184446
840794621
900509743
877288722
814573265
83858249
226782637
469963839
436219387
545580902
290727538
847493209
644087004
877958803
778253645
649823364
194903398
8914653
505233708
497172926
63589945
34257482
82961544
848741437
520704379
495471492
852832478
526671339
212906132
469031178
50621289
242334740
993839362
674775302
818479580
922268871
182030413
620408181
130934669
768305947
889372204
481837271
955152147
477397544
492809451
957246211
774004516
649184211
166101498
322872299
168785433
287646480
459642856
572565062
395101711
37492113
141773461
342973519
418831017
505145042
225613169
491359297
173769415
400754004
444601709
741345666
876951735
535108172
809680448
375549692
360360314
149934547
92085058
478075746
514804636
148376400
42283371
407071201
117903306
364385778
659080926
994337221
637509718
642257713
757593345
530367274
822226562
257891041
524016862
335512672
230022183
180686229
333447546
132219078
936432817
694972146
769717377
33602196
804450985
184192401
4487234
670863617
461162524
65385981
847792253
155261274
73216777
271941712
910490583
620143223
531048802
7502280
696205485
446369995
475215977
847166082
771435054
390548178
336568574
913659674
567026908
554194970
699065510
781177279
662291723
108197409
520947531
386750647
372555516
366660716
936048877
248314722
247573041
151325959
228511798
395201748
872671878
596991444
874958385
385329282
739202502
465152742
182653545
693138411
208743810
344871651
430794789
789877641
356694924
609538716
746921595
487462760
435740920
179630391
887108465
262470360
879197410
975416118
30333444
276014987
133633758
611961722
661408518
884962937
16561741
863246338
936381736
785226130
483893680
159254432
401597196
358595271
835374881
163363475
579809466
911242569
180261359
136802186
568948428
599744745
736095564
183193344
437434598
490070772
148365402
396195582
337148206
608407021
870803084
199365598
404815311
295177600
988008164
462709871
748549000
370964532
599977843
366019777
785403493
149114308
683002420
328365518
750426756
357629323
392067283
78666305
884813804
359092436
796502751
701485644
248544975
106823317
581473371
634233960
16845215
854372211
2060520
33571206
445266633
155425018
189722455
969764783
800889688
187393691
316693982
772807636
142216077
556338927
38163548
538560034
92561881
515630379
895023077
961175363
642231432
164013289
442999676
356214072
291048700
826740741
637750745
29203794
491925464
590256791
313995298
136536701
301728788
582535896
74719374
211567025
195441745
394561328
408126280
599116444
609771838
830893874
131601070
195060990
311436374
997917502
202554714
736559835
766607321
92697277
791370223
23893093
372391030
827610017
825557791
953698685
587518560
976724536
227839376
54582092
265811977
864087500
673773710
531372523
348987782
296178167
396683897
560666747
593725738
511716678
419558442
521556671
3504581
522087022
598439960
374560167
746666083
157076699
500374046
937603042
705931219
839370769
371937073
485201590
522368023
501137077
541159282
749821534
625099385
690600407
502965605
479154092
652663673
577233495
488126513
624465430
860206999
945840068
324111682
25144256
198750948
791360927
985270418
130832311
389508905
324706240
4538626
829793924
650676452
871983318
591223966
951889235
942495510
817966050
62857696
918767025
88235014
796996540
662921597
506125942
32713183
321741443
964110133
176872675
845603317
72545432
397396449
245013071
523638044
916075476
616503530
686988630
526587402
632778247
541484195
46783577
995601155
820450038
156886054
946703742
324824425
949265282
64957494
882161417
715614804
953193468
467218009
374084938
530829341
709526696
228199443
495823884
625604688
711316964
899141769
386810129
616961987
989740133
778745415
337705239
65388966
119724580
503982756
921885528
951708614
967369135
789493504
541524772
631143384
611983026
300281719
202256191
135007420
42430052
402967106
706896967
636253646
941264894
644460446
413740465
762389604
310152570
643321210
625868065
488409730
307717990
975772294
355268643
686430172
401915265
518824038
133292806
805527481
738282185
584262276
602315398
928589284
272847145
640299041
172515977
59541304
940123523
964750656
439361484
290262600
423431415
720294647
97907563
920304235
812633995
161094004
317995820
480550851
759718278
988587937
409034130
763925204
293198084
302253034
701552546
410125933
311706330
109943516
386654098
752196290
172449736
635263754
266699031
680132759
938260531
656546230
414185068
653924207
115099714
794139193
798941381
466976478
73539208
536208933
263416534
608027726
26629529
256069250
938385534
52092021
752580716
944352497
589813871
129850696
684814341
214799948
723839184
710542784
461031120
284625118
348794093
927363054
191532818
529664464
168593716
436876887
190080427
91220799
883094898
441040083
261870566
958870450
46512388
222693883
128203623
108035283
879774875
146872083
836200476
493019262
863142735
761921480
96309257
772143985
413380329
607947294
704687717
241563786
813420036
315866324
722090396
208587204
243774902
200331830
528412487
953543109
702589774
779789772
308104167
679625045
414408495
274194328
568819685
273143661
820302352
911123317
635298304
603241513
500198931
661473273
575651960
940623782
922069211
268080597
371830233
548112435
492845668
792296576
779915609
131363547
52522615
684730165
494505664
113956776
226972863
452211825
942268332
138519645
369215853
336984603
74557475
184703604
80719492
850653745
286202794
625924569
123326585
25614028
564354545
121763840
378787950
190166861
202205358
69941676
280338432
596668551
988779973
676111908
958338629
652728549
967254528
790878349
337428178
838581969
777600984
50668738
643729498
930865103
86516786
241292362
902167946
995387665
627303736
182068306
225754458
317384661
770936504
438538308
321418502
894386845
189220183
561961585
955065002
818314236
905998969
768169896
647816430
9321123
403024662
445921365
781798736
375826805
78632399
380977289
449507119
661353258
200893926
690402283
300596825
792492695
674241385
262128133
429194730
981887674
901086229
355929004
625345700
418554795
874538965
36342501
983592879
267127636
983760453
97977876
567829680
889727012
245259905
355661052
864027966
264373657
653313159
805963086
854645330
495810120
892933009
249219328
386219216
740133529
903710735
30875061
268112484
986545634
911999878
117947567
142733363
546329798
294360481
514221981
561951663
208192567
138044180
840563892
202996182
499294631
23613394
518799288
854919916
682589649
454349551
765034670
257017557
507205805
324169825
380818568
829489481
857068791
71614721
964193550
545728570
907611569
282501273
141302361
599417818
257242692
184287176
206125530
863856948
915079452
12919614
894082594
121799922
98790522
247753908
78196984
751840793
58631659
703241174
702573815
659878039
351700610
868039204
955718471
13755018
907399738
72360769
208275335
704623356
229788308
350105003
1513379
206554688
422341612
435020631
763965182
224223008
140847048
495425384
124164359
892848928
789782268
54966353
455569256
757572586
662790832
507367415
20265045
840598797
616763991
775986044
4403942
885760859
229049113
35426699
4051170
216251531
912924919
252896382
755655212
602817351
706611077
175320534
28687686
724498753
73823955
876251471
591646088
71547833
799912684
853970923
383985727
810929798
677836232
173853246
847148669
545810351
326383706
9861281
822154923
358738693
524101969
831469240
182130465
830025477
104492460
673753702
849392295
659263643
516975018
779872949
940595065
532432207
239758663
779290112
269037437
29790231
786479407
11246431
664558543
441252658
452427321
645921355
894679161
937389470
258398268
811443473
82002884
509666135
403096416
584977410
337887110
379841155
85227580
221786709
302619710
705610183
768110505
25968080
413169049
102284656
281426243
61467251
689999158
279276791
220048327
395177163
868972758
690586257
146316470
916444597
896361638
524665343
307720063
313270468
423521363
265072249
83169006
153948441
127914248
77442422
340445737
161978838
223582598
909458490
61263712
943550847
776756521
850522092
822783722
180137328
683071223
499845755
142855459
914112936
717375395
226015009
63019771
200351529
553988300
201599336
346901499
61402288
714554305
591872753
262652174
322406260
434942185
46611879
295344817
45113623
807817992
272331714
514758023
352958976
996075050
612488642
220585815
979279895
992572303
303606847
261283673
490849860
652657129
341405697
733894114
743791874
84603192
62708048
282288018
678847124
819077653
89043284
373864051
583531852
175894773
154201554
32841787
77889026
863015443
277485164
990958789
951623877
971285351
284200976
795216164
945359881
568856277
724094438
432060531
754749466
92241896
568533529
347813847
569690460
411435013
984893220
343876423
726125662
458373688
895990681
365803818
387027457
866738201
92001682
460676617
986423494
631181159
969025973
184920683
896686289
424083617
149382818
559322685
14454440
465138935
726581371
701636745
164427271
649354223
824041614
763783732
172512405
820942542
993992490
853652999
316967178
174839894
564100035
87926502
99431698
460114671
704926687
325818142
465178631
494388370
579180607
234838521
5055531
473380802
481306885
57433276
310674165
650971654
812980583
341407493
387884699
902247927
718477106
85252497
541961136
676888222
171382442
853982623
429534134
658829676
711710948
711580466
517583993
442840283
544606164
432210755
452442316
626671461
331094964
92988250
434583973
496622536
396450654
476732397
36002075
578169027
228058834
466324050
655246270
274659017
178413059
988061641
510240667
631812929
705886952
495129476
224379991
595303291
929682547
644791890
544609575
246545847
882062856
641567376
392343384
189128053
191812279
952267778
613896645
975958160
184841792
256485701
796816233
369025351
734899345
672649083
15651640
212159808
142302009
917128394
880175347
137330603
595648839
123253040
935154042
185206750
582728950
718692883
169043233
182849161
257534473
755077206
757222618
211529512
343886329
670174706
142543026
624380744
648186564
560103061
947816120
761031316
592678392
371502151
98582394
387493079
801925783
285784817
857019632
213043614
205346559
694945764
375159810
665791751
505993938
295939312
905854033
199890008
5575489
289656647
880665215
635299078
362906375
858910219
766867239
189308469
516050163
979709753
928001584
624547506
330259350
326451881
85413677
976017359
158257971
67566111
702814802
966550903
477494009
994446908
775800456
445407368
304961623
27698053
249370951
451561712
801458188
510019627
437182804
730193543
138408834
518580040
761972347
504662450
242273241
957677758
745822160
588517437
679643978
36837036
355761334
340966335
753670703
132767715
33437933
585854446
226107718
949413222
578955728
173277277
151348127
741306404
672381857
123393148
671603855
605455627
180776106
220723964
516334109
338085568
270877433
517781218
51574397
443285368
817187147
102614260
608367686
599570035
171331377
354807562
82336137
110733835
647346649
246207189
891910276
818844494
348916010
169741004
279872137
634657072
980255550
534482871
779349159
480920200
407577526
190326277
216914871
807096384
744683428
494446311
192460440
475545443
511645197
564110245
700677745
951769527
419315182
786981334
311699814
123492407
936555453
509178159
392978467
639265743
769722813
679105244
356552131
900322343
259681565
538714517
652279605
69243504
269159316
153483228
98129158
476558899
783117187
143370922
706430828
853370052
486946926
113421059
717611484
938304415
868600821
156154624
401596875
196933294
189840185
525314149
291478588
25203728
583878508
63355841
804556518
801820936
296594345
316449919
883071489
804688521
836421178
990176008
117497177
175704282
652598457
290105511
213449913
679549100
516837734
190167332
94631433
921727359
25399582
179435953
237601676
489320345
732746667
824226549
907346656
634911692
334512317
813442828
370153351
961321493
617461873
437118228
689032384
277225060
950904546
663403494
968076481
893290252
851128021
550456268
972185747
77042003
348650249
911200943
568750686
943783147
501238186
300526293
560343331
683551209
271465942
672721989
752241277
685720666
929978303
623121872
898559182
347527239
928621320
572024536
115218992
906484475
952705011
349777506
53529416
308713442
340109727
962495304
809399550
77990998
611763559
587945766
241049195
891267076
537341334
127477941
441093982
206677264
722337665
572242914
776702665
200670412
179153611
948531621
29467629
656331171
598564022
824362040
778480840
647566344
849087792
995864238
329925430
821400994
267029241
497064890
796413896
602620200
725350022
214859341
501479743
160287231
580259791
622897642
429604617
726269023
206456550
55879551
311953327
916614079
563597470
143909618
297250069
896914170
25621609
17894838
753918916
660110818
956646364
389901121
695656978
715386381
789489224
919990841
211411423
864495080
11397972
851388105
542812577
619510904
695225491
92916260
307341849
379109054
190165253
755162492
247266868
379786188
865804237
604581618
965472457
340204
748804532
911870234
7161513
807378525
983882342
940090325
424941366
449606530
863330693
129505978
416812046
523370136
426062654
884515066
649185098
189533926
145686251
444866787
346031332
361744377
803562809
703111903
909815194
230244896
839461749
541340693
542813350
202428389
145158547
890866229
478927802
478975272
808946277
43723644
754161033
996911448
274374631
650113525
673852689
651899077
469826881
262928150
100349341
22728257
667284958
535419615
923447831
796358048
816008882
940148496
513014356
302312485
238494765
972947018
450094738
983281678
311227044
261938072
504777502
840291149
354307263
804414113
445516471
981764432
55056349
628689497
290211439
36569914
361549577
38805277
59558143
75569296
758221749
568109458
306721054
413859967
353758224
989548835
399088171
17562360
782177703
176857697
792331628
1580712
841645930
344159133
48405944
148008521
895419595
776953007
924967968
383244879
486636182
506834952
754153943
528643094
825179862
802355683
377134154
922891633
517648713
346890618
460462719
558312321
396583640
575456309
884759085
167787028
913928104
339374821
192654369
180439889
75241995
77517654
626854554
542562746
588817298
377573461
26997512
181219204
790379685
226230669
355082630
597538303
561233151
379580161
374792114
977270483
875827469
891898154
539805038
935058678
533783994
860111733
421584593
380980293
807719591
636196262
501622789
641693843
80797039
967475715
897567198
124998442
493795597
313555657
17632348
336148883
822458774
906077188
895806346
311080114
273028735
665436806
951869821
446020773
964251870
258404312
140528032
292001695
914635426
657449643
717838639
239887696
857848206
758650424
409811734
409735145
518804135
152576170
43203107
993602123
370325780
441954314
824366732
405159759
510325340
688225128
430243152
793631202
468678451
967742421
888978058
522818681
415493073
603682531
935625116
386559715
624586230
688248982
142113783
897358517
672148415
280015729
124771213
396311139
75295540
397529282
829124709
669575208
109779438
241059234
42020159
541022134
735507358
508865476
11651821
858370061
725200450
342975391
672177420
625820275
853776159
83635258
189568642
288100238
473319765
912361545
117418230
54986835
441287852
125669029
641206903
316020321
936275016
201462783
48987854
903412534
366400428
869733246
503438421
991195217
932772152
351285581
6815881
453517295
882197931
461919707
842517088
724874500
705150488
562638726
573966753
149706656
623674282
906219020
89360437
7543643
812172156
478658013
993990823
603854375
577659679
324570140
590758173
251314089
922221439
52345089
138918410
69296192
356028633
434196999
822056117
231589337
685828840
79508768
106502159
269401922
783726631
104942779
619958419
797255453
709910583
913189412
744051277
552329133
259536465
485817963
11803927
216024073
373838128
48929298
85414629
293592815
172518264
453513735
286157349
157244586
525161542
296831387
506881882
188132801
645759720
756523525
534354772
80593964
319878586
698214320
774241942
209037850
909905502
694087492
593513859
514424992
553066254
994178109
741557532
856029658
650753050
570858323
243583706
492217427
237086516
727990142
845261321
92724159
892607879
109930863
824090911
899333849
300328160
252157875
486688359
641530669
795418203
384128340
985257773
567000927
662109441
702586247
671384659
569297254
240516078
545151217
871548854
369717977
125409185
974272871
649436772
464566167
534226046
25762410
68695486
502487957
621635713
381369018
849507030
828244747
58703287
479463536
216171025
561999130
289181101
775937676
441432254
641020499
912456909
225078543
787724506
29469452
893992235
471388762
806208051
219045073
649328302
370961070
135531073
479320091
625591724
587028950
810472344
123812359
108843919
8350136
996510322
916141431
257572227
716307627
751897788
426234779
897896596
860245945
16861309
849345441
868303741
367387042
485834115
559084637
309374850
169905849
884607569
222554266
522524346
709935486
198058717
386233747
262979831
123370516
564401724
285012946
158383729
546546475
546179125
928021509
656369790
364155236
263115882
229891409
649520371
747533488
285658003
866032998
76360392
44988335
419396904
959569536
845160947
277148290
681941686
656441766
345398547
651746051
466607384
21954587
511067907
308089041
279587539
802550371
602969261
567713736
247427077
165225445
353473084
913447349
908191839
308953442
650541403
218921839
842019715
649590753
893945614
184478183
255173070
54688975
130112819
945958696
269928696
452120147
785758096
10660523
836381334
271876848
14823994
485282916
610856866
818188064
191344252
455516708
105396880
605670441
294779622
975266282
238653482
299977604
751204772
861762254
620810749
360906423
238082344
382244930
306463465
121583027
190177816
286606891
865502594
10402989
138010345
30428694
141204716
872607726
938717557
620725889
28189715
442977111
968074117
328060544
627317171
574330369
350346213
718794387
974679927
703096790
897605433
159134970
243524862
329224721
62558018
685456138
895473464
210504262
748026699
928336612
533017453
821399223
740921548
353443906
258392244
114395121
56429196
455335287
951913967
44114430
958367046
992879581
993547603
859242827
753666951
801212732
134252188
751408901
130846521
802446027
938984004
308344737
433995075
735411170
395333768
323798912
467610510
751697964
393668557
653445452
344881589
798271117
550288163
498878304
560132586
244583260
487071864
494805537
941307650
804566614
972509257
281330508
261669073
410517574
613942482
405960970
333713118
637209066
234799017
679888264
200079944
527239262
425689145
484768031
92306862
401389574
937770536
185363745
142302721
983599005
181512042
13506128
356726461
799871214
84282599
460682428
653397684
967348991
436098087
794512102
992203184
228438428
662725162
879465575
133713773
539637458
663096942
289704591
84229403
344262338
4296888
350044666
711578038
776932969
128618082
255280040
982578027
870741987
605143436
126096337
859701736
694162664
905367268
633271796
195066727
324798805
851036249
170512547
381445572
951242938
849926572
782004765
208684847
429075893
436021227
266698772
679712384
353592985
850629101
378357201
151316965
617740150
344602726
652437773
449521031
909367599
853109821
530070575
232049281
944254594
933060522
512426119
131889791
742653509
306340066
85595724
973720690
621733588
584068216
490931635
922025845
702483642
728450474
419379753
650962927
135455609
766942440
91153898
92478345
338845436
764587068
144463295
946273891
62243354
341073644
580228490
316929221
96634045
215601767
781026678
619340189
966128797
79180924
13209816
790931852
24766478
171476821
668261150
813160197
851417212
661058216
906446992
294695581
96173072
786458052
950386502
334725542
841454710
596860044
707008683
349238983
974023103
203552408
93417167
431926374
321822875
202626322
117326556
254799923
514975139
275564784
247179567
865721746
498914806
21859956
39456764
192788518
33985024
48615238
523746848
264899327
941496261
602017098
908558390
135983845
848893359
7733836
966255496
863469047
291748179
401629489
95822390
186825670
462764888
752159537
413059346
557965185
34349009
586225329
868360178
258677757
695425390
350765803
6010210
772388319
111925439
515391018
877607911
435245593
435454960
928341757
457226532
168544702
752099581
839251871
693334888
77705446
529626730
273906577
930077777
661123085
587271871
288572750
401391718
215308482
921510703
869936538
987035158
436442238
373797073
328553739
11969843
978762275
136059309
435058651
895491358
385247815
42263181
355365369
975995323
335568131
134366673
849577021
283660532
326859602
609400353
134700554
90755416
644764591
488260323
174993534
256695862
205436458
586800996
360793446
24451134
978615320
319036460
783895827
931370958
638356564
483171723
643816389
394385570
8650095
813534999
354390472
492851316
425919364
665962726
705869308
731769598
380499107
170985592
399505021
425198345
854389843
5074345
479541126
168032114
496541020
877701146
996327214
237828117
219090202
973564181
531866635
559989874
802405676
94946538
34813599
287569856
697736786
794038656
976426007
678022844
105170281
551433929
887237317
5198842
562112338
476605547
909989194
538561806
190657689
947793126
969397941
759104015
645414303
469183078
698027468
991791894
998793881
804157837
909252354
795711288
737556604
657779682
552208428
642408470
403072056
665862789
590409302
665971597
514590411
592493404
132138063
872709038
158129653
466343913
2660554
757267986
654619563
489244324
298257300
134543379
142794435
857888920
270760051
857905635
730383020
508659837
480307861
36495315
56082568
430441873
611005839
923267962
769464459
819327400
591850471
69156067
128799653
943414096
60859858
489156060
126891845
853094544
10346592
720819587
509033133
705465671
527459882
490572621
718090604
584891625
859041293
338162115
889450477
328709127
210581247
736333932
576183771
523108555
873276914
393046086
734605184
8998095
118450447
63602166
557040983
754912033
263963030
918573834
160283993
785181949
140307419
838068735
46653107
520906601
389700411
988483403
986133728
13740421
680009208
869326230
168976368
212301566
618177492
488346269
832954870
509625963
720370973
958779776
103851732
387966975
182010838
667576807
641741695
538163014
763260638
459783035
947374589
141819444
87628480
957347659
853901745
287864060
863044180
643272988
581536590
622670401
636529285
809277473
254104390
463692651
55530157
526835490
980533150
757764175
483945996
46813589
443502457
609827352
588652640
30537474
693309806
443984801
794364723
689440476
705939221
630722046
368618561
680222740
177803293
941437399
261764774
995896511
152570864
200145571
781505767
985205210
53883641
208130172
941979409
815468573
522189629
139804943
388307555
679431374
497857826
827651946
494544632
259455925
519841361
1462916
28485301
812347284
957629748
646785166
628161803
47541635
32343184
708210662
243410773
237295135
462908209
103027774
974914863
170547466
93819508
857622254
185531839
798869635
460738497
103126385
331352263
998873838
416715029
410541520
428663924
482939990
166039194
429827410
250373688
557401266
72386198
650794272
568504040
209200671
51870709
553120523
827990423
643182651
838325578
497985881
617336256
984851386
140249251
552239577
825320750
324515954
462034270
704474385
973247847
158245272
968670549
599959134
359673775
685789884
79275868
614157184
726116823
956767795
728705803
129759744
608884890
40490731
389753901
510244723
178412854
138730409
864657170
279035685
592196857
994979941
791613484
964080682
935359945
747000158
614377926
368329867
314061681
522316009
899292705
348616996
491629023
649353156
631275313
299826984
622694645
475498579
985651476
450623347
786997085
965810510
118714648
241659966
649092161
679224888
510275837
955623253
990204966
627215020
142330125
359410144
811368146
126184210
253567173
161651975
336992480
108585386
394690818
956376452
789990561
396522079
187143794
844717498
285683588
799947499
299720249
561649173
826577763
561961195
854605701
139329824
575073129
287181199
459949193
178691860
305066476
918256248
658039133
986626839
369641579
706461386
860341782
567187265
319924589
8788866
880255584
307654112
951510298
511011784
943652808
722535808
558622085
45195404
92274416
132714972
973581305
912446001
763720367
911583595
109155018
545421595
914330611
898537823
443629554
9399155
227937646
302001765
132439735
399201555
626171228
14992640
93550379
885208278
150753486
262986480
675021943
814767712
399680763
809213075
444535217
897433021
845537596
941364793
489881702
354458691
660238705
900754106
741732835
603334923
567212872
449659891
67095510
90599381
617791861
70105339
326220081
202797455
244793436
878276444
153844461
697419463
234833122
905049897
793802224
733706939
345127498
959918285
944643407
602808284
576720688
37820198
226541661
965672588
358016390
593678429
290742380
501896781
774503842
168299893
21451552
999388551
174406342
6476322
971690463
395025565
840139516
126375733
514600193
352414109
875024678
531025230
556144411
935386301
985902195
118529283
240097848
895131525
77593789
621285733
639586761
146703349
988568122
798622059
161227068
622492245
721353323
372470350
785674015
271654794
335764124
497348932
5376519
955610726
506727208
689439802
406435782
175038257
626396106
944563659
907873803
757417613
695440582
364680105
150787295
23329932
608237374
6958786
732212106
478703049
478064153
802621691
304928336
646986300
421114716
182421463
963579538
475218027
478573943
400048130
483394425
948803424
866008945
592790947
847577504
468442704
365988240
21974886
319037863
505118548
571715219
635934739
837891648
289532400
622567941
97623197
306246606
411774741
357929113
83957240
98403155
553672183
195435116
65797210
936312376
694078621
129735030
207696761
353186255
858560920
307409754
4552546
818023646
568265966
604599879
23637852
299333840
887989952
816789436
700094969
143942526
392804625
150535524
61963789
337072968
621173252
177598468
94675788
41180631
521508846
344357714
262144664
414334955
539742796
48023327
196368373
848663867
682426829
302354804
249565258
810472019
287893302
492936934
137582057
313001519
475128366
483188173
289513729
938762182
394344943
744527867
331831849
518405620
830060261
628350536
145643342
216903376
282274943
592793582
484180089
79911852
163589135
276140289
663613026
198779518
694888167
962734874
518161711
999116677
84819602
741647475
79878399
458812029
816497196
612484319
258866331
505713709
79347749
213879492
489198900
424842331
991820694
330038565
846929359
509726330
95554802
444569269
158876326
414957438
491895440
601935255
262597909
916893523
552819737
170699031
338911254
376589390
957416487
150909849
805874909
249508315
332082029
601910272
133004069
825696444
527012176
472122234
978872925
814903937
839946394
153976938
74096742
736330081
894315744
442797803
229411680
81145348
909900686
451677560
64578072
891344096
389306755
807645734
581862279
498360177
351157046
946713720
740632433
611721733
839826121
167946695
162275246
695386447
525810738
654185081
579528419
587935536
464371799
31894116
820617826
595379787
133441898
895067354
362836952
886458717
918857679
908853964
136640811
878136889
595743213
265942398
131905788
546415924
870244129
326566296
506673954
193019338
660279825
152964072
895333009
670527288
707067998
997870900
26591570
387577728
455368616
50036528
201129899
449894981
906924259
884363442
553095387
968347543
9486356
745434918
301946605
424983360
104842611
558672286
768865195
415604236
876432807
790203635
622870733
84877283
907010541
938405228
781558619
733834742
338137604
347011342
506872199
921559080
303732902
958308819
190520039
228684801
317241486
324284467
857024700
906085507
40996921
854662559
181307712
612250887
445913218
53380968
896173509
497338083
78601146
698624404
267870405
401544300
585630074
899713579
660859820
636015241
210404068
279938505
84151603
195040256
153698733
395477722
874902479
401430431
139625133
260527387
943804672
565002297
813274378
505327839
218938397
805808380
441803391
914719842
795512723
965115714
139957221
892485070
20397098
381555419
212523408
965602765
716497700
279313204
809731608
920219736
10689855
819211854
877984142
463296693
469365005
778160207
748181333
677401432
64589340
495409775
911876525
310521768
267129444
542078575
992431239
305320643
407770360
325332662
275431040
25666394
6484893
622736517
203692659
164956509
299191297
139218645
82306066
969156763
540326050
372611816
485629175
806748594
934893855
681545536
13981777
286840583
676835177
172954940
515762441
421800407
362508111
937329457
417884385
834709041
820649025
967711545
504925030
199891122
887879769
690840511
155070169
597154564
542624916
151138698
327684439
95110025
925137982
967793827
334449577
43384622
203491397
968433021
728037849
141292604
403144467
530488122
791796518
839012888
917419682
880628772
647533322
426856033
970246196
681518454
991380423
165458040
632328493
272955634
353552670
663675655
133053128
511440390
654525534
846540124
477125579
432869704
379126141
104102205
539046624
81166131
489937025
835274206
337056060
948080530
285886717
133626463
623143922
391668839
761754673
536105210
860769053
903510673
469102296
15052283
281028381
408456456
2594713
786991158
632620552
46899805
72492107
482428554
349479395
323519522
665794681
612504538
643671075
111615714
826195442
773272837
766150731
834334214
131491602
843215970
575751605
613517890
644987446
133521263
456317954
398305800
902322774
504681901
834502224
988692791
261509694
831430137
275104890
957859912
584311215
658868334
557057031
240251510
977565340
150482813
813417187
270857383
586205578
313352383
24809255
457118536
795629814
407233303
989185196
979832650
16607482
743849584
965499911
616862108
592297805
132675328
359265876
249851658
301335802
956452529
520752846
632016108
988819827
980673028
787156603
371109452
422633789
570772350
846603976
216956762
302901680
974788343
368525806
936292770
212341813
47309563
197825107
896338369
304924527
613699626
816903520
995046900
577972859
117032804
143047468
471737878
769863851
655540979
734975923
420358993
71854816
38587437
951218896
919688523
209793345
738049490
920758973
847616296
127043779
720354382
254740129
339456140
133345771
469607774
726132778
850892385
708042130
840446317
527534603
572589791
489943548
613092551
245812808
145781888
721737347
194483951
270999066
845889266
218621771
430061224
395524700
451097951
161592510
646327600
986414068
205203511
855914455
124052085
528396949
635316409
291703063
857970264
423743778
516879896
311496702
313733180
982597734
312102216
370197175
123677626
824353727
609192766
941754497
945382795
235324222
394820422
323556947
550310168
67066787
827087599
820115482
570518838
593769731
257974472
603119138
208015714
199692650
457684108
424426124
255878766
679940531
441029686
340197570
867589920
892917309
892243036
446418738
951666070
635065706
37888803
635361918
463356028
254439661
990147041
941623779
302832723
434026947
886559692
950118388
502821081
911098749
905425228
207958065
1063513
867238172
688330328
52979899
557260789
185693458
771906999
499128681
466838896
783730717
320825724
84265777
455732602
915995116
443826325
778136217
589301426
497086972
359774540
47004795
34794004
333826350
425209535
296240900
558170817
279924116
561075436
985111691
873218365
998878373
313724288
815911436
701007399
300196032
548177480
395953879
767670977
763509809
984785352
800869120
335154596
43510481
175187299
106794806
614334070
762200548
18107688
170819574
363764010
887119851
955345617
808665879
41163774
276300669
991323437
161812000
778825702
360062952
56518834
79324266
172533149
478788605
980927182
303376068
142590778
379000687
641180158
844813923
465617243
58758574
149269454
367610446
747754470
132946504
892660765
372568804
462288831
474859639
183389622
140329059
379449482
640579571
757656172
840377858
159453818
109769063
758403235
155887950
393402621
565499360
891763590
563700643
983679222
314730932
278444869
122127495
958993596
599770530
308439506
20464688
998618029
256234525
258524300
626738343
104234254
39659780
332243341
901208823
42188514
716097649
584912627
122475762
203061171
153873971
85502748
622302028
35174661
104857238
919152866
530888493
713440441
862190063
226387735
227807835
593726107
656485236
381854429
688601799
41366729
322025984
774602287
537568683
62311436
655204770
15182188
277397527
351093460
338063852
184121704
903920910
790822151
682384046
244499188
876648478
946364930
188315321
29366408
834451803
272838319
200220847
343869896
47158042
845242631
302555337
952736647
904287348
536126655
900596978
787462328
731418888
369780353
588971662
659835249
121560029
342402801
995730990
849207531
922959073
34741993
955702397
648276482
174429831
655342284
215896595
763828677
546123923
688642191
648987492
391176189
779260339
366023669
588811515
47722928
430523573
969619392
794274938
547239850
445280198
132630847
623653791
249711216
42825277
952538231
88497151
936226518
325783478
968002814
668606624
150094697
235915516
846829767
165913490
22862214
989378016
142655271
74574255
598522283
529881586
936466415
852056690
546391701
283191242
597291253
157705704
519916598
257203031
345739602
143771100
374607965
622109364
630171612
795271091
494366739
318155978
392818571
957054757
364088953
421835769
749852798
620687929
384408597
441423949
321634148
880799001
208414683
17282600
648856179
469416749
712589521
743229086
761757681
1747233
686273941
720779905
976731585
165361279
664896617
837860286
489711346
471406187
704482593
108864285
512138835
651057367
303616686
428424774
889010098
371192882
381685711
142325936
387352365
764306229
292005506
691698926
60883638
54807033
135472135
552483999
651913512
2168861
202298747
105108388
629665486
736934703
974302120
557167796
960015608
292551795
201983135
102071574
872315726
378927792
383973648
602337598
179554986
934344358
493995441
305406474
179468152
419724260
700068923
31675525
573062199
668458101
781028082
496369432
563182575
292663106
498391088
766326348
417390451
588101627
285723077
352206291
551165772
257465277
406318140
832981805
53024240
239646701
630537105
73577900
234030563
791182217
112950362
644384323
682652309
311142264
625761417
446572930
309818314
243765773
152609989
321998348
341541551
129842754
998387205
447437222
634730418
317736095
381717047
769118865
580488801
663480133
416033315
168995980
952666383
101264030
169742447
619294812
193490096
958847312
147089528
476747840
134131904
603365153
621421698
896225116
138610065
506875792
76329427
88975907
892718605
538998878
180891633
220602859
637741354
237913262
403241521
377533759
384794235
278762567
122557043
782389176
866598796
137846722
810483238
899585607
624796231
384017779
26352206
80647806
593676042
456128236
176566773
894770305
352996816
946674509
541971546
189210790
375246672
167476526
536782215
443065641
176253181
486553037
590462575
832019456
711210657
191106073
223381856
765956960
946558351
643008387
751386623
560078120
422853848
881667119
319315129
493163189
242561409
215764536
392321419
566020582
973300795
770488153
332048624
722921698
503011655
816021117
713073411
858022734
755484871
56034143
232189526
809350867
12589332
377892302
664227784
778260279
343297004
199964179
904871017
454431587
455546297
634214515
185961041
837824525
994889782
991863528
788509691
973891105
767833652
943899376
965232607
982409235
273247364
10247533
242263962
352471305
583395530
267214420
955123196
806879553
615011570
751312329
858199314
651173990
294255682
791043029
658148523
296796337
589803706
46074666
602046939
873475210
472774086
241734865
250448549
934416927
530171338
541066042
411619592
504598128
902827788
93429095
156155596
375365757
56015140
332787808
568162028
585970401
988574201
101671569
879424071
797537990
76514503
647945466
769813009
49431778
946740161
623867124
770572898
111820795
686291163
684283098
813083828
927420672
79907586
39336632
134331250
502213386
419589175
629172541
455912516
465480754
369144091
117282593
277456941
234664201
151957257
521409985
408044560
749247961
413859912
554086776
963711550
165068577
341957995
40566007
836052149
745832184
818172012
567724177
956587508
208474710
228655600
433160480
769752666
367814435
286801812
604758355
991462146
554285665
309863404
9700915
28115008
441403988
813136293
659923046
596403491
651212504
486137105
600562651
514424728
979140163
993911066
443918127
215558838
330786800
781032157
206431825
396626248
562455954
756653357
991694592
833252342
445910427
576624423
892032264
351798919
724430875
31728626
761854753
66015748
739282158
117122323
928924441
512246879
478085699
366530171
185670863
538314761
431983199
522384159
310259511
39967590
762780919
642286540
560337366
23588050
225092326
544947279
310296582
707088247
73127888
623070293
124964164
140084362
386480503
813462803
56407634
575144045
189728035
866260613
715039970
904922730
779444492
928941676
850230641
917035576
891826265
428339311
434269323
577975938
847719576
340968143
735779136
103911245
371292972
649704144
609424571
504998295
417792811
219970287
454484031
936784966
225538936
317883153
488447451
408232073
960035715
871124936
159226407
992816395
227284975
283900295
398691897
734819490
482443140
35876266
741296257
524971324
792490728
784054112
424528334
196857424
411686640
52872394
745982325
140042847
616295105
405348654
323244609
796271470
398876526
253755829
834775812
873616481
1222112
747448555
915003521
67918212
287368798
207614102
673950579
333247777
596856017
696543239
159135838
629733438
180910576
814926550
395408950
66206647
114960495
930514029
366403000
499808084
741844768
828921427
728071549
270057301
297701426
350948812
918976955
687288622
97322593
443120499
299098515
413197643
21910293
729377612
876881936
15475427
6894635
108476612
228573732
665809931
769028837
521003355
21685935
600205123
14842480
72383339
286913230
380870593
18478514
359204815
210912282
737849442
134821385
463884545
603946254
743680434
21225336
868970797
826600498
700152066
297098192
626585705
819880390
153470733
527693255
290113066
464377271
828013057
511088446
23688566
686357589
615947318
274397513
955122973
605007137
927057329
16416913
719772430
350975875
199938906
294302337
921571924
875919742
471003058
465127653
776877950
496950918
317374034
922401825
678858136
194984928
947276186
503966344
462556536
458983623
218140968
58020266
698104965
323211594
78826011
707452746
276959454
316150855
440970662
877084478
887454178
789464188
936560826
710713931
750414797
832424673
590456298
368287588
299716937
183608749
699835553
238246465
854259683
697459897
446442518
191273615
986217634
849787731
602006488
770572561
996726725
326326299
555152701
100191205
385957160
809517507
402535084
460411487
125537385
682191463
848005367
826505307
517790034
563025705
804447921
318145107
442119224
996305956
33998629
464220811
735297331
393823709
394787843
265218218
695662096
750590668
923400348
686241340
217438151
790036945
131085444
597666601
39641053
315178834
437238255
592246336
315369101
586466479
143575831
133692486
148195578
564768128
211079238
421671371
441481278
358962353
589312182
322895224
651879520
987065313
488794013
365590942
903074085
185572227
362157010
530260148
642024668
674791560
382081199
379422378
239578379
28037345
491353523
438373037
86145109
893440672
899657303
441556259
817654200
441507585
247689330
751690016
528885530
718441047
707804429
323914305
954022465
768876823
747934319
486218607
580770253
844980217
806883978
61983936
657564905
573481696
843912255
216556823
712819928
610463686
931028907
878406221
609620767
379938684
159004598
945176526
256090648
582476638
565503279
87927088
185177857
631131356
495078332
801165495
356617785
437279645
949996447
232540340
297056914
633811739
879413683
150145853
520966192
986463568
268782567
910645303
296970570
310508148
922943492
527885740
157887195
918832598
689691583
112760313
297482431
567359500
499062321
216194182
488524971
209053983
212375932
45679869
860117005
66276577
181884617
659589981
815214280
369415844
836499684
281976595
450146985
718412781
61830280
25919963
394854505
667878003
548403431
652297659
482230515
794517216
638986150
995302301
704546111
651845857
219056842
348027559
798013782
697645715
893777058
625768365
808965747
593849484
293277115
553111481
462475182
391001681
871322949
623678910
669428415
146810746
430657667
570825839
929976212
761887105
910735443
665024849
889962428
663233596
533278938
63874730
93239759
599327697
103978688
409972165
424675494
249738289
600355438
79743521
863659895
927522911
229942755
310544087
642227726
22574777
666496159
278732748
442634818
216894364
511244080
332315426
324984182
432207039
454527771
859559131
736055208
542778977
843775921
746992867
942305361
469973816
22825552
268996029
607077007
312390112
161146494
736331359
384037111
70392330
557046835
111380769
694297130
581101065
176198597
607913806
246014224
260707526
599194572
120297163
280349849
360937037
761263793
866628294
276101109
925098913
479451951
413664401
611649798
555369179
568770089
691842461
583689915
304254204
50397902
8652444
967639879
730398902
414517859
656548753
746322364
24735032
327016830
124161795
876961011
329172850
269296500
778369666
401784699
580166473
184376611
271981867
95610208
974291829
40523176
297543446
115114801
525780049
888991192
855375985
228857618
219258567
481519488
388078431
960616589
887494790
231788511
299500696
411186035
28119013
708687024
785721062
772184337
348367428
445375039
75954813
702028150
63429105
673832618
561225998
138175805
72005162
67137294
866990654
862631228
78310911
386546487
324031908
417920426
585714329
239307342
238506311
205559974
812337960
199312616
482261670
247528547
218492962
765407599
985916555
713932130
952145908
405372322
863946010
567289721
692190814
338911620
282225102
443038537
37931723
529154262
465758579
479466680
5433188
111668627
395001843
720239507
180274472
763032755
350132072
40987959
946297391
756633709
204510569
904419279
819827175
843470097
562980598
25416653
807265582
576531489
145670397
235321360
253243152
877702253
224602040
938488138
506781589
528797292
173748261
150807938
481613347
731051846
386547231
225608034
499248587
530087185
513645174
411669035
805346615
498101760
736261980
14014472
883743503
931281505
750592010
701132057
668237025
972927802
449920910
215469189
306350031
37986870
537610666
562364285
713438266
557097775
968384082
491863443
854911965
469220024
617263538
549313794
103589524
126377564
611204202
488053493
741697866
263733737
661582472
321119393
66669370
105825309
506767570
460018843
376272352
955905393
293726981
196439088
561180462
947053372
968621709
76969083
48129968
310674704
827088905
39663058
860023817
412164791
956873071
387180219
835250781
312818369
265894926
996158079
52265150
344839513
617730736
515092235
19687625
880722641
733925498
620722482
41993069
822259733
438921143
325096967
907601143
647159935
943246505
422868058
723803375
354834648
402486567
437278740
240534776
25727951
247556500
496697291
457552736
346213625
522643063
949889946
935089150
654249600
789292873
719670502
960375291
148696035
189400815
948757656
173169227
290789526
503616137
303557577
154423583
432054388
557198797
877264058
42794652
18013148
119862153
41198119
792389240
341819201
459859751
63973686
905189602
602683174
479015372
54459201
404962545
598618239
190557738
639401151
894551658
172387179
764379085
20067184
17271736
757275183
382920612
419019776
460266074
510099230
600234314
564086802
585951038
808073164
509770905
158817790
435822457
594597060
781627887
758685969
337295132
658748260
209726705
92560239
998921640
256273160
7744499
132070251
891729649
827061986
689305719
45296445
222750409
107119680
75909703
574368162
939659163
543282977
307437512
165342599
300690571
113536822
836795169
310892965
140986746
266734542
592964587
595618125
975534316
314105693
408458704
108033749
12380909
855541294
194415865
424485969
376795308
578752677
386495654
228827052
674182818
69192088
299351685
328641087
319240030
910803085
735471996
887113903
295153122
497139651
762978240
381058205
830874767
584105632
810839041
231404157
974268596
423007439
98094400
838901238
18418321
330093974
647083494
589955290
621973143
51602879
839637003
945561703
781863137
423904626
960325090
906015194
300839102
247379582
665589497
800070108
107905047
472036495
802581064
645901561
46765596
405558042
715268401
663585447
957844950
206256743
162543333
864021811
687196914
337714951
830084709
438042569
89230720
730430923
524067114
883291395
345674053
935356103
514051348
807065160
268156828
141274292
340030894
471474565
286582185
451438738
583640223
18309253
509844565
199195339
856716527
854945865
222519167
424284239
88026889
531577678
484781210
835372786
922463714
550146995
925052763
477575868
432575044
473707339
832883598
900645887
900859122
377244594
674853845
45596230
263005525
845980636
373020437
400341681
482755643
33955481
656982469
264678360
321038884
596199055
250151717
956128488
718556984
306629732
906575154
702687786
229014703
337626440
137713518
717280293
171129396
73249137
732331738
406564389
460225431
701452796
702328652
98149254
897501016
482686775
99753201
572450038
359987838
896029980
506537398
862593931
48902246
536699381
866739696
758541241
235210543
611427929
188864616
208808339
216568743
814166436
472972751
335158941
50025887
203257684
635790359
169275756
990781321
744431621
546422676
676797088
587878575
480497864
937958202
978597521
632473858
354287147
162844367
318463744
243149885
544067143
489842014
365532790
929816275
731157737
499958551
363911815
910106510
320727870
199313012
333929119
830435692
409369529
318772804
552784532
662121930
81161852
772619485
547290825
150120896
500328854
296204269
101791828
160362770
429509736
149138938
843903399
978669709
49728110
25340157
696250058
893270562
572546668
895633807
815334069
656851309
284067822
709478914
931998914
87844014
376146952
33666518
784481048
361422423
205011044
319902247
77897386
731447323
163139570
469261855
946216439
226952129
84495009
48313457
13658015
927648347
223496784
694649358
614105732
987429195
617144498
835816363
440523603
608652220
626328781
165414676
762163982
592200126
300168081
844609554
671281554
527626948
733956505
245801118
799510087
269552933
133208581
311815151
4011211
804810409
846092115
291600532
546912378
613600855
279759327
597617392
921270201
261136689
531175422
542614259
968062371
764724545
464148232
544470745
94847871
109946753
423886665
317502492
84131653
356717454
85179149
630672363
503576984
479254378
123024391
984690597
670740175
597685148
700375015
924184013
40788782
759876841
247829011
544547004
146119887
710468162
424992962
43776538
142578769
393704858
891519378
265902817
971045640
555804959
159702324
719992152
570037451
718458585
946260753
669606330
325202524
96218495
591780652
137131032
583078916
652274326
974606139
71363491
599829331
309999547
734933191
746388306
815873455
508175550
445484273
514364872
212009271
911137782
314676618
710223231
824915343
633968489
502296529
203211094
76149471
240603606
180602112
286263788
682616811
861943996
867845251
382902580
147560436
803490411
584381402
905678702
966985302
368853032
813805532
619455202
93035268
251954950
766628797
227606896
161180927
976822461
985241111
709404710
578622281
529177513
294841689
840507677
735862838
519372364
213565425
939428972
73459848
839778473
647207959
661065483
814429549
762428705
153734547
680545436
187516571
221061631
198511475
869594429
637058709
732635093
213008516
786636142
965887354
874950341
245431217
975844413
392148274
319271675
705441202
784451032
370594429
856313498
653600368
662096093
450279230
918229994
19694266
134250457
227080195
168437864
84542161
222216861
90603419
710912014
762488293
541721675
989220262
780366404
614450062
369884444
872758364
235770491
706827707
459663587
563555274
383420833
834127849
867839308
671595486
194433285
630569179
761467822
364078826
289206385
350750692
8500773
346973925
156086520
588347127
178648252
743795530
885124243
831698556
843911221
170989184
71464027
389170388
780999022
587553466
215215883
659453475
641567952
244068159
394542411
273203289
532216082
393915783
209742532
888167206
669377276
133428826
773398718
725789997
397378889
722053879
773134683
155356886
563637462
235697954
297992842
633083114
863014312
634302332
343822384
585750558
169311123
734909911
24038379
110066219
730300534
378176716
64169574
116720552
34625208
190086413
424311332
356471482
536396678
557675163
593142008
625743740
536056340
671606652
978379061
586145235
929591293
893640531
387337386
118517517
264172559
12320441
938935427
676675387
279645616
451260995
142543184
532332316
398567357
968176197
835148254
204813560
643972381
306741561
787929967
552872480
657463101
38421776
271226345
444868090
713878533
27704033
92826919
187698610
137107959
716096251
416421915
185931489
636399701
571729235
718981778
776641420
243926623
383172565
919743465
317462660
197032628
288481794
784489352
870604360
591696219
892769801
127404285
201992263
28944046
880397278
947021038
950919081
993089622
134782329
240308585
951875668
319965534
258217054
913524735
987648779
753597572
887716858
388864896
954914760
696419169
523405253
178073882
493039007
279260299
847961792
917878457
127958313
282932473
44305700
98816596
599980489
821974247
778412367
926207434
130663356
462874856
959922243
417091667
871424487
107225516
768494830
450425891
165010001
524741217
789409994
980464098
32225108
688286977
93459285
588539251
309917132
137076851
867511082
389418748
396724514
792258798
992483356
709046756
276224737
697251084
924174283
512323132
544872844
973916031
134274481
723929307
945233228
105553525
5551001
624119511
67376597
460372080
286546878
65649098
132361913
570243039
971290697
60206619
358815240
461200588
291386435
796961938
591146590
952961010
269396164
855096727
57948442
547409558
332781336
306213712
75273293
812361314
39535906
102815465
905255150
397167423
100106494
741486381
344020529
329059809
291225516
465199575
569916638
233402831
583724544
331098846
59599659
889639454
393002138
668302377
602955118
649824772
25656790
964317916
553295662
298762073
460490045
239125673
788404332
552642708
186099874
583413282
112328869
101111271
25264917
315436570
629557158
116269639
546146284
314350948
344871874
219474746
527647630
925220758
982905826
967382263
195252
104415725
159502996
754379164
581138745
739055826
24976879
441888683
908639985
83624666
992264302
171673800
613802038
357903839
36951587
517010525
719244734
20071677
451158254
51860109
426844787
767799642
882391354
836954107
97822090
704613719
75530504
667547276
631480765
373568634
344148616
438196514
492663652
169038417
580602028
114804283
398884239
997144647
542937511
415541040
794866627
20041403
116620104
366716646
672865535
69084387
348692046
126754693
211473583
864038977
958383430
950806876
128558185
639890691
868391507
532092765
65069259
991218486
953071842
761878938
236183603
393423498
764162413
184488813
496358484
777984482
340887298
199945892
587225681
852199361
680024709
817107449
669751782
520124189
870867081
21293360
430850746
438826698
447855
662070085
110050021
159106271
810444865
624411783
728744926
580760794
644362568
229998681
271749562
68487380
665552440
670946191
822580499
734855039
960315331
4347958
262819374
364010676
630335214
169825583
193011725
537124147
44846145
294269714
467448888
461911691
652144767
341033261
985547020
427944512
583280156
128074287
306890808
264147684
558990383
468062516
269686431
808039510
704922193
114580586
680596801
324279628
512815823
350313331
615697351
325330943
882875151
82329701
799368264
441680389
547445058
600119391
52406542
583780905
456544350
992934600
56212529
410534908
430782194
627377461
234158373
871830863
807892137
344982549
907246590
597856022
238709698
101700951
13052576
928791329
163074730
67945631
490596837
683686020
254655673
443639818
630611713
46714471
122581174
459347381
892084028
364289477
598438661
224855660
409998292
117877023
851167946
700361412
250600716
214722397
711565600
537029731
118057370
360178288
865307918
709429604
138848396
285189241
658126727
144065340
342726014
266654598
875436594
505825364
221560333
527606149
105116260
742395482
722540819
17386201
560575213
943154067
144499021
283716779
686336937
41093741
471715685
942545601
180233809
516824545
413352934
904413223
733638369
713442291
635610629
578410053
488575037
203228839
915291154
187420840
248106328
985727562
848525002
980958025
772163606
38199225
902618489
973746336
185891584
211133666
404648396
506067573
164841605
151737742
745080428
973010374
343116235
725316506
689011057
780105829
843214193
211009267
796382891
134701562
658724880
469221448
730975504
444851465
237001081
497860648
9679274
265837867
823610878
697346034
885767474
277862940
688388317
923693708
822934015
839014182
838359146
683026860
827261121
918469953
433904141
454955608
189475613
338413215
482936558
859731490
472171334
529350187
806683754
318235188
1944089
751402086
890139604
806637527
492443421
957253847
485104764
872589564
175009639
585522290
81965655
361361480
51792286
373347455
282048259
669547903
658834275
21162746
665720851
428266780
456383242
317241996
674913736
100682406
549928455
479938059
229945343
504656978
107491800
880803344
273497211
955904805
675145118
854885445
564313371
366254502
58150693
592882268
538089590
716220170
474487088
650800197
531756819
842991116
177005060
544258525
118665685
480351121
457853437
940757942
632515928
309894236
190115415
177410808
543237216
686107538
301762538
120823081
874308183
16843647
441773949
890310830
968389133
980952393
283795728
768931151
514663924
198053229
501819754
343639255
931936229
972373801
705346381
725123904
496609140
716992539
281059478
215874538
367984649
186425888
526591508
750399199
706272742
684133516
153739457
528116296
680823089
456922392
909686955
528109674
553596468
433444728
867942587
745217093
19328621
329824462
905868222
97487525
417794173
967542921
15308203
243884249
359661783
489584009
606962466
553572289
17842149
735532223
229457428
284386278
319076215
176708493
909918445
496889720
940512722
198753852
185096909
912188138
451104249
815928188
76252951
644702574
73125101
485877137
371452312
896588734
161706971
308237379
913916561
74394526
861551930
510460120
715449375
640101978
32502623
863619530
571720202
519050435
597359184
597337077
238612744
831203976
914399980
988657111
189956581
368120180
445414639
746139004
413726346
511221625
588332468
758124582
191630625
839172458
996733219
589125397
174340676
523619128
384083243
493496285
818317407
486386805
976771735
196872829
901283818
638460002
713683626
698288771
434378681
156284773
653337216
376196200
831132474
343254039
815850077
569248238
564660338
699829497
565688306
162701309
350767205
855427353
346726961
233647970
479850036
500902999
815450188
122520448
92292055
962979681
101630235
123116810
115924143
446453781
541594731
329278604
816514075
585328157
641581381
740400403
653354527
942360468
483750167
815878829
653378528
312070521
228253655
694299581
868293498
265369070
514307625
300133785
946533189
544946642
43456757
371321392
126882144
524327264
295673532
405550757
79775805
129790230
124148873
313555390
256789673
237789043
494616947
101399717
890445649
953182818
643839573
677232993
671038183
756957837
464483545
328400320
196594555
146423532
218397623
698927232
463412433
698136719
352945446
403506128
442970671
852069286
221056706
620471873
942432073
694122956
573338622
330071315
311510176
581216094
871127729
58882922
705036240
131213582
611111476
369119082
703111661
241224735
821051794
506791627
529842095
402021153
20990932
379196114
874305412
133595420
360840911
323665000
293953610
789680922
738577261
990551529
988029492
49711611
566829370
499495724
562112600
901061025
356743502
522224824
43390237
2348527
437676857
250757393
570610008
217304464
606685046
352005427
23291609
776410584
500741282
450881212
258921897
338570144
889354635
628306834
364758286
169807882
428423901
780229407
494275349
20928299
523688401
487624305
522434429
647650170
101292086
106878744
841720175
296853841
299949104
701746766
551698844
240008970
510533615
999216170
674656171
61276744
791353272
644023729
181738183
266899532
870642111
843858277
858267949
641685809
555012268
243012937
997878366
742552739
192968496
114224959
949060847
169670687
224848489
669380929
797897804
100084231
817770974
92182702
623965138
871083828
352006046
439080020
376634500
296207393
594310423
151543305
997528278
292570032
604095668
254505285
952753713
257894812
821500075
613754056
815041840
465198487
405279174
27121037
212766254
125377421
173046707
949913694
110399937
978421557
310126820
990332704
73050222
788855207
74021137
714448894
859544815
579832188
865861785
343379948
684078404
768116709
478962218
550568589
657257600
119562736
415200736
582371536
253985885
797365715
432255007
342187319
982571679
215063800
484708068
244018739
900496723
836657921
10247022
404853338
626345584
897652894
980948136
526816617
285582189
891480462
102630087
182649631
695066026
893277255
560230553
938575972
242823879
694616407
415566367
551832982
80675828
713869820
180113361
261343623
334056091
396442908
788909557
59156597
463986933
641980282
982725274
413319896
433170060
510068892
487676758
700341176
387307938
844408452
649970517
378480089
671697092
921457028
826259309
311951121
349558063
156978874
716744214
141992026
283303876
858326266
779283150
881456560
978708875
958214455
802688865
61376693
551728212
96468915
442106887
865902128
84562249
712302567
658576498
318767300
404961782
552974971
657518037
266675832
184354446
720135684
515540457
671277401
867374314
368236371
341331243
429412007
196454765
880716216
996674879
527425331
275815373
109881837
434907610
912445310
19004238
395659221
329617142
458924706
105153503
910961730
844191720
624587882
957487621
878483315
806771674
399270827
617708020
226440008
263563404
467127796
973349483
945314217
605194110
511387164
76457028
918851964
410017503
428360801
47867484
8280997
897336914
62846830
965110279
65052139
236378352
622567209
99594676
244331615
92013751
719639371
64372422
921736058
859016747
242942706
429851153
349509685
337505812
786795906
595039347
310945756
92186951
668788289
246996612
295081094
102456831
119629183
143883382
947704623
123149805
276782987
757998732
954694691
286658455
797163370
328388580
843392722
884043240
499377610
586147717
340161850
644615138
387534894
629540453
292463453
790044294
833527961
127539877
778690082
187555204
713105289
5531128
447419525
670667490
707892605
776575487
54504699
828860113
755507470
695311768
146526496
419250640
706573197
143467757
908719656
712301960
991029819
337381441
259518327
213804829
118238509
908188501
43729088
911600862
896332731
504172642
206616989
66640476
192717544
616461112
967624005
919056288
364910619
183228889
874735778
465660000
753699199
190947485
847694397
173871854
544953713
184666832
53394432
732778609
467668688
695427047
489866016
919344545
26083927
39553569
707289813
339691046
431883750
5995816
329674617
356758249
606090817
359931060
129306122
555500503
828364161
159832293
382873398
995687723
280397373
724898136
316317166
29461495
91663356
943890392
666229318
959002714
986765331
246307867
627110585
989379975
426557014
355393871
739045488
384965162
288482118
187234803
916128716
873852382
452662201
580455227
936559278
530133358
561087264
525006275
819519182
98207189
863965841
170064289
923611788
403189201
317916883
660602239
244770404
375591471
323129310
730366360
936580086
735136001
762515416
480797438
343795561
721279887
815655887
417768941
181465220
951123751
171715495
514408888
956863198
566188836
332504204
790132334
299391270
23796942
747975342
143924165
275214074
115517137
913165518
756154910
54704053
527617354
967983297
709026976
789089739
52790486
891378808
141942985
338980788
847369886
567295964
382949204
105100988
918590266
33893194
364814549
446356481
844598177
379139502
470178149
155888913
96274627
598454080
341147921
764927557
903613117
80031200
897373135
981835865
439288522
261055270
55956994
234343239
138321764
937450915
881346574
918271070
502531817
627799810
514464585
995125129
353370205
693133026
145555304
896402843
559285178
989194447
742213761
800495629
738805158
564629595
198424793
84066681
193126594
72065844
960486779
237031652
589493883
360758122
456293385
435216578
524771809
461126191
432860443
250041773
8682320
229390380
575473134
794340037
496103931
115263224
190312742
38187258
516525971
7605774
71776635
829965598
812407784
483965363
764945796
965591390
781792478
934779255
723580339
480858993
708684515
486795912
587719838
735808881
526929931
742564384
61356408
735266504
637859459
910026019
313100002
852222666
250142216
628236355
256417646
645502241
26683409
275756093
844940194
684292798
691901404
854081456
472059623
487871640
636107388
305943665
830002763
916797426
600784402
466893896
18856123
869051690
653119318
835613948
172480673
889340656
324712994
9026773
817894700
87342758
882162292
221775112
439511334
9527344
180084640
209814702
844669138
211501628
131843234
537695670
187623931
946872311
954891740
692934166
926020363
855699307
83006554
461335887
463624245
955410676
104851045
969777104
235908961
794709368
539793268
789599999
243788675
167633540
91109137
67022330
30067613
567499296
506492096
936029232
822490267
580492782
523628571
852538715
299062782
811622244
326362471
497423292
459072425
30465750
400342989
208560353
406569544
801708194
808843168
449173788
995878583
143287556
366915093
427532915
491428571
268414389
365653349
331838878
721690565
953615548
651564092
774573822
314321055
769217897
902480454
71285686
483171656
980103122
230890213
424694714
372064293
169960885
752081451
768560981
984849875
891347572
105599421
127816960
552458880
616754882
690258462
961502403
323160849
693975449
903319004
194722348
919467664
713011500
854371757
493222312
596909851
561690846
149644735
222391833
97600139
834502029
314647117
496123077
731597081
842736493
240842106
722974714
498016020
414767860
712406633
566274961
75934480
748962809
176780037
204988357
215609371
388842786
335874834
597461088
475358529
868370085
445453389
908370925
903621600
827648618
5410626
629046784
522256683
218580234
755148655
423444313
242422987
603927683
159433619
366386079
128516349
128758690
994536343
713309513
447650191
666879430
794261286
972521072
48610452
518652090
56519720
373559400
386895897
514262102
23442205
260507402
78131047
413185333
882843813
378151452
257711357
633279561
74354123
520487120
59612113
937934499
257280058
307947641
440708159
514136777
116608232
441126525
10111530
226415148
339228588
1767178
336366049
285296208
612807197
531382010
10482274
454427959
949607161
221006000
651391727
127151837
807956459
386475888
249503863
249562316
541918205
500365804
985527890
245031447
906170622
561687217
150579032
415730980
484484143
188023456
711518449
629961858
964247446
357527618
139900406
441109040
245028504
592074364
339195671
721747570
664995378
296851460
568697263
488807149
796194856
893536878
858628989
699531450
428945031
636180944
485190299
135837314
331060594
633724454
784502616
641153706
911352818
469404149
860793137
862025621
859010647
375566787
618235946
394425099
590456946
202914190
329687874
312680878
373407964
166089061
271013027
159772047
10698786
277015258
624652693
498127876
283953654
328180099
566400850
119276839
875352814
126309561
992058072
556106801
473907744
579376617
71124587
599624328
325033049
760377308
284240803
854558400
716516135
746631788
893975328
857241007
651058728
194133076
122561912
498868902
612577164
788724572
655982590
108219763
842801469
559708737
105226012
773530703
203935991
912424803
439104643
406204312
751594082
892141878
590668657
857835355
749975483
959727360
243269113
124449580
526345440
581685375
796751570
448473932
170984243
520331850
548501984
276591527
864898664
984743602
19178972
510568465
756596280
917925812
950096258
623557016
574700620
575445330
414016904
711283137
214688933
819383484
191575175
866181316
315410892
463956292
919089902
242777671
261020705
338977542
461232655
218404226
420579984
936125766
195891154
925318533
601196760
976651070
198225084
827131900
633961276
649804709
234689040
413629120
467873797
196031418
321748191
563200275
850748889
873102640
760457172
628827292
625379599
89934791
316452923
420406798
543224861
141480779
815351930
797551908
774411320
265272306
865446883
211697796
693066480
729223791
180211079
967198407
745671454
473591519
488965659
513473851
676043632
83171083
635066372
604023987
388200311
56338742
765926794
222542026
902089323
428797144
370052315
351046760
238581112
943984423
688869675
540464970
278026526
305365819
5176655
142447335
886521833
867719614
949922177
602156798
897429511
966270573
591131715
715105918
165264755
859529021
98808771
528382037
127635348
311356643
4817930
846405784
519232169
448417096
56089490
461392383
91182741
997885836
533345182
184664234
30231546
759978477
784522574
947132430
824404145
770629802
543668267
90117552
537288194
746093644
79750564
850229352
812768230
512696650
843225659
8671794
527690160
876709671
131567965
652451960
789301403
167984318
348482243
395511733
583351346
445782819
967625446
611491910
17450522
968000202
881898803
615813558
786038813
798567787
389910269
698579260
350971222
196274810
912580709
197754548
243087894
760389380
278137818
649709998
752875292
143159452
120315388
100249529
124410429
42164655
201513037
801261956
428851875
180723031
113275365
84978812
202661910
998418101
900143045
914299968
178147296
227248612
660682442
464739732
171543867
584899512
320496729
939016565
267485114
56943674
965432097
751169227
207151806
496109094
177758032
955368481
749831106
496336555
553231664
117390606
467431979
841137430
878717377
676481595
289683651
685397437
795723866
315873616
829726662
382261323
215463584
59909910
235971011
927925432
360264641
959321553
870800616
593249492
830392492
79195805
259695260
252923389
916678606
137501161
629656429
222159423
594870632
523992847
297586769
303717999
876662265
545114153
55419736
435561186
528146443
866889303
232570901
163317236
555654011
264386405
428366780
448389117
426734943
575997262
145739864
54293421
33322011
1722554
818536670
988078001
960766260
508755901
802428021
822970640
83088461
585894472
601157709
491080403
550683872
320990879
295392884
488841211
704254551
219196093
123182454
493021820
553400417
534058886
344436193
688957674
799522168
737405008
98545806
980877679
357556225
483294963
766261847
5029106
183878596
704993098
981887956
503482653
535660880
344909876
236351049
605848878
419962490
668699805
138127656
365793881
741492331
818351792
834962997
759923072
110245921
927696367
324333843
189285641
153607222
143242102
58279023
360729676
500176543
932552673
224860588
50660374
520886398
466719190
60024940
538089820
149035765
407698857
84668931
563954360
450602870
879448191
960575117
207531981
311507579
99008672
800719463
598916588
128234787
263308283
854185888
200817654
806954253
553446388
777424882
628874721
394693919
245971269
487413969
290432637
364981696
117835891
321031499
427137420
732005326
825220157
350459070
362806875
465602346
113857877
233335769
343892588
825175065
317450811
599902212
702255980
719638949
175744845
312813948
10739429
826839462
76628707
636163108
765535383
663249803
791184797
38781644
741239648
65006762
31496979
462089089
787100045
50538234
147946890
879411603
3642205
456772085
370793025
597035556
717613047
387290876
633268673
557007126
715476815
528925987
867462781
46863493
710393405
462994878
164003390
450222458
378537172
142670155
153597422
132492466
77106025
209965388
754852326
323207827
627858017
221789502
676572475
453045967
687062485
420085618
551527530
443122660
276758494
293794191
380298059
881451682
399224898
407095356
81266999
546004875
46218344
503343066
551836962
437861423
704215499
503295664
594894618
11637644
299365256
929982490
432726480
133539935
900611658
381451547
624324514
629633234
20108486
46008120
54629561
739110755
64547004
115707363
746034757
437960982
48560122
158833683
358283565
917828222
835991866
25558644
303696504
417463945
65228841
655758633
252446758
468094726
372949948
100304710
594916512
242629999
201746844
150620127
867403692
653790846
620537735
206970443
38332512
153707266
796587821
27674928
876799523
30931833
634736850
329870552
634489059
706915399
85653788
201586978
812147685
893017065
115819947
754596203
515446654
271650746
544311940
980821612
132610443
741706504
285366841
944393716
82803584
258422694
928476644
403691996
978691635
96634489
739692818
752451431
34064939
184958906
638119025
50962254
915202054
473185643
209824878
521172718
154630616
849292140
460340544
23486641
577913820
318149186
755569035
369126891
634126421
308713956
20585734
633241698
375655842
798672694
318905326
894461101
592366986
493419451
649329968
650672028
225220382
251296511
881720623
776577486
867160451
52954259
469839765
385583426
789898764
243477594
264675223
69032840
701266318
287432433
95031605
653555871
495642677
180182414
842164627
513811963
123630575
293445386
871145239
40605362
340852435
670063251
512019357
372954963
856081377
127379858
154532142
783432253
566036094
139625311
534622457
346530568
550238107
341205875
746795329
617842129
612994988
738509513
620223149
350906769
892693457
460396421
624059564
650801286
768120717
567480040
476979111
803925978
134754934
115629212
79373546
536890622
727943916
554246535
40674305
128521702
264703410
1790457
741171868
578085506
815591578
187376743
380744414
165918765
846435143
382597996
894825506
32000494
759536551
253004571
242207362
301166750
57258668
167375433
916198528
463997108
421383267
74837625
555180698
439898856
262212128
583164651
372233215
55451213
639483722
779838833
718664762
969176290
742828525
152238539
602193553
464484838
415571838
46676960
937177984
376318827
369974715
763902647
662423554
178678270
60312652
634805337
937350886
968204874
787693792
722566489
614095182
723640842
363811450
278459605
942507072
108580891
826447310
843089417
794356772
925738561
942486908
707501792
308800457
446075669
940417820
550930352
487481395
708816868
675697736
37542162
52389235
309033351
570744396
674966901
836514674
429562971
947252677
468873196
895462683
755321217
345009422
15642566
379754151
78025706
241339983
337571372
816219209
559955020
497435901
689745810
232103021
62627009
172363069
127474015
768465329
505952060
920391413
606586514
663561399
659005038
766274425
330099658
647340117
622049282
621409100
382318210
173055753
748114514
157956952
994514735
759124211
381899882
115431677
144987800
869675927
923345500
162815281
100854852
966117448
55843928
422929577
115517798
163135078
861451320
491101798
937491602
792589644
73041327
936798657
283133376
288079369
303901466
616131372
287189759
491389063
913754189
616259873
43655940
446209627
543759030
383553103
433403444
647790422
15178816
852008651
263271855
938724465
240228114
847854473
679107208
49912678
225807706
708745603
422145704
903942594
933301261
641950915
625555325
476956476
713032635
862098214
149914850
778138100
727842891
139808751
384703466
149589426
347529286
633334856
921109906
285530751
924752743
126271616
641505582
714171409
920398237
620239114
479863799
802818418
38414387
245763753
994871237
189174330
35755395
197344849
914837612
494676371
225820926
784815391
182950857
476173510
928412067
162647404
40558589
629081954
381325008
891874669
666045734
799210792
817036084
27781928
259988195
474225633
538255233
233576476
981993866
157405719
269601257
994437370
807850111
627101059
184366646
715692888
751310814
691767475
105651233
153545329
174804785
192839232
154711442
729434812
726055723
173205018
193505913
865555027
19981192
970814653
225985429
277307037
439144688
570261629
915589878
960424886
414973757
514479760
664241060
125514050
864923969
375979992
745988382
498562864
907777343
590819327
762183789
978896942
409083049
697866327
525522265
603778433
700424891
252343639
264859952
514767311
566444762
50306485
660887311
166020886
485464356
852730199
791133443
709152644
663824115
606890404
859071001
622914021
199936315
301774987
871130947
49876519
67275154
154403036
174598868
579032223
18601097
781998673
332334881
803790828
272623125
450285434
841281652
549637016
970925476
937532053
708447070
532345015
753935929
749430554
983310270
22874364
953246024
488408521
901996058
997630561
771921696
715461298
256336673
524218611
941484911
562030425
153882730
820570782
153527197
729904318
290208040
199542601
699865208
787895152
639719745
28467571
897134393
960951949
600851202
639956532
361194395
721914011
623042824
583930664
738612680
353987254
139308274
254950866
165129789
331770849
141514834
871637102
162997714
164343861
483380739
822108662
767854919
194215814
962919863
328999122
939253440
256884038
546604259
319253364
847243341
363939572
563948764
606269741
351593877
655480459
549147256
52444627
513091995
515953918
574365516
992260256
491041352
634472133
652555777
977857545
600520821
338820504
768449612
38939702
670132615
325696176
683766154
371997075
154881499
249585726
85776588
69236776
520220284
802860376
234265213
342214585
396560127
384048055
796844520
721607669
109535505
193192011
664424286
592460127
962110962
366818889
484123638
525820664
256935450
968780774
141288326
638041503
832083901
415756966
419919873
493653827
541516454
115392669
745913325
784189506
371802950
589441879
620365516
843263830
51947641
222897968
981362204
531615262
865642525
513487382
351339269
808863624
603842481
998937889
236614240
839452661
279495185
146839349
349971008
618655306
96674855
303093395
109020769
163628092
684192600
972240286
557926571
567075584
364298275
594115674
5473587
629300282
508361374
480548799
491837613
71935082
976129716
257543850
792467816
900554462
500948391
363976150
275452521
158070822
736445287
349715389
597033191
952005971
653379374
835749314
136817914
923044795
96383396
565341582
787614072
778250133
910080126
143489426
318032028
365472078
751617935
981118199
188533886
740372221
670540585
102255338
220482366
754828853
421626191
591369626
480070429
892267455
628399409
275819523
743601822
855081444
133155455
309395040
776231732
392580290
494666003
625929362
885939137
498144360
769293695
672550302
422681037
194373418
266615351
341523612
165542226
654706075
281421892
924096851
278452592
870543227
553267029
210490832
765995661
555855817
404494296
712758437
510205619
790979953
967607578
806170066
152232386
142655503
960468065
85657869
981314670
834530533
357064635
163017957
682966413
557426936
512245727
358852241
139406723
933751437
180672432
707930334
722108908
242742288
625891944
230329838
895963153
802334323
217188568
474301120
172137361
924712774
240650726
749789371
441381155
408362354
934847141
541096
336807864
671874910
924471464
902151704
619452124
516422115
424730902
747058303
690371637
536530851
335079742
620726378
122741691
208379276
344747110
631674546
407739585
871341320
478170116
887085252
93327777
798793316
780403347
606642304
373820832
954470134
203499222
945178642
80767857
956347783
411691378
117299041
484408486
941654686
615469108
455082786
840013213
855147571
559427366
189025034
391940552
160785233
529617553
982884872
121240745
183473057
764721642
178606832
696309746
110381103
505107460
171776666
917482945
118847779
551295032
283246588
473862667
788840763
59036229
754732632
770379282
364747678
1735268
231735516
321931498
868573745
185197739
418033343
418142079
298989537
273292983
813145731
805978843
47409811
636386459
452313681
115860068
106568718
766058377
161777542
83744442
638336918
78864562
818856927
480390759
661249282
193752118
151720894
90751285
80990241
10066153
392519725
123777887
942783279
189877335
42439606
125638791
718633841
826668573
777271611
6413371
441214973
414021642
822028371
109043905
597223656
231841705
815830834
456519468
964955569
341713638
522749547
721986966
813877299
7186552
27593238
265940929
85013134
843577142
347428953
551354287
712455437
450050385
521112540
745915917
903591700
361014423
45823196
139661762
276070375
929959334
21182101
618642043
739509653
902335840
498951548
220572358
751292900
442334507
885044798
593162497
451430147
55785195
264716737
249736987
154727038
924414157
406764787
455634669
668202086
326746316
662434026
698170996
653100707
974594744
324696763
359274223
835037294
513493836
702982143
78107006
312842472
372399555
862343998
224914138
791822092
37595179
242200974
839471017
507027264
368263701
927193140
350031303
665339551
511709793
892607230
848216590
875028625
423608642
910772724
146555519
779070768
876994545
5969690
49620154
504183724
991112598
523968372
584013217
913429802
912885103
470600053
951648944
530179957
193515514
885183280
49346022
953161074
40056209
337809447
710929567
170534347
278140299
115969081
854260027
847618537
563931970
677248228
830276610
681411038
494215899
440979118
405126184
836605780
510274093
966469879
650839847
579845541
602697869
846641379
403068852
680297007
151134380
333816781
59469130
108177658
498102679
62857663
56776221
241480756
460817098
398242318
405901664
240053058
657311169
12950624
648721699
597629798
471242531
424504814
68350164
685292500
222278521
751465136
423525629
771415711
218887314
428650401
239598239
290897268
155055553
480059113
635198311
458950061
200285053
259937918
931598200
748790256
997192490
594272470
47805492
846670007
484723422
928818833
329255531
605767519
625468340
195188501
618170093
615114114
5127178
705187845
713547756
795189024
772858917
440859192
7461890
287493843
53501690
924496420
90418197
413992204
860639217
36372013
401070458
478509691
303415113
820312356
626606280
935545409
372540899
436667695
872690932
60076819
565383497
646236799
277169961
253257282
337933118
473870374
624760788
25692804
767036401
721173353
457262892
179183674
213408588
160087415
993981880
103262414
116444982
500847710
63922586
956277879
114155615
955519077
821259101
916930452
16389623
93650911
105226793
545574854
458621102
932038085
686348270
472231311
288897875
812531647
426686215
35885922
557514558
894677989
965239089
81187221
922210403
901556409
962633861
479226531
132060352
42464301
877610131
965030843
507243876
649887918
852551491
990367098
598069147
949199429
304058047
382710429
203884106
558539131
23302198
941196773
617965603
320249517
920206653
462039601
343801526
195364544
947982651
517765157
958780327
122622627
876412069
101482395
369884989
733529313
465747859
310783482
627724325
118546290
709249977
452357969
350361575
780811011
29813242
298408073
46168005
905149417
310230631
900397196
820642832
590629742
631548137
72407052
103399836
974155623
422997478
197025192
342940924
882409017
473476422
874854299
398991229
242150949
620103947
627616006
537073648
187874218
200230799
363750205
973366456
264083067
194216107
238669194
826571106
576035556
224472245
606053871
247621221
624166372
646163275
98773093
381225415
223462855
245093411
201298066
560899067
125648641
941158182
479209089
524624234
484116953
230340105
814595292
288320590
357219453
580875360
134713569
887866128
738689782
408560224
453692647
373175838
877853640
466498661
145146328
220642291
258122681
947348524
369205699
36404275
292677142
246341586
515065834
692102370
297316520
496496118
494839656
368596863
508447150
123802611
402014500
771930382
549707249
511732195
145746429
160631523
842774355
646951821
900004203
755045187
386813051
25930162
57686428
972218673
227876457
602007393
547567905
347536359
651148840
155282528
827734242
32542031
34944440
47146968
434996193
550880179
387255399
688761235
719068416
648672960
668350360
973544397
458403383
46743749
193014612
139669400
741130224
428034787
134403807
266594222
943168465
312246324
855666663
592743569
450248558
891335995
84530191
667707098
868349961
388412406
658281885
309091277
268193340
242547134
867769639
129723143
267400884
225998730
176951479
48443108
630134669
967230146
944902907
509452829
614354929
276746718
808659619
945247323
600038592
469574824
611738615
795133158
981788547
336238197
660884003
252838008
325825605
155590190
15441477
414922299
632283720
462418618
126251682
397550803
159390783
844920389
230496321
566206390
455859543
932053782
122320448
603715801
802928203
491048904
556434670
710824722
21396354
562753525
850298806
670484950
45295217
981933160
911531952
338354973
393306994
679385093
939259530
647085073
838509189
198586322
958048912
968433190
569395164
549279580
59022302
57256958
736937332
257412200
546660847
40317814
326391361
267187040
436659273
837690698
75573987
41137729
963982375
764643878
402157008
333638985
466462887
317559549
458039114
760291790
459974796
271602264
241663257
935055752
317780777
531813953
276739412
924511470
185752382
783436202
284418974
545476079
749110583
223816250
873709705
567444467
925487977
817979810
485659991
699674130
874191270
893743165
94636907
511747615
82588339
472669457
898221333
942030325
566741756
35172836
31246377
418371934
426097100
859980832
652575196
560943059
431055495
645903221
704536511
653688545
800283968
275062648
940904855
128883539
600391724
404170093
623450632
248995600
936159091
255913339
564523965
216331024
291785264
484588198
170963042
972425418
217470754
698420166
644859431
69981892
820103367
129716004
51661631
447664342
862298261
396496312
666638779
673313364
787965775
101686765
139419190
879716578
177327501
948678676
783601578
468396318
988286111
916776283
713569495
607361683
230078974
393665953
482333557
834711926
356715529
238942580
152338291
568480320
264871077
989493995
759762108
921882930
66260875
697354843
337025371
379029823
760756236
91636555
263652567
95347317
273200273
451283469
922750669
662326026
288054697
100545734
586445556
705463001
861681564
400776018
204974391
306266869
342486927
825027417
969318498
680728668
711980145
399354590
771019477
809763572
243371464
220161926
103145941
442586065
71899027
252101676
86232684
824749883
314986164
798518418
142493898
645918485
250394618
997075222
851602408
203352004
86914813
138784794
700101044
673775534
821632392
630986937
137093096
168730283
137234609
206378863
545877608
971846032
563046000
621247295
273247413
841319241
193987673
963784542
551923452
326340610
813337887
844737715
672287233
536326493
863281784
92933547
969454761
881804862
756858805
196306642
60402873
442538727
826062461
352565910
598650133
98589286
249054304
890485810
79225115
658699955
490391883
45697585
820469451
675782811
731180589
625560785
521313097
880361225
290186990
775202999
511490452
303089169
353322694
83257452
702576228
160140418
756741751
706508016
899928338
903974554
545730968
960445012
946760375
496117684
649471457
979241405
605337760
32698675
835267011
137327841
900010077
584297236
227722509
894228498
528507466
853118577
711758811
650311551
194177016
757963927
253130253
463694500
853783000
453727963
459389165
396436981
165765646
450393210
486259498
116111257
164327678
502049546
423513160
619537043
931883836
986926981
3556840
149770120
719289503
341236725
74101231
482359029
896721203
423872642
285623382
720295248
626039864
653506655
626943120
647804456
718877887
871753575
390296438
723046197
379171448
694431076
78406443
868885103
751261165
656562461
752791391
136136828
427908894
854097979
707078934
813997513
266314815
673255509
646332321
414092764
723108746
395992795
188936760
271574286
998298867
413999623
519946189
356054606
189031397
24334577
767650524
780161607
434078372
245328643
160014537
239872455
743797749
644113422
67834683
419608335
163830587
471963734
874778793
394805132
711057249
49982433
370009942
687258457
624070359
785716535
239393486
245798082
111982203
138086549
352221336
114659092
362375874
445480782
467677734
467543993
742854593
518085554
821153262
758248568
706037364
24516342
822957582
461441227
361255708
520095559
88258992
555815080
700544345
727036693
997440806
597526031
298174692
732257290
833310039
498419200
842821933
183516909
522430170
735780208
945882039
92643282
233769052
305088491
720580782
450770867
659112378
592580679
404498073
206445602
925691308
124974460
592673475
866100328
726671181
689398913
898344464
714425049
255834858
252833172
541450020
249459825
620254972
665099477
984708456
987235279
507256860
770174708
368037738
917246500
214765363
458471264
817495261
777793698
447585187
20383568
10191964
496959082
854563117
212671046
444708845
582646406
750401689
457756341
834394542
805816076
554368811
847071592
704051990
980524288
940212905
425595193
503711290
654716976
694345905
754591280
203245740
461871171
891596654
873438813
382670489
409785463
629800148
400359184
659625146
107091313
609313701
856434829
317736278
261146667
843903159
920658007
566915460
252299380
758369829
784446059
934703644
192825011
696873046
167848278
380630253
867727474
401216089
979267268
610959522
637135636
728448179
741220831
533586270
396418118
681517209
769504216
671851625
211024710
833258101
979973602
79550530
146143585
345868991
378194142
97719305
863229780
130287005
441733033
4413159
611450356
131381798
442044688
96953431
916589489
82089271
192895263
206435829
189243357
678386437
919089230
814716421
382891090
975300559
204528491
748766833
33572415
222092883
493207261
906167309
265655186
410020800
929023719
340835634
699260712
986739955
814194631
130797316
252214845
998002415
992927662
589299049
655450550
787477681
399915822
14383719
997439430
978816948
910722568
936828642
32705537
736136170
493527899
855053189
843213358
542012107
357606189
992592440
300848473
600500880
39944060
996618470
714198987
695238759
272411436
452334792
935187224
108878343
407069648
95232209
433290479
716966399
869044311
583367740
808470416
490483469
976154858
748211535
365265736
588305306
505130028
134121169
249640781
172772365
423199145
274567415
611561716
645096879
625017287
534249945
183671581
536549697
223813148
564129395
229171938
796035151
91170212
93892317
858241102
166883240
181513729
788635787
759944438
482484590
847829059
113808016
702998980
30956232
335680197
209526776
858770139
676302546
379630570
615122718
314879485
545887349
803387760
859689619
285758829
306954393
105831601
500545822
241213051
499193079
59116231
374315390
913517714
18672499
863008511
157451760
413267252
153554320
923622651
47757065
201696937
912075323
259325566
150460410
192964204
867904074
209371254
915695304
208010995
607675093
589978448
264392979
546075851
3753662
96396239
394179621
103690957
979337104
489980736
391516269
320239546
114827350
936343404
899941106
669170789
451706069
268642999
748686765
926717474
963554950
852145485
315089742
346522675
277385756
64577566
709713213
145941792
1386483
510782435
426839970
986906047
265173680
107794392
617697010
206920457
884196478
923886092
727065250
804433699
628047399
528761416
952184705
693003390
188291332
924838054
629750946
258817308
771479080
288444035
440579605
697093821
126450189
267851156
71687835
223815531
676924464
87435952
198497033
498703977
752655581
117534295
567622646
807684777
857125004
767384243
67387348
926619622
807727979
768180005
24225308
866395383
331809708
846840937
62991778
183270545
673983424
828795199
241845888
74354108
430696479
385612908
299258968
833016350
144571301
956955926
975289154
657346402
349974204
165797902
102949691
570420425
401757227
779203686
162807623
637337564
292598741
959042591
333327802
299999607
210130967
110250905
817110889
600923929
773370358
682254644
550104715
440010418
336814580
818869390
977559817
525838908
731611674
980075626
476265708
33378522
715952980
70606016
640261537
961385694
24921631
406857513
929845370
686196623
654508534
653311981
116393490
712630520
374344679
468187896
659759397
572428758
878087614
275083282
184636466
536799710
455964862
227644085
411260429
63623141
132590112
952897325
315531756
422426649
725230136
61822238
625859698
294889718
348743775
961040354
644639441
606403089
540114669
249929992
908694634
339019756
126563683
664299960
890586237
960336215
735941606
435429470
592615968
24140372
933369729
894410120
927839353
514805086
93945706
985610255
210691588
688452670
822567944
212439173
510571539
491931292
30901749
984889189
140148282
538008732
194837845
925770109
561178897
912349375
887277606
448170127
285460087
176318879
759575667
249210885
885450368
136159447
57592491
842690469
581085133
109435682
656966436
588626864
7849276
122620255
985885748
145417787
638630090
988086863
445468931
502040844
985671845
30424187
175882972
899399703
777466590
277938914
454275560
875357165
38649363
291625026
160786326
168751982
280185226
934325087
949108447
684593184
223090125
631517491
20960269
321094919
69832865
330204974
581951341
975831237
312266936
649540385
807197055
167348338
515017924
151333769
164538945
992707749
623407733
31292948
926827497
36358371
556202497
115006233
788611214
890701708
548758872
668076775
507409542
540963801
263755636
399401739
450544064
841051445
525289240
54244209
769998326
781399677
465109530
116494149
743559703
528080602
109143008
236098132
80228437
25415706
618499267
285784197
892209504
738598370
534282827
141660274
393602758
877570084
841820854
648373526
794133544
923362915
548526041
123945489
93782730
880710987
568978313
246455897
349998498
37020144
796988966
872247096
816567619
150188057
33058646
250482521
782238627
81456591
941419997
71818351
285641902
823894273
710570115
100438716
250824540
703415099
574531926
47257896
242265419
11445833
673381142
368360108
938979680
548279018
546899169
997740174
971834536
579160421
187338397
305317376
434253785
881054921
378398126
428375715
794112338
845037435
263082543
616943710
63400184
643359855
878798169
87797610
187984928
653796232
529083071
110967813
310073707
982228424
202417378
55080486
144555346
429514341
760936858
911937417
351013092
810942191
220807641
28704897
457472255
141635986
863989
611100174
12523739
76136821
844007642
270812101
619564790
102682418
512500022
574071329
986991369
218799577
631508412
465968972
649690255
556489305
297660970
995758123
550554738
304672897
396506184
83520644
325096628
793866389
935719179
744840384
126455977
367083372
138016985
142337406
965556324
299081926
146858905
461437896
929492703
549765335
250481237
220686511
877216201
512951965
371665908
924030132
644182511
238084214
518305542
515916069
405737242
162428343
551134911
229951928
122677828
707089615
593530903
781534846
66926830
236883270
271776158
857796077
673706974
597134485
379734737
203550631
710497706
119232427
308146426
413250177
170334879
827530884
755074416
776340130
854471603
15030932
616028046
973928513
595894030
646463719
708854692
203181433
226172351
187965891
6328397
749539370
179520483
984412405
721654599
626274434
464663327
793740008
115421831
421437584
471702285
644802694
694564105
677276683
845700313
594625418
613543725
584176806
292955285
485982796
998268820
989130176
124922565
875843467
388850063
270377622
61736890
314537687
267780122
678127151
256883520
597038436
522192003
307570475
159066242
228795760
656310591
831686440
917756453
965196579
781316320
840453194
958578375
28393018
959224862
249552140
940652313
678979864
310961849
261688909
109245158
451604175
534215271
709702291
677116878
703307669
302940486
109785448
677669154
927229128
527757805
835192330
789844344
449048993
533358625
929062969
577580432
376610866
232538048
933858063
727401783
745905066
266948215
667774010
445896813
697351951
47990515
251775113
753005278
400337685
336142863
765773165
315091017
557542741
817732609
282715426
852389077
896111321
325979656
285407216
807618103
800485340
233234312
195998166
976211658
753166357
963393083
885525386
598209461
599295332
985412538
899661354
422924232
662704130
183961799
249436307
171697134
468345529
40747105
856300266
563289514
405455377
527038639
491589146
932791124
593766784
439937485
69478865
477546228
244614272
20625542
923176778
811096228
913932881
378291368
732442240
976441187
197573186
994701466
226518453
146916611
741813619
661775969
596151403
216337552
225074519
7831234
247463026
806748086
982022723
527651490
187137983
892305466
447340472
239346636
676720749
290799229
517533648
469954411
647955398
838703267
1366597
815599763
16077787
955072801
743948695
465035097
743657040
167141705
538703070
520555970
208456028
319487653
499674438
375381796
506896102
337296205
775242305
44400153
406046511
411969942
799375985
331004456
933438297
764011925
975236894
837459560
685722689
152345267
22410717
790033792
447585645
110910223
882693703
569854949
317142480
686141645
407050101
706222772
559898015
196175381
15482722
456466628
907200221
19731736
520244746
723765832
597334336
117668263
37719381
739929637
159386283
425231678
767093068
794733021
343490581
173366064
450912500
802317394
757265216
297331339
113554377
305434807
209063747
872793760
129509553
150608321
613678520
242229862
190274140
393220244
166977262
661273331
731463984
311345907
247252620
98543101
975649936
452593536
150324248
276209897
448749307
284449411
820218324
114053955
880372664
496494602
251936125
685787265
367194900
447695701
274453731
499218556
477328809
57691834
910973537
200082764
890935761
388097304
63521218
49223424
214228225
26906615
562395867
676747443
515524977
22546416
269894548
383397739
72392961
889447043
484341227
923843123
313189073
227036790
425022846
791156160
335107322
279190491
816019809
691529416
887767101
659197789
108114973
297479548
164158342
615317648
976210494
281464799
49136590
632076294
769204167
517086027
135380566
921330674
347464020
519335193
841742807
985249167
442798944
6749927
86356451
523204087
349460405
944543134
394971025
516857172
47987967
575078433
51088411
370281235
289038702
529847375
834670873
252584247
56677500
280356452
552001281
8445228
51811345
881255098
200933124
972014611
403705957
54706369
920998940
914790427
247797230
338760386
147697216
24814735
774296399
680325344
927927909
991090041
907116488
58195867
566372077
339987864
244950108
207517243
7465164
1135363
118443743
688749308
470962361
950782760
728048007
610988070
192291259
772423611
173263782
154387431
350880320
439423094
927963151
935313593
26337945
771053346
268833254
494202863
579879152
644513030
933798624
298903648
993130581
681127510
210448563
786878427
559800406
946910584
36334454
108064021
512755658
325424530
461215934
230427388
563498932
473316835
801687088
450649244
465340541
396876679
780219694
840876243
910628842
130629386
654217359
794616974
189169655
194605119
167434196
991057402
467513104
707317238
807517389
840238404
772708195
52084886
103405497
800701507
619888934
704732551
233181560
957639913
273807852
123340122
314108724
58344737
118990421
665679291
115736023
650230513
761860431
184136999
122365354
872963369
736715479
347859003
709758155
13118361
91735388
447313506
753862352
97907351
317411666
386526154
395161934
986715490
397559825
433279534
722599412
237107693
531489646
286604059
738565140
547700015
52532868
104370775
953724520
567666515
380258924
899190515
848059661
605572578
330085956
589152891
453819992
480674882
991535533
880146152
554200036
61234353
474771169
117425142
833209468
302817941
952739165
7707944
277270927
680966527
18188436
792559874
573581872
637332570
47075686
941604991
42902738
458288612
81647841
654676665
999381431
795050609
385000412
779810528
807586569
346324375
337271242
293001244
398317028
11027807
342530560
600038037
715990523
198903550
996716384
323374401
844559616
980697118
43288655
858901493
