10000
936322738
932834344
122374229
86509829
34026868
722751688
354802475
624270545
800274729
527956364
704718921
236296816
359260326
964897126
130164226
799374695
203882016
584243449
12050729
820917911
676559249
588874267
684697437
306494972
83169217
191252081
818618249
370826989
704902527
721460775
475441298
336477922
623251156
428650577
595060114
544622834
421952768
654613183
871787627
724014394
868700364
975572117
62244640
580115766
384096038
582356078
451591696
311487266
771738553
43630612
699976452
329882920
643941477
829080914
470400446
576345705
466934596
80893119
745759227
748700454
190243102
767430143
934714991
630456698
75651034
116655436
173437458
642692491
28972952
389492312
71294835
470346434
295283754
714227416
150322174
547704607
688606104
594517516
107196171
146477879
5781204
533579497
324018460
150637559
517297525
306585892
530327111
227182626
464460763
499809691
39499651
600818028
205554681
476787482
813582485
350982087
994060738
751785865
106101546
890049305
755892923
253445368
489407075
327569656
97202561
665137152
230442387
568114683
773795360
738523720
24412359
814668053
573651535
611263240
365945489
221702159
646569552
727286282
925962521
608562044
65782404
473870236
250078393
846713330
358199008
850246426
642093569
153544262
4364794
746678465
592738697
848324273
496780913
427251482
711602520
571024989
740851166
972872630
615948452
801583690
826159580
773197027
315937433
788630766
4946964
329336973
506993357
804634002
870723544
356425297
996031269
506149798
6257752
961250291
131048414
679761918
85580219
760717009
868042464
126637590
719711206
489431322
675828570
967096397
741681636
70000359
306377941
831124153
755512088
48207878
278036173
468766722
849110454
472358124
778981327
487777906
798773118
382146969
850504364
619699064
449154168
351730303
847802464
829507642
613059481
249991381
596728853
725947263
692870114
120772536
457562467
842520747
414561645
880886269
983969052
523842763
486983314
440540367
437792397
597806669
149727062
271849519
239036253
357588380
368940666
967312059
170740890
361415290
615633030
459228583
616142473
661579467
264508155
17845499
22528548
941026707
708303827
583578862
933692173
920442112
124857293
477054725
829866533
306668950
686379271
823731330
888631745
412905459
771759142
449432749
972337290
295711124
89822036
126474671
943640127
773818073
659013011
53049332
140167432
422362341
8400826
156947997
776241040
106271544
859447224
940293700
713147044
944082208
182249107
900795175
145997814
776836852
556979709
675712340
790474154
846169158
836985505
606175081
785478046
349869580
365167550
76196092
777109572
151950948
466228535
327598818
409431999
308572338
265463282
482930692
571367674
421084958
959265234
729783852
457106080
920193566
279969020
33549165
114520544
522693590
895393583
845659256
905695275
390799946
761262345
573900136
82564404
919916146
30158857
46357931
423110683
481095001
322827291
624147489
969449232
955312818
157979848
973394708
875594552
735043919
696517488
815182668
79052343
225588284
885583062
630544089
78901349
626193105
986919145
658762783
184703935
762409916
239411789
582679597
258420498
828742778
136959997
244671923
911138303
180480019
290132042
866756398
509349187
632861807
738920003
678070752
636380500
462725463
431739075
972670661
491659337
806191658
19212046
862248137
173913417
129356657
525530342
348333088
833781208
119946345
553688631
189882254
57146128
743700878
21575890
171857914
280333513
485540166
551575445
625657467
456098740
170661339
955598572
250339382
742419759
973246955
340358773
219945910
423902445
914317501
218863788
542043320
501393753
222057308
920545236
571543203
728750159
874877824
478336761
112709849
546135059
751856468
206020596
396034746
680410496
617473224
426408147
399014101
147403786
712160591
699372220
547707214
790569799
116829939
277556626
540749316
114612606
529782682
357201295
843358854
927588877
432039420
737531686
840123209
946164867
110608750
201136774
293228477
22275700
270491434
194292603
41029781
410418657
449342633
914126328
148602360
747570751
189226396
648051934
29663984
488753310
328679036
67453098
501601257
844135419
177804078
916341188
308904970
83087223
106775193
289403135
21753459
592951602
922321194
959515024
871840830
443188657
15066207
683280697
577135363
317170941
481417986
624078822
456287634
651112103
89393084
109659995
607246058
157990166
910495254
146581254
719655286
451279810
642413026
653223153
609930387
920404424
271719806
371927371
208827273
677454321
131148103
737726268
519531421
724794
135014329
310046751
346812829
844534018
519021529
555797285
586904911
591971623
976581806
740113873
689621836
15517760
376560295
577786448
540647672
780215557
151436863
773085104
631731956
339136123
607262426
183438137
416723611
92052387
876652279
816354164
352812887
308875443
2291836
195129205
126746888
331065564
917747567
335429012
459852365
66791556
420333826
16827268
379646481
350675489
510576580
180486308
239769917
559212124
44543432
474127962
369157199
473867983
921249335
529784766
998221308
676925784
74320251
130604087
577127602
337436817
649639869
399742141
843702484
336892075
893450277
22803494
928102228
574447183
498001335
156564514
462712430
887399672
440279397
737786806
512434624
234671158
928563294
232526526
116899074
135242818
691194358
967141167
208234879
470241721
409374239
184012101
725576538
80067392
892070587
915602234
896420845
993788487
684751448
696983493
184791121
722676092
980501366
245687666
949182188
676709679
8006743
575745164
825929852
265626649
841995403
578149230
73048796
447175083
76063280
980777453
695326804
646261062
613739345
948008325
412303425
604979685
450291795
295282184
61536741
16918838
521719142
193725726
646001810
160301985
225887994
345149154
601591329
501398224
934394200
664924529
883691501
346337946
542640048
403571990
223409367
767916049
858593309
98412937
225421486
424912606
685928987
197971541
235054814
955257343
654167651
857290386
804170757
203654641
55705052
573392664
446873667
390203071
719187313
666573726
700343675
892943142
400026341
816321251
241359934
8952880
342827206
334630239
9785286
409229316
248000295
942212254
610312783
611421335
52823992
825681585
862928607
962298515
304986564
489598234
435678948
23491989
602662924
771699376
242127658
55220673
335966269
326787988
963487414
65908077
755654722
559664507
292828130
286415569
187695270
649700653
113559354
424725655
285135649
508405605
905393398
5576382
379084838
199069740
724623496
103652967
16325567
19322417
756443451
54234091
764721025
237339652
802249856
823943078
546589500
282705916
448305031
644961104
536891524
771697410
213915486
289591347
965968141
875494381
486443690
73862746
957199381
562852596
400729910
371874445
588488929
887120693
636968663
7244560
480444567
865690137
937999395
412635053
218072140
896415965
321581674
358061772
332152466
142247809
107977968
865470178
363583650
874239457
290824543
907071488
230258835
234471758
687575211
87615687
24339858
868820567
424641959
167568354
381442641
560602282
728660741
826621061
348016866
248248130
488867862
761947318
24064808
306538265
389723486
591076273
12795971
268032247
110492502
553134294
43701573
958816651
366118571
65576317
636523487
384501802
393290210
821515549
453205105
744795969
53448841
122982676
207017620
861032007
697276463
67231929
289170639
703025983
900580742
489467377
45676023
432265277
124678975
973797216
229093529
734349102
236886448
379130747
114981633
705707084
791490867
653041710
172589424
777463686
394085083
611397569
609692859
28016573
272527394
272984716
792499336
515892318
634630414
778343148
601057819
58033220
554920512
144713083
159051200
7520967
731492714
794036301
748901951
406001355
54347249
252863112
190228178
774071160
946487146
834007372
18940294
989493925
193446081
101211705
964997055
725323407
401884314
363164318
331649755
234851318
418744913
992621297
783578679
405021616
822192628
901181433
900244087
83298274
932269726
693531356
772654503
902424205
219421119
466955731
164544692
485516961
653595221
602574170
309745082
296049464
108868159
788561832
685749566
645766205
880394048
63347535
518572849
231778002
253910427
12546136
583170596
307590749
345479105
31176261
441114227
784464876
827191912
313157565
738981702
981994774
427489298
747586183
530605606
689667361
341314227
392596809
391372079
850391079
297631244
375312161
344958463
366563079
374138056
194663583
119430679
594866035
778919091
236709178
902537856
104296449
122031472
127749299
896481008
702146117
118521838
609025527
833496257
273381067
535927546
965645509
191613579
798646780
531561148
625685873
158144884
856283727
523910560
736584345
184469866
42778138
248386653
721140148
995321693
339837156
844165699
214844529
574236528
34868082
77410027
566653394
704334711
752244411
405186368
745830162
158340516
441791356
430327752
44199285
220885567
822283055
579293970
845394150
6863495
173120029
478486551
121116389
865758768
838239681
481457914
300196956
238873955
662210858
605204832
534317099
405513518
282826598
808627127
857168973
881624937
270413469
90336453
479515986
812677182
164744353
49784878
789582191
772264384
360301140
233671230
870734136
336860264
633850680
199152747
597983408
66104604
253566472
550740308
935957114
297157229
622334081
203105463
11569673
579774435
392859678
853678932
487191960
890297110
707432384
250941028
635221668
820884356
936879205
103819187
845377956
513538458
348511280
518515577
250344827
349993914
66698252
508402497
581055305
522150626
579396754
436795749
263142747
793899187
250857724
442049404
776389094
370186482
347812387
836800947
938000403
602606410
704978711
530674789
934484877
720878949
662609097
753854225
401269844
564165457
394265638
219883984
541336771
614490805
23101432
872049701
575155351
487458310
638290404
415758408
777615599
682793790
3659540
452963436
430276616
306183950
679883189
482844390
75185838
821113572
838794317
682573902
534497130
903102222
544552554
159233146
36495578
498588775
375911623
495979914
317184578
492584763
245211340
79454969
471534925
691888374
634498244
163456060
876368750
159503587
261151456
541829059
232272903
116374277
965451032
164841119
82168653
120316734
882799960
223296331
623262985
944201111
626969130
385572959
589396899
145277991
103109146
851745886
653263127
941577351
479064237
47292731
237441910
431241833
400115787
116468072
15323648
572893051
912200541
947596302
793410123
806003591
335078914
603489976
968826256
938080098
209860863
64909165
12039082
235948337
407031855
367541966
567385745
51436176
828483839
38780356
692147784
223847356
694987529
785223535
143234477
104144667
104533192
853410234
272115513
844706075
413543595
747919085
344021430
754046564
716952904
810087397
625050264
925259931
808434210
238774818
473126838
575221253
879501577
745187341
828448604
536434686
706664470
704387626
147711893
705269892
241142957
184157641
740723697
963462963
180377813
949621908
35694875
923843408
437514643
999840501
457750345
647263983
561116456
830449681
281125331
902019943
636969844
596594858
327968740
385774788
296956667
454282499
842968281
691708479
465711832
295340916
576072490
498714057
543890916
945665521
865901448
292110290
136691590
155634271
637217170
131995666
641364822
710892363
166817132
100776222
875201947
832366965
515689405
162292787
544164837
247964598
773852848
377232063
281099766
565742364
813911077
319742224
463504510
336515087
376580355
207852946
437497178
359668382
251311242
474612366
750251929
446556522
262907666
764325184
540913805
744701202
701670910
952836158
368038493
617937959
470187307
244213250
242252723
723650506
432611720
908059887
295093198
350547815
877372485
132369680
391316500
227218952
881518230
76375495
857107735
396736263
253169154
679232875
576634970
722630927
630595873
507546315
132207390
910721376
380885960
257075688
857183563
168168261
710741009
270489641
386758473
772652209
832064727
262408077
195307283
157754724
73454434
758348978
149933690
833001154
68777723
369856361
712965340
235370815
269646838
289954035
263283070
141189169
321775086
834046862
196400837
367076653
198810128
579184229
500193653
388402352
344129348
396090181
290096996
782026411
391184776
259630843
159174046
458474585
780044854
583140080
901348592
830287674
880100068
640031577
128838392
795882896
641812556
991829
458348346
911094835
496966879
138684193
321618167
279026585
626471915
208012794
928865140
121907421
549037580
83732571
896252002
371073091
382895148
191843492
664133758
143633852
914917828
237040427
214390306
6176149
9866405
344333310
525832831
550362540
188992515
976823225
283023146
576784063
197157301
772571701
297702391
755536817
834921553
206609002
276264351
11141742
469371072
515696662
975495718
196518105
430106791
840823998
508203626
775643800
696392963
740426979
393211163
359412098
410497855
41992590
422823200
310540265
862780100
27645684
727619397
250014139
933130944
450805088
700577253
617570191
598909419
507182756
916321968
99757941
77995221
975674870
187512166
988530785
854475789
594622917
900983614
494240246
264751917
637099061
727458495
762894206
63200657
574867570
530243748
573505911
51839141
319718228
43037505
256166071
409119851
588790668
253079069
55245778
144884135
739369485
498041558
317283824
647987207
55938012
907251301
882931844
150172750
392459518
308739748
452860735
887242280
340815438
338519042
673488963
473265099
122757337
54923623
186749042
133316365
921997640
702179118
978883007
162697941
279799597
263419861
909136688
751162420
158739268
783659666
717371060
388430770
991297035
804452147
916982583
218237999
197511329
71514861
750194220
945304905
73891158
860524004
50457938
379787409
499888194
948429632
77985534
676342459
470626835
535893018
690179618
475071806
460717051
550811762
310827434
449019127
829598325
316941106
582109483
388557392
468468085
963327292
136879131
998612413
366977448
663527654
128525789
365924377
479524447
87936297
39250315
752432323
968652313
924495791
312735268
371716559
221847020
126092008
523760709
677572101
404698286
367967654
471667141
49315491
580806555
419214869
745470470
581664555
593293741
826133495
911957606
637339831
731797958
604425904
7155643
601565263
718283499
185217202
907909835
519868976
955513484
291668434
983248404
303692493
751702706
365203961
383933965
173537032
220778501
164774535
996969409
118387935
54366917
157170609
758499055
171754681
572336546
908780919
854837171
574081593
702296256
875103252
356701605
291852322
681063973
825046888
70422982
852270711
736621643
804398643
869106176
750928636
273323750
697147247
295012411
292773010
639676015
250906182
170121951
21998891
980640877
78363550
370611818
217411159
230402046
361168316
796921151
205334524
222507248
626756768
353440380
547126519
650873316
392946221
666953531
984926649
684404892
226530548
351651136
632632463
257781098
867698943
491986366
920655596
755352668
43482473
523530354
79882319
645389429
785719100
226884054
438856561
934673397
82074416
607614967
220879306
550607413
487163636
325258002
687556866
468313933
210780235
958156236
210320910
303402304
202492878
19485545
197935131
614590463
355893662
273697642
120542319
546560478
875682393
752741175
50286683
801498806
426508409
672967063
416850039
554926018
8886858
812382397
756430695
888186126
339804541
278985727
893245682
432208050
632578992
297333508
374069327
138445527
903497722
769628785
616816348
894913006
589215352
883026963
889727363
362071701
605840806
454799052
653365620
562443897
605059499
492879018
476588745
790776411
97766196
5616307
762819488
996508372
795118307
507704568
187897040
512259726
976016754
713324265
968381796
820281656
536488875
78437982
460935738
460358819
283704984
706403742
268472418
266997209
14055021
476794347
997475337
901628625
944183022
44418772
343704504
910989098
465789784
814505281
99918272
202118704
814366475
805905406
371434441
837956698
534855652
281411941
564368648
400272677
684266559
560300018
384839349
95510693
706653266
189467392
481513246
14472771
733121740
433839882
905179023
590430278
22243379
793750868
582697713
786046383
841473335
852997173
639632636
817664679
869128313
153101785
484301566
373209747
471249671
772791581
939909936
126461334
50350477
386260747
333473135
164087015
633213287
772489229
360736096
158860302
23148156
532319696
872975825
728447994
249306142
342570328
96480166
91235977
221779468
509907994
724966478
767947219
372426947
477716076
915002113
455836075
544442375
551184656
426556802
700213999
966066857
551499149
220887660
110463390
409406301
1534542
231351445
668620314
829311185
416993230
885511387
984951359
829729360
22678586
842327143
415573793
395629473
705531762
597240193
123733882
646371521
740888718
189440088
372647059
411386453
18548835
747910631
782306746
177078703
169210130
305628057
691081223
42441275
378951534
297006821
560680552
98876101
146358275
163643707
642065478
649197703
41097977
498416549
737137130
620007780
70809899
186669277
230332006
393957090
143602657
293986819
518398766
167984911
37301673
520101996
948213954
610374286
806896354
343036411
682382741
850275754
510871377
783504941
312521592
25694624
185684568
272254981
621512126
65393072
379965998
269412014
580167951
311557223
590604740
508382671
938259301
85060893
89676295
442177181
71135181
130124844
482660050
722047917
803693671
500095820
991901907
943917414
363769216
782654043
477627598
368678187
670536462
69874258
680676977
695168062
950623776
496340068
205955906
358029571
414959746
578198434
332877329
353408855
68357516
210556948
856827078
11517101
491175012
659735982
611837835
933105168
75901439
216129114
101304930
575458598
875859129
315121565
80660834
577234394
631978530
274751605
515865280
23395554
199860944
568819906
94568224
531550182
502214957
528862465
269648490
71559697
394660668
419664735
914080062
722921123
529597438
298902814
264877798
501317795
40592617
462842949
975550815
21203601
377041077
676471741
218575163
993054267
234306472
706157239
141626164
864985121
911977144
430077063
647179245
271449830
31235516
462119838
68733491
335752839
338973391
583814015
760744117
425262943
537751009
855758408
839556690
927054283
862878751
118150975
136576648
829632197
453277420
764735673
847176665
988604649
395635709
880785436
986360926
95168869
994383718
537546212
972022661
926954606
454502300
959466955
83817466
182237322
531935291
391125430
6739713
919245729
284776429
235342786
602762025
66483734
707829413
868232151
203619504
539244399
555379212
459464168
108433017
831018343
892618030
256906125
137792019
706308980
204105134
94710019
780143511
377180178
193384054
607380221
974009872
15339144
415335011
933714521
668870690
94621793
270065493
510303833
482670062
574737212
317693611
430654310
511799605
738214983
885567155
233991580
482906078
354596116
773831126
973531822
615232637
340142747
905585171
10597656
331231437
694629955
375004304
636229362
60117136
35022933
50503248
808034000
320915547
877204839
537770169
586472385
718602713
818847425
897012928
894852530
600488488
664619479
687691706
887116042
293361338
671882920
430059453
133812623
473072152
462879400
199153989
824069514
223229605
518100596
140199399
339133274
739063701
943305421
226739821
459966325
939050846
997107583
666790520
766849046
223747435
799654970
476058373
345987717
788642254
164248662
128622945
868581485
972642758
645402728
930531044
685054153
611782992
279272991
891033083
949398430
225276353
664292170
63873168
262314884
9222522
928998959
31175783
679268960
340053766
597804093
645739004
819991444
995755039
947425355
39375221
945875457
872967841
307015403
385097852
762963408
42425300
641630206
159767063
204969122
204754538
691530964
707288612
942129494
193470319
512123626
955774331
885738290
338327652
321382455
538463923
914129962
60865433
921685581
678861075
314144693
781922730
979286891
41682057
687834665
352108576
894417585
500035165
786930264
504898634
323857752
261627729
306829822
72846737
595968147
925751555
947294147
947846733
625526143
819558550
793477502
868411590
756931516
157777776
80822602
227302948
925785997
59429623
517775482
373033369
443116002
454927012
74265505
699762648
342435322
533337507
962141769
222488075
819768855
775359136
346406113
858850779
449866727
871304729
577757642
118390117
580752948
53582742
699406918
385222061
259749280
857199078
41567504
14641023
680481930
677087162
530200228
227571653
70963078
713104464
987229358
326890066
646656849
453873789
880017736
155267822
464942091
853754549
615121477
163209316
515569699
823003284
725700914
718863209
478716008
900614369
636766034
650339727
972610637
344079590
599030181
118753722
6769775
919436833
155001433
931040249
464402459
995670409
37831015
75556001
890675807
199383485
622142445
566109760
529941434
664976466
884357429
5542472
422045250
250850517
995514100
700081589
132707923
149891884
433296598
762208775
336385521
756458044
470436974
875615494
515489275
201044517
386712043
90858985
37290404
50978653
230784105
845956075
294005379
127568837
765715546
158976966
414805929
585863802
564589864
424139407
110047270
423695777
865138779
294154703
904345421
842509442
411371399
286633462
266354553
214274657
129168661
519491687
420083929
860241536
199434436
726017444
763553814
234403893
16147242
579290150
622172632
614789836
377546930
285522971
544598689
25495702
56056151
562170174
887638194
111201735
869267688
56698882
741900325
112735306
711448540
499618682
948931354
77942031
343995019
984103832
325364619
40927027
527992427
325821437
477198869
258915532
461044143
535430328
453161372
134667911
643735912
106451843
232073207
860040436
441950969
990529213
972833927
972480552
525204403
518379104
882279446
25658059
792555882
948396824
339557804
639216103
584939951
431376969
278058280
117270060
843503229
536623619
658733985
130885930
240804545
117990059
136812887
676667355
207682980
127762291
852839243
489199720
329432951
498707788
603948023
258468470
270143518
845041604
186698105
179184441
176713583
10705960
532927982
34999141
594253044
820662793
661521706
732560629
796784986
260865656
944189336
149011918
248997391
423394431
52128576
947192860
606590686
823376950
374048051
760697452
688682998
71647467
314050796
167702066
679582179
279919074
511290149
375427338
877101051
634804402
449698504
108195378
491412054
8019006
600649214
784059507
752890885
733880894
745933803
40051767
159632554
445633909
960221877
477968709
828620026
62435902
453881001
854140705
372439679
926322175
18490301
66337576
274066449
825782983
116933160
660066364
772908773
155894634
557600344
436497303
975707638
47304311
119158024
704921578
899285144
721278742
740955248
797519532
203423812
62831497
512588671
350300814
752366648
712011266
899382491
477130128
967740094
65624089
367454313
445945833
950185247
156314298
147167827
440680785
391534033
223799278
655449296
102323580
61492279
582556616
503204540
982500224
799870971
20480788
441135866
402626479
680238969
625859093
936278182
12546146
825911147
439735694
501621100
628474923
608373453
145502620
629322271
700320253
434739163
860989323
97662619
561951699
74368571
855072125
681107023
11521468
929018861
635747404
429374059
870597409
786673599
358096501
317781859
44622877
699480932
141458439
270497649
666053709
381772431
849590601
449488809
202360719
684342354
162487780
346859687
977385686
200540533
153494531
898333026
41021549
381613927
130351548
943344397
736811611
955788493
643898366
609966616
415248315
735702284
460652708
318892457
768101855
474393319
237968876
763494794
782666227
284292916
950127946
895056994
368075409
724910657
512806121
131861187
365840745
618396996
52253373
116421329
455398254
545286629
288822186
103906083
133472592
192981774
425820874
853426500
762884584
963181596
529215585
874640452
942186373
532130101
386222217
957464187
210796452
327842325
560829065
921392029
27793157
585830730
860108830
337281561
665987267
634224771
273623870
257887779
935322994
95647923
160812796
449277236
364010167
684644781
902063651
294519515
320518544
270026825
13779735
932101916
708123587
630223801
276362784
978905422
782237102
488612339
252279460
850342158
183089735
760031133
566516003
525919466
277205451
192541154
868648518
9693008
8562339
366821840
796958899
615945996
513783243
490479227
616568864
601156798
365763780
632694477
161536257
639284081
912030852
900203363
93925500
731261219
828236158
250450738
849883009
745436323
907577808
947157928
120023851
350560517
223087978
916049546
198393632
989466575
462562109
392761243
705466543
248720066
790900645
178596056
106659056
601173395
914619048
498382485
283093570
575968389
827286585
60545927
403830296
371823295
995548705
772242771
695571295
104226771
374653579
769932247
12275156
453720778
379140833
184928724
643659980
66892236
105285325
797246666
479818627
16462021
737905297
62996946
808676393
587919370
552346113
79880916
709037720
514487732
256103357
589908005
855564823
943482530
993463487
7011104
304276160
602527288
220043983
212648388
94521318
711502311
15152686
582269151
522805586
711866754
954209850
21261309
864614958
918426971
936849422
221146948
330160928
408918248
321095505
229131786
279685622
240564069
141369433
859298147
168911730
857787387
106807948
384872720
135134355
258712590
58745460
592859886
600958826
393710954
549696158
439068629
732100853
892907269
977657691
753539284
400915800
24585628
27046135
713024076
308731309
14650689
574817176
862458286
355267858
116944501
691873479
857193541
399018561
124321406
7087851
745846444
435304158
772596020
964875627
76200750
90424259
450508764
541281751
327132146
875696784
578845478
517210845
552240311
894933678
128011664
19799536
109438382
423503062
373018271
242253956
182355486
589558789
528012781
156081508
586019376
654919273
739002514
768836297
995377757
292226109
319252063
851355309
973872761
600958080
716149158
874079404
918826861
455605212
812697836
617626200
795644010
762074274
841218667
513258920
997306810
873235367
667645756
714041633
489196071
958270684
637327709
167444487
775362529
350755316
250653614
319057338
823298265
624884777
596162459
410589510
715621033
771064276
743014601
568095214
690249196
26345779
96469683
724012453
365978747
373528842
957117727
916661142
364696336
952972961
300223376
525736493
526878308
355786353
959129649
362884281
68482598
436824426
645149177
22826743
693743
234605530
453089251
598689345
245959896
97097904
846230122
554744323
102925189
776451450
58240598
805385434
217521501
601091528
12320352
165348047
864897939
12993607
388966274
907893595
695412887
413816041
23300354
450908397
480287628
89093466
480429262
511279816
537247931
425102119
548142974
817861007
745658665
725804935
217620991
670762312
135816014
480755624
141282817
653535317
360568352
934108493
270870627
576809941
143162394
312604159
785708270
697522741
39025910
250856528
274527329
431568739
977170822
301452135
746706202
882605422
92181537
745351102
235284457
876637209
390478355
451645447
213107600
721016256
219608446
200442802
94620284
423784639
841191988
231473114
78989190
75149543
514507135
447263418
581377949
120220980
695498114
270930713
853648958
166362227
255328126
685996898
341497436
743436757
832773687
502155329
844147852
577990758
91546056
216750672
380485194
605917631
679415997
437212466
230567324
217353085
363729446
361725623
522134532
632188327
729942728
197144538
537114910
883078510
24108991
825609428
244049992
425688377
377694206
560341830
79175337
124591229
397843567
339185324
165852745
157953337
25604438
730968649
284672310
201287340
929648130
354248790
756961150
990099988
588476300
626364892
489507046
394052341
113275151
945661970
915446655
326334300
420171014
48247250
280222391
408472427
250569821
665384454
253461967
540616426
550498559
12645485
263802410
132187813
23930381
908110058
517573245
254814101
261210768
45159700
459218738
443781023
253982093
262910943
370278889
893120800
385111776
475889778
471608269
160381683
795452639
468079409
396299897
909743660
311639397
620560315
358353789
669895263
987403501
313616609
96623819
907632654
209730561
695290785
756413172
94791117
138442797
92638256
915198301
721817158
664959056
155757071
665331702
414177575
964801243
483556808
187285598
453019377
630692613
761605297
760346678
868870544
739796867
897680888
505845610
276061328
885562211
420438301
881083122
988345552
41252593
165156860
183894571
41913412
424510105
470072886
105886710
360248462
755930636
570320020
124860197
325442935
725963753
55007380
471603367
221947237
944101032
192621478
908059163
575747617
836102243
613432759
878885201
136928089
886127856
229642275
435789205
775651568
382879486
471937085
53748982
716745054
22861630
815500595
5243432
561331879
135023479
863265473
933052933
977073493
552861202
930212560
186381049
906720208
655345900
848543495
181462096
599224438
74167346
948978270
489221175
371247712
197527816
855158811
239979055
306983692
450395708
799848862
839803507
891715506
894235697
242471726
496555930
226853874
175761283
192516992
67371975
849651010
387418659
311288867
500098725
946871625
445065727
904882891
936307501
649528132
962966136
849164788
621586861
913536264
103435863
210085728
822097317
70355930
537471777
910321259
948922566
571847857
639683691
548494518
460100140
557711678
273840714
272984661
891402617
953552637
787162744
666168029
185786522
360438916
331045875
129163230
103983046
539261786
278568468
629532810
152781884
86524644
154321372
80903775
710701147
180894424
197722474
64184580
735648728
968625771
123934848
479152722
73711600
592575425
856308645
602224091
70404435
584315114
345490211
880077449
213935983
116924360
329314316
512924887
797020919
261324308
858758171
823095452
575495083
135012019
907246376
589237535
654276155
594525168
619120370
781672754
575619025
391316917
326736560
247479339
250094612
562880985
40359618
98869770
961152920
172252451
696100976
706656717
846089236
353965936
35778495
868092068
898650470
682278376
857336752
674865358
517238001
782410681
197605178
303077830
18247688
164702832
277913195
443604019
97287769
102105293
665888609
992215732
585076293
618254532
34329505
315016900
112962772
835716816
36154512
528519038
425324778
713546543
235262524
951918326
891273082
478692586
752314242
902552946
984880922
437855055
831971086
429187489
850170593
775241803
53451493
225965916
706430216
442396457
326633638
75235880
752543569
715339367
951723287
379504463
769778844
350712975
530231386
969059721
683601174
836681632
223807263
946101921
156010556
165728982
9169081
478436907
71958693
825388341
746491574
781592455
562493340
250460739
168420339
662407628
154242602
24778533
582889600
48867977
253723250
707363254
31060240
313540544
122627171
218971133
673856297
257463290
848302072
148458958
306750965
694718200
128048888
830127404
256071709
702681720
158042602
847044521
16388828
400951663
386834308
690288184
259877544
601616866
863157074
523808974
250830068
337745451
40218343
955294281
30016661
174344493
549493721
974471030
265731298
529151996
187962814
263025990
724163482
887285494
360905783
247990890
187692805
803195916
753156832
647570149
428099128
463528514
22931768
664422375
403440175
845637632
576414378
224057780
855801326
217184822
945477943
401977155
6100857
478010735
373399848
425703340
191848783
410999377
15019723
808904178
448531560
843109374
605887281
885139835
95388351
197238945
949609518
677263713
893009319
71691135
920091749
741196183
820011589
758146307
851884070
300028546
671236605
696520860
893231212
597290337
178831379
203271732
615101179
563680054
588347115
499729198
822394991
601164561
897315237
70190571
809057272
332880108
431698922
940402597
773650320
499162619
142808506
515885404
175956134
941052804
215647436
139307934
567619
287002408
740046139
162478519
208872727
239713676
430182867
94753017
305960276
107426565
306464689
717919962
784846050
348751931
343553779
887253150
138182309
446413772
160957803
59618763
94856363
773193270
724945005
742602187
329878289
413869954
794183609
542737099
360770258
664467505
807249030
101522645
570980456
832631019
261571625
383639562
636535300
832531125
298977649
553465595
503232238
427221554
872443249
343152314
497755834
187030994
701037848
401835049
117384776
19878046
267382023
729412852
200814236
827665338
410507296
54287421
931425754
282872708
473711304
107578665
562783583
33686130
770802825
446571789
117705718
140270584
572365833
624310861
505863019
327791849
483863808
199436639
611299996
832487287
688650679
264700930
210705531
181704936
244427928
997543470
139534960
815360775
168207960
475065618
561634215
254500765
677185816
851594037
685522799
422331491
700988756
47433065
195539726
221817602
798564495
663815395
424705025
430866580
489031200
600968222
924595777
310389740
594182671
268177055
559308427
825694343
857104141
532139480
520268189
880371912
379022754
693192616
372019560
460521984
36834616
867335719
674654632
658626508
301520278
607089185
773983303
524707946
508307445
333215464
315585129
168440070
840590902
842842622
389539807
465295536
346987394
269026113
560683026
222707727
175117772
425623489
526466825
203538320
984001391
87155423
308942501
859917352
136140245
134522668
503452653
874705213
453328568
284259626
238138718
271553239
752647220
601582316
463572205
799342697
762403703
873724695
956134785
186078350
673579109
548546419
378498592
881434040
250400354
594361852
510587872
851993414
902324208
874948808
322849775
232189650
749155326
31928502
314726755
383475436
152497608
657870514
367882757
865477398
967960474
261708969
81682073
45628714
685546642
991190064
79840465
501935806
634306167
20793591
614492913
621825190
41158200
207943820
480757669
519405035
376062819
304756845
432633900
76314032
484633011
556478906
310521096
794923142
866152868
519801815
669312891
283564032
494704319
489561308
400196724
867335843
128827895
92978783
570191196
201483623
64107418
537110184
105396523
88980629
326930217
327328740
813619649
358214599
762175232
343476641
807540197
270720386
99767707
794022372
683185502
612701938
943413676
646941614
619966954
804182158
801416308
869620076
544787
99595479
51402825
142990692
885922686
279117797
564977464
449077405
920441538
328684970
289785018
174316406
210301066
391449251
758046334
760867865
994686480
880367837
368405548
549903374
224522650
463765552
874618649
57025523
659364460
555520510
667670918
937479877
543014322
147590243
731394358
317954758
145601946
936253842
606794786
49397865
957863365
531679907
191796440
17208221
819459453
382717382
505857790
124087719
177683486
723576379
46206992
376923030
299313369
759799392
128147330
108433657
293210976
464874237
159417860
798992059
823497146
789723181
748052881
878705567
393798191
422384585
451866944
784586004
862424646
294732611
366929359
632862567
27194921
881231806
128284859
489590477
165103264
345127329
67712840
580438662
681272322
393764353
281442494
468679689
39705822
213855530
957021783
78089876
354388209
883559293
720666114
747411897
437017525
297611537
572051365
953516047
218602583
754276505
908352622
11923186
538349019
5179180
306998767
171948037
609257492
774348595
572268006
400946351
386263947
826915633
971566319
666412843
359083965
1519841
534639269
243010962
10971062
121020118
845978647
2465312
947036051
817379874
650296941
420341337
517189614
10772892
853165027
514439430
640841065
230692221
749020003
648910918
477443755
46778516
164001471
211125636
258635187
678975396
327387852
262755257
192736756
308440510
777732280
820800556
622077174
783976728
191937243
957338895
432709333
289419046
542084169
414539690
484624286
808804933
790720738
622106147
131283179
592521904
840175847
488335780
888218158
308083480
861682866
53373630
290035351
934701463
236300292
848494556
309044733
142874315
237857266
315402273
499091988
136584642
769687440
130705063
402129507
261685249
294820888
122207701
505225321
485227063
429637280
263663938
737995515
811874023
860892058
550450327
617103099
228837293
454385088
685297715
69484487
843924072
292677676
259710819
637763263
900447112
227103083
435250674
634216603
473910539
160017331
494169679
816757994
78121216
879353854
370333065
829903640
767016934
732434527
637428421
26739483
455212697
285910224
618843906
610557123
912430762
80941390
96670651
240500809
978227794
198581682
793138861
236906737
943410731
33894691
526542419
849663261
908810843
759575712
206036185
232387558
84754373
997498765
254639588
640743891
954661961
642689565
67210550
157386698
41633608
72776358
886608450
499084250
938463202
644783331
755628806
30789996
106251005
157268735
128702850
643856134
207752586
851814609
464897824
297936503
134439888
390900487
480987100
488450730
281392143
138681343
9101879
754529521
50692149
582699043
55219982
445509213
165620415
310261443
411065635
711640366
118664272
129460042
912290736
811514646
961002070
798193645
184244982
350796912
749100071
986495469
496322019
870177126
572280702
679267445
793538048
856996538
386979362
518782837
207089217
636833112
82412122
252511499
836751662
737623528
393557755
22836919
722125727
162929405
685948180
229868771
595293304
807982473
104019614
214400987
399085244
461146306
175282962
333043450
686986143
989896943
663457354
488255018
492599281
850354557
32975205
429378492
768754013
366879005
361618420
351176016
966813369
866707696
872565913
30968842
434395042
406008838
728851790
921455239
616445027
160006508
121586242
335826734
592252942
65454053
742104866
126971625
846669972
463324860
126268706
923478936
779580510
38832605
153785316
436805583
1905853
338981585
113089151
467166022
233618691
125414274
297590203
363920995
100796253
770407995
750633717
434807535
50112458
291042638
675071549
361932478
415702546
776160612
461791292
408791372
732035338
170307715
885684071
279757490
287773329
541371007
548059974
362624293
88827468
181425598
784586133
473937587
969602453
538724673
869262669
409840929
669800019
639231822
815825577
907940469
252389158
766148021
686971588
379328372
866504669
545822491
202717573
224763848
132129788
501771008
839778092
889561655
805096581
582794626
227233247
909766953
583911836
269092177
2777212
334336532
340269992
480123706
931570726
579122734
147384638
595928765
604458511
251767147
494637085
82014958
222784904
212423258
941089313
820284207
578992135
468275433
101797461
102895902
68980058
205833796
498565231
880372699
784245567
345550711
400321831
691503249
468523192
12887135
510286696
671856326
703525826
367796975
978631920
498737926
607939200
454347583
18601996
404125958
944718399
340694003
301224278
256168034
336620383
604099138
952612328
184308825
179608381
577719980
98719891
387430733
229476301
306622985
557777554
441245142
620630801
79624808
125604138
672539328
695842571
196508340
553649734
277303763
923137242
328920718
301987984
420375496
969614899
921254277
112521171
762028468
423345300
836191372
987859991
605333198
978189790
198126878
240832309
958297837
155140354
82584793
109770758
584611107
632081313
602618562
923498884
998298721
976951869
181350714
639709190
409708482
639518406
903398422
130780803
177664794
801592121
792674898
964931238
651554731
322766280
640972236
836697600
157020459
963658074
455456066
244207549
940226327
934438321
159395820
983889614
72954384
861129713
358183809
100702860
595983483
247593351
660347677
945626036
901321569
825232
762440863
397338272
842029898
936389004
17149044
629525728
982553802
305166758
505642220
77161716
446149650
42971315
614760447
71346869
377270611
937808697
317861877
665864131
113795769
922686663
230206251
852610948
726449021
94221083
226266456
894863268
304858375
313754685
100354486
236724176
158069994
56219249
859872995
689373942
400596420
709736921
833142688
662875780
972510045
291294168
819099788
31266413
42249142
184849447
267362039
514148215
755649716
237194495
670882485
224858343
683283964
353462413
614515714
152054301
528878613
380856967
448797676
755445419
165269336
404954932
93735877
907008985
493109422
433123739
267818594
307842984
406898848
65602763
769227332
952836641
986119323
928666196
283795080
5903479
565720441
622436075
163750438
167613742
777727876
367227961
391207717
557915207
799769499
615629132
723499177
296154153
970178436
652746818
421915655
727389785
58765875
418318939
542160028
820240109
732177707
211466256
9216545
523173233
345748356
512041555
107320505
44613183
938986323
996177060
516998851
511325737
852421294
865778939
929760722
656740822
508331385
247592007
786857472
859623010
569102237
512655204
706516748
739833047
78871640
475100082
448649859
329390784
9340823
295192546
701063533
775207131
396959100
838143194
272824373
70846439
233266742
872800445
971734641
285706088
363416805
960045307
379042462
250113851
198652077
727525596
957059727
672821749
248198253
834298315
335107278
33151485
564723007
646907552
489149066
68919360
822714928
643195989
556883302
369308634
717900746
54750375
768867017
482592548
345687517
566918966
270669862
433500
545792826
830204915
700722358
172906398
171645690
393663271
619219880
706329178
979837008
335351328
840680830
198606284
773551615
949259976
545540460
651363060
58340997
659198118
147649543
9341521
604208927
171573214
972481674
337231929
852029721
752274318
908191780
576550701
470732460
372298430
975122142
132458069
20862193
398610457
768621474
550383154
581370913
793385884
387850256
144664367
826449363
113763578
171405930
16537319
932053902
434542358
495248901
996626996
392537908
757650997
557107026
371966795
816744988
908209562
192264258
326581073
535659817
871579043
411951179
549527740
837446414
541673208
53477188
691328162
809891784
274193194
938131303
251469373
72400139
702248046
173003662
844077537
24959669
151630866
964362311
597501163
406023080
529657199
930262130
247657960
855005224
937804122
668161009
277842637
497784544
371056243
104138816
243154782
278285112
101079536
743758106
398300322
462109535
290753912
828356307
64262646
817778817
249564130
967811948
15157420
498820984
608392048
543716952
526917557
559671362
329212101
148391545
747129816
322655825
301916312
366657749
524234868
580470770
828973909
307701970
348144268
891912828
190419774
123067133
785707460
219725333
521084727
626217312
324622623
400794939
733674829
244726687
580780101
115016025
93077862
215002189
841869023
480088212
783956244
127442438
481600108
727768996
186820134
252314647
399590784
53425093
621084516
770119262
563621990
871055968
609437599
26217972
909696005
841316202
429761089
742597732
292818106
485550153
959631078
865953474
132758276
584551207
461309234
217351391
743922834
90402249
514397848
633916084
421186273
149048432
117559509
92572310
614231581
240898754
159383223
700879573
863579831
251182079
23204100
314041599
546411406
421019826
504586229
889048145
433828893
494734098
702794668
334687613
61683997
366948096
349011500
937925835
774729205
898418934
802635443
270680698
484289820
887339093
593401407
20867083
900450015
885669257
42157347
434161972
309805268
390278270
331711910
633954995
720055332
32602621
451915244
370872351
73323419
691195284
787824208
728746730
647703552
805173718
666084525
134264708
235219285
544237002
757722045
737027832
397733947
477535263
762137552
975186029
503826466
192603496
689802223
102382601
286572534
170474447
231941938
118690264
553687184
718430520
804980485
273522125
969843129
513416365
415141803
515124564
185943981
641243437
118995076
918037748
826648969
864058488
831331942
619308107
910271586
924098435
261192435
10410564
883235856
376676859
470461864
650173961
272011261
116897716
377083415
971396477
425927015
548505503
182052295
563551489
481217
449286467
761003665
77877187
958877246
587587644
819140288
73770553
132618340
691202060
590173031
84802835
717450983
299893038
262833223
519468244
877868411
206309797
939042509
967995609
175740035
120837784
923152132
59165993
36167183
439190326
968366746
834195989
430505451
269664896
346298243
445850783
298860798
724706891
850126781
749413218
295883345
946600547
372970905
369256628
112413372
496221910
944549382
145226522
194632601
492555885
953996100
979778114
530146608
256926279
84810029
238670413
543043386
68290707
886847324
669204909
434212029
160174013
489461035
242468320
151656349
23615254
911074230
722777084
576299074
375299729
919248159
533485751
466587333
103431000
404045097
679239804
388416612
974517958
587698367
836127906
549687212
750120582
947003465
287476645
670500433
893175445
401879910
662755033
98000433
789241346
203000052
957663799
262199128
835763321
536143454
675868288
879295327
466134996
746096708
807164113
206949657
630785714
717246495
574610769
205148622
427756404
949945359
705894849
789064725
646829854
433490841
203550676
226370969
761930434
456415962
738932274
34659809
40453292
629920187
835329477
359382541
857688892
79836075
347131173
174560700
758711691
546173333
443400183
790088640
482284989
627963110
11119545
360857015
366540573
201025779
642277649
909901848
389437876
228351821
253943856
623182233
670920525
966251578
726008854
997538292
107833803
592227942
611870281
606262091
134472481
667404875
521039650
737609425
519157626
60728717
955939738
398064984
218760995
716365794
398225934
628364261
253109785
96386385
552963812
231814824
179480056
343503778
947520194
829557394
294259199
69334506
377967825
367869738
460424256
861832577
334286077
249508431
842721418
634890563
158451733
740289127
480522128
311575585
210073127
827641048
230057096
231789957
772379505
664162920
872469300
234422948
900214234
224966821
605887808
911327842
488360172
279493490
766119651
408370053
418536292
694126175
716114688
547357115
996990675
749704695
373298417
867868106
320710911
573772407
50591629
257011600
90047410
958968958
73155529
730259202
967826899
866872453
450262119
682543793
895089992
426290890
115190932
105154481
877919041
819663781
996514884
934078229
257083985
944521496
471363761
424468793
835752420
482577147
221639155
927007754
653350161
476781453
819193
511959881
352610300
145301484
986737985
753170851
578210153
594563870
430785061
117303700
35297115
335386167
703804398
887853687
333964068
26954171
664836484
144613645
106531782
913539107
331385823
842388923
412383070
946545758
185804884
10668168
70552892
348232647
982893932
320481199
419192020
869708015
111317928
237280215
838294317
620493066
692530159
97432167
762154897
235526271
863234609
986709131
25837091
283480639
188930560
543689067
875855937
634819022
644353383
656082514
244403386
204657603
849561935
501493385
406846719
706684451
264578311
611339092
190628780
717852198
685953989
511328380
253457720
486104197
199431564
65892184
627692731
267011470
405357563
486743041
235904704
817530376
843708065
384682539
698903012
993321509
662352191
951821011
240893081
950144398
839689986
559200358
214089241
628775899
500713352
828574994
27415411
950446692
607466670
919104283
600461846
67361292
686112082
257373876
234692324
11603131
190822003
501976714
545711709
243353222
20036086
63036619
903201022
427352201
338614362
732760198
568095855
100582546
772898082
196920742
608144043
519110199
368820521
855517919
944129019
504283111
612281225
585429964
572812848
925921828
38106407
722734338
66996028
883355505
405918348
683143614
216391678
317593920
762441226
490555885
304336849
228250537
6404966
998651398
947898622
278244240
523887641
350351576
32932885
453377131
71396472
153460263
193562094
157310557
4110624
228262631
513565662
468471408
504099177
400440106
684884540
637551572
131739146
465389384
176466673
801716198
93589963
141374016
963825080
580684315
309301330
301196226
737671983
98655220
950376348
284357476
863914168
820095546
278595217
179461427
908956690
420698366
520840729
157093290
600189951
156530211
49888920
373211037
210685786
222406968
131224532
532134552
298726359
9343876
80963178
595542844
812890510
278931253
931278950
65878637
802984217
425493225
890499876
35840099
465699219
534460617
21683684
398303456
42012641
233428064
951826386
316248652
777154936
78494727
168387342
51850564
85113278
290914555
69058728
81306479
169184699
492535804
808264973
463434091
809357377
353641354
887907223
347316808
70551863
689586698
926556142
976457877
571595088
81780534
672917899
301682384
388607906
688612749
41423636
175705386
156978897
198672772
681731631
477726209
142679737
956635403
218867665
895464646
208109204
122256482
144948502
357493507
838728633
303951680
145093678
725867858
242693491
438006863
723890094
190407721
346011818
687758182
130359256
879046450
981811247
505912897
460081118
98394088
240938598
468329665
69170419
351864891
411920435
145691914
389402306
159114675
183354281
438447947
614635997
394621766
308114949
107534671
848394903
257166194
656957645
839537778
166052981
360409109
534805399
922948241
347295516
37418889
361757932
622669972
419496865
163646317
388529945
599769085
840355170
715969989
160624981
679971659
586475267
421967577
30593656
370858117
602918815
772307678
97822858
168442966
97838967
964339950
904401881
276081038
484403015
397125905
200564275
365825155
976096793
427742191
365862721
365945574
372779986
754650841
127883636
245203179
13028074
769128414
746977086
204241487
352263088
816248671
712103169
774081412
851568649
74770228
465443874
984037320
607580908
881792763
215446322
178182514
723513377
393330066
306467754
843029756
165988110
129629624
500408777
854664632
790827875
918052944
25797437
377006459
613470740
176342070
324869752
480836596
140310993
215224393
926106441
650192164
844250323
604573338
350431328
422117416
208408740
276967477
208850402
569850557
33669940
739304564
14430803
294322720
18149174
907098144
801898379
616169918
308556326
988125802
416252130
952200971
770942191
825179790
340374999
625604853
738532944
120929827
276986736
342473574
659220297
135449893
367077392
20445469
765147142
509988363
753597517
456250973
677669266
911042143
645644344
254002175
253086375
641099636
132918822
277563818
875480680
915551227
184869382
30550882
891820765
208987940
61281064
829202575
414453724
985625838
735609821
423659013
391351214
425871560
445681780
654989857
995983613
842340759
849669041
473183731
548999209
476881733
305528398
460119255
25174108
98077775
432539468
995012636
571272103
458104433
594762153
674733085
408003770
904564288
332897768
805939511
510189986
643276293
486884702
207151991
848441525
550370144
370484409
449259172
120829735
306493654
134331904
821770968
103519374
472446657
694660296
354093712
237098148
407052992
338398813
371200993
667035917
473335634
61062165
316091659
984466105
578659305
103771232
498939559
928064452
231158019
413243299
914561683
688324586
374174757
51834733
821819705
270356741
37006660
697518005
158317235
190118143
375495780
588463290
662391310
283417321
89192943
821997140
136933758
321952274
488164833
978895680
169761869
567206570
926947397
999932398
296106329
149918818
970315915
666648321
515484269
14189267
688521026
413197381
315466928
695465729
9038534
313311310
312982770
356760162
19125983
91829577
556423126
267210568
345506506
364566006
624394830
619723958
214301398
522032216
134026516
463206818
516873056
396924366
539392253
500912850
561634027
531432818
594816418
478581219
60817569
303178265
464261047
66904336
701619928
723592347
672331847
607629885
237818525
113439942
87368026
679288698
249714268
213106830
427490088
921575842
218160306
968405851
758436918
484550890
677011988
372207570
901415595
335987141
454550852
151035705
681625983
151651381
245048248
503532534
288754126
470641434
794280017
516741304
316434142
676675657
618596687
312867220
38171229
825293704
824279486
316900494
573611521
974154144
456430055
338787228
808629387
106764013
350865533
730141096
49085736
778188388
879729193
612923767
648280584
884005076
600785879
832120632
98407170
765195507
283225459
35879899
53833171
56208689
367269396
624986519
335671203
931607894
483430672
204401884
918746484
868549997
478108667
604817504
439563811
370118267
512360421
787128438
910690013
505292925
110967362
778049653
333804215
581922514
85793119
411064089
488180202
849095413
275953718
24247288
859658259
569755279
103515807
290178497
690654241
630648356
977161660
427621466
801815285
268097043
927881157
242806595
155411544
627793643
786198787
552519671
508783814
638968700
549827162
627443487
660272864
601765559
938737315
460208880
99224805
404997131
887049165
915435242
439638074
280821015
742555443
5131144
579450642
462250258
114337722
34057521
105153425
444566830
147757142
628603159
975165044
839898667
852033015
76484348
701334060
491906061
698340679
341971779
815910200
391927292
32207788
828634358
528647411
268514129
327897744
570831274
424627869
934544264
426522271
138750710
799087233
59169669
439008273
413943373
261660989
439665180
987843923
632218180
226762025
378837693
565396458
707249279
161073908
259489124
912034838
18632249
972734297
111776701
416744304
209508231
583170463
35609883
519158208
299579904
253413671
588335764
833684740
272469046
722085431
466120484
270417947
545043719
592823730
914729661
77152346
473398318
210012086
658366729
491572312
728767871
957863542
437516
350314094
297260520
157266264
502263957
526276944
548154253
188133070
982066901
231356742
726155235
908524972
604467492
258767231
528447634
839220106
644195925
234948535
96603013
266565278
831268233
503909093
956444480
460359114
105459625
358273310
850850956
880588873
642803615
458524877
547680345
470080428
640700507
195414556
186220402
681152263
727397277
138826954
325305966
974670768
44060708
654869456
912457426
678186421
509762699
87734327
96353560
410191856
976574118
299703922
204212276
666619903
71912585
643399514
655134775
344493392
971400700
670570736
583884185
389909470
166728079
855866537
366318362
524546874
341574912
186362780
151544925
411786910
790741796
353848253
222561338
98626696
23092488
516005447
442117452
722197794
443122857
206192114
652910979
596410150
447959628
994935448
907626553
20457581
687493474
588318789
638706291
445498001
522492848
912694591
930136349
527058796
634775334
464803283
624211560
241756492
626656040
270697265
639748193
191459243
79140249
284181340
628049976
336023943
447245214
138412766
101000198
121113095
528284242
703565247
822977080
983908857
858548577
688478872
928269034
740340289
173828770
874418402
228674572
894963357
18638001
593264145
285723859
824557466
995520473
527793020
694200867
947947754
152251777
729883588
204871606
849583530
397467203
616510281
68701335
111460713
848260224
959236924
221289140
991223343
421966943
989195365
827087348
969454459
524976403
965845378
347917646
401413053
382648328
127916278
834449155
501916198
489571684
980623112
201997530
738974453
627337224
736692200
938431504
578971930
798275622
851907402
825706474
711958871
656739564
127034627
781957298
207148495
199210590
568850718
540052081
970596334
705340512
44024861
110841109
916325109
346931939
145614854
625941839
509872150
358945945
275401653
523259073
391333480
387834581
472061264
864399106
531394178
147649310
812702922
350807189
678845673
825290711
797151040
445097104
177291221
201819775
586368878
851253148
578903325
611367795
956170103
547274987
48002796
341492544
929026924
341027321
485791857
938108579
152681705
132187934
362489386
446352898
991728115
945091144
437934467
687536829
790373633
134052018
985364250
173939501
487837917
967895414
163922573
300399513
282516389
337772761
594058651
126149473
393496780
851323875
241772887
43392079
660776323
812175054
767795611
888877643
762473069
693593614
428832049
634829112
474338898
725894190
270824969
75362327
907395543
815720504
567324041
533947940
698233715
367810493
74022450
898632763
968562469
420097255
604365202
691492089
420930815
257504851
612048595
196552445
459556538
808318029
890725087
921297416
501400221
908052499
192025970
756924187
941424818
849012602
844126870
61380356
796079408
733137268
493304190
450686296
686614494
758803670
316001922
498347489
122510378
623576413
255455436
335163644
641556836
722382738
775715687
957794583
645557124
822462656
297140889
68613100
124636880
279497349
354862349
642254037
682020866
188790508
581098847
171085035
208009970
787529011
299357390
394118808
759994559
198018228
491174677
224517861
948225645
446798065
793626031
19697282
663249966
121715806
961334612
332777696
223303227
829360171
28911588
220112467
85256951
477081090
185275022
356078794
463661982
979126903
830523325
750364959
181570920
796531504
400080392
686334985
726105008
714295186
679887995
155178695
664897246
838749941
832818361
555562071
941733430
113418321
966629410
285832982
600482256
880696955
780951487
217301428
103285582
132161989
555185658
336918907
420262964
859571564
860400635
907998023
736262570
592306375
335299443
919104113
608964481
511361436
938767017
688636965
67274754
3687664
90430892
151204652
777965569
916005254
174830872
175114652
796780126
80804239
803489702
696804094
156214602
771157296
385500082
355381476
755987766
773045444
734119074
661771880
835311091
461575192
679614805
981069115
100209867
682672906
441132148
812510255
609134551
63521873
807831951
774153749
422124691
57563927
697129128
917529589
624930139
100089073
141803941
136971698
938575476
421530208
635947020
821797215
125621915
7429023
585941810
841118108
525117874
382573697
823993426
625189014
835372359
645340345
349773640
362227892
74276454
287302718
703910153
696488045
5709057
198606814
597930498
211599149
623042574
577679123
335550357
537621027
240567389
507571598
469067631
549344020
922541955
143642067
265303951
352533961
352678594
461991991
789234544
158394941
869574675
683977201
9331299
718868901
604665137
476777017
677549422
302077703
162800310
625228035
805110343
967673295
524094069
300043834
622610904
683054580
84491768
886063477
900304211
160836309
296390214
849536255
881689883
765820346
468938875
808711097
642921330
702377041
666317998
529212629
631468305
809350412
189043439
308493956
986402694
179087634
630584971
120008011
329109934
836874330
94593914
607726747
994591631
961002682
714163321
268687473
977769671
499464245
692369427
311329604
98515954
909463135
226679180
76819180
496110700
434671306
882639908
925351500
698964403
425032899
799169756
496245435
689112072
998811848
210164929
772779184
199825261
221613400
623339989
526897609
919787071
615926558
70994711
815390211
723691002
382024610
471471422
440347757
472407021
422179180
78779202
12098385
145518412
408558435
857329795
857881658
362300244
769581412
86335111
366517940
911765354
398325319
856664644
512025773
731492018
566217197
20950134
413199753
871321718
537758206
757348163
719929362
562120580
823564107
373637178
932040436
124364201
70971604
241990912
408613775
712221878
821086937
450846662
502269355
77130851
520903122
39699062
940421860
590387028
790831876
198883461
477461203
27097273
514601848
207064653
688029632
323474273
403008396
88610622
974047831
28876456
37505357
720958552
423655345
989015592
550216999
519621510
429057357
747860218
109448951
297903467
963666616
669108268
36536929
569527645
411843686
153332648
210150556
811493815
787934553
477247696
107205513
332914838
118141583
190072109
838531820
754654781
207957339
214383644
75442249
820703934
134666421
133523583
807345432
580798757
514068796
199595078
307198563
223003613
739195449
154529923
478013321
784783015
940404982
798321425
29524521
627836415
171490816
739881022
449406956
458865351
367178636
578109764
443833969
734537497
63603478
628929108
48224194
457774947
346586936
685823998
921903633
916957225
5111345
61007827
189770238
24351386
539528395
973571096
187746684
407435371
564884052
977263531
495459196
331500229
703752902
411141579
711037941
136986490
409368854
844687995
488031677
190660906
724327246
677057674
613543630
855862976
496193901
130843656
686346372
962849223
918835505
357326947
12956885
277534188
820303627
182747574
673014116
359854110
718135715
683896654
569269819
299544473
596909611
159470746
677234068
654149666
432227664
980646214
525536599
443777219
980830030
692708610
105301164
433811038
175135689
517851248
248833823
703422315
842861784
100328502
1061059
886656387
715749686
196603995
945153775
746380219
899379000
840016351
982011837
488191131
931135067
451978712
731733651
44651921
338974234
839373651
247598571
874073863
219320218
80639987
11240936
327165959
805964300
855002577
427487018
675590339
418121641
887080798
18642507
5303243
955906601
961851703
509972235
850847405
624122924
907389391
658531268
258587300
528701956
52669462
199293204
117829855
388168216
462395996
730963180
86084434
482885904
377751037
681373740
25661286
440149638
314878086
434978191
444314547
723861528
262194316
558808167
404414609
314761483
704298971
87522642
799961894
751630384
88069290
63842703
519514445
254848433
571523877
210039341
681509639
397915018
992819305
96393625
48843998
66667061
312709561
40820959
82706029
417843256
931572947
262078581
192053996
299531818
654880336
710347797
705247302
446535259
35642441
464926067
214822422
944276790
312669692
269980205
780577359
45307491
778407429
873713160
940126474
482692050
396630589
567460778
62728098
827646690
59841736
311980925
966697874
848260787
138981918
331534474
459509321
249209733
123102273
792890576
578439594
411931952
821391983
233334137
907082154
196061354
620234053
991846375
551072022
399223583
136222890
505951950
984935913
472239219
214647138
763954799
899906792
299595762
4253811
737045087
860149848
920333024
101871096
351022692
173605705
93379433
267370163
134090512
208988177
496935325
93988937
653262916
337147770
639102608
734013968
487258923
704098955
620941296
373064009
697704210
15384998
669751681
73984337
939814043
573447294
185674971
607971797
771305065
892793071
223388411
274491959
19779602
319052263
526441297
859699628
544821909
549527203
421710538
840858110
565430685
931567905
710598990
525222181
711705013
26999503
85939153
359096330
716008829
915258755
702373961
666089060
421160845
585387851
59272806
318707311
558043404
482253239
844942015
587741093
111242823
565226922
640818716
252243443
304988517
368295601
331646915
190785090
410502292
475090645
886569254
54931838
675188006
451863661
74212566
204306485
966081960
39485341
445648549
133130166
165540444
64271988
794240623
877398783
85298485
670615270
47835151
722978624
910279054
654377499
634922553
781886813
794611066
972196055
80787140
179216348
272487683
770064667
714026983
169843344
345402291
270491284
366219718
791873935
435582472
544134381
309435304
913269964
344085672
807808817
309209540
317486888
965344011
184119315
466553785
939184021
683079842
772504387
620537002
280829038
911937743
562399719
157886224
281050262
148628487
179403352
645783179
859836582
463349218
37599023
888749778
828127858
846307383
411892624
576587772
896740018
714934139
597085358
64633592
773861006
913675156
84962281
167013419
646850647
772089708
951383316
136830074
64990496
799060743
208572941
833247211
689573185
822264293
641538318
363377038
126119908
96832012
683863679
582105910
933035295
940851005
126576330
323487910
843855973
988325101
250150361
13106793
520014129
793682755
56518863
401713509
888168855
856168290
432054480
313532
127700318
746431823
288262315
945542626
616844556
18960232
608352273
798318445
793835426
418478210
538966565
904814512
535115450
158896571
860619389
200928784
417444837
897538361
645467183
261163615
878716037
508190415
332055061
828854763
300517511
995074094
859129722
591716698
918866077
837698636
925362881
629873127
472783643
291476252
62146353
743999676
605298445
314383008
478128888
316348916
440825808
450620562
851061423
79674792
822981652
653413005
628816782
986655692
612609375
385421826
853962988
228992069
798359943
582864669
274669838
506904921
420117250
456152343
814673866
776530096
117821128
336644636
247950210
799237290
114591668
873097804
701523069
860302428
978347199
532179854
730143992
569079928
406988807
336262250
791254773
415573003
916564841
831679366
163750778
589184186
561131566
426186337
567477747
631315432
189218796
688665008
436073673
125446696
372604075
219793129
822715110
433084729
183948378
112471104
476392883
53101622
815721924
701240214
162956124
713469021
110037466
906051514
46997283
96550572
386923722
887627659
989347961
118899313
742728875
342278834
300638471
308312771
511087828
34647157
156986866
300029032
170756185
308285780
665278754
302769929
957657893
139117559
623680929
587032986
117841331
974401854
917926186
952724706
431703699
881590497
243626926
950617224
503336811
904737284
657937049
141826618
945267138
844679885
90532222
283774772
516501674
794638592
852208800
919266928
702220362
782116745
180891557
614431353
667421771
161198056
665113162
637096880
433522137
137145072
339845982
303088904
667834459
807615964
82741952
93624335
784861710
485064180
340985685
105551322
978627508
15028447
500742434
588913932
403515897
895931559
790691705
35693805
489535888
462583420
429879004
774771684
50720817
44397050
727642784
213827706
820288005
574218818
35080642
113617443
290342514
671135561
882623370
353541638
339900536
335317019
254428310
221714497
500811982
637840671
202486299
517551757
5908547
781312244
660269509
795196530
251482223
305291902
249384658
25806510
266380374
421089758
512344061
292030259
511563280
268739138
252745597
98303336
335232295
477789251
790713229
212210140
452257595
415054989
407074670
89131094
789125191
713699054
421968977
975569471
470812117
893096581
320802289
1597878
998345563
467228234
52826730
857340926
896869054
438315468
281241139
812695410
614431636
424782555
570240510
653541457
454439620
287229925
983850336
696690803
257855081
480538531
65680311
494234706
510839991
404957649
544741312
601846303
358800252
653779259
10518689
604740778
564239895
892655169
932930913
614821723
606594139
726250456
287781071
885861579
459192295
109427336
271968782
795380393
848556581
502716492
758682392
959847715
510689394
989070517
742504650
364820684
222520215
644279540
731802813
376193635
154459851
559362724
543804105
779088603
678098020
62669428
31731959
883401442
611060052
293881831
303874056
393770020
462901476
66336713
973392894
195962539
129500259
145209722
446303523
337066626
27841447
432017727
368320587
791892842
746243342
720431292
244803120
581828780
832104503
557293705
210828974
747621408
284758260
494589180
123514772
233035868
752598007
895615072
170183238
423072464
187554416
187608360
61975038
919463921
637174994
368385612
633272146
841763507
896920716
973324878
420040094
393099245
30926965
485895613
589780100
986122817
679022177
17094099
619518679
613140665
380095157
935768096
228427179
897122797
744321314
292175133
434861592
743350623
408320729
552027834
403651684
295575651
844243590
513124455
116631874
17056366
480885788
180989795
691930391
229891965
247073190
962354627
326436056
808492176
403723936
67861453
653222032
375710289
725810710
231515952
657448813
585042352
445870918
50447602
985254507
527362343
187576181
857756859
201134095
508329784
95909670
419812281
375316993
149036925
837428849
272206414
897402560
470566662
450121391
410865901
895843900
94205499
715827806
475887121
718011962
193696238
841073257
420330940
526251596
630994653
594143313
627686979
653603938
844509676
895522069
850879774
998077108
962304938
476149974
24880275
919027671
877317548
879489164
542613037
352399466
773861267
633861444
739291889
158911398
182142674
726579016
109042599
99106625
409700754
530181198
802089191
990009076
117391327
779798769
284637246
3997380
72160654
907091489
119194421
952387171
923158998
570125099
330993461
589170220
943921624
42595069
403414411
193027129
755400548
112333495
351201281
224562998
946401431
268163186
113988558
488318943
845545802
226617430
20400581
118353543
449095400
773170878
792018202
310913469
267948775
315931562
44511551
554655807
841508811
93647985
543187960
339223522
786780970
349387815
205883404
456433840
25914057
679399710
996926833
162958600
310632387
535458512
996713486
645745541
77046193
17343871
747724562
464628518
699309044
874798722
893290163
75065082
443334337
507299634
905871081
401913977
403699183
68788217
714741113
448561428
206668006
140625281
920771953
687105201
674333904
38724831
79862565
503810830
163080905
613152804
886323811
735709475
942875542
214894493
324871061
94129092
72462563
249002415
549922318
576024697
820116474
291481338
191729287
812381984
608048954
70408765
828547640
894770684
114496601
632502165
227564005
572948388
270829903
493598879
300774085
707198152
85985421
616877506
309720415
744501587
425625443
262152580
214907085
832734331
101347468
253979884
453070020
743949079
610176311
184029940
974044213
832236116
404117460
589503689
907100773
348130012
40793824
80696596
475135906
507664661
626263084
810307616
957009343
559472650
85416483
848951056
373034403
68024381
256061339
619387006
7014723
88035670
952023437
98905981
889025801
575301339
14859976
936671140
286765561
808214726
244825307
587792556
579767592
955298437
955864137
546359460
59718001
285911245
989682460
43475364
418777333
296159917
723511142
16407512
485553977
501656020
641601602
367506837
998235766
695152193
258670084
590072280
657938950
962887117
59288580
529298353
473078521
1346783
852992784
610162939
393378546
89174974
509405568
239499330
450048927
626932467
977836569
242941647
914188518
224381608
37034600
762233737
15442159
381514476
36807910
786277289
204764461
165217395
670869253
461230681
991866261
974349160
657686784
660631879
559969444
461012681
242039107
835872396
172555584
431746326
182430390
530288019
278375513
377015855
821267857
454635102
503674942
13340750
425680804
897420394
289604738
706718465
601124575
270282549
793894790
672338638
26151093
63443218
255159209
996851640
481857658
419549310
73161054
180679017
162110660
510919062
987765920
475468964
179011052
436252547
685112392
210340265
605237125
354194517
174787233
504618826
644516920
848580841
362317944
949591098
186617373
63002547
246160716
894452298
567168257
500469407
770240393
536879741
305989287
642235259
301762594
540826976
163394043
522723886
158666611
536909025
732447928
786814438
101930794
746779482
713290692
364803744
229513657
78766250
962370740
338329522
771361944
201334547
400901649
679691807
818247938
934859358
951908188
477320187
71064265
58348561
318999366
52413800
769121830
366969996
51987291
127902798
342128421
416324244
376674971
261475748
256621236
541461969
714625873
910289059
863459871
347585523
508930469
359359607
277222387
7119431
659889442
875243515
821488193
803923082
889596806
162410995
880627259
35406890
399568998
677149111
42714186
477701756
158475777
103863492
767366753
869801193
675179275
62564208
211955205
477820210
586255156
37206260
524027435
332072654
472029988
286328364
362885758
37253514
777261277
844851230
879235694
221715146
774160387
788515726
321866920
900315208
12140638
42925702
975819815
632134497
742125516
162378780
13698143
636347484
718415432
503624641
43575720
968126640
385222329
286919576
590142832
103393269
721443476
578373646
742233447
693577672
894738621
879591395
120535854
617259536
688790969
57441898
988087458
48612321
670108763
903813148
539445875
880647715
938271030
957153870
784384425
233315194
242516867
39387033
356913737
5508482
301656980
802652488
43781636
344374658
939816928
385495453
861897623
449762433
59553724
141511142
534115063
868789484
513765887
625568026
114438850
24951586
537735181
346368746
182475134
246525048
220942170
430537906
911036771
548723085
993024614
173468835
838120108
594991102
28294380
523256833
619926974
611667423
372403373
298119322
774464031
988737453
638259591
329983141
512610780
571552847
677240859
451372012
311030720
434626486
527648325
775607658
555182655
981921902
460630656
877762596
536184319
764557069
23509866
393936850
684720388
533548134
97259496
575993138
994445017
354497433
288016511
895563504
349598325
476054623
736849708
849687654
272151185
445893137
838694298
816179637
430798889
510144291
546376291
108894238
847398147
984395719
518954197
523348312
83434649
20237738
92050933
937109374
856837168
724568305
498730923
507373438
432127863
231443562
210008093
505748012
237009581
595432425
475929009
585096492
781539094
584581417
13936912
68905113
625533196
247515976
800660901
33933922
776134973
444919728
18192333
979409248
703455338
175287177
763875190
797339367
114346229
935020704
524846397
876361366
410483017
628467826
398552997
480392342
246000265
221179987
307448923
240581618
439984675
546937508
178595722
484436361
946590286
763550868
330081616
989966497
833975461
84391968
633941118
27708244
810809182
753581781
197776591
332726956
436010873
783754140
81540636
706825831
312916704
57138953
453825798
550856043
734461397
71131262
738001090
982818103
284638771
550596709
840782406
210650568
820993599
147318632
758958763
948708633
986590773
199696181
284774781
81160052
559012768
765349616
58034326
784821533
577052610
958357466
940262246
946239256
235844100
591744755
973985529
303294976
689941887
359286005
638309446
978382004
16745523
78984339
938665283
578868231
21485671
160806221
558987463
901594767
337169570
822769894
12460920
451539015
185537955
206275046
233431385
255017407
18930697
581394089
294632719
923139243
314639582
725950375
551123561
422579808
374397504
186515717
422772025
730311024
664401744
360671025
982570393
872663171
197595010
769522876
761391401
91651233
733043750
667395178
584835035
516592030
225514375
369779508
314773677
301568442
996051156
514356822
539594695
335309162
369583807
824665399
164679542
969713697
438683332
144138523
158090005
455317868
813813395
807503974
757322884
867125742
297488808
426860549
70779782
46732173
890398240
350441999
454840995
491890359
633925760
741908901
36953002
311922860
940369711
882433102
204303250
629586359
261192747
438590958
78668298
617299412
117193131
879380553
998378724
302142081
460672294
425124533
738641871
38838025
234379395
934987361
21989724
599744860
202365609
759101777
784601343
472180209
522645230
669071346
801873834
959163667
96489406
811604727
444741995
328812127
23845840
604647315
139347598
593810753
799426778
146903625
463782142
910884096
231245794
842115975
190181296
190662258
857667995
209298628
788146707
172469617
540657574
807655465
256979162
773533902
82849484
922771832
8518228
65992537
856759088
374439241
564598799
237903371
477106035
919851170
482515569
480677915
922378280
178592576
458316297
97834030
259871879
477877455
65095264
273681507
687772269
756681606
74967673
803201121
833715455
936927791
36541565
750196284
944775321
555622362
382389256
818032816
41730855
973155370
250741331
568010836
458783313
907396985
640027417
972205943
154430345
315943429
312494390
748269129
950074167
183466716
53299867
407300821
759963836
11205309
798352073
864988091
899437599
256909562
248465546
675130855
913402148
677646908
863543691
518715913
361773517
658941190
938743568
223235815
566885949
585255065
846394117
668371163
293386200
369327085
152993462
295789798
578646415
198486734
33368221
280675897
270156706
468887746
436138787
742781107
842146006
239270808
303083239
558568358
456024716
117501157
317143577
235989915
497262619
752070786
910778187
64261907
557918507
539328505
110147031
13498992
199495275
313996133
114157213
441661625
494636841
587876344
738857987
841175084
449292865
200529663
280267693
68252924
41163266
33777913
261826387
341813989
805024496
609780210
724809319
176145835
520106393
893839648
995862875
293111150
797141717
562120828
721827411
19727432
904500060
9889193
9655718
392579427
140822548
508075228
352063495
377593276
983236247
12102295
516644203
962512044
511825751
914414675
417302180
739137254
166071564
152349545
464000485
457182884
744728572
450923964
109159465
946720382
358986195
603906037
527244578
892256649
526669539
704765387
503189510
522351327
916673451
64351401
206847833
580936570
789329575
392770600
849263087
57421200
368520499
843320115
818878306
749912983
242847727
977720798
303725147
230636509
560557000
879445738
153859008
504842754
573026237
796445045
657960162
69444886
502916873
593371751
239297696
112972072
521872998
25168478
986555658
587876184
455206675
660892343
52557608
91880409
883598611
767147821
624121745
755931261
115771353
514490135
338444007
30473894
446198162
420160466
61216991
355814638
528620955
166261452
992683488
451926570
107491900
155777264
642372301
499074823
186258847
773362028
342718836
568327475
945373534
209265135
243516740
538860556
526044832
76371691
689940413
435269251
547523875
52836254
572465752
73359698
253661203
191579865
181494622
546754812
421268343
407116349
291834710
60300311
566614251
340739326
498790225
119894313
209568105
331409356
683058307
536078140
539384390
665757909
197479552
304536011
659491410
268726433
576814289
479050569
221233434
517278619
600708880
68884977
955828773
333013254
49089620
57692616
467676524
136438774
248042075
590921730
246194874
225426382
109264493
383064400
319997180
888949624
508081730
728548463
443853741
337913670
694373432
861232702
715293172
15058524
338975640
673734057
776055306
186227778
702337379
648196295
132687595
327955010
777052895
520602294
91240089
495159913
662769168
115609225
957490065
700911648
34392541
45343060
526140168
288584767
124751154
248848865
358520981
454721525
565967968
660651313
763002537
148774878
524346632
268237606
812793546
515278365
603569201
755131410
273792590
818761570
628351169
871704324
797201863
433088783
482312340
419837924
590235099
950891515
20548705
510951451
385732822
91470125
582121790
867382718
455872615
117606912
280436873
103262948
820664497
471919719
138135718
705072405
352960841
721593881
661916085
893666566
867611277
567532669
668542293
385281233
15479824
171274733
194473007
695531637
74640971
98652600
138821148
212549310
405663307
156304434
473203529
640743515
500709517
21627506
830766756
936697573
864385686
899089035
923355860
756532355
287754801
12392886
800445974
462976829
739300788
203228563
748000744
932637012
635894552
11439653
211590203
33615733
888052657
810220372
644792914
239534535
287214372
359508369
850820086
987901710
545206809
559654032
637468539
610649181
634129871
585730116
279869802
367680542
220213709
297955853
643728785
813251287
53149435
592665423
927738090
269634814
586215530
517535980
82756964
486832348
463690874
731766290
16079699
576435489
403420525
258193834
560304319
520862490
954515872
167059200
570894148
829831742
57086904
246464154
188722080
997488677
229824493
148832854
243758740
907557068
308839914
518237407
743386913
314689905
281770703
883870082
418337639
999390927
669094235
759451779
533116023
830078086
65958318
607254005
517123449
715861873
519949639
619898124
370560280
477818078
878402729
192690604
498717970
854605355
184370803
464166902
680612348
275283069
482455121
852936557
354826058
32797258
928386920
889917701
148675156
713804655
819902714
511291765
890116134
740101162
73796748
522157927
520353006
185986994
800135446
735324671
855016674
289330137
725576762
750365765
32238160
258627734
955805954
721159078
588302135
163014303
254699170
688949142
573613555
471768959
843001202
813477480
595220827
360404589
600265965
176568853
157997290
798564363
145447358
997904404
872598784
766748816
893198023
940787331
251558132
602521702
170749184
475015400
314818332
291688564
358021074
517973072
621808134
322171143
248481552
635918155
698215131
220374863
106459440
160337477
426235305
930115971
209126469
225681657
831567060
579140144
524463512
616585822
961110251
661642944
897988384
980227658
103895454
998472474
119888223
133531986
658634992
914101355
272891500
654188137
978030891
379471932
625120459
770215329
619363771
583785199
977582843
767756617
134451064
847099329
129072946
911277567
996588833
2989429
812217793
980552178
916694508
518645381
356765852
213496487
291176601
506960778
855444312
714164468
517586604
71134616
337373981
44730
627901867
10562093
507854090
727648963
946540927
244383141
943453464
90362298
870626452
321319735
296249878
482667952
876074173
342946804
664210066
672088630
808432343
358362149
343947692
853094538
131610159
865000094
542349639
277095215
493719464
364231383
166766650
244536590
47001027
357581579
72773787
166129401
457974715
193861624
306549188
267727311
787479620
990500513
919456694
718612844
910709228
441826329
887540724
604759581
642460109
243752750
200517352
54152488
774432405
891642724
609885444
255324468
17645395
117521279
96774277
61042740
983491147
294050455
416455492
785437603
590809449
875282956
21987919
302871301
629896545
658585281
735352299
68997231
786270844
512198640
486334827
879279032
768914492
142687024
588545014
164374185
467161058
439012463
602374972
4394144
968349656
67439287
219233010
344364179
601877331
361762728
188321305
392043855
110220809
843554785
558031988
77883787
77231753
499983880
843591903
897860595
266800992
699767692
162802713
82909658
194797284
343986997
149391995
112919148
975328013
733625374
381442104
679581394
374441490
74976894
601669603
285977386
562443816
870063700
524905581
738867634
865613309
96164786
31646399
350153526
808679853
295145098
481996461
423148090
409415951
553358894
34448321
664121994
164285471
456308602
145750693
14804772
34688351
583889684
774312962
614031689
216979786
21969447
948325864
612223076
481970480
301763640
738334048
46872473
983610685
656241390
594108341
60225226
690500331
980314160
371799410
628661234
804043120
607762071
759421982
451409315
717671000
498390609
756456371
68256912
999367751
900521319
535247918
730561585
357418673
313336071
854674462
625392278
77759719
322439746
947990711
41124482
331973428
341813082
158730659
159875491
586686910
731522070
174013548
870516917
373735564
285756968
188798175
174699058
37962464
535886260
141242115
394102734
169108106
737440464
254641503
281338047
20994241
89494643
668032700
548227043
675422658
196927487
600151151
311879493
154402670
922861536
423699354
908542822
391891405
363616124
150870231
231425761
924374297
88746762
194139875
235551087
316610800
767975647
590283847
365243476
71098742
409377311
95164039
283115732
4905917
891396555
52565965
502774237
544037176
972628429
729769825
937871490
384530009
915072278
632036908
843545062
772706444
357908535
674257461
202145015
71066555
678598998
203889523
30811236
720314589
990500113
204860581
412501633
910397476
566781227
70215374
518722752
510971570
88975494
893894313
296292746
360620524
356975132
464275132
372184768
130577886
866860875
163104670
126742028
758509958
321709277
692606144
832091103
301506077
558210275
863508205
842725897
602021639
432036871
41223335
47334287
324231123
865675209
561787053
522096969
657502129
654729838
747282540
487642063
357889053
523133414
948794842
610936459
379039218
689837387
249424194
670087492
145894855
667163309
909499556
436149649
243966463
845165487
505315692
97670655
266386709
81875898
635047709
625070815
729655848
873077607
181741713
913310593
135532219
398691818
946302183
22861929
665712141
766259816
263298909
441990282
601409444
586501503
428702091
743342645
571944990
296502834
717724416
682692356
562995753
167147329
351396139
621441243
452265578
235929344
175393123
592754447
190482798
753195505
642604334
350587602
749912822
69705023
92809110
330092309
83725313
345128620
968642860
577879366
162680623
199815472
601210877
666308304
982119081
961027912
807063083
56756114
622592962
761543588
594476954
880237658
455346062
795554116
820987020
78722410
227516040
365677744
264928506
313596952
32432829
574168515
304884024
138531060
366669207
430536123
625978397
626911035
891268755
601557856
241667173
866917827
523482378
888301174
292936995
627868815
671295653
246072824
97747130
820241306
662282601
410725262
36039373
547046554
424760553
246312376
547531824
861659025
586037328
555627804
860605200
859088692
474685236
527914233
75285142
537199727
117344497
38129506
648041651
811816077
623964367
700480997
337902640
348249368
660926402
581947035
901090433
260191599
91519587
117768641
145083165
239419762
735150764
353570074
245460194
503050751
124036782
739543799
401973142
528667137
363493803
872525089
291385570
539114430
19955535
322597472
45479416
314526780
277307220
923833718
879825907
566064919
130307139
48545633
97595450
711603260
35706860
10240783
845508399
376422549
936708464
976532290
860981171
330048473
727859124
155960111
397092490
237798444
552860260
141549213
886836218
43552619
216721368
813201260
547936975
537307449
539779895
999452689
851549924
451379941
898409349
797451558
890294400
489737833
238115864
631447848
916892830
96164170
127704280
724255486
989823424
848155388
755774600
125876781
432707552
201803764
752560359
640896167
832595160
712793130
301063012
701918256
649388776
804758302
221156465
318076116
793137225
217513320
552102597
45783314
300890988
597908432
794607133
334551419
820211778
148605994
679586251
96349858
24492920
535440798
662442016
790046979
558272548
866662305
933672206
982480907
490443743
418979882
757887660
610236997
430648714
239389716
19244609
515263891
387459334
952475125
668778073
270217274
859612414
566635694
303320485
664968632
355361050
74062136
200178164
178413225
415352523
887163023
180141668
102963473
237081040
173872340
575165371
751033546
15371153
741601556
48006035
557291146
334748300
350190207
14646123
842443333
802747664
109656750
495297035
512119749
241153846
366809090
192487532
805847689
342251980
647395028
348959852
180558146
921971171
326313598
902258105
300094185
999603204
394080071
725442678
35355801
964180541
707504561
866033257
259963578
337369307
664253850
594590470
891554147
532715939
890855402
592090121
370863501
87862439
614135375
233392367
110220085
164585576
784784022
82543084
187379888
630829748
237043771
142178122
541944063
372077265
466472177
127156555
532624378
616418577
121718420
341651413
182196551
75134289
393611240
6769564
419629351
153338964
963690194
844463833
410241941
603356505
640395052
805707102
979334218
745089402
652436537
944129444
610614536
2535674
626714062
919766946
504055351
93829255
394515022
524534308
902793186
480272691
936449160
674807938
819257436
864417614
338446609
112561638
377058653
682499856
771707066
461553836
639104227
784014636
323283973
872691356
687620441
502793303
340812411
854666615
509835537
217422754
461120498
207881429
700435813
141930077
586269921
63723143
323220569
498864576
239708366
207150210
295063402
52762653
94020767
124555766
481549654
950205866
724173667
992684278
592049653
806247955
581015285
38362147
360760589
303925080
331201323
728842668
640594800
59416251
210358531
779135113
989207484
252032341
610406110
906791588
193145794
493293900
221688178
237839376
700619889
874862009
176801409
734282514
997874833
544638361
422747170
456085194
861380243
936142026
491670859
754161945
45443554
861680760
624717027
955815763
906736969
112673714
704627204
154349029
960303973
607557448
84185951
968576109
630298382
435096635
423184615
394107748
320629851
290640474
59599254
185601331
269635543
421170492
284717839
565284739
545728188
90985130
45181071
879765794
319397593
227759013
321469045
828172007
450985035
456929128
229481904
572595042
152867826
707230976
655201063
844242899
499234236
379137530
393211634
723924142
135184229
18852226
258157577
743963677
191843674
323112428
902357192
184445016
981134271
185551552
321312351
730054482
786952357
416048554
871052856
209541280
973846642
953385349
91309937
392532414
900509165
559903072
296186766
964552205
934487794
307441232
279501735
839305629
30376792
634345533
551580847
251813321
160920002
780875398
312388221
714179413
158655936
20945294
338802008
481830888
654319307
193936244
418648666
870945375
679792022
898476265
741942157
703614605
152281945
302436606
723996446
935176958
383291655
40137953
707926984
92085031
821145567
677135207
713415723
284427387
984465147
52169162
269205859
36203986
606376057
285019337
981226090
46399858
20931663
750215236
414077654
474570618
965553762
479803555
597176742
525576459
927330675
358801492
826344473
579739851
149788237
589488998
954028758
585429375
856106955
447541488
374969418
306392982
615975149
632198186
66764624
56567890
653122549
748443172
688656991
503818177
935602970
717651029
227865924
43380391
858212763
517096119
778403778
70029355
168408535
974326581
468031051
914894175
461097299
719807857
899231246
722492445
526275927
183803137
53910085
943677568
609895166
875100959
632684516
421521049
937472073
286017937
303340115
925000346
159617677
174262817
566190637
712167218
449661228
949129513
424776741
331224713
171101711
798177727
949713448
572730560
377679473
597661123
713632113
407966693
87525622
68874376
357497432
603617022
652597450
935733015
817260464
583919941
563219784
495854192
60167517
466477230
201841695
531946801
695181415
279090134
477924993
834641485
884189308
923574159
801778560
438474020
983179564
498962569
49609646
18647035
38486907
205476757
713964559
367118413
182632384
241496330
660471123
128356431
747770039
866070571
504572666
673031270
411100648
859033509
668116664
50093530
257729723
541605914
761279512
511684392
968899233
183697871
826417872
730497251
722058679
916006677
465979734
172942842
894526375
691307409
671104348
570280441
788026536
152936201
481977844
900807859
652067091
439829419
542550270
567631571
792824765
799174997
39978726
416281637
155702087
318720702
714154630
394006090
434370044
731514561
962486227
688190857
214899655
292451350
267080998
522822015
36751978
688979658
256417340
110845357
793842945
989688517
236414023
120756770
543661338
830283814
984956972
881755140
673414227
557021447
125294084
7889398
18422688
901597028
882519039
300396409
401913352
746458194
648381007
263860741
855480531
943206693
809522738
686964414
619660413
548911425
91288496
453408544
401887577
552082388
396140252
367310501
262970438
609207804
214412334
653296339
610947028
312266516
882574240
268123382
885582191
807568009
639784835
375847659
854766427
785234313
678225833
767255449
329472011
87385415
336073107
153933386
29332738
513994819
548397818
857709552
993952181
20419519
832376805
766454927
81321362
950177329
481133375
193892895
465487388
477115241
454684580
369751722
139739010
107411858
428234210
770767676
957941703
587477573
875667547
814546865
458644555
382372145
483681418
713320938
884238541
834084370
332674922
279040396
160313069
160189503
694079229
517952945
600093372
97160681
969945110
223195090
486912862
105687213
124834932
651758349
955520920
188018853
381865947
515239436
346896467
239685804
920969681
83897840
316619995
698048942
147636882
617711066
105281649
605073348
464163445
154020157
82105105
972385415
398438977
150370306
201583691
864455607
233195655
785719314
477106715
27066886
669788576
761630177
236949987
727855937
165642979
100844991
701440572
460847950
313860799
150532475
529393367
575458781
586613290
17282906
636335010
548931501
295040578
979016742
377151698
471435371
311513978
140659487
526542900
144647705
134485330
274284692
209126220
498860530
886778500
813509314
644424655
672927925
46122916
577145085
565823109
949150244
689943254
396034913
786451202
32359640
224485788
907582081
48232740
269277601
411228688
965191318
693302983
852661522
858245265
239126333
133228305
344400862
949123711
244264536
461681536
171126182
191184680
315179873
396852976
814993331
747178919
517402048
718786746
410794878
519924515
228279376
458161908
481659327
504642342
742531980
746784796
951682405
801759276
515693923
137084502
890732382
577680475
4743919
180636707
820709527
648128695
412148565
564720570
338825408
812349333
212651657
30777578
417554411
356443000
223274779
376554209
254452677
941036458
633847630
747273684
414972524
411412212
509997110
792817157
602599505
219208881
549347252
736659780
406650683
268345055
745636441
982904022
679277128
728914186
482077829
622687462
633251104
316122008
481947260
734334046
959332774
324360337
729416991
499549422
90952747
326697678
362956914
415918588
210255070
255080934
23958405
740738161
146858763
737637930
897721044
248533537
171774513
27652112
992480550
740393965
977896481
108367291
336064774
473591685
368370387
43810177
249817540
428207088
741397527
744514579
519366577
352598211
874915029
47298320
418662723
258240284
917367393
807091599
843756505
164374364
666672116
612052147
26305551
877704060
792950432
179777980
861317320
772814847
95519729
713989077
53822067
631309180
598549621
275156672
115765893
832076480
654833692
468368285
61833177
557242658
120268573
769126009
480703348
543374948
213634928
41083798
353800605
425195516
582766418
257032139
939062838
417122249
616591901
620804639
422915372
207288956
980402484
414171213
457994260
729702514
525940379
10726105
359915859
91191253
531601946
83252727
692403167
925904216
751159980
717782317
964120256
476894250
224975738
374259752
607172258
903281736
745232825
392797064
126985147
607885078
123372493
487420562
129705543
809005621
761026578
772559292
284813966
462270557
5228350
79502588
734663797
537052559
632381455
960776957
670682372
585463883
40885666
664377338
474643200
537618402
398491910
259824271
29090008
803550041
481436005
30472783
755090943
580102527
953176882
378694935
684295262
268991836
784597794
306038358
919962954
840511524
74037559
40934754
495183245
660503064
611172058
261730725
291306247
837651744
46478003
962988290
864177726
584353957
403171223
458672724
824324868
869257557
96895642
117420134
727578817
30591398
144967835
970730795
658859921
369621211
637746034
793329987
960783855
673129592
998365550
279997610
588703590
533854287
775224489
806260565
115948827
744245766
768305798
572381365
401463381
224322811
535943588
693485917
856487055
985163671
375648733
366447974
465007266
725834493
720089807
933458020
720904864
71103879
581055877
312640034
253567781
785301161
803541068
83420090
497032714
417734831
654458062
835959015
291170541
990965589
33274560
739778647
206396087
266945342
115533457
191874706
395686558
891376921
403567827
390871418
962983049
642202165
904248794
513458461
558254917
388369769
240056886
11001871
885603393
372358781
318063046
709190689
189978514
767604628
656303349
507020346
778493447
738181840
901935228
203050472
458704181
634889141
960624572
676957269
422923728
846258645
787579042
215388426
179781693
953644678
713553961
580582962
915084806
200037385
577185538
765965110
924900296
69685168
218955305
996282328
419310783
842360822
503223273
733824878
723306859
296105636
770047456
145050952
936405554
29670800
482341269
435690417
263535755
235037547
644034677
21280024
859971788
101728724
323286339
522544724
5058000
273451235
425460945
223493231
408896910
344290431
199069103
414881111
502456802
384567289
733695904
149504739
220461081
492888318
703715864
954678567
646205259
700175315
502611859
394143431
693425712
320977850
542233320
269219931
122142361
736210339
870382322
93713982
462626884
341119697
210828314
606257877
70276715
852220158
351889391
662514779
669470365
50675170
563509878
669084834
813210356
566535049
340967239
856822740
611573398
460766328
8325283
189674420
314227617
463424356
166529613
917272340
263585231
488640692
83346321
45153451
573988748
786226098
522604300
796896793
535880453
655435151
417804684
269239290
362391467
210299381
652968776
533058442
210486286
69945670
324800708
475110554
694851821
214311596
445130699
941566094
371675893
220817852
586457181
169350340
594869792
891562600
936235841
436947023
524261217
981997524
547902336
270128497
91025886
911392215
937062384
851526366
561616478
965292902
581738430
312787589
479577655
289600395
716946346
601222989
631877753
606939358
292752163
17130269
660205903
646799550
318441472
104913498
270078788
129874410
108752356
494762616
590509838
187035269
326473636
225147001
727957781
507410923
649580385
657242213
896389229
160361487
493700955
93360070
875147881
392813991
454682935
877188231
293732956
947301660
669145612
638805047
958698417
177863568
574998028
26414771
54747513
778259234
191071323
648635355
932971757
207620777
564366701
205076241
415181008
338317660
740196453
466928451
828568679
356056342
292656648
378504569
332139627
621500182
53571225
653522870
281892558
829218921
718858124
927243039
384754181
719014643
864581429
195613431
201740279
634124271
757195541
59207206
367695695
339918047
643404774
766053072
45087544
95714013
362052458
669133137
367793369
679918714
111246255
982097003
901684109
98424200
684157127
198267301
254744804
514411499
446517383
516137663
283350247
956731830
220278325
920547854
51025688
466320935
997965597
337721084
194390126
871964119
76299798
61342209
779694181
23987257
403424778
580092141
794068948
378622749
875345960
62038945
780854028
855327507
643437200
472011479
628028898
29349502
910596976
981610933
205826736
771677304
841262062
595201055
562759118
287525911
489038402
834062587
972098998
198639051
131722858
150149983
496719104
731798895
230445781
659754601
233311577
703146274
331996592
468566029
290876543
869237884
625255060
151575243
68691548
372088497
83220371
400717311
79770173
955256917
993039802
432142469
46479377
629543037
346098097
483147686
138427516
591583141
961640126
189378993
410140407
128018292
681590234
648590073
325834233
139430759
202668725
372108761
886462560
418934357
486199429
370142372
670453941
112293443
517296433
277958307
475413765
885636071
560437261
482620968
784711101
529143856
271509761
901769341
996999968
75505019
55491355
123214477
985300020
527130151
125734410
612451368
87830927
899441136
724209948
513627792
419734089
649074413
221715551
764731021
830296539
451691153
393458051
703240417
682378948
625271248
382598416
86190130
276982439
672638817
255093509
556660680
476525143
105926613
532853223
639305011
14342497
599485913
780628554
734661731
755395143
372651450
737453157
893371333
676079733
370102022
657828990
798379610
754184977
761249789
171004303
322668156
562562071
156975002
278238424
270557429
417042441
212248741
234265559
793043786
268249660
258094111
157508865
109845014
858038883
355175867
606686478
23269238
850775412
867422931
271238355
512230079
128969064
536743227
27687613
458326966
633725225
818358895
700629810
685487609
379008687
922304481
3882839
623567025
259930035
743812912
835938514
733780603
819074851
35197299
218489743
90337702
908373103
812651856
694050493
939128605
383503781
874525803
69123592
28292987
187833264
47694293
358681089
988959345
877786449
75505673
507449803
178240443
647793248
762532347
258029111
481469601
541917731
583122420
772140376
680231120
849638866
933173035
615077650
525696406
55427608
891027744
984356997
612235377
835412919
124403490
680571532
654567653
789309032
65257242
406521757
500201698
32915936
544511593
118007688
588605905
705621555
211600966
122303150
910444970
180497467
821581692
972507849
440856517
864342685
231146860
617699762
698201300
57722637
278861152
426714074
92254765
517017055
378036634
267925979
742586585
583566943
71872418
851562775
555384770
918495300
896964331
430504472
160149220
992464675
44054196
340204209
401312729
514067477
34982608
596788184
977763820
596588472
964385024
7140382
561761822
640443372
758029221
577776191
742639234
791869057
421458230
786358637
154501381
853080781
994253889
14008897
656269087
633290135
784961655
96852171
394981798
828276581
319973433
941104333
520995615
676920349
305332974
21688732
567473509
535485844
958130246
137203105
776738407
865372173
141508715
1969038
403397390
454492156
363546356
737390996
386716857
697370216
49823925
23759784
34601739
568564150
132485827
574309457
602507321
22163485
940742245
292653904
243990126
139070801
535519432
378758768
947268535
439999140
520597097
934786547
510487734
990531438
773542871
782808669
386730371
410154240
765101722
59204647
581291409
732638471
883975228
212385066
95724536
225053743
373601803
325826862
772383520
612705792
51394771
617449978
74913309
725485834
115384609
155667298
709382429
927689468
841236770
756600702
772274672
695127921
117087712
31029922
943542717
522490950
363179859
110362051
310076077
425549416
378791593
448585753
814623470
740138185
914128619
950952745
411236649
805391296
252002368
96016509
706664124
520997278
821035942
872116900
999039902
640008842
121711989
