10000
883103136
545319146
980814334
351989733
730321538
399655538
302933039
574220458
978105077
569960662
414478077
800115942
44217463
757525130
940052282
726060876
447170663
821707358
742167011
494042341
46806382
848044301
420280115
756339347
456617261
480970480
469011748
711012607
670829975
695737307
460806563
551754659
398196772
575025648
508706379
476474212
864940154
776606427
346099578
641584122
619598052
698076263
367273871
299516288
896469562
116373469
488725071
203011326
922557038
934251807
468046688
342771979
963577139
258342597
197515392
877348492
340277642
95907084
5613585
202066135
56592832
480496684
838841064
843650994
811244651
407732970
779040653
402436144
267921949
555508135
349532660
603871067
941656870
442010336
100936629
314887201
492858797
629376186
905457573
939639849
56173672
451240912
853356134
945885497
583432218
222999853
524820051
804559161
495508926
789354521
132364590
925914629
808917916
289799632
738869881
319778136
712365009
985731341
316021741
3405479
460582721
545510390
970021985
944592552
909154305
235588279
979077495
529135112
838919185
472933309
949762955
249345582
170845320
597715024
772404059
708663469
651895946
986985952
982290966
120267122
341407148
151157907
700267417
809023630
262648782
588915099
436774547
498630600
423000066
843579556
307463746
368993684
989342217
237076461
893813280
767751145
450127495
64694893
988315449
412286699
491884794
405282017
940401764
837006346
890086333
492847707
623337776
312006691
339509746
841595744
120183105
309473938
57172845
476975169
647144684
887571435
828644949
258640362
853756520
145281129
893588519
438936684
223091257
58179294
305541616
848361127
316779788
436389817
286328481
736717548
153974085
582727312
352854060
746516882
418488624
946858350
924258680
377356707
528958923
107214927
292221581
511014224
492342653
693807818
319156072
553897174
669031209
264957174
782156013
242882634
745285186
834642453
427555021
928813807
529819109
41413270
244943114
735077849
858158925
419149701
984460145
649852991
641143907
284314150
169984182
216698589
522947390
585036002
553704752
70189659
262887608
748966083
662815011
261183629
970799416
826730075
475842343
495227886
685627128
915017049
553512982
127864783
521969026
63283099
881303630
617910896
826875050
131020173
149862825
20507483
908360954
518505029
593115023
842492030
535242021
376124635
252908316
774698989
356195295
453530426
771575110
121303822
539504264
511917139
627833375
661421971
162285120
219457323
640637860
719578095
299825729
232246416
350667192
19928675
326025926
196118009
676232856
207481980
852109042
857594866
10984375
989730803
397286225
877601475
396647663
539619888
600472272
700063137
617348517
863879747
732785179
79050251
310891134
256722519
420297164
18821131
994400318
478488100
706135501
602093303
57744903
862645713
71950924
636303099
732286262
726350365
113262070
969839827
127552497
587574480
590617014
141835400
676164122
254689304
993721611
529754367
226395006
908713551
625495570
739167301
272146435
654229841
338831019
57151460
766932430
803800593
493460300
768313194
767982065
348247712
373823480
418227695
698064016
971914359
153846091
127301905
806087649
121677040
812590696
673054064
945886975
718031707
963493894
610927948
540739347
290590949
747867350
891402032
818776270
879529365
689026236
933192463
258575152
320107552
554949831
527677573
820335412
281058621
924254216
751493559
413874889
5398679
985173904
914896677
600470643
268209150
928526578
107730676
818050727
929099777
574220145
404579671
575763347
981874719
253204027
316506848
805414386
856165517
31719067
253941716
668668441
243836149
635205665
454461423
697656854
553451488
811287090
439982571
598439425
478374226
229090585
706472631
134147747
627455520
394238005
307065196
654891804
832838168
860827850
702947058
687968152
49915269
717537689
32270891
19937734
795026620
502547702
947435696
279663159
572028147
623368257
117042885
158487625
219411518
962133114
65512644
877726105
834360805
970846416
447049590
60596384
987256984
587790222
584960038
292090291
780264121
684453998
280325299
718092420
721629572
290733794
228879671
485082707
54518490
148493622
509438980
735570117
342684954
832811694
519662393
792913734
958030601
717658653
305463463
604441058
841403628
64933420
632274756
234374678
254739895
156631167
659457369
967244054
680650897
166696171
190464970
4153944
4862738
719744924
589948992
138905612
913702776
333264938
350500227
751466365
973334909
315601507
462806737
899013652
489298108
311272225
957079930
703048751
559407546
132968183
366827949
99830105
933680638
569443673
214201814
222037753
64929976
232599577
591827621
318100387
862082291
682203773
518893698
968892091
751252387
138468096
344051691
635193292
638732300
202753656
789536981
452859191
984347341
746734276
385030606
486904224
961285891
531953009
921270777
178731704
590596841
336046850
697724777
752320760
67187567
884437528
259338283
90154843
441263757
802984412
191974877
265704204
657979766
805410371
334240476
867329868
95568474
934848457
301102595
175194607
26988436
493561037
154322492
668988348
110796748
744995081
283341869
312932497
170634110
648901387
975329718
921522230
514802379
305332904
146855844
345161274
491124473
493994884
2442465
921964071
711388032
567443246
492176249
98861930
967226451
862910878
279002872
102605555
910972273
98145374
250663898
716407794
702517050
982772641
429167680
330537911
918558221
507447823
287990399
218742469
328265508
140709621
474561549
644315024
690107115
47801424
551525787
869040355
380237588
535505733
618658438
534839012
912881181
100138237
183041947
616151991
894527742
764203813
402254454
232256452
118747200
463272142
729258435
864396017
282520541
24343076
24311519
802396705
847170813
445784244
585855102
181429127
864134941
592460768
370194707
913527501
994922838
480500783
985522937
555525802
225451778
976137368
750410025
389664151
63769901
209118461
88739574
965259018
410384605
646560545
619379249
372602892
634626195
778641024
400864077
815026591
736231007
352856579
549366075
600043451
855575662
387110333
935250332
189401103
675978004
396442430
350347751
937964122
677086255
824530469
675812326
113252709
604632248
681782970
270818595
759653657
839618553
523571174
114862947
65292161
545615890
143193285
996551025
555539348
330787516
645197497
345320563
416726463
168082307
652197652
594758192
118419633
683583198
253661995
200325940
580186063
834624911
850427573
304670741
524670137
217465408
36410371
214066044
590353132
126962905
608223912
97438736
63357188
745804340
548882967
304444617
717843812
837299846
12051508
376663505
689825445
566438216
794412693
213018663
478781480
411270815
644481223
684651344
271440806
110577125
31629715
147350174
197577829
966653277
836245588
606010842
589181231
164033539
481882099
164724504
871520339
940103227
459298866
671571969
905757526
445168537
664006004
495035710
947814150
367100312
4793636
522804286
852649423
313575676
118100169
862511848
334401635
156671770
624143042
5984185
820689243
56956968
964489989
126658613
175155111
504012046
211962137
197896948
47401919
912881792
852698764
269230084
249261151
977677214
555276079
816393885
500660919
790786475
936928856
168234012
939926820
60825953
303107008
723221715
148034720
275994616
943376449
636850561
477483902
752709153
348391928
661424843
867730807
596481428
774041944
384700059
169947071
97373374
970839278
306848166
735988870
168599416
874263360
959893775
610761023
595006999
184632117
44947539
375100401
921051435
336708673
857457353
907870663
390757002
83051224
715521380
652894562
400353151
944404807
415612304
48260919
148019757
363134732
168742952
555087727
397984564
994903820
252718944
383797477
815509573
799145426
796373910
558405262
252023586
585224022
492254417
416406236
314565010
974245534
908325386
914858994
415183023
891234
273329616
27732030
330212390
374284502
31214293
926160858
242515993
103534458
825153753
879985950
15417129
226333007
331758125
154334182
956894838
47265440
736316820
945234226
342161257
20214083
400566212
425063753
34700079
345920221
952289412
497795215
600590445
166583824
239587867
546992902
876669860
696402032
411875050
920770043
188662396
909612508
975171077
700124956
872510891
391838212
361153322
318531598
672255098
381347616
212549288
410105520
508671230
796364861
326675638
890772938
74138966
889212253
108219383
867953481
26450029
336430980
712535162
775138278
620838894
33231536
166308996
128346390
95037445
409818293
406440009
156839499
495762507
365754541
733006255
76052666
847327581
184622384
789502377
864972471
542106885
360259535
360653790
676442090
844500275
131438935
642779107
496511143
434940181
445061487
393226786
332791377
897073641
983632439
43788688
271551771
72807452
612698459
198798216
120171707
503874380
547034923
548610402
442017346
343371196
644701092
746973342
55589988
494104610
734672857
783765239
864952495
206836012
517577685
891323392
87800333
339938126
59742407
398233061
673852571
537227916
406072116
739910446
734477647
771043159
347570423
423113426
384136566
224158282
751950779
90194674
489373749
865521845
187685176
121982426
886050387
509505084
500289731
457057300
280068652
260540683
903938510
683588529
540986242
562385032
655169091
528365267
849462389
150142916
212882051
212966092
527061159
166077628
987633229
381603052
283562535
296508427
377722965
864884835
999766862
95052997
267566677
545344091
782428153
294091625
262477835
899063374
439311365
106273728
154642175
619072399
841949657
342742243
401979863
663918601
984405863
831404633
164026785
338930005
3924543
667202403
112086674
89846686
603349854
934698797
432204610
282373089
852166781
39181841
396630311
471024505
210956826
132892091
61527791
487986760
194021846
150793232
276198109
718105520
118039224
40876709
644093947
606925971
161661722
57149553
801753812
104320883
11989247
785988638
662446797
802634599
95065421
109636175
129964690
545031495
203608075
108756491
686653552
87822218
872730335
233339808
895484143
130064383
108899722
310460025
781196948
21203312
537278771
948512407
927991293
783594818
411402513
312689099
902634941
441986385
265774602
186651978
219490620
610813139
380186204
414833752
604407226
597507565
513518427
821921033
419418119
153649243
47876693
77963327
98961748
79156374
906847775
104024151
310130462
387990491
200884722
738435959
986865186
548949958
711813248
882555107
925533641
650097120
609048378
424567557
664764905
56260794
287826709
160161263
395556976
919508430
954848937
43604488
491922329
677538889
85158459
681242753
700930005
902357492
784560088
119950233
759091301
769763768
903301796
421306777
632921106
4201929
253891917
460028567
109141375
50268778
367200728
375624450
485918647
886556336
574383697
934716702
859068194
706212225
566103796
454602543
5118733
313493462
373890552
501879082
220552880
290625415
788884203
980043423
584306114
855630918
124770716
316230432
739061229
205135871
693285178
58209611
761311011
426695929
110152875
753824944
734939006
433194213
829413712
900091623
377082084
800756563
110418880
27423212
407919750
141559074
222749280
436684823
348776574
86899960
735017579
64576001
381064702
468892292
246332888
775679714
52223972
766644485
373413801
434882709
863377529
268457066
282187761
718631528
432361586
594028655
229542493
962051951
627118813
915392847
356614173
236751868
106375156
922570099
724778520
518580946
818138253
288645191
226062307
600045874
319741701
589423551
326072161
924085105
503695099
727058221
568018674
8933546
649033545
888559346
329654769
341300262
236130651
452183791
840238685
352258442
746214740
146737793
169647663
571941697
19108015
165228571
288878194
898827419
417521421
755398012
161514746
257496439
524305950
66762885
188261534
954173301
809596700
113402217
68375987
60001211
981741757
17467515
88810518
691113294
276806104
624601619
478815397
627877666
637049411
507233102
887306966
155456796
625053389
791183554
247463801
266090207
290679371
881828135
984655066
837332477
559679805
277565723
412126610
576776027
935126001
45492759
465900618
652291965
267181231
642347020
50368889
200838047
62519090
27174651
648327253
774036322
628542495
719388826
531249154
898535470
646366186
808269728
717569187
643478697
539029003
636430787
624616107
814731403
287421017
28765362
769740399
456630760
567155015
708909735
548780157
720803204
435310336
854937147
887866671
903672800
419175074
382172570
895714410
727048454
624748246
962683024
482049822
72539683
925018080
646727812
661260337
328540919
829754257
680687107
405527295
486463365
117715510
159259991
161335922
210075078
899438942
5500726
159313269
28663764
552906194
123205223
996832136
407641804
700260574
699836387
811768540
960960976
821804141
595956988
552373510
118055215
135389813
439529191
812633965
720300153
626617672
812235063
671223331
233197323
440828875
850283742
871196250
486820936
131825879
597270466
730391051
581827317
893743050
311371074
870179306
432148336
821254085
727778108
701132907
47685848
291534484
942262232
245083444
173219823
738928478
73794046
757454288
318164437
343431204
283212862
202269425
689427867
846429492
653213703
468960417
227509037
201283635
940605805
599157352
841836783
230782003
318853549
406237951
955746938
71971055
691513338
202549314
103552247
624066670
40803607
868302571
241065281
521859858
906365426
167492915
931429775
337907349
771721299
580584655
957105387
894040107
975383909
687585328
240772108
141695611
25462384
253633870
101446957
244950877
277385296
49488932
868201543
93372501
590462023
983100213
969935650
411512188
999425607
275708089
489631467
264495266
322194012
581079778
128348848
462250964
881631557
868973556
414494135
357591601
263564715
831917807
886576574
823831261
396440058
73178084
396081237
762198716
185475197
235285727
841214717
557278415
282018174
44833275
725507907
233138289
380332834
455809431
923897035
96753822
819864666
373262054
926631962
544670040
872678387
854986906
904555499
637859731
452562276
863362499
495857731
749616506
966378243
87638152
742078571
285281184
626768115
958302596
672164386
886054441
576342034
703242565
286182619
912362938
810139531
19318072
423536607
149798462
212332918
350744149
867464736
719569525
275652708
71017493
652025978
577804907
219961006
443981096
584904250
723875626
252270954
468188493
19071624
132175886
612831823
407303926
583357806
943724576
652696304
330978765
58712578
263343956
941322220
879404110
349194022
293705471
512468440
911819209
711017394
252813168
171802143
700707731
636758213
509933551
418826591
564446746
945319896
916796336
933309781
930618112
624653775
464652947
373034378
72023228
942874452
626848141
698571180
341541903
630545888
128794572
974177778
573506529
699876576
468375350
97545405
129635591
688614326
314925791
848880623
487371423
103804694
620846704
261197180
167280631
230346449
365541527
899962876
977227832
964370822
421092019
93851496
705763778
86493645
637555916
86149313
861769081
466880227
953059736
577944700
983264160
33036906
193504550
713864040
306542240
291692903
592911030
982245956
506703742
35620485
509120230
630217025
427583109
76661394
332781444
636123312
258350458
452739811
272543920
575800899
540139631
210275937
909244540
270291106
16033556
72569838
408790308
303404242
111157494
861908761
263172483
441891744
940043787
182190741
333899455
143434596
122288975
823574740
500647634
685193551
770764939
16508674
109679550
989106070
458415108
371531661
687609875
881718537
50625629
281842011
253891866
61089506
370129919
21071648
100254365
535530859
618940145
736532171
459193422
472162930
295285013
591262468
180307048
24275395
955274794
428912808
618996522
197000362
664379535
828634845
652266976
36364122
466590817
632700005
173223281
976390983
27979293
323181532
215236701
513784813
689242822
182212926
863276574
377102810
472365787
288743692
433063460
598429666
447804726
412992714
884464543
206146638
970898601
569320656
416536886
965166268
179747326
219062412
814163714
505425993
320673200
52197017
610846866
562668309
455369029
13523039
345818132
40524109
469186269
862823374
364398782
997024491
335224425
714405290
251247204
21729686
197786767
181852204
740591754
31504346
481125428
480960756
897472989
191421341
239991511
832808471
854634709
294793093
695221896
10324453
347735993
886225770
458894724
600463158
322721419
605463051
367278711
91423821
25622114
718157487
928985089
714998849
332851576
572433977
76043664
366532725
77079729
274850541
30138967
875076501
598801825
571695081
572257858
770761654
893094489
631181672
381600838
391488107
332600377
535683492
460675785
646546861
758345626
556957417
679046484
141804459
196550075
875198292
952140741
511597213
781864109
238719141
226307044
43197116
727440331
383376106
952585308
992789086
419426660
646283073
545180608
634173365
358431254
322543908
670603892
465500352
31008173
232438831
304526227
117449929
344152389
867532326
732519988
299066690
851352465
115246230
689703360
910867470
253765106
336053235
558460203
744590333
946113062
979082903
878946750
942179533
567233750
899589163
138708203
705706793
701141762
230606543
282921551
761962045
173446839
591593593
98326823
668887213
909007973
222693430
504446338
909109889
580139714
176087231
197440595
989186052
474205692
4695378
541916453
542655648
598870441
927997514
663211746
719567585
149087730
676445055
176445253
235398110
310963832
226154584
36075462
38427668
600178014
876342889
596478192
852179998
693049596
322288846
791408921
948624201
51566904
732733694
476818196
866769980
395585699
358843555
705793090
222279452
606272174
49192595
428040984
815437138
579521749
436449944
76889251
443099986
164372246
846020855
951817688
559331910
39612722
15384603
978595277
21192114
851470186
604698803
942971370
481072571
932112502
341012550
135685466
527791545
966547866
201892202
53335235
165328598
661325600
802567509
715170897
969100286
891582605
488538844
61133727
689043504
115154558
895467151
209262758
275850340
325497219
385977839
848391489
763761110
597091067
328286337
254823837
843018455
141452357
555872763
941175809
468882530
560109718
530709415
382733128
149394057
254929587
223919741
371171285
747169556
246645227
512042596
668206536
419429764
162528578
233260730
964567485
977208687
899634962
186064336
954709304
693109624
392630906
585807507
282477865
134339526
569200003
770891870
973768839
608958393
895844337
841007950
221373950
867416593
796753897
639728633
408875963
231689957
345234412
50427148
58851999
345481039
309785460
958614781
948812412
553922561
730065100
319693567
568219333
87929261
309661142
477566435
178103420
751848892
922173935
583939874
539462515
183011232
690944255
47748331
646464928
798310114
747653203
325817399
51881752
171558597
567938807
508512378
622471655
700236664
828204837
676720261
551619974
432379729
538608254
235154435
747261905
717394714
118745943
494872838
726791418
487830508
386527261
780324500
525903264
243458191
752381070
327476471
187411262
89674353
356923153
310179092
326793410
464726527
676889386
234137071
407092335
607239851
532609765
750109201
461784354
716239817
239871780
903703750
370186368
510114069
638982963
204645101
945777863
728861365
100535818
467012235
183027166
372554244
86383943
763380161
845114950
322334917
761645630
532564654
151541357
461912843
282528629
57407107
399965113
991161963
489399099
86733458
711355472
803622653
878673
737761634
296486711
164553004
990608459
988142462
363644525
95394115
97658457
949597215
592908088
16822149
492399033
443187171
747861648
338069829
832787774
452336650
844353816
690435944
492592914
865539058
970975614
540372499
529844395
524205216
612708036
987370792
260573794
963103463
947280987
548316476
620206202
616318078
681470934
57422299
267743106
626508486
881880009
230119855
604424583
619821626
59604863
231841223
908263203
165997036
944029394
850754270
988988991
363889609
945749986
622769005
449304738
587733783
76750108
447763457
10569049
271447599
907021735
743645587
348763653
801635738
270587542
219078163
454594863
607277203
299219095
523523032
43184891
316130860
813376892
237616503
591248821
618639669
871983781
395739856
916093974
797693244
959904650
244473245
186984610
514029432
37056109
583724999
542898709
637213531
441924953
114849380
348201195
134348268
741847191
884901401
825269350
681329974
132745771
591742751
460630481
148149271
989526421
662595474
186062527
811916984
146611055
989377328
964682021
141985208
7021445
203634326
451660036
495945923
57704487
296441508
402742764
877909222
299424150
180664030
810222702
868494883
111608468
431433125
921329996
683378835
975602556
244723398
480831119
245074689
859176794
585445526
675419296
264070074
248547099
787346213
288283747
260144448
825161723
410634777
47468314
904303666
789650690
94155622
207077500
462495590
101912115
761678157
806377230
944387969
202494563
515236604
75766230
393912654
331883812
109651473
311220247
172686299
902614894
988108618
437721029
69035403
500977819
288262575
806072769
111454539
700790844
496744238
271190308
892067491
530002213
428255030
869982622
414195434
985984825
537985176
46276274
805497113
370155031
456745407
888603517
558679363
339011434
770832768
594345289
835694205
498126473
488497723
285260958
223978135
597190339
266479364
594566204
337650148
256145211
827678182
959305350
688222293
330453917
627089211
641988852
488514998
460732470
476117379
617245463
403211521
16128565
245107306
661321646
617977329
67451744
598920543
155942629
944578883
911566679
902235557
130845251
2417003
994153327
36195597
527046874
669636293
357553782
339975875
148860966
621983488
680181405
687961270
890384686
286478623
885180075
145291693
196562250
662352724
55620771
422607277
919132914
531642322
967642365
684072804
732976842
276009101
799271478
125817799
784348294
152118794
874455507
22414054
296945565
515876499
619427600
285114600
756638415
783269758
583073445
241606132
906823314
888657274
906041685
272141342
562172315
684599615
927198615
659634859
563354357
404116476
803183199
9160007
874259613
102752268
666089349
14648188
924189090
231342431
976682113
684999015
604736737
756062366
605215714
740983884
528983121
861531152
449682059
75210947
180803064
486439569
456228702
121307265
330145564
575529582
230344901
619913521
555878197
2694356
580609743
926761007
323318886
210134021
485863842
202683935
661959774
892287338
740802433
83138314
130399628
535380511
577267504
451589609
158629231
40044683
256829638
894545729
147524247
271223832
872567971
78705874
930694499
860296667
568817445
955537289
341127108
944485038
322812249
979589004
272345256
872128478
511354773
400108266
651844322
349107284
700021785
262600978
147207849
156732851
917825481
670043539
170102929
873185937
292683579
389683271
891648022
632770155
20232521
840064551
93847623
195934557
270227478
720700407
447332378
861063704
111763119
879206087
792448168
349364550
568845436
891673432
395969679
810874449
32646523
545021384
248902803
690230928
771259610
267838715
310352400
496423823
737323948
996298464
937273566
563351277
872777290
915051746
13686234
121583730
823007372
384010137
199534253
876084719
83894398
234231783
752096884
762467854
31898085
19454491
396074990
844635754
862567138
979941669
726184439
842909409
45741213
235227980
915104577
821625354
483671639
692910885
658363663
463652287
381307310
248326934
735614835
26490306
960534180
384114318
685674909
595616553
620534818
606669610
821083304
541364105
703564852
907959428
76944669
457981133
96633270
4623128
506651887
518854106
71246417
648560235
532219466
385349680
401523596
954702132
972971463
143740776
843086912
272696617
786887009
269696309
515301132
596137549
48933300
956563857
115449050
203481730
690446840
528764171
779930030
849304397
414785195
286951014
59724419
945440374
280165368
936381277
184095712
305006220
559020909
342742863
362548723
669588753
465786211
937977074
440104914
375733483
613692654
509745228
503371250
686665481
294874556
273171410
765117073
72317744
795378542
173403533
101837705
60471636
952368033
738583969
782741257
954240935
160049681
556856689
938236188
650559825
557287972
793271278
488291039
660182831
429802636
76154756
752874885
659077985
499507678
254845470
871390121
163719396
488888128
618028947
744948742
619857158
162841159
831685204
486765442
635076333
430187813
212548921
285518267
869375503
943293945
141004342
989340978
377677328
293308785
43740364
15629469
153781852
762817379
614388361
436276096
221761906
558242195
262192978
297126240
733015826
820247690
170194071
727356388
671750862
425938718
306149145
538515091
270380164
526228429
433693793
561784750
939692389
108307377
345565005
751307991
477469522
208780565
585348641
725884987
721420206
743443292
50936981
501039258
327780452
569864411
313639766
309332575
157715178
292525519
765750685
560342614
677505000
217937827
841736578
84731009
800954997
900473043
733507829
341387331
319260580
159394910
258463426
33118671
110146227
17304271
234786973
635611747
413899232
392720776
705933509
162182141
346860168
139749413
931504018
850140084
991979748
201921766
148029955
136933910
394091189
220049720
908224272
107771570
994194687
519640660
946304147
465312177
841802657
324015824
419843735
499766376
420406483
376975694
869770575
639975218
703163280
873640782
365516371
128529008
87982166
890168089
269350727
897988166
725337190
301771986
610960362
30115290
787010992
970106683
605190178
422095064
853512550
915948571
715204893
659859688
809812432
631594775
670816430
64825129
441647296
633946293
836331730
155874053
786528265
882540538
24740143
6677179
891512408
291904658
982883890
222575746
77767332
317714871
252628481
158803623
196169343
760944320
944808906
260672635
370273617
952916109
310950377
8608619
535844191
427834688
137503760
124014274
759980616
422986319
794261508
764630887
452750004
569197462
15179659
944700237
968253911
50252178
677235123
231638259
790161552
789421543
735922804
640061326
235071678
122039131
737457015
430115186
644195759
160613342
821806693
32107881
791308733
184537317
815270804
844662390
59644491
546684645
207918467
970662694
134577361
981460218
212926185
97828250
777688350
136774634
807811279
883183235
571718439
474375944
623021039
1141807
477882094
722830276
10027533
181523082
760487649
391938541
773643198
845993208
219335338
999507895
170582297
531197475
233983992
441694387
708905398
273609218
70270982
602813945
190540990
127001961
278539764
489906077
155137017
530827071
400630053
132674514
591902203
787930290
297445184
869903505
300218329
554981364
23738288
902612903
357832776
980081379
147981491
766263857
530902576
53588724
211976194
771969433
951203890
616613749
142585552
532031528
774461968
33396327
33381414
214736463
574966674
516614155
872875340
85719637
693046350
43474408
815415022
638975467
200049254
915605708
626525563
181261980
315217797
336905201
228607830
481056404
693231708
832053843
340572646
103413160
390087974
279177926
897406005
679505114
490390556
967331854
625330743
930499558
237276940
844671586
932957867
109950120
139968422
835123913
857074492
932236767
678313280
219266766
596516702
343189182
438019825
260520660
195133312
378128268
201734774
488229939
63247427
399257537
438386792
32833264
103947076
881962287
767176323
2330525
925729314
264575712
97063469
638480337
524073010
305952356
468898709
552902892
926329407
33232186
198552502
502441628
592478242
871535914
552286642
182039730
918282256
69451674
584085776
944474129
534551935
69162992
440940293
374591115
88982270
560898131
154955440
82307475
28369719
96915605
919264941
627459744
513361882
258109200
203418908
490373606
44340730
443588729
491714962
644845930
317378939
660885969
247578357
688675435
473802944
912115425
733716052
434038018
760023465
191374642
41760066
298377262
937658791
787884412
542381600
596886935
15148799
259034084
366952258
255678568
256198660
952694066
826515659
440863849
33884176
626551032
850592100
774003225
733801477
145776108
180999328
937970383
866251075
771187911
251837966
214414236
111730024
497337947
318807449
640881371
502629288
823093216
995857979
172080905
594967000
304979468
415020344
265567239
184003245
27491800
545710802
570251314
617441294
786828995
415716173
342420574
117777960
463873745
726826826
275441611
597921858
530825008
973873412
981674508
105906712
957396698
115292682
927897559
38957537
849297163
854115914
411446202
654441165
21727258
149161843
172799887
491349653
595454752
655760592
261999383
755302933
965199310
159152409
595924560
899384308
62128804
227252885
868318558
554306645
56841609
629027368
303324005
36921200
892356938
727058909
332586029
11020543
650112543
53877871
308386697
720583696
335636734
86173014
23080551
662327875
70805361
672424877
544332442
974089864
191952287
356996548
267357090
257418755
790928059
123141535
653016651
929958631
66189528
715943994
742014770
329442331
662751501
128396572
482091732
578869236
239691458
538304898
362218260
305654951
699478219
121988248
219921994
613641755
152316562
929866981
816072369
221446894
418831682
501261544
337268964
607633585
999018711
63431578
740272159
990985961
322196995
569720512
573379650
750745720
883843806
921695846
375417484
839102486
573238327
306281326
513176925
619756857
309971245
413122668
613057476
398918573
592852254
311967800
792675190
749981270
809791689
769486694
483962375
311958161
222662352
10769631
281771090
455200116
650052327
880762118
969091016
24546381
414474779
222076225
629404880
166846366
460742393
975248974
139899249
569341765
955427464
801713447
373335185
785778225
346505514
484988251
223302000
748063245
90184192
3503868
218874081
89461360
10708972
375580260
188099995
951781020
3837184
995169318
927076149
926381487
400608351
952694187
410835235
989715319
217896939
320372385
348479801
895480033
613207395
935574796
315449125
30369981
73727992
476062989
375870623
167814515
149033099
529500538
65838480
615425392
292782882
164344826
113426335
344877855
549262043
12639743
130180304
526981175
639013698
205341063
822023996
532023112
465378456
95585119
492484874
942754387
776466826
954502759
128855471
78356819
630287634
457212995
196086638
269012748
610900080
213930577
278974690
174620021
241936218
790291690
516026092
302697795
211237147
680102272
644093612
716121711
902063622
390713587
818826302
774614950
872351511
664681319
36794651
518816118
724161982
828771214
540314849
321155906
831045958
578827409
516685262
616172133
165564069
567225755
466763031
115416755
703549273
170772351
423102143
290173770
546404307
556024239
71848660
969129203
671828721
66709972
850594837
223563127
796574501
459567696
417646207
493310953
519836264
947128024
861862990
918403202
920925884
585926854
510635111
258960829
316042256
497127190
884984619
911007833
635943511
52717828
99549854
815566281
265144343
803867923
615277200
171069583
594281355
660728064
745553246
72214358
857679940
914324218
586366383
909345933
602625715
232349373
513273319
287587158
95325249
703682185
686027575
466063768
644454517
869481913
364432409
219648418
737229489
417657606
846187497
741462617
259856679
991003755
917255905
803827464
386461990
957381480
964475395
620469275
212223896
165346325
625090225
87455183
784799772
475743580
726180860
894731551
552974083
597673698
940667483
953380378
147792637
420414274
931175488
368609635
380810917
625060300
696400232
707934801
305994865
51025748
147477499
839729549
416221046
441854615
1729955
609672417
745171198
964475145
53457641
817204124
211562395
859531739
855420246
458826101
52565066
517977458
656184076
12930740
152126281
884482403
687095216
537249029
248855361
607791288
267422811
290186385
848377426
418514305
333739215
619622641
779107852
750943679
399531423
665142277
203716320
845565659
662785781
724878701
685542887
977506685
688013088
537849403
610191221
714188017
630306731
861316016
36062625
612117289
668350609
607314509
972689094
373623194
801934906
299099095
626445604
930933259
838737563
938696671
939593389
138499897
704542171
587920300
939794434
730656118
441349613
675082747
437274616
300922241
330154646
543662694
286606131
955921152
502521299
920317925
357019940
770110996
421775788
787579272
744566826
351686485
585208616
828086734
93029491
95420284
367160372
73566581
278157870
175902509
220511907
275910693
980594050
374415418
810785851
526803214
142758754
618254373
732168769
880226580
633076198
768843283
384166539
979807896
206216439
795355697
245177519
89538233
359545267
798386600
901646059
452458646
528934988
32123693
728206349
735277379
869399490
784575995
591351019
982031271
553394401
35426269
335147985
189559053
140601255
210868980
844121382
431742372
162064259
76806051
203437777
881838137
664272777
374843020
556108060
498828684
152700817
715458167
705583387
98202326
713258495
26635978
648929394
150812542
201640980
374932941
411238731
116449336
415414665
168884470
935291368
358872092
4291189
557181149
793639380
220914951
140418589
603324907
312702959
429318474
692308507
176862820
874040376
157860517
414749612
494927003
32486863
377859548
559112212
258314431
554912109
987653776
889057441
198699545
155745494
866863200
264372580
407370702
321176589
983791637
975908733
747578555
702360102
447454253
652737819
538578296
943432632
66186022
925515020
759733977
648339292
495126002
254497041
599738715
881917996
519719584
51508690
467535660
11053887
898571074
331467746
767050830
945213826
228237578
384909153
220668737
567077420
786971688
909929793
658830469
563844520
191335586
815923934
595233896
384496053
523522684
26824073
606080123
645039446
226871990
763935985
203070230
285709843
118282984
572344091
890048745
592737669
447430423
49738087
158406951
860528017
522927327
213356395
892565170
753588037
984552077
990623993
541853226
77835099
918451201
936909961
123064470
321894729
913021995
624707176
4554002
306075660
376467486
352489394
969780077
19878927
657873289
30941121
876646386
871546389
109423478
196812420
955253241
594969446
16305334
501590759
184017679
590962202
794070818
739730232
862741886
96094236
907512003
127680070
551263126
453109809
250170462
462094456
596847446
711820128
264527231
377841171
780501731
638841160
640686139
846635145
686573442
391646826
590533434
889244791
772765631
604600163
948649403
294265733
225767319
708362523
12233017
974953734
620205127
481192154
350077902
834848410
974908514
312767334
228020199
446154963
216911021
968825630
84155900
211936805
465789126
863945689
907442078
154822210
240107485
929911519
753439516
590710483
874163798
643842584
8205203
253627715
153636763
118087557
473767860
964777689
132594657
35567001
276408240
833909349
48570216
645154677
60520952
794440560
725594875
340464224
177658599
404720357
235620214
516735203
212569384
678656426
673173736
22893958
571502827
739146557
361482060
86457836
888743593
799251749
295927733
512520680
156345622
415353586
689771089
733780319
564359465
399718388
194198486
156999242
96479639
780385683
33497211
151730387
693999215
25891109
97554602
271858851
765583229
370471600
562131741
145277568
783781258
964721107
695479101
932815765
202055103
119439721
149505893
689599618
407975500
261984108
945653520
590029562
597724399
142567563
378747481
750801075
842479084
215447531
51889770
894074597
922923226
647463571
286463915
878643330
728780998
158028504
193296665
453966875
95529440
432530555
120156336
617567195
497413365
344745792
695889134
763353832
473971740
329306547
643609376
478962078
89005710
436285823
947731388
411809583
982170859
355422761
923818997
859896006
253770023
779993760
440759093
382688825
479318599
951508645
634572430
422761753
736475220
617372657
352450648
597990342
527603972
452683345
615816316
251550456
92445456
414018993
263718750
844672781
781107273
790091520
49467594
872005049
833002279
896430904
211300701
897178000
477965740
713566012
721384162
395404647
253743045
994631007
717395748
765006354
757964548
103151599
306543032
470894428
756253239
2599768
442503669
464671798
166682259
675411179
74696352
104799272
205678357
481671147
352769574
668085963
898756039
239930458
325939118
667734366
747874099
876553283
981739693
802305500
446832772
200438023
415463109
282985829
759518854
244637293
186404437
385254226
717417552
545838069
253823222
667637495
273050678
995037775
67567856
607261550
107947310
68378482
306969971
590607803
131986081
917039960
282044564
396682986
277612640
979089924
265974554
330421952
480607643
302226577
416324034
24777098
189109389
539776937
403207538
660705205
696397742
614746336
977780900
544020261
227228839
586524826
616627451
884438612
56376349
49287791
517940998
206462959
126909753
819812014
278371057
694220400
404081067
952310390
742665736
3239738
662473650
553759747
142440942
760397570
818447180
361015746
266435192
280850377
567697648
252422378
947165400
444660668
34842756
772978517
324623780
117037849
44311452
518800221
19466911
46476103
78534910
3790129
88819398
585468189
270164034
74811035
435933008
198039640
153455818
324031500
663722507
925402003
784822115
124261687
585403215
811954346
457895011
587660671
33042861
395228119
99514051
723428411
399590387
841706088
189831418
852894647
133492708
724619407
585799057
278588784
274444186
966341648
179459992
526907380
530899215
668760971
946958513
361253952
128843471
959092228
935042133
897306727
686107226
72273997
751306581
396523151
181878282
72344764
401496349
382669629
754282591
944013173
388802496
568038230
409077802
487226784
293389576
616448510
488287560
640287556
15676829
631448303
424534527
536359954
738193487
401294852
438876674
713631463
628616540
235901352
33891878
764603899
559083451
525472251
709315046
390167829
643337458
172799644
753388821
42859721
123506861
334991371
80951265
183960393
767483273
713402196
455992871
412424836
791465360
531085280
259559158
577301746
308296390
431817218
518106626
911201041
357970912
452992813
493563463
859311740
257670946
484659861
320322245
437938723
341874721
870914788
797444585
106806975
405644298
185276665
706596632
951448173
971476131
415055792
570931738
947464987
360221078
657067062
971318673
770614728
775060469
75165042
743609935
562543341
6797522
328992526
134291862
187933565
985275673
361905524
276304751
739096410
140744225
993298243
559156612
930773235
388800740
488015895
456636185
816422233
1338507
558753218
81378875
538940413
927782547
679113947
124566920
793486976
439474618
445271674
985727682
154277671
30840091
563704054
8782636
45415822
578556401
922649191
430596751
926686693
783572736
631865110
451295845
429870263
229131283
904670143
318930910
443827942
997740993
462789240
536599443
51354825
164591624
444726099
818899021
899425369
659503083
200152007
478198666
108654267
2858471
446479646
835622102
978582153
943016628
81625822
952291776
878542163
408739053
28175674
435710644
87641833
879067796
479218020
538343896
35389889
184941304
418097449
728850418
62780579
428167605
548359796
698118461
978803003
617940059
334893053
452319051
572076541
513976994
800836955
37151335
917033400
653427999
18495115
376585513
593352370
836053065
195145224
109944456
735337116
609817034
894293632
291733532
488887234
532489343
785881243
512588579
663170695
526883991
572100239
83273943
609723959
974338855
486244186
580233539
178251696
789631948
512542396
440469677
685930543
995648384
512018229
639158559
117837923
287295437
930784457
630835450
484079021
175931805
214981040
48796511
870660965
843952900
725711187
724862820
457845281
257805936
11132242
36553902
33822008
493554393
578215123
545114979
619608345
652629096
40761935
458722637
815701350
900063353
241613807
728141129
864023492
480475583
250515555
311651178
71967499
14296675
423985696
119799536
439048640
95398890
41418741
245691870
24538026
918813679
602490580
297802125
611017413
178495086
756666659
48149272
303314139
30957833
753912319
250954674
839775418
303992555
540833778
3770772
608754717
576155114
159408088
184495465
609775871
978931321
869447936
72854962
640561952
693256520
106990742
729381522
944436287
232748567
413301383
279841103
375590040
227646065
97307929
151621654
718963312
809001585
660715123
465992211
562981163
631192808
657726444
183275715
212875708
266770922
18263214
581152130
395001177
576182247
194134264
843822675
427668052
911969637
415006268
885758610
478720627
595493920
139964944
851010972
791989729
367101288
927831657
967707816
318353582
412121212
855578269
904011756
205735119
746789427
40472223
586234680
855412512
627988635
697872302
975446341
126150245
93217067
673854921
931736794
401018504
135630270
67550708
410454538
249797408
586942277
579263165
862626271
66875292
22904402
177018880
264674297
106567321
832833651
729843570
400038655
44488570
719591343
398512901
183259408
81444969
707005965
225460569
158264136
637542259
46872261
172636501
45087981
864743265
394008151
717986577
139450716
523321275
27260963
32187681
816439208
633998448
392839107
247205570
431721121
369268283
217823223
890706801
8099090
727225006
191314985
768869882
554569017
155315814
616616920
941921501
631611896
173896008
690275300
329866743
701754535
238963497
53099480
929232373
899916781
812306897
723538401
581072339
304724143
412970240
577602368
203086111
716581069
223635016
142576664
592824259
118879618
668080917
32268029
569732648
818087809
980119824
53004210
502232063
345837300
237242400
543734648
699241559
794443626
66796101
645160981
632517802
949009660
379023549
256230050
241905921
644146727
338691622
635772559
172552945
533679678
730992472
819903862
436079285
443834289
233753603
426494518
514720300
553522424
678339497
71590039
847661690
503801522
512402558
995192510
61476281
309800969
749423023
877516218
133861161
454237247
176330351
688838445
914672821
4362741
481603674
212102063
875805647
534281365
152568134
645609463
474444657
916616726
918500796
421925325
176879885
588370499
882709993
934971048
53692590
287993042
677710067
222804570
458300069
60875561
697396832
955275756
194762916
395650787
91082319
543172936
733169818
266619810
583465274
163127297
668285668
103327756
181045821
613648740
718222801
37903594
596157726
677758467
363029638
149974187
811326194
929826409
333096920
840862138
895684884
413505597
113245069
148049525
950538247
681359285
512495126
321786809
949653716
355372351
430975264
824245176
636732212
248088034
57519873
693751208
502079472
897406339
347742702
438148519
314988515
128638405
325203797
596244732
203759251
182852503
16621296
243840384
622892886
43030095
209750130
475679397
781326060
546873235
417796651
765077200
308577226
508276071
804066947
845831950
921186011
551767915
220696489
785359322
375110764
94195540
859278594
480898409
771853333
336517745
761120080
856179099
279024368
77684460
389663264
785900218
216477288
770588012
177391717
482032084
952376726
613358711
751181007
669216885
657066196
545149026
517891313
177945073
521256212
428722422
607750307
921328436
781394985
111776468
528269913
46393736
892791248
160413668
41932412
902504160
123933235
670116250
282804778
921822845
15340443
442497424
170815427
283765247
84960229
468064351
106334524
963745478
173639263
717071399
662033419
780156596
284826780
392315392
217209340
977753834
227196128
657336299
404643540
75409640
954963916
17434835
363179768
477391794
778277957
725523843
665117210
650989032
436860967
51476956
881698002
752007072
118965452
34030419
641885706
458551637
173916439
127478319
178577137
356287091
813530608
493847550
448101543
149449966
735971375
689904725
449084732
190221603
325307078
715708549
473995469
730445440
812785919
81175832
551021112
664913651
311518859
464024370
529803924
712267761
245797646
801383638
397289635
723341277
668347396
86470774
659143794
8797562
953003685
999233760
708340522
123929303
385892318
951417736
508093743
749265941
78675837
953003100
902386282
144984024
496072334
764653525
35476249
206794053
415807644
553542287
751781693
531528917
268556809
507904646
356390950
174460143
837396110
765974759
997081709
442113475
803757329
130520123
317717611
459591282
217495325
480493088
819420037
881997234
145955607
668663494
307220054
356224265
834412457
744355597
949790441
434633833
126989579
248797291
907484730
381114822
336480478
805706599
395601396
674359972
723392496
229943745
293188723
743012418
165616931
647136477
153394407
822890770
587989336
456322877
337984001
753492245
105530535
719899906
548368985
122750988
559975813
621240045
345156738
919964285
253104811
867741405
103347455
526218419
341714602
364765861
381160114
213402591
109786814
632165847
734972634
309150134
972104580
461127148
8279124
269295522
514247250
146813038
215545258
945622164
206177491
673200377
460299238
37712285
440104418
260898622
799080845
762195059
860482940
586651849
401215175
882426466
284002930
819239767
728659293
213843621
56164145
751304108
567931030
328134108
359915355
610479952
729643495
750577972
875853055
342471586
425589228
619683600
424292786
496040912
704032917
148728191
114384078
954398348
186166226
359012235
267019655
649036513
778085138
278356315
669748309
368278718
901672008
598693361
695514475
713193776
440297004
485385467
110997970
377812019
915178945
830466762
975726519
567332798
631323329
199459399
344957857
812004238
37334886
197074157
582680679
349583318
776978107
176238517
656536762
379447714
703034014
725292423
510311618
275138862
276308505
884593436
489070535
334277573
44789852
194089110
208329490
602847038
313888877
118209156
737017943
192350521
141198605
235378697
460640425
266788660
751774399
417787787
793062744
977140734
884259166
178095024
733061142
318729752
613756266
538897266
564393610
715198912
317012054
264313403
594934537
652746344
660234726
692733812
50412089
545513907
156823553
427105875
878138442
773505384
291637120
147617729
319212874
175882983
888845556
772432961
939561102
926762354
783760517
820597903
559475325
534240461
308314013
95583297
424934879
85337454
953315531
365423769
968294082
715409855
520352363
331899213
797806472
246332230
408374173
350597625
863977411
404417915
150666221
335686636
205253314
370430863
527001809
49006044
158846259
628429501
672418127
29218486
923741535
101037750
537445924
920372717
465782292
159573693
315003276
561283185
728354039
781136008
944462241
424783672
184410887
303270011
920501783
76446328
306616725
318167913
167883025
950292693
880109839
678984480
273768738
34036181
500943694
19094749
922785232
203287513
902469164
745929954
932584691
599822421
761266460
564961197
486987811
459870690
920323822
685863886
217564675
580358611
423937696
216391824
941225887
708636019
807172179
12028822
681453680
833821927
866617737
957312971
805733536
129564193
299483579
719057515
714597975
511821198
170933939
978412748
832594812
860117891
124436366
51805588
558938004
694641957
617882706
365755657
762754007
746512392
931028531
478248012
20915482
645235650
975306185
532441964
433170509
129317583
513224952
276458846
754357762
68320847
994658039
973125860
245422352
537340937
739524052
206532259
28519654
470967361
236929330
541280286
804083268
40438950
442582933
908969853
331009713
858514444
48701981
298716939
490791
887843938
926234246
388240537
504154842
621513741
144183342
697779456
774327260
78999610
474811465
614934719
389439127
783000664
581308064
816760267
168435416
491997727
662351219
763782446
459826075
748255467
956611270
579023511
321614045
69635087
285833865
497804309
984937214
998307761
382267370
810193306
789803906
433782247
974545665
196697833
588086866
603769320
327265100
809918281
796392836
784310398
779029901
42161926
949850157
190108593
951440080
410280443
35029118
422310970
95327968
76318406
408252224
327357556
225029587
834270931
932362038
676677941
310020874
402107442
355621597
269251175
381436314
955905453
41163554
677110518
64918134
721340096
972773429
526209811
153095662
506815070
537380422
681023905
154075658
244583855
11082701
464348150
783838415
222353360
483834584
622459699
28820325
310733157
958893136
682666865
125865197
244695619
567038155
930655884
257259871
772877192
627416891
44153112
635360326
833187111
241561684
76010893
716926283
455524301
880880639
668516426
22259245
106024449
194330177
962227631
313408267
694362239
892731354
230860672
14296909
252459092
459352754
861022481
531468326
311706420
384384611
148003340
935059420
763857
778283854
130598425
487745347
697518109
277425837
70742284
997886942
315842514
198567076
598588790
431317847
163462813
397411173
967669017
995200637
191256662
452905419
981168339
921686674
81246993
667076508
820181617
675459863
705320207
23001568
576179993
77563092
238376478
48552265
105903487
423232343
50049020
942563901
186419752
21783352
976803263
955760702
606257820
880286794
569034436
281108915
448697072
163741576
186226516
611193044
927485066
608755853
611077564
868889426
339803652
549749549
764017085
237845787
542295136
575329399
916291134
426780932
643650353
67432493
71765924
901683916
302150309
186195391
165674856
301105468
847321790
723497678
930375604
13695916
463269486
30711745
259998870
517550114
647045980
369473975
144177990
135155742
886625684
780516816
357696052
560448595
610575979
965811205
754859703
219931963
50935051
666550879
238917600
308661334
711597846
217811079
350097625
702755719
226110417
149960551
345024181
189641652
464880479
75319361
351635052
163148275
980719340
839207483
32785326
368051281
274040011
363337406
162640954
547296685
742372400
865148548
188017193
531919658
56577416
685540253
782512037
763994075
457233628
950651022
203511612
318657129
882714606
202506222
802524988
411323778
734044940
902665894
509837464
695704972
157415681
429765457
343992486
782417671
964041303
751156306
52721677
483809462
902763177
163990144
685166915
193856567
32149136
261269806
321802266
763273606
600233038
611218109
23860268
152017943
156126342
54627960
523663998
898259114
960482000
984544791
425823041
895429133
38122151
222252506
210472484
832192796
51838140
122803753
711283635
795110261
511123631
144013680
20017412
448502984
553571448
981683456
305980327
897942778
76393345
582123074
279265256
590162059
672047575
722843448
485484590
408057953
589974921
28205294
636055339
640578961
876194208
2712520
651789046
32396800
536640057
603156453
403659281
260538602
994434455
857830682
802892876
350473918
759347627
934322324
862387320
771228081
503324221
557557519
138144774
981500181
922667720
883262426
450205083
101202430
810878860
866432843
745451985
230794353
565003122
44038358
429988961
752554081
595581908
401991071
982976188
738460376
125332882
579214014
312006786
639689089
905729873
894695847
865232142
947262576
588537200
494795463
324301829
897694736
299337889
842699377
131795917
140035816
96037799
812361317
884050587
762294099
38313328
407182780
742524546
211483777
354204246
529297777
813289274
49651829
75264455
753116119
488293264
193663790
256242048
428544905
293897438
734722751
426840
110745289
635398320
269254026
253900071
189459526
219587450
255507979
639971332
544948421
921046847
6524955
174890904
630922261
531207344
156632844
679246239
590456216
157785216
150795099
339905482
296080012
202556323
498140129
624446599
75731729
322348316
241292522
345943046
94398988
416187142
207750262
681134717
621040424
800330211
260381902
295448069
81542261
626028363
6620869
345767542
958938893
216541441
901858492
459051937
207149907
614819233
940224792
20337595
535447259
345718773
907350640
148259612
555725375
504327346
345324848
427376390
479402648
851334074
695254007
25050782
323690979
485492077
834436218
352978941
924482789
767842343
510259449
775934236
899058474
755939376
956989536
930618705
618048356
681411049
248417929
692422893
756410657
536143300
47481754
325805411
375069500
15921666
33822052
683041274
658663140
954547693
52455166
404792523
184461288
541682556
407114462
130587546
535873000
273209085
812968869
316159621
691159868
53933957
872896373
427109513
606732283
894247023
109361794
551915796
663112277
571088394
615200824
163489201
153530080
21565760
163534285
762469813
998178615
62548550
46371890
3608713
815473203
953538060
340270066
49268877
200201719
193100466
715454069
29648355
853154277
531461087
292818955
544742707
52050362
94299655
674067487
533960598
974882145
921707230
385196089
941476045
313028837
505164107
367859162
793321799
253747604
994015057
28445701
39511914
740414111
807064338
928779403
5094615
948475827
921222133
362133031
505109810
658368803
628046514
257114346
133787865
63730879
260034077
985203238
204754652
54414194
42158236
363932532
604224634
449816287
14158825
248636187
140213942
852274503
955169911
69113292
997639452
889441634
102256220
699032604
987251459
358657263
601489983
639820593
479181123
48203098
292190089
221746037
422647170
101309272
172604010
426965421
801091701
287179721
372165757
120876576
992759352
168948721
277631217
435986924
564620456
851015837
17048972
602122134
776723170
730190499
688906832
821046229
300755675
353019042
341256
42554962
559832715
985128781
799892110
158402704
165609530
226053058
758847432
765652987
605577689
720805286
387240135
125646846
998147049
714318078
816146916
935741060
820873798
497311760
908323780
15271485
665230155
624827737
961771878
898652535
91134893
625919973
39857101
188190025
358044544
219563354
25695724
837558496
467268198
408384261
466799882
980007090
826258571
93537560
659803844
548463798
353771448
20735471
363090461
459055133
255904609
934051761
313239919
517427783
697610237
405047496
726890830
851535261
674592450
628169355
258876156
437739655
34616839
3533576
508995015
382620586
316930437
981393439
811703709
654830546
987254343
104279072
972413871
34217464
737226854
763719345
473570453
284643584
909015881
873355731
19390224
55595088
547775608
178018843
805444779
912080541
250074568
515170491
486670648
426875709
831257899
645957132
680489540
416574420
328839843
231601681
342672175
462088888
966686097
968728819
667712087
888264220
257914354
72436814
398237019
82639144
221447557
358528590
454778732
225325796
843569722
258461111
373920775
49470682
386704357
706117972
809891429
886415241
399679973
391138466
432383290
316707134
798633352
599146778
794881060
176155029
921764469
910999770
568731635
811111986
146450747
762659375
795524367
158682427
176569143
755447271
166549634
925673659
123374967
983038602
334076713
942680870
962808281
175888510
491053509
236038373
569574822
479131965
541324916
239451161
681800411
795461304
43556366
776634421
215856276
486435403
894999389
240038072
777042556
553091826
753163835
430377070
355606892
705496571
635327694
935648260
682928043
931391022
435842365
143900516
149906247
740208049
41367660
242893956
480612544
596051957
388387638
560218184
979108541
691802477
532499350
826659679
139081250
557962580
52030757
776629476
797029109
344958576
219645908
858925092
204358445
622526637
869626743
231756538
13243952
738369518
918144040
951106120
456836793
385879699
596180928
335322301
723639358
342689695
83556819
619960686
561088714
370784971
311559928
451567463
757087158
874914394
58885575
568612658
576182842
157394816
845245046
478098824
946308389
873733645
652205818
275066473
213602657
600667781
930419869
566882222
972620337
65514335
621380178
844741703
49187125
245523045
17386079
479795422
362513948
938319446
507494536
225635632
802201785
711413422
880520336
970652552
812634079
505750193
445006375
52628206
65293696
196901992
407846509
417167290
258125814
343729976
880163970
737184681
315224749
283237553
188038278
624288142
691523861
568272542
664189980
679301273
985216250
392236276
963090261
9196928
200087509
622811115
646345251
306234380
238352134
763512465
424979477
971709401
452205723
356792954
523406134
693703182
634362361
511628355
363458405
127718473
319858831
483614124
381332552
987298830
226204344
102455841
831526268
891749717
592850738
497048185
387555779
54282924
592759032
579720471
81454111
581686027
667768320
853278771
986170847
740030806
616101101
505194470
792282202
967917054
135853879
381823673
514893194
587698119
186000861
218382428
969507166
562370849
437272763
851203273
803686960
406603142
317939439
266874298
437138223
911089330
235084151
38761901
837679807
248193416
411061867
268959377
56371775
923275560
121782786
115642078
298847150
210384806
265661731
313719797
616343689
135397905
664119442
351803227
509091000
513545947
952834418
643214938
305693557
640148948
148391308
269754402
643417151
217770646
437314851
230509517
84850143
45564806
613935922
92508456
428360744
400855117
610457571
143414024
677017498
724662756
754317484
302957733
201841191
355732922
278018590
959730533
200513841
399742941
479480343
215080871
578411549
198284753
370705682
69301481
606309657
747915551
600817870
155622078
540409659
511170638
868777947
951246691
796532990
63683893
544564054
235112251
321327881
647871626
498725871
49410579
560031733
195452662
348881244
364909151
896174478
321368626
695699257
758086889
544207807
919899586
807755098
80083560
627662123
650942790
492631752
336969882
434206604
300220588
221274858
826800896
525213024
113451803
535622811
269764064
592623946
540939834
972363030
488554482
800060023
673442018
533457442
954338949
915737405
209351386
302432501
53814469
984005750
329705744
845913684
898870567
155224229
31116958
89055061
445828179
421363615
282561613
587584892
648709411
58602255
369463806
211819632
938407544
358043340
20646377
705459621
790783759
74796980
809473593
150578856
350846530
678064465
656498480
705653125
893022434
47745615
81274713
114590010
420223682
375504764
931303112
878822972
400839734
313220777
450681692
875591487
677591593
878134598
127680237
52797036
473033048
880635807
369808691
453263142
222689812
903691269
334866912
937139183
73866412
630686052
709888237
752947851
927027389
809225447
694542387
274560718
344182506
465899788
256656494
863971540
787790267
344609361
549695830
834994011
578932588
688198905
641041137
380960114
163961667
311468350
736052060
108136159
345758251
951678436
847711238
240570362
91398005
7124625
503394767
425270293
4230380
941413026
423130045
419801745
991198272
313313756
944706888
135001716
371026694
113123235
478415795
126791652
57021061
408891407
5335556
153188132
100971553
643477672
351920232
607673902
710539792
904954276
89504763
827295660
661871555
723650821
657473343
494873772
583018738
452744985
951789331
859338438
19788330
607916656
133713397
381746435
455831205
488089521
257342846
968008534
509618721
985955394
535054554
37062980
147974175
182772716
546548291
486932368
850939105
440579535
527401888
966013796
75039726
701513547
49027540
598834973
569810795
259613967
242798225
170929548
410898792
309780183
321655116
340155215
840434170
9786128
977932493
697488051
884641921
393398656
816352054
966511117
904505330
86088262
572210918
953563292
323521686
71726230
800983168
915965084
822966929
973897801
840874761
904155460
395360623
395523694
669768778
705236837
69492537
972308170
122324278
153652583
977713926
674047884
710067375
937732676
51767752
893101168
285630243
152929603
981917929
63967913
626319069
512315910
310299790
728182395
718896584
540137658
800606212
972171102
554767595
262885950
922821873
468600629
223499260
565591267
954986070
839830595
946376369
102472721
673813076
131431695
829027378
600434967
482658496
38231886
447793792
634184759
67234727
109129219
102117096
913949466
224544654
429647103
696518880
596922391
888068589
981124322
602134247
806675584
53256151
775762202
217132826
969034798
490069731
100125686
132011188
563602686
389279303
105527815
526753667
322055204
198109734
954460393
362758168
512462156
760066391
444319811
22071547
75306088
991261948
316051665
559742961
383949225
595095422
376270995
207959899
82380
141674342
845227347
13759623
116121929
227104413
253957021
527305518
44542529
453837230
557902247
360218009
19831859
56225975
940846687
543104477
481893421
304854720
561943290
115961848
270107473
526902878
763804071
100008463
9679649
641538016
172110028
213766137
331797998
145921590
926972852
168751176
924815060
467386409
772033613
897370877
624880120
210566003
746526614
242367574
904092823
218795038
983031522
436305124
567625615
567445117
627398574
194499435
331491152
217922116
765334081
977995996
345530336
774746296
803754077
711468340
526197967
576947663
45954405
818062791
187849042
954668390
347098356
436327948
30996183
398217205
240662482
203288723
641204459
166220248
161259427
723555300
379937521
377924966
803321266
98492066
845997395
531995243
131260569
844304816
850869027
816146399
894884563
6601105
685787015
272633545
728659679
16789586
627681374
608814195
786455826
952789212
585872792
456411170
862974456
66044987
428215204
750934285
871010094
832703930
469724827
145442632
207173483
63023863
73448548
870653006
742190575
11213249
811249896
182158877
651104629
930880875
388198409
930516712
936308723
886565747
595341128
765204239
481856203
656443560
197741047
371915646
191784167
545663923
48544458
496506961
993114891
305979577
409316532
195229189
97419828
222448741
277968353
816470409
139238354
281670482
221491723
191402700
509961862
167393256
761826244
113132411
208127231
240284364
763063784
489190671
905738250
829824756
917293358
252853078
441206664
20325798
966117650
717994812
236405305
471533638
314892732
10354863
79873126
524487432
237746666
718494167
878594636
440234275
44638627
873369476
693414398
178991821
640978239
53690666
279324359
382822995
633950580
484566042
513498294
314854074
262994256
723199848
340252616
270822993
852736253
902099705
401646004
227604055
793001972
411723881
974804065
887243300
817228391
301264805
180825448
203166236
546589517
409443029
722110982
393852391
665331692
930229597
336191408
210176885
166064755
855774310
583845855
270267081
788700227
586320260
552531198
576848444
163086551
505865735
450696266
436751263
620172453
769820350
955609759
900375826
96446463
864391567
190870270
860769028
422575339
993800266
337125787
136271162
250790597
752554252
299126429
350151566
9933281
979876082
358821911
998804416
869782471
578620875
271271574
393672717
574985153
459489214
794810440
346463695
211161856
176571222
216765781
319352779
11625833
893049351
348029238
124046300
570295543
421978903
329107084
900840430
901003395
648709062
860410653
523858323
448765333
649392691
437903352
279008303
554563582
684826252
668260049
521681356
274981347
261025284
351027276
160940838
318598073
581124817
783685052
947430875
746604543
190869582
247542903
993519137
767068796
819034309
653572977
355157356
482836862
157789470
455217755
957697721
411867113
365106668
479261736
760877264
448454991
256123690
86681218
734847380
446905159
860221445
797612948
26657545
865068120
698416876
85515548
643073325
625161647
327191243
164164851
468576649
866036413
415363204
465097669
596772203
782149061
75290612
763938967
713821987
674688492
209308332
793454609
686872436
699880945
421087114
10985477
909099576
932516798
824414125
450464228
975461137
669311209
510611114
50870968
645736839
73154893
103347094
199182115
835495973
546240003
83906944
832271750
774000422
476929130
542273627
493011748
29703192
205577326
375623021
324074514
673542269
907824449
857214637
8441913
108859186
895142912
362136605
570669225
503648238
814440698
138131629
404569103
144349085
225997868
991097698
579455648
811332471
546641286
664915192
509509730
480893463
383359079
156571877
654312059
600216932
841839305
998082494
932905102
206449384
337391692
492109806
278759925
295963911
326516349
830908289
820134828
425285698
357147161
519698087
486344255
818271371
210191283
641433283
590686523
663796297
602794541
889350888
921417998
204584156
23846331
375832914
764692250
532978220
128534695
358949814
626719009
70627305
137803475
7243042
488552822
934934339
514288278
573819794
740448994
772020852
362853704
542128917
725236324
715711290
156471345
164193726
103988298
808446560
812725719
293949310
507890292
151216073
518507819
897467118
803813038
398462415
257332401
835296620
521928196
764197746
71378618
362316087
677355681
251209800
573595988
467180516
159469262
850667772
435575797
534936346
768935729
534748555
242568891
680274042
412658030
763440660
222583091
743892521
718719487
560071744
36630378
741543394
706586173
976855102
373380524
773970814
670547900
984206930
326838416
721299521
364243491
349657733
483519121
614447858
938129119
204622872
205169586
639373939
437960479
162016410
932294078
819767895
65290914
783260618
998154370
858552082
541319578
106545768
253610601
217463369
341215334
370297131
66016685
269760391
7775427
310358187
516732318
809955075
848286994
395122187
34200983
732096701
433608054
281542433
47324110
155532596
58687174
301590856
104009584
82114011
95791871
836370906
578752331
161891056
415954795
701081966
922220111
179625360
524890780
28701982
744573846
452887222
979226058
445438144
578248724
958482624
6142792
509069816
677392011
534855769
198203139
17390728
347107955
998852674
307166362
676692026
692957250
202709923
276466570
154434630
671114654
510064978
50946869
803656278
24682214
930664845
679494426
651265926
598387984
234224626
459216433
458326485
536334881
278511843
608875157
411402146
408907820
30114983
728499285
485477834
517612819
392076493
903268213
659771635
243968188
958878155
295867640
393159245
686044801
775236398
395898114
761427982
429654292
493985922
805409365
912019828
427324787
156919107
443883424
146277941
678833953
639923460
929325642
250434843
966052619
799291953
358925647
743399750
115830761
948834581
589116511
498655600
354317508
713736831
338923171
194305385
912794110
129405854
483800842
329897721
872503242
223037115
540325353
672156837
900412042
513725421
997714643
867879176
798272541
278844724
319118966
986504518
754647280
545712702
902135163
554752293
832274222
419738385
426699480
827116790
509685940
95242368
79707450
24923583
218077207
449029523
722842852
205199998
54904345
372570086
532637762
293298556
904772143
141296209
685135938
652280580
270589611
271121399
969301627
780701186
69544006
465199602
21129362
987348393
869793007
319946075
426063847
502851377
982947618
364040391
124830070
115916395
435077706
910098709
286116165
987456827
507696793
956199554
908631862
391367946
400402968
577803004
885401286
248954605
82600495
876195633
189041600
859344918
554052157
421442423
761605803
704938863
560638619
654850072
821371358
315662169
668530585
618484402
436406917
68277164
473409597
112577227
488220914
7989777
162943830
262527289
41238037
336855935
131580835
891398601
33469262
818870358
705439973
620932569
696388834
441884467
164243282
260617100
660841246
884619051
50541044
780882004
933365275
784154887
487742065
615727098
664143240
137646687
75822552
874705568
639893702
728569717
190605764
673852873
679525704
693989718
947260948
941272761
186110279
381139073
361322366
572010031
465074120
933257593
843517283
933605867
707639528
181888273
4509697
957172438
313959321
855550617
279801421
42642716
401504344
115656380
647309230
840994416
36189808
453251825
268075481
149080079
809691296
288814719
598591091
452521800
894870401
711316249
752029403
979812042
494886592
70148643
98700517
823594370
960769736
147060010
512750669
111593612
624540084
574248976
927067614
465031611
4348295
113190737
848410248
139692376
548764067
622389979
60259960
882044845
569008061
668210689
72275346
187963024
71019156
422807882
199554479
342365387
698198026
403517210
694517126
504852550
736528932
80791658
488321959
963698342
981728846
681050960
68983022
248294548
882843216
845925627
448219848
461357230
110042602
536541592
377967876
579553439
501753321
630465633
146573045
444898679
61083556
115527249
868551141
810200947
576125674
389720199
404819561
427006577
23865800
217086759
795326831
324597030
678311570
909475358
93019553
303943059
662977540
542002693
303086919
765877141
156313102
629948200
241144150
620131882
156371141
944788983
31126415
687725978
302667122
448225127
557438051
451171990
301781814
930667081
881166409
66309059
11099293
906106901
821236106
519998828
933237394
164897264
404929409
872990834
572003278
830399231
438014539
696703351
339334877
551900128
39764730
625184997
147730798
20256884
665567882
651503313
127293114
624354453
618328312
41025529
805246368
16696677
124663211
883159559
284263053
71982034
60348599
868709021
558249465
948647528
264697612
157618713
606617565
578204269
975561222
367879871
565588118
83589635
587306227
719632124
34348169
954932324
855368227
472394794
517775546
400242292
221626814
791718134
136973871
697788911
310240910
303094996
788193561
983948906
229460072
771086323
796823541
427332270
747775157
158146979
122945332
577727975
313499211
165701507
944314306
846752450
628148204
211290083
905233217
658110892
633089507
952949929
210479857
426460356
260086715
653838050
858413166
53009696
1001482
97540332
749537844
58033254
452526556
899606476
986362463
419963091
225790098
799125765
430473213
281958715
682044654
939427218
465513719
431880791
95395214
190113922
819738377
698905680
608427419
693705150
432132478
383048501
766344753
711181486
806544455
646766331
755519471
784039049
468448083
835899936
304972833
710117803
364309937
434866514
714571779
662623900
239642842
317146156
156909620
151989566
849938581
321073475
958349903
647222844
218793141
741247932
10385908
295218986
876978666
615049219
846148738
413012744
952088654
854571357
717287933
895061877
148672509
293192046
301334919
558827582
475492671
134175148
760973266
964135279
344772752
168556578
277519039
14779121
493545668
272318132
485083206
799907744
781835553
449875194
522071940
694584216
338923939
522574657
246655460
990597393
404796471
449103954
788595521
833303328
527478940
831510069
823037739
942603207
805733791
815141938
216927630
158633833
217937793
482466902
339500681
41065310
422309992
573902404
528392368
193492025
207234822
110624341
79564995
118808638
690063373
260074051
988315345
959531755
447430087
329662024
522659179
132634140
643867733
740549183
62813442
567515284
153713286
708105355
371969530
719770893
889611629
317517494
811652590
614338153
516767497
64804679
501462418
963352603
99408235
854921316
756307187
767450518
706693644
962516738
576123531
150219104
134690977
882485189
927582884
348048056
796015220
527144777
313568100
307840215
817469297
495809309
690945296
430009434
110317282
979879030
173847393
713461249
986357050
753260865
287342674
467457684
884844434
222579804
747808639
449545923
274781333
763931693
607247436
541709647
792910131
938397872
691503810
392773810
829804119
92816212
982198893
364777518
292590144
680012851
118336798
928336167
970472652
297974974
937838923
4594238
309957122
162600371
536119121
200583387
167703942
711886168
935943788
95224784
638017358
104296078
303348615
412279566
404694975
959947112
712312018
771026874
925153346
912243914
442417016
243845220
676455016
451743470
699692062
842222740
403384062
362072200
730413976
32483869
380186378
548114708
578547652
110381122
956140728
810820322
271822627
568363163
767494136
100105157
154474236
989942037
79594124
308029803
692212098
136973439
593770439
523417013
931311248
657631161
52088309
802066067
554935781
340052717
956592262
41311830
145117634
547601916
966328048
356954993
963496781
604869107
979505218
384333615
729188682
306798498
790322405
905818084
738443069
798912657
123866985
583957285
709405633
83541638
984574694
493489201
887135697
580447504
891028392
341238781
886004508
249281725
48791346
25221208
807994176
848200145
85660432
685837719
850584830
140568402
658241743
447895403
826964230
909267680
256377480
113905615
606058351
958921219
279384722
35176139
925131697
669563896
804163692
370051765
109848720
345767356
507595305
208568788
62515361
399070320
292003860
903277871
507611161
950881687
891431439
556180147
109792499
849513793
784762041
181567461
891063346
474786409
470204684
57017364
397227356
906664795
529585757
525442623
224530965
741495615
256517338
597851895
941366521
765771838
937227252
70166053
724649467
32907779
659301068
957045063
320340944
751694361
754495663
192709857
17546757
425486635
665513752
619396563
193385488
287292383
347732121
53351675
685994707
491776898
866910174
173222661
778927102
635007047
324283304
467526845
484184725
62945180
668706181
352893773
187982940
71698125
987198729
110546232
127167468
439227285
92985262
930879095
970204395
771153503
24635660
758712818
748842235
360899251
902869063
3918799
600690482
597061629
59769351
10168238
672789992
914415790
180704139
897219077
69531093
820039430
225856131
135508855
786041997
758217840
668737366
373761156
128870196
536190336
125221879
924683453
498417018
556409785
794383673
338144585
472976372
892389468
113643294
551869910
838386332
579051463
783462446
183684476
389644108
813205737
493651530
801512378
810688440
692423662
337745372
423763339
741670582
773254832
630083120
945663733
18913017
87513820
501914638
31726397
575240483
682719239
663284417
704182568
522525182
239278812
435504519
95759738
993309036
155788805
895378049
334420176
430292202
115288208
328295810
527955547
525819326
468475907
333796431
812834201
271646551
550817801
914111659
620564714
323167896
212915429
343085508
772805364
685609607
459069330
18414441
444082426
543295023
805756868
499174514
302371033
499878327
899805078
282123704
493891211
159604622
288941901
809538380
927266076
554087433
57774904
86437637
910046796
328510996
526148226
953316249
534558638
290492686
370861106
156024851
111266233
278496234
614695883
186774055
201733004
324046222
928709701
762436680
941492682
332069398
409762204
792316421
47877178
707596128
3957512
970499469
169772870
425075321
669871745
418426462
403107150
539229208
818012810
937126218
410466720
550500272
936443483
795885076
225556952
527112807
18644408
258202740
810354799
149347112
723004417
943273258
476027590
13336466
600307915
440035664
992856866
593520466
410089700
268249520
220232396
882344841
4127713
563022347
197951322
862046837
334681545
510137243
587708529
826833097
155396241
958884366
397562857
403443809
872275686
99482144
744366393
76067388
800984570
343566902
326731476
657244295
847796920
611785046
132293531
485562662
806707423
590825759
539327559
769017543
189640884
985221422
300592835
932081240
830425540
327421951
360421123
798780095
478930981
829561551
872894873
271038551
95650972
971647336
41080751
253677371
949468850
975342805
440287655
683334283
918149427
167928210
488755212
848763321
755603952
244347048
923551670
292566148
476953853
134902958
335967351
155848033
384802874
38643625
361918697
250902707
875977871
562342289
295149699
496221747
747467343
71704673
18087648
333936776
41335047
617575947
725680279
409126316
745795002
436214353
687114587
919287119
949041801
292287344
778524034
635884392
603063460
701407952
202620515
661924622
782349922
331357268
915392961
264706573
73726543
595986109
739906048
492815180
363021679
209288973
724121278
215575610
280129966
781700279
233194999
754638964
631702961
150987990
357164700
996596910
359844584
700686757
446261261
774608353
569711691
436678767
258200345
20555633
950324187
504545945
492050032
230870611
734218698
44601488
332764129
651478485
308754038
944189014
987504328
452333423
108578457
264880227
178236007
982402244
548678332
210066419
570958950
511042981
77156616
757708146
82271286
464389074
856872355
853587455
545576658
758213353
42264782
982438146
486794235
538305152
574748506
884757201
350904921
800533263
299071070
77630747
663224798
464338019
830327127
91183062
319231631
492138756
545304616
975852100
261164785
865161990
631639118
853632595
517846976
837638633
746022383
865882965
412918820
200033919
86597303
38324917
309308509
598499955
717192693
25138141
979973252
39049408
885890020
719158852
175474049
196614615
644634476
217069692
465875800
714476335
375246772
4121896
42164231
410629131
142508474
786728707
396306899
689783335
388904165
478491014
92921488
290308544
766063004
563351318
428996834
141385835
590777449
198420946
590722892
736741567
71582447
10770640
338983145
756115743
84165592
886215844
471046277
278514402
193295297
561047354
305493
727491758
219173165
140076392
392263888
519744558
670657517
950309979
314272223
77749207
692075439
89050355
525295026
887034189
565236133
918131121
869952286
648914177
75101207
284730975
239807156
865085758
359961577
940273358
342189034
192674694
164820482
765667435
473867455
122741470
13432589
38565462
308071502
645132125
134939788
11881922
116668529
914722148
545407135
545837291
876995906
526250050
108101096
115654057
492300741
201733131
405501570
274530913
715598142
508697227
535125634
381727248
819686403
454422779
367991312
257312883
464804670
773839055
203842548
469483268
841585630
7896304
135080155
536669734
481547030
209975928
765417706
894481663
232838920
377824466
385757733
343740037
430009160
726434869
354095221
898010090
738696438
502321284
320522677
761030767
896266065
692654245
5274858
220118249
825800512
797947499
500592200
557448775
258003087
491725257
266492646
328943544
739101401
67042885
707514527
831009229
677400752
765145219
539041529
28064501
538880555
96807763
121895766
364621919
485555094
497913328
273914815
374581862
215705359
917192101
132279326
572277610
864400784
830287091
585881107
704537560
704258798
562613545
670965993
336540310
197390516
592851646
679721866
486966415
261929296
781034327
573934608
186456257
884592470
315304370
572767449
741448801
268901568
492319980
948927672
613652905
703084145
40292068
896482799
564265821
695543436
386656908
18019579
212445563
851773672
515193112
743484558
238728436
739175571
984479965
249621593
206659862
622489859
593183867
414214675
60621086
623966233
249521483
87659272
390295686
811430814
514161753
381070142
251325142
66825666
344878331
227405040
185421450
822341655
540756922
119278324
218211152
246208253
577525990
224395275
902189147
246462591
161339855
147187404
287804839
659768618
500568619
161988325
9511675
514012311
219710111
920233058
517548256
776889933
304442365
534035667
480989686
968657774
690056193
978306043
455069976
184342150
726815440
479079403
108397411
751084333
164717962
896000953
242627480
65524405
919961062
43169407
807619612
470622336
31574581
757943256
525909017
358021559
518710873
248739342
411812275
327038793
457334343
218057327
141663824
910299262
706418680
729308733
637005443
991502127
520503268
762336009
600251027
450277586
360871582
336129045
201742743
874745202
619274712
613879387
549684315
594306981
939622650
511195705
600077234
900937674
699808676
901213180
99760246
902079146
741153347
138399988
443247910
157356221
774960390
286900451
398939127
153009502
259387124
357998680
982521619
795793759
644246408
276815719
380000259
433069608
775973311
747888317
584933487
701749994
285968210
589919010
394971491
987756550
822217100
534146997
153904228
570041283
236010146
402395556
186961368
173387249
201691221
583404192
188833938
469017345
456308839
405696419
633712588
813413782
723644699
693693490
457781131
875890237
702735195
511305992
176048348
388285817
653071621
728523479
630558814
286431728
530910312
47587939
132926432
984365524
857194163
787098791
453006350
444158057
821162458
639795655
921764751
606558661
589702827
340033836
57534181
384290739
66906878
152365605
810884092
766908063
698587665
419884307
204373110
58067265
994993581
314516441
690404179
362787135
563823172
373254308
497200398
545356387
204906290
459031070
217236889
222109595
197884056
375544492
535904334
376848939
776683973
701104973
633399697
734693695
992775626
58743120
564028334
427340936
669565995
538507474
776521694
290854853
879858351
375014035
767968075
38391118
324581600
689367212
760217404
742705487
405996403
567981872
731075642
950747719
329666048
147280497
565198347
467884061
916906234
859494555
50358015
777612071
537401686
285559045
14707606
784517018
761123841
997351270
364712340
73635121
481002144
636848777
471257428
579889659
782310145
582644483
279307112
99823006
139051032
434339666
58588981
921322645
672521039
18175829
263210663
481636921
163308398
872534689
874108737
91843194
329754620
310945166
353155349
884726621
665826643
609505906
412682497
764262633
416371387
750295470
155037526
517455812
423221154
191607897
578146802
587052507
188994498
179687106
399271985
241985105
36902797
427789935
553950484
51541000
914639693
248959792
85976201
617523505
362450815
210193166
409674296
355697728
972505855
629996400
772624823
116596195
574195089
119851512
698546299
353142414
602399652
628885534
284687719
499920845
47687797
248565903
620590953
550668459
799042707
745629629
638928047
475008750
36354563
112857450
34240028
713018069
946813619
258883396
826731130
734973220
726706635
542315744
705386391
58101809
840161324
678557791
91347556
74212067
933692863
841773634
777274070
892412874
573919279
444368463
801521874
896811487
388699473
994041727
59869013
506879883
603329858
579201171
742342063
294132242
736300960
27514441
830532083
14029859
912509051
806548605
701880457
548540306
465366925
367757865
917318480
859731276
506902978
393210605
769023204
67475269
799435972
614722519
380275789
838416219
868305435
916432210
789011894
591915580
840477968
635166446
398661682
42995281
670454537
427883791
754870814
208533807
28001560
677706009
721845990
905999096
149992291
633207090
963078667
290193835
649197487
924307544
308338338
212196947
60443977
399182419
193619520
773734221
469319404
125975478
815007777
64978446
978356232
279134074
930802913
130598356
845575864
10592893
960382025
364847546
796112155
3326751
447941309
845913674
87136581
243798065
142384772
285597977
449574780
635879314
68023755
982615505
47059239
645183317
870610266
348259083
243020287
313588812
613065260
728807465
55700285
302817474
99309353
428278009
279246985
238158377
479169509
896490366
212175630
45796069
392473311
135728202
654484092
946212360
190434251
244954160
234591007
883645695
330398982
649152648
941808616
507326034
410407055
707731039
359469983
116037312
638152146
176146829
631446302
514196009
671988384
774693958
488471434
138989876
4595543
104291490
729490884
495996632
278746756
249954991
389898274
163222755
453853724
111864964
15893486
398979430
639649127
379072215
598621139
429161273
240254633
794312013
902438810
964361141
679902721
40224350
441925298
908277940
421461241
54847914
98292836
637438279
995988975
677927156
110275181
1530593
578070760
480333380
47721457
585935667
576078314
801563065
264735880
707949915
561326838
836392514
565107023
87812678
846168234
536091333
542393089
559591299
482985885
803791354
131888785
58599933
772002348
580257313
807673454
715950506
463642152
302964340
371767930
577119037
856579632
550575589
20869670
724991906
345399008
990982975
177436638
624685096
301395525
740331352
58656505
105606093
684029479
296140600
179559197
601314676
777882715
523520502
980103457
448340671
902206566
819558599
168270606
591308313
125381097
334411138
320477719
878008723
72132657
283415441
363487544
433151560
677803400
288912877
682116331
579569214
336125154
585790463
471918482
569068612
298366008
575764455
92539685
435758385
974698768
435733110
607012148
761132161
155506158
174273192
613723283
282801503
770409356
877870456
715046597
2042025
507658104
787413681
29277333
575769570
685944917
981869640
441687721
260431873
261745782
444179831
544222841
694346721
84793241
935149228
140500163
217973349
678050934
87087740
823269430
136836055
395801009
745125859
288554886
736509713
168716864
307624837
351784641
779685085
832708671
47865146
184442085
671114867
797134293
423666140
615475995
927524826
298626507
443756088
819352630
568787643
465425301
643079277
288232979
43518954
381233624
765555625
223699772
892440336
241021999
374365223
429716416
648246389
544889852
793703014
806250979
963028422
734020362
561121354
612699870
53141284
753616968
813395059
940298237
190458104
255227511
437665170
390236065
983582313
358796899
308254149
493753735
778510539
239152598
426686732
868896532
691016222
600117364
437204567
687296529
256611412
279623042
768126931
941938815
966746148
105600803
716902694
510955687
868180217
512752920
978888274
490787308
484215306
386598249
329991515
73260874
97884735
166290096
392962116
147327051
994998589
69498060
538986771
275664329
17286903
371371993
494230951
279762698
861674117
98032207
562162432
123209345
944038632
33121165
544297405
995913218
357339401
524610943
953937225
716054789
661694044
471560778
911659150
301746454
913573041
707381951
309278724
148270983
734731533
799220558
470844492
850628151
533143196
95284099
667407803
214148159
82816723
90348459
705344721
168784472
522786510
141907064
657161909
208052316
250642635
349160008
892205609
63246292
642229117
658623179
487936876
426772343
633401646
674884433
64706195
288285941
278136825
834644060
460922427
494271038
923896144
492383425
628620426
890468949
320190310
697905977
585763039
270476481
104606569
715413399
726871893
219357045
885043117
306425913
573393864
275457186
860684263
400253198
273634140
791832388
977249700
188408755
378316311
31409909
327572301
569362816
559512124
678700483
210091622
175566969
283795073
13449643
932138141
168849888
898414350
307236524
677134927
405170945
818827193
908009261
843064208
172586016
237983410
651190941
663790446
210611338
442751140
271789869
744349065
868058344
299690118
264191063
880784699
986789133
924654422
709350889
96332143
529302310
987465060
312139509
466011938
868083089
198080418
210221292
940675994
727219782
614058102
190472936
641005415
680151179
660369117
694616174
830047318
760447477
705933727
12750032
270249580
174406077
964208038
624044517
333892463
376483754
910052831
617991318
73795118
375052275
165563185
78725507
804868120
346898209
224741991
4139236
766531100
58283452
428422901
474210114
847220987
595488776
66847498
426982932
701644354
514294333
812719423
39450260
922179492
663421629
834041017
805915592
287112121
283090843
993385607
934381211
132972548
447014177
85475886
248483045
443489579
438385189
585360220
295323410
819124818
204390361
798931014
130172995
19412626
563420532
300121657
469310249
236213550
933735845
821637673
226779082
482647520
638420401
32096121
644793331
926347646
344554505
873501446
111371781
150543643
360977939
74511536
18520866
57755742
344882076
413713443
577405776
767031736
728370248
905090836
347263776
675541471
645046229
868370365
118130781
70369324
937147294
229232688
373006375
981334566
51341128
557929323
376196769
803556248
233467644
323419497
440973722
944353791
280461638
33135278
4454848
558395456
124882245
183983539
204154640
784651892
660092088
129464323
858958373
929507855
12698947
579826875
206716709
960923682
27748460
275449207
346126777
975269314
993528431
271764664
923059981
154329515
317705616
233720364
778333302
156806642
418342805
803051446
456654560
482449456
747960668
217485483
219065475
737403124
98542815
567201067
872462461
520034497
84122658
966376338
684775849
547397150
890400282
519071171
450700205
297184734
107938594
836341203
904157263
628963682
270675044
147153989
782265750
116603782
212968898
327466017
172731698
456191055
298671082
971448214
251774056
830480040
319011067
306786637
399764313
508222496
676063635
501911716
581921343
963210970
91228539
589208451
98550701
888741074
438334220
581062903
31654171
165213820
82439821
21217810
558927143
659267201
130903955
699652142
831983258
57694179
954862776
696186240
936793748
886543409
10640267
164971326
644333657
261530505
83884086
627690451
344194821
392563033
944395709
279176562
855231872
42869126
232751441
937230531
418709085
885978244
591520626
379431532
554169124
454789177
182572312
489324256
22446539
872550532
732186120
551810086
87971197
704797046
421331835
709699757
907619027
31870412
979169941
457088291
959702746
480228841
999662180
242327050
261838945
417989262
337057094
78149
724129881
520461311
622683201
532411215
963669534
680264933
869135812
64507152
795961588
17215677
777090185
71635905
589471842
226391925
944412729
465138312
936666719
173079876
403454869
459697173
921286553
498897514
716432247
961697045
997712649
313110896
842100976
419374857
624380388
663507296
826456515
481566827
948665181
727706674
992371370
486652094
14248243
369750080
559909472
233111399
913707498
138246156
401125986
448027337
217760018
317474139
997367094
644598603
205469509
398129717
405965115
507846674
658826054
525766793
258356644
911573130
125034900
530424699
581380364
875060197
763095311
463287932
82074424
352945581
625445430
310404503
577101270
232823086
633064359
940006729
388206505
271582073
714821697
3259146
433785006
53562782
84708396
572715658
62915385
207833465
505420240
318477944
80588177
383567890
919359942
154511137
508009992
320344786
873129831
331313354
528404853
182032775
239576688
665501205
755797095
567474421
510621053
3489690
56281926
814537976
401361507
516261915
429895682
948336286
485394368
387614799
155778224
67539956
762125896
378027435
753265718
801443565
484713092
127885818
51028480
244551910
8629570
955587666
908242121
20647142
907962510
719898316
199638524
322842265
286296582
696848194
768792320
691589069
717615360
714474660
605546397
240451292
171052917
20867836
167820521
594970591
451382308
758413660
735904962
84008259
454374316
921833558
23531350
15034020
890088840
504019051
194894234
825490399
800016683
892363453
682559849
674025133
842954631
346807579
317697416
683453479
49294116
690398470
4894217
183541969
4627817
798918821
10179760
77219674
165813626
387897919
468054453
944419939
735787582
215130165
832883081
483610936
46823938
331713284
939464264
313016574
809974304
440405941
589759282
193697662
198312055
462564575
751700784
621949554
802216939
82232895
751707574
514247949
38736019
907212341
281023091
908836116
222479360
756729620
695979338
909549707
289283032
111840408
540186884
867329885
711184868
758505222
780058474
189801291
498243531
432584217
856908401
437826095
90944884
842351067
272268572
839026698
922968701
40336654
955373401
747424562
958350196
474645430
864482707
59379393
17463171
370600257
722444197
894720003
637856612
394595586
14509107
135611796
842640098
741329435
859069185
533477949
655673318
411817991
875008190
968274412
193829769
946205822
499822783
23052157
213257451
618789634
716485584
277599355
267529622
848059614
303474361
504412829
7881982
979207238
42894333
833454456
192347786
907484269
829511255
297665241
887823823
422916103
172139600
731730942
70305898
650734621
333593781
62836057
743712543
973595740
266563946
164874945
828697244
351246777
175126115
297266124
99029828
65484523
71526255
988349900
954695621
76861138
467033675
69836715
446551336
484803539
384126590
606305055
809944810
917383478
866284042
695007338
345955355
363209640
450071329
806863952
967583833
973583198
483001923
968610382
126480906
421799
950761685
989599677
674601662
571282643
334365447
147918369
945264135
825526644
468964538
924623737
935708942
976325541
805445916
45026608
414127281
300272863
508536579
963952775
623703754
49286477
489872172
911456656
244841266
206392283
905111916
108983060
924677691
154078207
161983588
748895535
751485440
106016326
360719353
728514282
929490909
776364531
684853980
794200200
976915193
788359191
388715282
856564853
968974350
249506355
912105427
941786496
955859582
146073988
104600259
585272998
305759201
618105207
514024361
550738838
608827575
644801592
470748792
94879823
649278949
381986299
880074647
475338326
848662237
889970296
113308708
871050473
132524149
894106959
69314674
185272250
65228046
287844689
359929502
499812994
480036028
24258091
171419077
281693370
54580674
210555099
216659079
806946079
738609483
568450795
745191082
104439816
912680343
909997870
882606298
261703440
607716454
114468218
279471197
679795017
649977620
88086794
966695080
839487993
731323458
581292351
828404030
151444365
769464372
987087648
144456843
319395100
290623998
923575286
15571017
904049740
816203368
458475595
932060806
990891937
144284524
435543425
914372151
202775150
98532749
688025556
678080374
436851628
848647325
906038506
228233544
635693098
456542726
570864321
417815967
499674949
521387364
793754493
219947031
554560964
813214092
286160003
697394814
36307286
551872726
253016352
958160751
660857299
164804070
178483146
633512299
237007933
943589536
230655987
187826894
354372116
333490350
569926560
722890316
685493245
774488032
146347937
449674934
15179515
807982315
108892908
521582786
550073624
65598626
898947585
710985537
682696646
303988362
765468772
407983242
41436950
50535104
999042720
599955022
752696140
769285258
141434224
894133640
425934540
181477677
957918951
401367186
770789291
467293911
343943757
72929308
675309058
961052469
119182440
905500036
164306741
574431776
786831537
202047016
5411306
674180984
496191054
463657365
976333359
161097701
617557183
127398898
593681894
670511235
544436458
34739282
321078400
660169724
640165260
808612393
655652586
970114918
60027561
358249612
998236758
466499564
301010627
655881633
587876276
290977571
24870263
789296544
671369541
46678123
425314279
287150406
910229766
900421087
112834420
899912747
676109026
271502810
30488384
513061101
424669165
310921902
773322155
609572916
792257043
717452661
161982064
915423337
498973230
533048277
988391610
351126428
10315921
920163103
322659502
549647777
148722281
195425722
962140740
660210884
758054048
232183886
761423757
37655180
828593705
639484530
723484200
551369883
829375550
68952332
85390494
77658485
859387161
337491669
689571257
18801578
695664709
453363023
53712448
340189973
695228279
324722087
132422531
514849117
422746883
390977611
645715200
595407112
79418312
516548131
746515443
702600359
852874049
965921131
919939817
362419060
259677241
666375891
566937359
61077118
776374902
941011611
816672484
456840904
467821463
48718705
943514262
446056574
268875636
667276328
930318414
489137942
494601269
962050093
538787371
921685300
657999065
83158866
730838057
110734960
169810475
176778888
385035656
267194436
610325104
365140743
485743289
717459611
367099618
402607789
155265411
942820982
548451201
203433816
666672346
500184551
672106755
439704473
292991225
783734410
671271824
323444559
356823574
758541249
622104508
920069942
273955285
836776664
743901308
968605776
658756647
435185045
782031757
96345239
416277517
765101104
711608869
65458636
51146154
729219928
912135786
116364803
50196557
742249854
976940198
741133177
179267279
488263030
983371270
302452733
450952314
771083165
558153245
456427871
41883677
724773516
655293152
718986903
202982328
52817698
757464845
636185380
770636872
277269454
594498971
638366326
425881946
459327060
324265035
438034399
696684243
676960281
452787044
777370535
210946653
923812833
485404068
561585310
811627749
866729938
809274977
94649623
133732985
517926927
505778428
844377804
853133607
949923219
73879191
397834702
215632651
570693308
685303699
887797319
643021734
625835365
459415468
724981254
484730673
63743085
65173562
778246967
344891166
992496558
362248523
747857740
432623349
416374191
938242225
406968264
369100985
68472400
537359274
620333925
66636798
497986231
30892138
574993457
157395625
174910952
825821225
35839667
727031512
412325031
102475681
13862923
887138378
6084425
932256894
562363668
687146201
151309097
150761579
206684749
962950046
99690339
458223381
37826611
605151730
59512567
56407674
500358203
569521850
428331223
707028893
888567052
281668095
803590120
698669912
416259885
589227679
563404219
967286435
520123948
925434384
362923581
723609019
105107149
251520111
35084103
478449923
254023840
910745218
960817663
902905869
57783010
165678674
933536398
86784176
889142917
412209867
37313715
875868859
911466763
207679623
334943364
111660309
531445652
717206065
594620008
365473843
202035664
518792120
640789160
810476559
327999857
155337935
348154245
61397463
991874426
681696000
460700178
199172060
272274459
801111505
119559175
338162594
364520604
828534567
565071210
107089960
4803559
961504097
698520988
762982515
691290000
949132285
486944118
372549251
877269789
95849614
203163117
307588350
910923016
260350656
498636104
627644744
791233888
125429159
523833303
858444342
890350290
193972641
521396867
23820230
548604969
860644272
314261722
769337928
48152091
471964334
377553123
164286577
395383475
858852135
261759678
65988653
238260587
946483882
312887852
991507735
394096723
933312919
838502098
75779799
586689158
154811884
395094843
211582402
131095002
730076799
370289883
834555257
334189891
295486613
5406625
292426649
622518096
528509629
165963814
704904300
305357759
106599645
71447871
823480534
141564939
973058254
919749963
58807887
423748176
466366344
851704173
514746395
434324161
272064055
410164302
786226490
232784929
716441346
456902585
432660764
429402407
976646915
260994902
193161878
363452081
533816574
959032120
58681695
131513823
543438694
169243611
937456566
817673562
171413986
690259969
399204543
165778944
937720289
713725103
443428443
177932135
208574782
559164271
992359794
105998996
927363637
663559895
641127363
518298002
418973456
169526934
520919452
168209852
638080712
521063414
664280967
92203486
367729735
310958798
219955810
437298397
426380070
222799713
626955750
744331517
656739128
700610350
158622332
987116537
834257594
400079987
920358847
212845233
346505394
578981547
768628643
541739230
884698151
801488219
573380950
165562574
130075908
302542451
664010802
207853211
719532596
966048708
705429658
720820183
492800458
196334982
317814526
365402434
547847813
139103406
328354965
57761250
476141857
991340182
958625881
494290179
228051156
316784795
480581889
203240261
466279685
734426133
348657257
373195185
27634269
858079474
644778629
760070314
891398579
218836566
302944969
440310326
394861160
169061559
965472547
138865746
591477078
580148453
690882249
337697594
731664723
272774185
583503886
640635753
883685718
938029563
353465186
840335844
445605055
18124875
698038222
929705976
482883150
681435697
206774764
61045229
890380267
8942319
195337431
112634912
810569810
910864964
837114153
968501657
408558831
972454854
995795907
74957634
232860274
412370724
908937238
160423916
991565433
671066555
559222458
90224080
452200418
188540398
472376106
449767341
866748915
391342506
487319584
883870388
61409875
228782555
598087103
691948707
637746291
200002403
144865424
530476526
661686054
313273204
545016647
585127158
987969292
78765120
551356201
199105534
837092947
513497117
932180320
77769703
149376430
39603697
504010645
262359633
499099140
1324748
389004379
266654638
747868321
490482051
186421897
675171116
116634478
29399394
949341616
85242061
986679720
825792808
1886135
794989536
485702684
190666135
331331904
931964001
970515686
682179075
124882176
636439316
593772909
533414295
940397398
839119831
798976962
893832348
746008786
574755067
19347378
901973890
520066597
469085864
730417377
938179339
279762861
449916167
20447176
4209649
726194719
284500454
474486331
28234927
931099976
22497732
71463906
238424142
143816989
585190212
642957101
229719295
889172407
663505898
119347491
425636090
267796905
60929672
849304501
750452483
803122942
907088694
755304278
254682250
429329916
150567979
35325324
685959795
871320655
823874837
351263133
295035791
948773277
798313366
366976782
429036892
367638952
14960972
778227567
38120623
77186176
714920512
343788618
947749532
740795026
644610214
197168799
379339798
69686980
941788230
823823194
56224437
47592616
208473290
156675570
840002344
610982536
51442847
751582573
500032648
27692487
522314463
212700739
408609236
173643802
599997359
881424424
183738836
224004342
789052871
969922245
361119912
12158630
529622203
448679082
330018162
911826893
738011420
950095303
247416260
130130027
319119222
564975852
243035330
828871823
819641928
398289758
610716035
123804006
980171530
377804229
551933691
419659844
655285648
982024382
879460369
927680023
575063576
195939379
545505990
716580498
199692446
564553254
215502788
360051653
342813305
526194394
573226737
952388938
832348993
470406337
292319896
694995529
291230607
86680216
745226992
851360510
77236096
313135091
859451191
377146090
703475214
70915193
589596608
129249559
534157153
173158742
130823473
169174874
393086633
