10000
169872364
117406851
313877488
340331160
220164710
786052260
776498631
521692371
814831787
89949463
314489525
915114618
317681603
107144799
783142299
108876313
622163402
83361832
4868642
956487192
202593169
827041551
846359128
147423807
13633713
511762007
589755539
526773867
102590875
840014798
850277864
273620550
22386584
884069711
548440111
543738632
253295002
778016084
647975613
610813996
843955164
138898710
151412057
889190274
768027831
719232048
456708607
959321484
19873688
112541193
961171847
722115691
53070976
573801972
856147130
404676808
79610516
234471675
486784301
201721866
422201037
886413605
779701055
301011634
616451391
589951714
302661647
589225505
810287527
467315351
128808493
353886414
783023366
706348910
440290020
107980135
501301958
204723587
158059730
741114155
241249835
379169483
396005347
132174528
908603481
973530892
287127829
635257230
421177932
9385122
744157751
897310722
816543081
521882216
387380894
148118959
319914278
428124136
398707110
583607965
311781080
988562980
980427994
388333529
23189547
921000495
131660564
268261483
621397293
751532331
188533240
338384194
13069840
19463488
356588708
581428341
45358745
765581623
492573124
221205982
630804199
881745463
279629589
64414992
196765755
188553382
89497438
748360523
746385161
617821972
228581653
783905030
489378077
72147026
310966353
637363260
519936428
528634814
347632111
475939186
640865568
357116660
923434871
237281728
201575092
775437111
545730135
302275205
177711728
127267115
475385481
240570659
220259156
402031612
223240869
813208163
268174371
40382609
851677844
678670284
465744648
880148002
718488027
568236041
231473206
337112184
526380050
746683314
355005073
22985492
723797605
419799078
582457105
293322499
362317107
718920046
960583459
440878707
898844924
746721725
866758525
258199720
532025796
940623844
6075602
612368709
976106757
942351385
602121356
524352015
199731038
382005519
704253327
548046854
498860106
939794419
720533316
348971532
833462513
263268896
201466900
550139391
894939690
29394171
513337867
735755589
554781099
333648823
303598755
663482440
697809166
768032398
146748241
602705414
582965328
125899175
580793994
305294170
29713664
963287913
216542711
895493794
460577527
691148918
301411324
728768587
361671818
487290004
817541833
460110115
731196580
900769684
588797948
700110232
725019922
478903686
481959415
839962253
254940645
643707194
978346188
24430603
103286465
856273209
618775405
435584803
746660457
453167625
272883361
646382796
428289944
642074174
819960303
746662146
654862931
760290129
232527076
865153194
701463989
238004594
267041956
536752396
74820810
942433461
948888005
550977774
919665723
168235048
979053990
71307227
305179276
414127691
702382058
194652566
116491761
495806879
847099254
51935043
162460057
575706054
975253450
565195030
163628052
795291936
592906201
60644682
918548688
167112724
629539324
739988466
592237622
967960778
599182115
723026093
888188459
621996952
767193767
462010965
703892676
984839001
632801013
510225470
60229276
96174755
508273621
819001234
638103755
390142132
185099997
707967679
857246377
467902681
688918233
447383493
620035773
341666917
192154965
625849429
783862493
595164643
215389657
638180503
707305
631926917
133745415
280400738
435155069
317006741
911445268
767435247
679670979
78770563
146054034
203252088
326664279
375509276
109258719
787844436
925325474
900340829
766846993
935127117
490753226
427705837
767351867
194625798
695554120
643339226
291260836
490461370
898100770
19818155
615233556
931992335
656936941
145029644
349898278
263468981
865818629
74124698
429239677
538615915
367690706
256689733
154788979
149165602
101368412
512640752
193763849
129284400
82288460
594862406
845881931
533116400
425047895
447015611
170708276
770845158
515989503
163243986
190063799
78881539
752956787
293553141
756854256
635894648
298109304
961668173
589436539
141299814
889311321
674371130
258833394
995799455
847535101
748488828
133310787
219727314
841421081
970862508
662148490
536859957
765928457
699005406
496244977
668362644
384404641
622804024
817289578
432487133
43376777
771629380
365542807
854431427
35394252
143668623
142690088
631450390
804161278
712144232
898340169
699916315
541854362
98692544
707458168
930182141
643376980
324544928
307025707
343347123
380981622
851905743
237042625
417594358
938023961
844743838
899680305
381810031
211151921
540470619
939030266
732264354
786745572
893397866
991577325
313671798
179732176
344348699
192874715
651402101
166013447
216665276
479732860
523097006
452067551
659762446
902352019
96085402
484488001
125059774
23064222
737834250
92785240
358798537
268468295
25345575
20215955
886245214
107844874
761154095
395948694
503875752
157588002
998104164
860688124
201112596
793396404
212843728
568849150
299365417
611224451
213727057
190250199
124237396
325006202
879552730
580657792
252766871
711291229
409897900
161142333
1662120
935595108
705174003
946870601
872812981
864413491
894545816
442548724
546198046
818916232
647623303
657746433
425904649
558689256
211972240
471502687
712040455
862794785
664341738
199714909
638444306
844652175
153185114
925634452
424418500
152350078
464544877
149171445
936859796
432382883
947042598
964584065
37046004
235096810
323684488
674065094
647313944
662456741
117050393
292320316
409728173
163439939
228305989
279953932
784937886
779492781
313669952
146016445
96744427
687197374
430060594
13747148
344441103
690316422
872777350
940635690
358551051
154791760
189361948
70814284
876904047
279219221
31510809
586927019
761595626
211269457
269933714
28346422
467775390
256434411
758951532
571004738
646585270
230765156
19680352
716900791
164313762
749497772
917872614
819355279
934814615
462214570
190649726
276056040
633571413
51434022
904851990
813418717
400824379
790955703
272162865
14557689
748042482
361117761
475715413
538722263
988408767
939065488
132513142
83623407
755383705
954503930
990274993
923333852
511453549
721406959
333568590
604775765
404993810
347242875
540994130
716867606
863086361
52928778
12072016
375905702
455465914
995293987
668253811
646159868
903085625
828333315
923033020
513662246
106529831
915811755
107135873
240539298
643243860
723616293
64471551
687697140
918974943
970417622
519390797
794176188
424812796
631383447
433180675
699058241
624860388
694503956
822254644
400427054
981997930
335763753
170303991
256195705
205333320
258847970
134225928
227200762
902947126
172739531
384254961
979859782
998649614
526618723
445160380
902778926
757819567
809511187
127088824
734579703
154911215
692029190
880587992
879607750
881228272
342173167
310797453
371952290
536506513
196681851
217099538
765283785
436868460
398222737
677777404
199857919
76235474
421344227
5844006
26789357
238409166
809191424
55974366
766945741
637541914
117298658
397614168
943294547
915503123
654124157
478160005
979772812
577715027
22357877
431712173
839547620
495203520
410715316
55929714
110924355
667343369
360162507
46817480
900971424
639273265
697836327
57483101
672785796
917622581
324998860
853194255
116764246
345420699
282496731
139485773
394774957
591935400
540211816
639155385
103695555
475503959
359644451
290713285
236810130
415672294
231510369
224642438
848035171
224181525
540967477
226405552
724082808
705550159
157837541
10252400
389840991
458771935
723408688
277392105
725294603
363218609
352089626
927682281
391376477
120803496
856403529
125245911
877457381
771511876
316976985
124521769
2873529
496643981
384982065
857872666
867495058
639445311
679645023
229686211
249098333
802420729
500408917
186376431
791323338
965478865
954807443
851256906
180955775
257231737
614334384
363906299
315033937
737982063
871580038
80958321
830750638
726430928
762867421
576871335
929132374
4143937
392668874
997361435
400581502
62809491
997705265
239485679
517560861
886404846
768731558
699104114
873372148
862578938
239611922
419181852
448451915
594693020
456271038
718957528
732669481
977234307
612283925
478199317
624937830
396538721
77133200
81563817
311785394
762019296
285104532
610468981
436322970
886918485
101947722
597780512
392506569
640604495
635382928
872449294
649793924
778032050
260569071
576732557
463226810
321195640
539201487
994709546
921775553
394841795
456106427
241448488
845234371
328575727
747460329
392593381
972372263
322892884
609472619
616708488
669543430
360374601
745689266
266771969
304322359
521399512
508379165
830464950
553576555
937131915
494391542
831795518
183045923
115103714
901091281
718890739
822847045
755058593
412920768
804836454
174184887
593656253
889284996
619013002
573919726
480745012
531849371
880724435
585881517
767979106
771062346
987344112
751790201
61030314
400287188
930743708
501244338
486202937
774343443
785230633
288487659
610371653
292762216
52903985
583401130
207630148
541773430
615054915
616072297
442334593
88096300
418507721
9051305
313103617
141047835
463324082
632367739
683259908
64522059
909403825
120589396
845300569
677862793
622373851
740966629
171598605
120477587
905341638
378389210
282544677
74064054
113835127
357924322
113957565
64053403
46242834
177310624
551730174
672114207
609842979
624482133
54130256
201638449
979128438
879345643
17217693
104225214
271302202
430349726
649338390
472791730
454079050
154604314
595678550
482912470
191485845
664965831
570410584
782346661
178256304
627307670
366842528
698807519
886710358
7964565
240820167
299400258
792710031
422744867
958863926
938041487
651247788
436894319
773593186
952115958
215073296
327800906
58988193
424324009
812907925
461000348
792288025
584009110
602136070
202621383
308515394
260592339
999758489
280509276
28457882
86535634
759167071
674843879
419652003
143119523
241937850
540024948
483474422
269151377
225472849
996955125
119760951
721892178
98735286
177548631
330190211
369631498
584387595
775138714
91652819
365348860
40838816
881085068
1339540
362303491
751919241
15767152
650238260
608940414
736044347
465021665
772380968
954644607
576521790
932250476
911186401
887832843
705344275
769541540
645064375
590134704
751645207
298217959
291723313
604695271
240353273
720124855
489685322
737492955
551383484
378210710
121045561
305255018
257653628
941677259
75242454
978246309
554557145
500196857
408309116
480481222
251782176
45732902
791415032
261274886
936609163
670570771
674348149
896134009
245561653
879256512
710343913
623541040
485850951
790062884
191776360
557732912
52433084
833668081
768113327
968629110
442788862
907895455
432162786
552417538
927821423
421794604
749581887
272542742
395374538
817099921
709587880
119308046
39332818
722945569
370166922
186075953
552034854
13254274
175974966
254571518
61006431
599131526
378545931
94676934
618863302
42476669
807913214
493546154
960773854
221614423
592964498
970805533
87628555
467508163
355388653
270364149
379861076
290055286
408244686
692310445
440872112
795296085
745465006
724448766
932546968
774947790
435132726
268421514
796846368
710325808
420505991
63793216
775393944
903567783
794887805
361536723
257995754
553903117
650831244
505622877
390803966
353302395
82588231
252772452
769576775
505450030
421086221
691520225
392258297
582539341
159488048
220539425
29704611
79376274
188331805
866793572
471632216
666632620
534562015
696022614
223480177
519128809
950897207
632094279
827712170
932621542
84059402
641154144
823681490
264276232
544263392
862829937
644775268
678587058
680459381
198961791
965463555
993271691
692088740
871659072
729010785
773005577
605940147
935005744
329389795
811166570
396405316
997775808
423747609
766798087
758009577
651402757
781075566
471749451
966551284
876392364
66120181
548138183
710635742
6653879
574622879
735323684
286721657
70893005
574100184
341281170
248273325
763806794
112837760
659014026
344163808
481734707
324979695
877884279
222984049
179137450
716637911
191123869
92681765
882439388
64796166
489135262
341074647
507269147
546082156
289428589
592315707
390132369
46417813
415932661
26558592
228653737
315982558
883234480
962202509
360276901
990000242
947110338
11996241
61142966
77052705
152351411
432493315
625632785
226623943
379027545
113696803
692995321
28748637
793811041
672394758
539245064
212412012
850657385
346059977
893889954
902109281
100395239
686102130
469892393
947012881
512059515
899957244
408970857
650637701
839010093
616532481
117500281
478157268
959209206
915748758
893812906
251536793
310018965
319513504
136344819
353545496
827437793
383553009
541604769
928572908
562584445
832595702
264039689
963598296
288543549
774965584
680755810
137505303
62996809
20151366
725923693
652329681
341474918
333982800
424258094
855686346
906922749
980769836
779217531
302263361
837601447
270083812
519116413
699404199
315579997
923646673
916729824
323127394
64535581
523677517
482775247
696739955
209666267
932481764
548954558
447702962
94303276
884127265
853527354
569132145
527390029
635236444
757595283
359640258
357287843
619613048
299068171
184384290
182413301
214902997
363804160
577494377
619442849
484273045
87337760
373335722
88544037
897903421
676143164
699006853
485536764
285872134
59187144
101872650
415900555
47401834
477570597
748149592
39912514
746606552
107919066
879935888
766019320
11432883
823347423
68740868
482049362
230955998
304150770
781640981
629932116
305998834
108536659
260044874
871745417
439016129
584246836
34730585
925815491
902505641
164252908
118632392
770304280
349943638
267804021
228087714
202080131
122453744
10030243
664562499
197166243
457341234
789259962
875668500
68014338
914788050
640259909
626823420
957383192
295558844
73024849
968527761
567821896
112224599
904384636
734979392
131446254
180596602
349780999
538492052
625338747
868290783
483684527
446676253
533665380
823264177
675667759
815211652
930493917
901674820
558467730
961982303
868989875
556400927
419312472
753442887
988516887
182769294
572262204
500401085
829588408
622575298
963369442
486888845
692885033
77638230
195580770
144942621
45518515
969046152
248726526
992433534
244522851
712915636
702021248
198561948
13751396
575502850
68949520
224879613
196645390
775526072
488444767
359733056
996686696
503925465
46328869
425794738
874852856
155953254
725181237
82897271
919233713
535109800
384993071
11854936
89520079
205577312
735745580
229006533
335616017
295251617
120590042
162572586
190770970
354526998
408123329
232434144
492499504
382478201
555019556
899001610
552705506
53586494
17177128
427929145
60430330
130930761
961485647
483336015
386247131
242595598
97327976
73823182
214584977
446177636
857457570
595330152
897398078
42589324
316675366
487273897
331474533
710415411
275932496
585475067
499684353
521902601
385694935
950138764
788212419
694779302
132762067
706307502
686139926
934791356
541431961
896084395
548630167
266197933
350715390
547950281
538043436
122972816
304568316
981560563
657098092
512167526
701951377
280264867
626195729
346893686
29226233
530044545
391040750
74354240
216085592
638612169
266719051
187769580
424963817
970449719
313799989
469137102
401176684
82495023
575443362
226253562
827505422
907516632
398853007
296335635
614783828
455796158
988557652
410956751
85237156
747050236
421915351
988585586
624696061
661348890
33050557
549594234
428255021
685859186
395251708
500926774
486072603
235626442
134790796
745676381
772922539
725093977
363779647
667128247
655450169
797668645
448805838
403746902
685398635
489146347
885736688
618473984
634541803
873030101
216172317
666578486
971673064
520892565
513867705
637235196
498736870
275066623
430324038
718760405
294543809
768367619
931090899
532753963
241189883
866976580
704421123
709414475
95326181
400236143
374112154
147118101
812387311
74479240
112036051
957913555
399559011
583431805
184432878
456244664
745174510
302779938
433093998
824872555
708199361
356973966
264896910
181039895
917439086
143611216
206623670
349996148
632810793
510928727
284627274
308811740
591415862
680085749
50074968
371578980
723897166
980853784
195776324
351297865
82680853
331978101
242038313
295015739
945279041
185471930
654987391
154494746
791093114
673292362
180790716
78174656
328054214
715880658
554193548
467860299
704330508
864190228
237445893
233670502
593324032
114942380
386649678
736499344
671483592
624430233
960077284
876904203
616453830
294604035
625114623
101452084
668955291
580373342
441680324
792189565
301049230
512131550
245221313
445016738
323586380
272252960
984198132
507253644
839974623
401912011
849238333
34559985
896711972
734555587
815155938
725271305
358031929
566534417
432999897
282801216
176599297
53171453
726386233
163170194
577281099
717679525
788126685
833142717
310591304
999047807
824432690
611834311
791421550
542528938
201203647
800110235
881068265
836600232
317890325
676384399
229396001
584780952
141249369
743960213
546407496
618275915
670687945
485729093
318649380
376761859
196048709
331223156
243965473
199163562
202558653
524154642
909062390
417421303
836102525
22975470
752522756
39071892
891027717
251710711
188966919
990354458
313641839
15475087
251005363
762150777
436462549
110522098
820396897
453463665
14354419
630500397
460447384
914193905
751919678
796821194
22742653
405387910
916648420
466019602
549911173
359290236
24601062
403216183
270183787
258456472
768505329
341981075
204990224
511114707
242331944
399832951
349011710
651135381
405876152
917836784
580934295
174835513
622198682
919583852
132520941
379848080
198565118
154622150
861103886
906839372
486627362
556880947
575622256
164430338
693578509
432153127
219503535
577188992
476857790
544117760
601320569
353987974
645289852
825661269
958871909
182567680
443301539
979001738
979675693
618647440
866142115
569611965
377313822
999484693
352943217
414835978
567010139
918459154
323369299
979290417
643208403
270447226
232871549
115969852
641134057
518940561
309675960
507919929
9395480
204984711
969854385
962243025
99132757
288992130
228967432
779572377
504586523
172120000
562956487
691402492
500179972
655900279
314627294
720781875
111020280
256881361
773009273
417868715
370509236
362893235
845550876
100732621
484923248
674214980
162055574
773376341
585235499
373322070
181332012
940794575
955550857
172058032
633386717
875599870
151348414
5800973
336563559
93773968
760589166
304374440
919298493
155872025
173311102
488210660
695636753
292159116
205707380
298608996
232265821
367767488
508079491
276665721
504243354
511755545
30036783
845733625
468453246
821710097
234515905
843090988
334895944
232634563
354280103
73984311
559137230
595425729
439673815
648376352
71112387
88654451
559134549
935909019
704362506
234858133
223118610
618584909
511398002
832477928
310151920
493356874
93236671
478254950
704488145
268328826
671355910
755905162
180747613
346278791
664933724
75862098
469081114
850774982
802903624
919986681
929336787
616123026
740982909
723889390
196470463
742743597
10365737
889892296
173466632
980559071
158455026
794039598
684604175
739046618
532163707
528607649
781194750
56394082
377436238
127003502
80822012
308142359
669713897
677186279
134326314
63371557
153587739
750906905
764692845
433900010
86873681
180612973
91338358
280958321
518201960
959754818
704376146
929320314
75230376
131365987
343383334
259497049
911344434
521843434
83798600
143995209
514121247
142016602
56030974
684496072
518054146
297871230
250833623
844805271
459884473
904775705
77459358
833245984
741806017
606731762
364135411
524427000
190736244
722540263
726113770
149859139
688609344
103313971
238468044
601522804
566857420
874036274
830271654
243634000
553854373
845794146
617728992
436727920
727888331
265119153
876195398
313768461
297874564
933024840
161967487
48106582
170995489
772337131
511264294
639300801
352600325
241941791
872920409
373022085
358332306
190318445
393579297
773107729
460543696
735997508
763599545
335949971
708770378
5933330
701285583
945725241
502607545
70781429
419711043
235460058
250646251
499764371
809475448
824171432
397820261
704305881
756860518
131043853
767107704
234342830
712351458
885834881
207066011
85369366
802026679
608909867
828811945
221291535
438793874
27543561
806108779
569076570
417118992
175385586
43808641
572422232
707668798
800989518
182383423
745910698
413753219
703100632
936142646
550230663
859532159
989635204
866461331
226494132
482347278
547968566
228768356
476329712
218759848
597008747
700060089
195969978
519879750
416826835
100087295
798593888
510462920
334549023
682966294
261974521
785041
551156884
270667007
885393268
389019220
784817084
668285547
826761281
845606659
446571036
942003667
484113169
603952773
152396416
257886948
916395104
640946015
265212999
580059501
529707014
305528254
389047853
223185664
332324856
605310964
735951803
496156883
451989789
986740575
989284544
653119299
771821262
372859087
804315084
577246182
2589045
940028834
852053111
786119163
911742426
485521121
484498883
383675106
235877653
731463361
371259266
712781317
69288830
14830237
782502290
228249111
399789395
759414739
808179430
690023555
729077161
472950673
659864310
668224790
498572622
898168739
265693391
856247090
119496876
884955060
334664915
897134039
28115977
547218525
719157093
341255364
951776824
679976972
9890528
845132928
575005235
42118032
515798680
160583486
264445644
306173626
421271854
348767329
88006979
137316121
885151213
313570969
848860986
338951310
156931718
652972002
832988315
279055294
390800958
680581555
684757032
491794138
964417448
437796690
643315064
397948290
982353669
201674935
798563786
450017624
239395830
9456299
692156455
228963556
140541622
44172459
713387159
442470083
778994854
342131884
693199422
440113756
385637015
941376260
422639750
480360897
513885246
100009329
303488733
957623489
626409756
831602548
553929489
265820544
320380832
607212689
926351785
427816871
543128205
292405164
720946123
54703742
742458966
239128575
68759596
431775266
67442884
198874316
246427888
156660720
59311714
939775579
617650305
335130730
298688876
679178692
18467689
116384586
455753226
542301190
917089704
28120918
166332779
867291678
967801945
218854874
743127281
396076757
658504291
733847316
802447852
80136893
600625811
347567212
67642014
268223281
151508635
745720622
537025707
50897915
45584687
505955167
739067484
743639279
766997149
305840216
244387986
825829757
932546270
866166057
52749557
623967569
193125671
598290440
686035242
133750744
748712155
288389061
474650493
396480539
262483813
263099445
914050071
478486147
361066047
661935322
832790501
908832003
843568684
103433269
674420372
32026938
605625228
324863709
993841512
691765188
914498341
425790983
955880085
607527050
576430721
711121320
395994074
68713274
786731492
442202792
266394473
215634550
427981707
437340320
286619933
502690352
23490999
645028860
475172115
811382669
307094765
593229370
5137446
10786237
667984540
915542988
445714826
865715184
509109351
203847505
129519164
493081054
901617215
922668487
428714641
139727724
418797307
905859795
28045145
737875587
400515841
646256300
862530235
585043571
378591201
337113835
303332782
609851612
234639614
662214749
871664820
989608861
842702531
811661733
892774121
853602823
362770208
779450386
920450521
154474374
124710211
895435096
297182083
869274004
655905292
415422580
817221691
103503505
404784392
400882043
302655995
358876284
291695133
102614463
253161118
503236779
311117905
26487387
927449834
486283615
893577314
308643613
972756047
993995469
45650056
566467604
509621096
573196750
272675070
564656509
444012271
145992540
881535123
905587756
697340537
447946292
378290945
342201465
497958747
747574415
25294425
577335697
453314158
602735499
812926132
167240288
787689013
80863155
648580908
358031844
746042248
332288781
428306439
393794320
786837262
766008512
44248083
765376564
776534271
511266334
856525502
918298824
115439203
277375433
113810122
656287100
561894244
721365829
988433343
355373520
999329570
827261090
857757843
676607717
927793817
42623942
45482282
141832104
879722782
229696373
528261795
855011306
668940704
282649581
394328128
355961857
635625861
783105666
511544116
359684544
376264606
502843859
608061565
679120286
989885196
51718316
8887174
298959713
603347172
690924508
647237789
699167470
965071631
135899091
991410096
303354583
73159692
507267234
853889996
790154532
574914111
286171641
832459743
732142844
674863120
199491536
221969404
258018983
801254082
87839580
107938504
293803939
373611889
138896445
109157514
359630035
491463670
966362302
567938602
844646378
339841742
327267651
500099116
893925988
112038668
265331549
13276930
727856093
367169773
32653284
685378206
342607543
283760225
563765490
691500216
12732467
981346129
692168723
479198213
38099196
599365154
355682920
678525074
55594778
963828013
412010317
364416921
738147856
629148874
901223955
876614728
705962010
189305537
331758367
664736148
269265320
785222376
876371486
397418941
167908192
73899392
291244219
576382694
576686450
283662794
594063157
297983796
403997523
514926363
63591615
201264942
667525423
725126615
12898761
426197231
341615234
299520430
843003189
865914882
122262608
821404479
632360969
375800019
986488544
514050992
792022012
157698778
846725296
781147017
12305157
830091794
562053871
40138659
379199479
64888249
486360320
792484716
746690142
198204039
420438699
527323662
778999034
106416133
69682652
629448732
488502812
764408061
477126203
384646565
866927869
973954945
652090902
957811077
177455888
643569463
813448435
346678765
724545691
294865897
715950378
253975825
696878107
967834301
195109474
272193175
924132346
88783410
545248839
497468653
925508765
819029432
654572596
249045246
368020770
74971925
998847202
483176323
87127478
991864406
170592813
575692543
336046737
653330128
140799887
24999937
375586538
305198759
952421740
858967654
419631445
118827751
835006846
844435392
139516396
381878615
579902330
700611084
749304420
90266775
960154105
19200140
890854992
210183799
392536136
552159180
358393755
61043120
789305562
620693395
544172392
661293238
561832378
604649317
936288199
556562983
586270601
301490593
602477193
386346428
414625129
863829772
115890131
860511462
862452942
538586540
480677121
172568585
660634818
651924060
110813057
537479764
546044308
982080305
136642015
81967225
75884757
328064636
532732100
189230157
204542383
600572066
407626662
461984052
365950913
889395144
720187009
376338719
176164690
313057260
786640226
640755271
858568542
34526672
543747812
484731123
564275189
902716374
258883933
155623646
859087712
112248087
27658876
507996444
712184358
72517525
793900374
753623380
809562881
28354967
210909288
579024366
838900314
978374258
873549978
913030329
795286068
723633321
882888677
76749158
772995187
855458330
370111859
4472510
167309208
832244339
811750150
116610090
568130342
330337686
303422262
982318432
135227916
982338074
805219688
27618804
547984956
950010863
7163392
905636521
300034203
421557168
225018889
827245049
530068736
996139863
703276062
498377431
697908655
324777642
609810652
156984121
723815663
769131687
859330301
102248571
616331660
77810449
118806953
985046253
783334629
998512180
803725255
994679979
860560012
272603038
630674008
659481629
953875937
834156237
837179284
5097389
961319187
895319644
735233948
431734475
810367835
270539192
533176909
48377538
73156788
989604371
443876987
243694932
733988485
667644675
964717323
21140392
259905652
556625694
489763011
779785673
839134042
259663657
632078158
502526128
861844678
986989352
295788766
22348276
653406495
876628057
462582403
462488045
924509305
566862986
854905884
142581299
133930218
370852982
937071134
68814830
847297035
107871108
267635987
458859055
292849038
592250575
933521479
185708570
816185873
974027810
60090466
228887550
118477497
983818132
862425940
625409719
156229768
958623653
431729239
2497020
770665774
11344599
689153642
252347101
948411938
632368871
128744358
914448839
133288297
811126242
964155289
49485337
298022135
657870126
747214162
203842261
502212525
209198773
485933015
146161867
672092734
987340868
344643678
42732862
29472093
650883125
664587273
3015473
792999814
124833398
233018532
584856437
202929339
73325238
176767039
876457084
236698715
796842060
179795582
909128566
741741269
34405856
289553323
368729315
372376691
547842526
207187349
64804722
317456004
651907548
570448200
425380509
856185061
977509789
898865477
583333096
98230338
793620472
505125730
188477442
287735476
912846390
73744027
788739415
716816116
775906389
774170420
746759871
505226762
476901317
394835188
700515845
859099324
356729375
9583460
682005697
16169267
202916084
363194725
149585743
609238227
13237964
478780366
136007436
410568335
218135980
626135875
156033806
903389869
159120891
726605187
240297767
212358944
2391345
985903318
775882962
101717837
505534052
672143879
318133575
624898810
214452936
995431440
851405730
121490160
79221434
358573336
195434701
996197275
979932772
809939754
719661131
129826689
812492399
892397595
808592870
651041042
703865714
769891821
854405748
826479303
251877878
161788204
129585482
697009660
754408264
600486637
595985914
248180416
100872007
4962010
68327984
487564630
344966
159428962
651354689
232571770
311741002
131166101
604808904
109150227
315989981
120810742
526392703
949730587
554642039
974088474
859433495
994888200
185959819
35410352
733340096
722825991
897995040
731222777
640524615
133882163
83980960
314731540
82118140
208715491
438938550
968105490
370512998
612004544
111913048
650517763
629217913
158076664
400421221
332633918
915580188
328675226
576622696
863469295
425470330
542323566
756765155
602843641
935998841
359392584
844393753
144518220
934911381
389715496
579570579
806589185
355014268
875241106
901664409
378237522
63737617
232059830
630784151
127903275
470867036
521513680
448488130
897202435
936515144
773371014
931440467
95678939
190968532
606754164
500348604
458377668
445971689
428293361
329149761
427145953
990755840
787202630
193979695
251750367
718260764
976682439
625877188
444221343
438806203
430967211
942370884
902632632
992827627
464697777
630164247
748375878
544771151
846323694
748878980
671463634
684309444
382354156
909760425
380895604
976551209
198473516
212162410
816693602
472437004
280914228
200587469
468873948
159175984
4335731
757990530
718512273
836941701
542889605
445421343
551761380
72982954
146027386
161943343
736636776
418917659
841973678
72237502
408469717
503639803
248591571
805011
389907726
159573233
963859747
439343347
7477098
768390719
793671816
51254835
207891374
950941014
445170302
475265181
490102028
613789944
443661094
56323528
247979325
477820636
611474635
328650447
216310539
994930500
40328473
375744278
106229841
589757936
804949181
706836416
769038875
80125528
334353131
169922189
318683881
755853599
631023792
124864253
4407848
769162592
970034010
659478102
664856010
534183752
543670616
309837281
858400887
615565597
995959026
379519679
513687286
138046810
836936856
31301482
426403870
26917942
543042038
524854442
611222489
956726453
103956842
294795994
571862461
74739765
111905478
803946345
395324662
334857028
619506789
460175072
656985834
921869282
574564346
201619527
699063685
790195033
434006507
227896533
514012935
68621220
714584533
569026523
333761922
768897604
306333547
751275787
670274849
151496965
558026195
166217549
923441724
930352178
587081162
937640832
532449062
827979856
917856054
203579214
691778743
200482508
195301307
506901018
196315223
494771022
56312276
42778241
229178065
920132142
90407979
595724150
274948033
635990971
694036670
837442727
121078789
73784255
503948035
486084411
353070400
438382190
992819940
534261663
62970535
567280379
121680657
902888158
537592589
169882182
842096620
324893291
461731704
558472692
915912878
711896941
219138793
651542289
625766749
255453208
354710616
961283131
877126839
800214650
878578722
231699861
635190716
895441611
190506672
376741068
411558930
356676484
111894486
581204066
65029232
154567321
498503514
872135312
905089550
481959082
33185986
832920671
183935951
577314210
484194839
667490689
624561710
949216814
347449143
5023343
368685530
916433793
996161870
693651680
72250476
951963954
342820594
756841632
59411936
239840734
668521742
201618471
653013664
742653544
2177898
906176027
608530321
250365007
241529202
77313331
626287510
991538503
165981084
820637545
173731767
920386438
119481503
918897531
636534327
694525668
610790434
942362724
571269367
476039874
228092419
173505292
960020361
106324881
164459894
372086200
166317393
666487152
305744206
853337060
373647980
249404313
425109265
449481486
889013578
648245273
262559612
358599269
758150446
213217175
9970458
479160780
850853319
152517179
952643473
103722653
80209190
886578231
248192526
191130157
310630781
618473585
644300182
588598979
606586180
646070099
639580079
997700542
322352859
671527285
843355983
124935298
246769253
971701214
923298418
307441841
143789812
380497961
711871078
422414413
891727167
181489070
317801051
411444101
363553100
467277302
984515114
15233154
317324920
776153359
376253761
938672075
571152313
924106309
707588925
85036658
817721546
616896253
830794523
625778300
203945161
329698339
640474359
651307863
687350281
2577685
724427364
966916799
964500827
879593123
504849529
919482166
919190663
784487513
175187788
308235129
870887821
192004151
369958901
461693774
464663631
88324738
819262922
307098831
861563968
891128025
443732119
784575298
622670950
608443668
394737813
47653193
597744587
446343692
942353255
798545665
827360147
494749617
69515591
824690779
68453778
32658707
545195274
977809570
627723465
814010662
168569117
308458427
365953406
459411555
421300076
751928309
4939889
677379724
105314064
631529818
59039749
51173453
497448053
405833244
818537447
897679900
99549208
936281214
968255323
769877661
837512867
819611082
782002066
675234897
144681650
909414988
432519892
537730936
445797215
471257232
795270090
693038503
786497925
62795471
41868429
506437016
158789575
666709112
866647643
481469124
104895094
746992392
731030422
770828692
779764296
349248441
639990175
332398026
267961996
250780073
708788544
439230669
974940023
375488175
519780855
489154533
536830899
150265266
430334200
638849137
770900767
462131983
712909273
111961123
775201461
741147497
190450972
59384707
32542025
907534678
564203588
253237020
389763304
48257082
957525265
631800445
259987778
968380624
371222145
763486437
607851726
589087964
52456445
88590847
862769963
650225326
987304488
985304090
250584128
805739159
384475061
124046215
144792147
761386453
390209306
297699450
329601704
490022
392382507
367893651
254577049
194188836
472431875
399423724
452515371
858983054
525336555
400533405
81573977
320847222
682126952
717572853
803199283
671667378
260530034
880580904
317378561
746075889
679042557
953346616
596506537
881188589
905827800
951004440
183338254
123950039
267860810
518227800
278224995
947299623
725006114
702247142
551206161
780898633
502540456
593309958
916869722
919350661
934345648
401222743
883464073
336332007
35022716
273040613
70604816
611985702
215522013
48870018
91729955
445951384
184442973
415650758
279298392
40292380
874155736
104311808
638661759
520877772
701690261
631412367
129992192
840088522
459699172
270806973
171153857
248914179
267254581
872045382
511824180
989898850
37883545
350481978
205078159
812222754
476069506
153111697
54988610
44364201
609138788
636359731
784858412
877797119
966916541
160171209
449663018
850197847
769755443
322112982
144656786
317594241
192063560
796749334
419176021
132744712
92332522
405905827
479050064
46354081
93046558
598455679
534587126
646814543
374713221
664165664
93371414
507513355
520479223
10826045
897971501
995527332
542296233
421995961
305450490
200730332
858432698
569926520
22483016
582114787
624175043
883282212
323831619
436892085
609914114
520751790
732429015
699666556
609804929
634759293
699342087
388618804
391158443
988645013
293207864
1795534
239211608
159929277
275711636
849731944
674503012
495498100
193277731
345116464
862839204
305526521
99642189
898360145
925731096
597769067
226707788
888626976
342712464
674504438
606030857
905948143
320052920
923399535
224184734
394224676
323585089
520664804
770508337
154109979
617447040
835760563
86235958
298307336
45171992
246661118
976898274
919740339
766746054
923225209
440797606
47267572
380005411
614041969
267992249
484035068
283369555
552395275
846786485
456859300
981817018
360029603
531362528
817014031
800209901
938139465
189418537
658065551
739043147
298235112
620507668
954084150
771603415
680925803
503617055
216254569
474672215
195228605
438614320
558253213
431219622
659213186
232058266
870619004
588575963
330837230
921773208
221865788
832137309
780656939
854307254
768226459
225147001
691832636
70885381
722493120
810900183
233712885
628882093
793738264
256785546
482191161
380123241
874819915
413924020
963096137
905516261
54346409
533989420
228635898
330195454
308942776
251412274
610652723
709931825
274802096
157594365
922843810
383838442
418394949
700053802
776074385
293689979
226118169
569069692
361808591
320033496
75000956
327465311
668063828
644062523
737474969
348457520
134800756
447507183
936631889
308558451
442089407
753630581
844082825
619829659
774107741
291117511
645272155
506982355
619882983
205307658
502442034
200758769
852606891
180256341
102102758
976800892
75390896
689903333
510411176
493824163
464476131
785052232
472640535
389232984
329237577
159111677
744739059
217785337
634169013
289983016
920076011
146228056
465227099
416768845
435899029
983943196
509594219
726418143
541923464
314998816
553352457
834682721
512318109
108189907
640827376
228808971
250280226
220784438
240380104
177983092
608764486
970666081
912958644
529904102
510103626
396378184
608107754
501855314
114549047
860602060
661021386
907699560
38535272
420248692
538665244
883826550
735745363
571371693
968848894
629023041
753208423
745787949
626674089
503957964
162961255
53973362
731222197
135978664
386702676
534578741
658092791
261643876
637917006
443667763
124081145
359380618
995627628
753885082
631821332
891224446
976495716
132579498
312751986
949013073
276436304
53705968
772949327
801535571
71077355
687431496
700983485
923399212
667160245
991922338
513105002
490859219
613629111
154550780
386364289
934487105
594325925
361742986
381835008
976240913
904156481
823428584
111580595
180855514
559008497
465388252
48363665
101450343
704039761
295020305
703341008
523425364
70004079
777742147
678797767
792336893
150138405
954804528
124323433
12745154
178515440
549723580
503158473
48694319
356447479
25012049
409979774
617260564
896708514
585871942
551236430
925122951
692621175
364683416
642635496
496868277
196314758
375314401
289985718
689175020
382609672
124513135
106520319
907318125
584616794
600655470
628448131
678744407
542156193
1040187
740663216
974612735
959852507
217674011
27625313
150048470
23905716
536046125
66344181
84964603
353074603
331098046
636025331
343210348
520984593
364589713
30186925
521314112
153461880
143843349
6667439
551726774
829700976
526272305
125181137
744526421
578380224
920163414
740602868
361143448
131105350
995783575
858742515
105108239
193343397
558083244
566995975
341507180
903023142
270321990
431572580
441335346
535959383
541692037
363844787
531847542
372979612
331340401
723333738
609093679
529113628
862456512
639759882
473372123
974694788
960667454
389402419
826699878
704674629
839331200
538202916
816174491
902072305
905325555
632184447
123771797
307912100
198315903
357180197
874457479
6233305
392828961
811671909
423570877
33798111
362098307
916628404
241589867
812680647
891893228
311060725
346010177
385535914
588187689
429934265
717283257
727948311
545580836
582004514
452224306
234027508
563422614
743515554
869588077
852899794
635805749
343870518
242772312
66718674
519527010
452975952
80770694
897498475
889464771
962673326
819883345
96469975
244933841
43488560
356254293
365904026
414472793
888872434
20240481
380554486
637802775
38554523
647347709
566721096
949237719
31715512
814527223
894625089
381740014
744475327
915833954
770244881
969124109
402907866
499098535
941022430
14811557
73187833
578381957
124064512
630505647
349977761
580002801
335893127
643696999
255034866
426397739
530849649
230616749
326204536
687258927
621483738
152091513
837931932
76697584
99648766
226676607
192909695
41934263
560732294
184163051
53231695
656414730
937714131
380583649
794951161
916979114
943620151
907863382
620107142
490510910
596990049
144081927
230252093
188797906
417549084
492529571
673080509
981909419
366263912
726439097
860068430
675247626
592567411
645061414
306426099
724025771
664527722
448773919
133406001
677385857
838896747
22227954
483548523
937705440
98181755
512822414
979535514
818867280
481623808
358049019
861828122
191191576
622448503
236399713
778434610
941597335
890214615
269043990
438368365
733870864
98217216
707099320
64404029
291324249
921340641
784995824
704679180
878895729
331210989
339115151
524949406
128848453
279863576
762422600
101182668
845495538
892091437
414261985
280085850
688208026
247630725
994030153
825411942
151070184
45483973
378430365
346072267
518078161
846968446
547629114
63726123
486890273
185994230
390479266
955909521
208659871
281293011
942205124
251917979
478245144
925156139
259315974
417401384
646653921
553425001
474366415
739282733
267962760
669480326
458497147
911086783
279190444
563484260
620019411
39577818
897792991
55513309
314030543
491545456
265113461
864708956
386016976
909504118
554853379
235986043
453531905
548635333
331535804
646437550
242919526
633950862
546259026
23224427
343763089
509923618
26429773
264199193
355377181
532208855
337062064
133859214
67935877
935359983
834421637
835145462
630213335
935178112
224009203
373147626
790805807
406402786
435091250
233333367
381526375
136583211
691564446
37592152
596706314
597102173
709118781
501892565
852681652
228204002
836693060
668039081
10281315
177358354
572271666
67509963
244378959
131280354
473477805
417537479
275006458
822533657
252982913
827535654
987807313
181047302
194238413
326220004
986770022
512207397
678536606
50399129
113788754
564102151
315065671
652933390
999547725
344720015
195225872
698861642
215343606
980981882
245818385
835434995
552270459
471810574
72173705
251316574
930629726
355958897
149507160
739374894
777277927
352373224
907659286
986078488
643203112
934093316
609157243
659589534
473999721
306497157
446516427
286457858
771135647
381743821
216137338
979254278
86048759
212335790
244538032
906195473
130642071
851859693
453428561
974562624
484219801
685001713
801912480
487284466
421996485
218149497
942996681
203374662
173221647
435421677
821706729
691340522
231276310
479244748
84863602
489187744
464602356
354183518
317096312
980578773
259611807
253789016
854187031
953235905
504105015
334089143
466751835
279831396
704087540
75620702
754626295
891147291
678992018
704893081
76897622
198836098
574193837
33302576
971752515
257232939
767081175
542740931
729395920
875137392
358363443
874297612
69467912
791507208
698921159
587918399
300318615
290038776
382716904
542481758
268321452
266831696
589049383
943914517
252426282
359910359
784756541
905588182
132066772
762034567
846438985
254412910
239594270
784919913
16026329
42858944
219333535
611551002
980872842
538216940
746279674
90930652
388349025
462642185
166674587
554065584
916975222
941579787
653184742
607383358
45294535
714249303
962615036
910327028
739651491
645138746
442042752
560050585
255113042
772017865
722001631
871107108
860144191
845411978
527040100
40170968
776789811
315677766
739353309
729091527
393992250
320031368
614630173
455117084
840612488
50895105
901740618
358311346
766401657
220934617
532606227
936800308
142639765
528199845
367528478
475656791
90708021
995277285
435160519
744103816
743936330
123310448
655567755
822232594
984776894
173123367
96627536
815128780
763457475
245924874
397054093
819689455
66431201
301178628
698227403
646961251
293661703
832535179
289660616
923242453
896327489
199621625
585557382
643516307
203900023
954543254
319116271
411368628
362928989
119010981
5266728
358816395
939367439
720108099
949249199
369629404
537247805
84642141
297253142
204009108
157126076
63310896
412906447
979058823
524808904
217349393
146412480
642916052
591207316
205923204
583497424
990777639
555894692
291295805
822197712
268321892
671925492
548783191
409209847
158355870
854600047
888835430
755285065
497600246
617670033
487483779
890518832
966609388
487016242
444023185
649035331
382437676
898011693
119665262
222726382
139599958
873238094
128986243
497722165
514060004
555203586
780966559
450940126
352334543
587345065
242824682
995357820
210728730
28208674
628893704
818274617
173591019
567043280
543874094
100081476
213573512
251040980
782168076
845977238
620251951
620788293
38446488
359395327
997645784
738585595
685074334
692282990
92681285
966109291
668418888
486758092
810959971
217598080
97964530
909232411
202169158
57384471
895697863
89995530
47812685
640045907
427360025
780604480
554543773
853126572
194224874
49705002
535924912
407989759
978476467
506848152
502554368
355304636
519296382
424443187
581185775
957456393
563726408
708755347
926491627
376230509
932114131
719357033
227436868
673924228
10074720
729806383
898156017
344059097
710624847
110311875
495802284
690419997
25211431
436963890
521561845
983245789
726478832
322771581
208304799
983151516
740802374
946292446
472856137
303748403
618352431
238078407
281998389
433890974
901596272
155514023
299340034
366206060
375061923
766384412
256385526
567282369
99795680
68339528
852643778
69842813
579475602
43387273
67881169
337540966
57073612
205310967
861892022
691236393
741498342
273449919
532047199
868129796
300131792
480791057
838862640
938517124
386745567
625158447
15924233
939835050
808099790
955916997
7526239
990241898
768613159
20858100
60013959
651348947
3932572
799676598
907455727
33107707
234666672
362734815
872868746
402781658
47369170
874898858
80555980
995966523
817515196
250711634
95565465
397860624
943017279
555411237
206856106
759597242
968631083
547744564
597678597
62486050
85255980
530119649
122433238
329456408
183937303
163311607
20411534
186393844
452096178
640826567
864031567
629787179
719461203
592845918
156544438
8642782
410579203
147866360
768767382
183178402
486233629
885511797
282457374
886258025
588624047
37280244
144368136
676511504
581142518
968398068
8052250
977801275
585492166
547023706
686457101
103461841
570674003
885439046
137938322
864403337
902780545
743668268
679698997
661659330
574287942
117243921
245299929
805955522
642114581
523638660
993485572
532280698
481322131
49492295
303564721
144626752
344339944
850832620
298044901
75536505
605809869
254223417
694192040
343058600
44732633
649907446
761968525
327056345
41170979
261265804
933917240
40833241
449779888
250419930
809594066
672801821
849988664
226070667
400652258
610987231
795775674
749589761
509604709
474773734
582903697
522372920
491727654
12476753
147914726
668601356
113793035
794348431
775162284
212633039
484694385
824815276
584823932
23187520
140415889
416264540
355578877
605657277
711058532
719507495
826096972
678441924
744730884
95867763
624700255
866862423
883410314
655951372
369826385
951699375
8262224
237679387
714894897
598504731
229124093
580983213
221386628
310786200
318239664
45036818
674840332
685442707
954133628
304265992
324054710
319036473
361133056
132438453
774767020
236496123
670837827
329976197
49265634
775805442
345784331
544289074
703888777
740358493
938644448
987881288
929958230
140478311
802451055
21945001
383237358
37825362
59035834
368623592
501046951
632363051
79397827
20321923
150072718
890642731
744106280
280640715
542054714
764339370
908264744
772118111
916089157
181239063
971248373
923799123
234341253
314570596
292076207
585679822
774525201
160830551
548221275
603112626
737340108
24968702
396328442
644362370
559411843
867844469
984635801
570576975
956963734
465951609
527663953
249704206
349740702
101172264
710386235
813952644
83547589
950560691
247097369
139550480
860976
143858032
800347917
765939609
511024180
583691666
596297539
951072340
180135212
137350097
690571153
758006978
523992125
637311460
91285198
116711426
639713944
563672369
543974800
32580711
966133471
193767643
553960831
398330237
477412808
931205549
66978237
716016528
991186391
590260920
783457495
81141866
962284126
412851415
520316715
843502007
743888223
697125755
78378772
796337601
619919964
616286244
853270467
907754399
422348971
700569115
750036831
628747535
551774313
341293446
132773361
943077518
780122502
373758598
275829326
770823903
344826337
640777057
994018031
652110597
537805669
303388384
382033992
393256056
356857953
204380528
880026260
223888695
743986673
809294979
148731316
792183716
264384304
941355716
241928254
171826504
170175771
176949159
813411417
250920801
400843860
272363163
915830525
428174854
721039467
508126656
269773890
389777210
861056754
479756060
109179996
727513814
411313029
420573577
913672556
639231682
844090298
664231058
718810674
451306629
503814551
994035735
514008833
351396865
666811327
760275792
541013298
668510955
854755098
157864377
2837189
273516480
439933224
854450489
935236904
178252188
354312510
806972289
212634772
450011704
350092922
647894915
887056585
12967241
836151473
562113934
502978039
486471938
310661949
926661345
261804259
91556846
193392206
109415229
341019292
868716901
857257254
806867117
642590222
949360633
137084748
605951143
301816301
366952005
588189278
971564779
139610030
59770772
845708124
651359447
10718121
524242754
135629462
209127442
828959860
316471028
263782494
890345473
590815830
755476298
441325867
638796419
331737287
309257675
488738384
292679319
485896682
786830641
833062421
810453376
117200500
457945851
189974687
443771116
569894855
418186866
804298312
20192755
57870765
960154124
833945180
204826946
410845911
701042985
646144410
202283671
109119614
306471257
954715105
606041287
937569841
511803414
410271235
379108298
112552855
988437846
283687462
946594968
895386380
923264388
837195224
290728776
830394752
414788738
303946292
995976085
403221072
908452340
821151388
441515769
35474591
649975461
616875310
543747079
652965310
771554183
374341372
707184570
939267507
658002617
444796494
927178217
836502765
705338864
444643840
319288477
267463470
471235790
46791909
216601507
659147477
622160704
484270654
674000646
675044721
651065222
843170663
386203253
595150054
252103524
149049064
954753099
521236148
101584789
250564544
132072050
893760829
50209663
55646377
839914968
474070266
810077360
157502830
127260176
711688164
100595594
945304579
979950522
148204073
854132176
247485830
647988471
303442576
7588089
285711157
414453427
563860217
121919523
731744410
238746093
856442748
436099611
832298471
472924198
446781212
343229951
585200344
466436557
836925008
443678620
701704171
788305730
456703534
242741349
484497972
676686579
345215286
205030745
940804014
999274231
693844583
482299357
832058039
177047647
803022478
940657826
318382486
357512368
26779443
95943514
893221135
781546267
737262328
876687830
956058218
931331727
240525026
692184631
365036184
72042316
758564820
488170448
283750228
362145479
199469620
1009253
795443743
698884657
929345314
501195243
111847212
817643566
104257383
509954093
347316216
315284402
578954064
281753887
276123768
148387334
537247526
251623612
835065431
33491980
751797709
640623144
243566700
352063973
980438172
468485770
447191443
775633646
657174659
852750876
832311582
735007999
864374854
87048918
217648090
780762099
651791482
641815265
806806465
712691537
421165069
912459695
367099716
529804377
600738183
160311891
820577357
15513112
137956629
46188326
778193408
347845248
158425977
207036658
233335877
996346378
822504633
347880866
93019222
495423168
660664939
512798686
195834870
26641442
602641549
590694132
133042643
751156475
961359915
737762856
737883159
404718428
393019440
427871466
962230434
507901608
358387445
910629962
533410723
138806957
931254619
137481532
316498349
792120237
264204836
877165242
726698577
486665529
212503370
402081183
525938107
160427534
696030989
872516432
247004639
195977352
484298137
562650951
50874527
54889650
217376881
124824451
317707536
397750030
770676754
456195413
528598819
431412220
283015426
514249242
747393330
592972018
606878165
547022538
708297268
125037865
482942153
80035039
575586626
928197751
727240247
948075255
670773602
990542922
385724635
198840007
162372546
733380707
358232005
7697597
759216625
332716969
567953024
743226350
962313359
196566542
163817976
707827707
597735935
282720094
741746411
403069126
458690408
752370873
382027650
773410336
271173792
985968079
731636785
470419712
97988440
477802066
666189397
78847587
20686691
667980349
548509424
142865642
180770895
672184185
345484045
977820741
282390133
367489805
201421772
679766493
481010185
156518864
90064836
523244349
585723745
953153167
844190849
60748212
703090793
149771401
419824926
504075219
335548691
998726909
125655863
201872517
460292738
638221288
805328948
977247549
334133468
995496234
768865774
699898705
304609761
88467540
420204155
485120102
544975988
406318505
793363631
681058679
608264897
4123777
987596018
375474198
536617727
759115460
670927814
292708032
987030713
837495011
458754155
27789335
688358088
766971866
651347022
593195688
810540008
599369011
954229840
170076512
537788396
606853927
377762448
474805205
421696110
335471037
286981095
251507055
594333696
981458241
551731090
755806973
625015397
464660552
396454238
393177494
191737145
318480215
596445155
400052852
444739138
344635977
392962620
742168850
172853713
879806010
837931283
127642452
448487508
191550926
29822358
436425899
659509673
416501046
442306841
883975474
454885677
190456632
703655758
451483924
260910335
720326734
642900482
700571146
455986595
239579226
850295841
317129508
491357836
133678542
475318957
210799752
697146515
575308698
475307684
681767224
796582623
529263845
714860923
51563344
551475695
104129095
631713930
313198942
867072121
889576197
951999033
817425098
911358891
461293432
795304372
915597500
450217776
282189442
735880098
199140346
697297466
755555551
303846081
947056307
600992361
733205249
746288140
667929673
820095672
18735638
76431458
686891759
851124536
106528271
322927504
245716535
794140917
319273863
297180024
928989843
41977285
338111641
894517655
146722377
244464799
635018987
507470091
742939780
489720443
443694633
287566647
390598436
615210434
815649745
280272394
522111105
42337962
103158108
87286110
388789015
589939747
828467050
806930359
439917906
890029764
330074476
397798299
850031203
849272650
281197003
502607389
41066347
178344026
260489886
852235285
830896583
445984074
829849530
368876162
120674264
158476998
886525853
581961567
508402037
877220206
818023125
448927691
409497826
596174103
17202898
99770535
465487115
819446927
303422119
112170083
634942089
561162376
387182990
622500683
125409932
89980956
295637526
83665775
480758758
900991566
112012050
332913053
974953269
986157567
262334440
772338038
8575601
877547508
258204158
384672846
433045198
680628998
368792577
347894275
866243885
216986726
281151140
977660619
536022506
111939949
215589768
273036763
310556723
770683713
729921055
765421224
613811463
597458157
773308100
414187841
282469637
892337794
684969001
876942585
865410039
656168386
955352564
992266254
554829503
464666989
741664668
770014796
565354928
887015824
962693859
890218153
837252876
358077983
57011576
319361395
671416744
85348075
348089296
323953797
895805576
608311046
375818042
949876927
617264381
928459588
452606278
15155702
744775410
66203095
904291467
841455145
713827237
153721879
88804582
856644951
565014174
517624225
818997758
566998425
268966428
50233587
147152627
656144347
643827918
62182610
384378504
759018202
406027455
976771238
365051347
115992816
79853481
360610919
696108930
466812627
780065441
330224334
634822335
136056996
224505701
730288830
276316620
426407611
281261278
861790281
583798480
944743003
582011375
546927859
840020202
399337192
852204093
917255431
675818536
385729972
934095603
603555467
789060338
604301089
285215022
173500755
359027326
540757550
984769668
618640735
691434493
434405987
512318580
599586225
31388769
566869116
125092964
44958951
51187155
192546502
577065956
549060217
613412070
461594797
970804320
471683964
163221819
602551172
545067544
231637328
779115492
695793599
465089917
443694295
688559167
185512363
937665402
681356808
107163328
285988065
825749217
389163127
964494979
230630998
477638634
332971319
714967655
226801499
275564395
634991154
557853599
335353465
621994408
520126887
330621838
360236208
827535349
392535386
198050004
289039348
786530156
84913709
813878176
947537610
972907951
595636022
375030783
286068622
696855415
68167168
425468024
915730954
431337666
433007939
881728788
242784416
528091312
858338922
300214780
582457400
800602247
346934510
838187057
357952804
723164843
664341195
354836921
453687784
743643059
115430977
728234583
947699276
430828010
399895388
421140428
741703189
991950980
273570148
719953495
747314753
202732294
348615732
34633070
780756505
612382872
496139741
366501491
568658609
194139871
319116590
10586347
513770632
992531967
786248060
493247131
487817364
112095811
724686015
616287724
817975846
476775541
835201273
749286106
950149865
938360982
739353596
113176350
386311957
147037856
975450628
727555908
924300597
398833287
937228891
284719750
677673840
350356364
854833630
879704895
434829143
218896808
984815743
906238458
968615914
763654556
365892899
626339918
364102668
317618521
108272868
49363395
530382049
879348550
981857535
855263598
371487975
256491470
169212410
193346131
421048150
601847425
848840194
712393584
222046366
908137136
874175265
324206089
819515192
221050709
883984741
195108297
811091616
948969073
913392902
121783627
179112111
266312189
285174394
293060353
72134703
532065733
235668517
806689563
872805382
386652153
470794522
23178040
628463323
253838218
318509068
340604676
85808494
861584260
23679491
813459208
182502900
718654243
862248896
442090185
230813474
268230971
593216306
641294954
738533405
977067863
816903603
833049244
162701336
502874217
92554963
447687031
336730162
384693477
916313178
987568116
273137141
633922273
795091900
793883977
360924626
851535591
708015557
441123982
321274685
987372575
924102307
401678525
56554451
314035021
551251421
615555536
360601306
424825515
199254103
890993194
23900773
774409795
624186580
548045579
255911033
56212313
432336579
524999412
524782388
672239186
765051563
347292297
712206662
293599685
934820221
487954034
818686297
793922047
675788294
712469668
414879375
535199341
52378139
393729694
303750907
747081207
665287223
564634966
806617873
925143777
815574937
280266491
736133669
835917920
237544454
476142493
628110128
309866450
350060475
71113654
89902341
535746293
6709065
562988251
74190935
23399241
694388180
290370258
164965140
17215256
146589986
449085016
278999821
903201457
530726433
649679579
155921497
520459268
666172588
912538258
208316837
364481446
695320147
300394284
797374084
989629918
955873762
50956263
425170314
596089576
374119541
737201235
440393138
696381944
737521322
889395598
514862753
246949522
920913442
928679940
552447611
910723761
674408567
248605869
661768194
937975955
480485314
517433771
250240606
778630481
631841141
795055156
909533184
977458852
190694285
278409431
662210876
271884174
364540083
725753144
274828347
773738013
250461039
103436143
454669262
423506777
707348595
294634117
955528291
502061675
881789842
120221820
982375648
468632192
844539966
632128211
900760480
167925896
175455881
982459598
70101910
576993339
740252844
884121231
411208806
255490130
174139611
84284889
101514210
957875201
551730868
340770800
186682155
338132645
820103195
750787762
972166599
788216637
176514262
286073265
967859923
313707873
57968160
755088012
703416862
691290213
238575401
744202980
349953565
966178803
249433897
227369409
25254320
953213049
430941405
181070954
23436628
741416510
307728179
484441383
630477979
415136579
270363160
611541810
228123254
122571651
943392216
956771704
643281901
312639592
6655863
568346639
881513118
830950828
337818767
689344913
199484001
646683980
247459795
660235490
637268596
142397989
848464559
482156267
754042778
618369877
372160322
602226560
991006955
256883814
260839062
889594165
140556519
117985545
907544716
731116060
25628654
870828990
438880836
817550897
75660261
391239907
169352518
547036460
780181284
930373745
156352708
618705947
744469559
864501311
439754772
260824529
5844892
218959760
965101563
879091026
804632138
137026209
17070908
437767608
323849245
230628681
512429351
205882870
321480666
593596211
561686162
745210029
340200156
782491876
318387266
243375526
191168770
702731606
781222223
24025811
621613094
129121817
752741173
270952704
275633066
456565718
705070613
933173933
83064881
373384442
905857606
818213957
415439056
266692368
814285121
962465097
6008116
985676325
392746070
127616843
81444341
40285626
607960855
653319957
893790156
85559516
685907801
864552128
281847859
396473442
662793591
616728709
832026779
129524844
391666633
194380162
223062765
562781376
523422045
341136763
2786380
306057737
564694073
838527693
444605029
345182402
155374526
158963465
858891839
520414705
869336501
90667511
679467094
922758218
458444898
982185132
668493989
204517180
194799095
512232790
294848484
932598944
868329750
585050960
822171039
867131409
122220532
4507168
422956933
252574548
553243934
325152035
119314540
826691360
558203706
195857715
980470339
772899246
981750646
988576424
581529892
88189345
793689500
356496661
864558033
384738915
724865839
450562685
41295154
868865080
701042481
285620901
95158279
997818614
309248370
246718899
620463232
363408057
435369272
161990295
937489086
46815074
230977376
321875913
321902314
160334628
55767587
89512694
860683288
905081558
578570575
547027967
301317310
128010623
488202947
256045355
549658503
852401190
349825314
512354445
39844662
449635686
709031588
554191530
65805311
56071218
45031507
685348035
926919478
698127653
937643120
506930664
142535871
211326153
751830926
166379008
482859071
573090905
129601271
749904575
234168467
734066561
662701704
738874184
953303720
861553573
897588418
911722083
254727326
401884098
863477283
444023403
502896054
808878921
262299544
227184011
872980012
882460012
423885323
549335048
337658965
947225656
241566987
270759807
53020405
721004902
969320160
472344480
836582495
505618274
405677288
566223940
823848153
199152724
670828919
257854878
145479084
743511550
921312943
827006089
673315664
744471161
966041346
825053440
439049374
577266202
307702429
390101410
820583880
470060690
353333625
875456167
111252151
491747211
364901783
651164063
155517211
760930483
781877333
236998361
172107777
794793761
943919793
549440881
308966718
597610388
800021384
897546427
549054971
458188587
985690247
610072989
999805002
882513623
597062216
376756572
539073146
965555886
676345453
824300952
581130702
594092087
546754363
962367539
285820882
161599065
908481271
40176678
249531703
406066106
710689831
329665397
108107364
895210723
427908440
75192602
634358402
297391239
525985194
613807814
397375824
821425962
570242258
769487781
481082376
156224503
940085791
408019085
692915577
219118133
38233656
881376257
166286324
835875780
397909719
229626244
892324066
566254917
430148027
603569283
273759355
861121109
776180020
713319314
196456059
980521975
623091393
603991093
301145016
48753280
254359187
606906040
113305485
716061083
672549828
523902192
623258653
737550550
123467927
553657377
998939530
242665027
393965362
666096512
305952532
835027144
538532887
557098825
478004373
250202114
163032648
445796767
200239402
521333002
972788096
911147527
557910439
298193796
11549067
382202224
197131697
228536896
283798703
313582393
6678997
620042568
377527121
938377853
609071109
780697061
144039870
77782634
366556737
421436851
234183707
397384666
733675298
338834674
455221045
505284699
224935832
68133005
340799002
11440188
680001037
279660875
722329775
836024125
987774119
942742940
349818319
663248277
758250761
474032620
182989227
77771589
149242635
75263037
213052466
342039373
500064779
784729503
27431707
206301799
578216651
681271025
888213368
399436467
361851943
360543124
282201636
627382944
954736841
118216901
165034025
275494752
697985015
286428940
524451003
926469314
556037774
104977323
595006062
757416617
447033620
579304398
877742770
737793416
259338811
827570689
849562913
241255849
349409574
845966488
989511656
646569523
649095358
797826044
105576332
697651974
904539802
917464339
939690828
423808945
688218859
372241896
836251129
39568648
472363042
981852982
654484290
754709418
544237968
228756622
379626433
755494002
450593056
261699083
508996582
699009318
930893712
728993090
989814201
807325774
280979976
430401521
342106480
418707677
463166500
43842829
155499299
632863067
534935512
890667657
90451473
143620135
835173629
540843406
384463780
754364764
218408018
504136945
295659818
692032022
799857758
286957765
129433103
92533239
234644767
927430705
704070136
352800628
939520305
448284800
254458337
250931645
173682975
995675754
197768790
493914546
293924184
938774135
920812143
903412245
261262599
253523246
902050502
474049778
836208344
729090352
149242106
662341088
35513323
335779398
938699407
791837434
718812261
205604045
495162965
89803247
648599670
769755035
635226164
325612370
120581288
522558237
780605442
190361928
814662719
954669528
393706096
696907634
30261428
910438376
6962706
473561829
536269770
131907427
183984690
259752569
779474539
798810828
250101131
495006307
520661043
758803752
532341897
519369165
349313478
483676206
897092457
455632933
280891043
504526006
490293819
177516956
817260188
410976546
920033830
242462056
177188220
538154871
889588469
342410438
32077803
7613207
341850277
946426891
829026239
757189663
241796940
763228189
301802972
798735108
687004492
388050671
922800448
940674575
692816285
935295274
964384679
976813597
611011057
949422625
506800081
539334375
380846418
498152393
978710830
11973490
790981860
961098204
197071884
152760623
118237682
19364872
197690489
103107249
285212329
885090904
187452868
236953240
902369594
827950848
493437968
187781916
377330478
627090830
788983550
855478848
540455966
882837425
534582841
958080618
704154120
461009619
295696758
369455055
744820273
537402696
513440894
50582072
670477516
421175159
209040199
874201694
94261095
930448546
311969492
85465538
346827125
362283990
799076652
875288524
327156614
823814739
487290856
760709898
444030693
328721000
662976674
464050882
785267212
915481061
934170285
529869832
302871278
840068768
336880807
468735075
126227030
335588420
701216484
344924052
757653055
709547072
862430983
292030227
849397578
101058426
321591199
204559756
146149231
747335418
432370661
371134752
519755563
812183979
632103119
609692346
8009419
936526995
858321675
864934197
877713011
36548866
314292554
389388635
781044926
178908514
527403466
272441201
999060712
853995587
187743758
300523055
13948159
548224553
977938533
239972118
810536967
906211354
875225204
731959507
170674955
822266070
969297131
184678282
972676018
516283442
567693066
314913276
259542561
308822939
89587348
811270358
2010969
748314548
215278197
74093343
628513757
567215681
760495888
825837487
350609997
730791209
560658525
449333277
679772752
436533598
638493527
517207562
513441424
434948904
859531549
525829520
388519731
719571427
402682596
911780482
649897437
296777953
217005196
624933329
231104298
841214792
700929478
801213153
864594508
618602702
96422272
445562858
28310898
471830651
297396144
995974663
284349942
584075043
197306588
297642602
749893405
902117002
72252407
386349381
346317613
319621811
223493024
58816682
519761528
361308093
141794492
378462796
9905822
818847807
770487518
203771145
770495141
17282397
718004431
340266500
785317573
832564979
563059927
423370645
265128335
415509566
145321584
853087453
721894169
916088578
650603765
130161000
490573348
930739278
452160165
268135602
720768923
890311131
832973975
814909848
810454405
788961633
555760145
901022897
317809729
737285963
36505243
393776422
134450194
577862430
259142494
491220469
947807531
852440248
297616845
352338788
881920545
198925791
623121534
961819225
323421009
621997087
439264194
140891422
714813322
653634420
851284265
498530013
457776379
898991164
698708281
458371480
196623626
351034943
102152993
291458052
611420439
282902866
775726042
462486434
569323423
774397448
406355163
517155798
46523161
972257633
108784284
942278518
434770863
715745045
316566122
356241924
541024454
440069463
567824203
759932977
370477353
565389373
902193925
273133035
451016880
21803071
402411726
14586167
675595080
348076950
549908793
77176388
547476005
855418852
651190309
768211901
33416498
229125921
364379606
138401245
261421776
637548762
652629198
780330471
290322123
540376730
512347293
103486681
775147213
844265016
744604814
571914226
157827209
583640320
223178082
430201001
958834487
300179004
188522039
256945663
490296131
64071217
363830005
161330398
546402904
18855038
498241176
261755765
628162605
241332211
555342616
559393406
676242574
473850477
834563332
789164463
464556675
480925414
536885491
112388299
990684678
286181973
456905882
772277908
635556773
685925855
730400348
697988923
190841363
474911380
673112693
565009527
951272029
456861523
622263655
806534690
237498311
312947860
2715435
383441077
380970170
906437043
194149641
400646800
695477814
728631206
767486721
240753283
225701261
566504861
912753925
49654313
196990604
328201940
925994982
486606834
636341880
766204413
991707815
312749534
916190190
922838538
861818590
602029625
800174575
338670716
314298176
850013542
926163053
883291399
671320672
125460564
293525583
396589318
374138782
144099156
494499653
268261197
335787618
295745094
698980717
74659791
43873480
416427413
708737652
78916598
973308307
613814474
756399812
756337203
816189317
82786237
533801832
554915521
713502886
347547108
748634106
138498515
667168140
738884974
422626778
627636857
24272983
901336976
387117283
768543079
72283446
979189099
255350362
594503290
27442020
820968050
283695802
530448128
449475344
427662621
773860398
63264505
912519813
589311123
649540430
848263068
526986726
146645799
192608008
122487381
900832376
228200332
960018385
774789447
796788163
296766107
872195256
307744785
658622418
364661427
793903914
530717859
192717084
428594537
733396584
596212107
61950271
708235880
977238903
440249565
563728660
125534367
617019012
851064079
624107757
764394559
212860442
985984565
352421465
854280217
794326730
884863813
766956877
671090834
227086782
932459066
716563732
302376826
304497702
182567467
84709853
714286205
614950816
840845972
445241189
838361543
612208460
244908664
69826410
885834731
534238980
64011947
498804964
133142643
43690829
785814746
288276550
246071093
467318210
221718521
539707508
916099817
339283647
891552406
501556802
999514754
736454712
952176759
773577574
888309020
337535929
471072795
297880812
667605618
894283733
253879935
120449721
602786055
122432161
150320216
720463858
338372405
685339315
61829507
542801144
658769525
26398860
941272392
892434045
479439434
849312337
995863599
241211355
108790809
758611908
603865253
402464374
958844044
297437599
403075990
293477490
818337717
137278790
565636475
77887698
74868045
126618737
234828258
597515483
715088775
104413199
809736214
487135027
597584389
224729575
134400307
498110155
250612557
270794590
681999196
858833799
212000825
27994628
192597773
139013099
615844513
684884974
700657644
235593850
89751480
78238436
447908912
639814253
217830623
137735394
611372396
175324864
284315900
961884497
122202894
257517519
894590975
999910088
837859105
151558222
122245409
29954090
237320184
978403211
17490236
281397867
884208508
234223949
162345803
335538767
309248080
632491134
312088492
258350009
717756430
198621904
501395683
549902118
706964565
136922769
178068706
985761931
774370164
436987252
919806486
263187188
538171547
339612731
316013147
138296625
262506633
563383521
4293594
297592739
601431080
716174611
344528994
808126915
816098675
395923404
298012602
69441888
763948720
194533080
706013854
596176245
176189948
362908627
29430551
966452742
795286398
507630912
658868370
188961686
671117715
456837831
284579345
371927268
300079840
948536086
698612331
291679224
347451855
317753927
242415781
595544665
614462036
530083423
855432488
388582202
611328865
25403443
3852835
368347600
114840992
795952474
603684746
418298216
361976190
390770703
321515699
915713371
776267654
891768866
848851338
601090669
528551425
781229208
959829596
400926131
881071226
958275336
690539599
165463555
599405838
59930224
40854612
465240198
719162124
805775536
352035279
202932175
379291269
323571128
520121991
866009065
246585810
788737870
435112726
87050200
175733874
659234813
579987832
465945947
652149145
999610488
149544724
187782330
677444099
341188270
81058764
673906672
134771863
711330232
714679390
399464816
337251607
806734550
592713152
930618230
781089327
840096006
664894362
153699433
509918831
839930651
884362799
583519249
535443943
150888638
796932384
724931055
465310964
647463330
443265594
581388736
746702485
103200013
561474003
504969851
555215301
203125380
419441098
334742250
509545708
916187651
619867441
344531703
306942598
217421496
498416960
910933548
897874541
185250907
586074517
790895410
697682116
240471398
883850255
902920234
959735576
975948359
966515898
158828456
635391660
416292348
627230281
616904347
261960326
183218838
130267124
385111927
367892047
111327203
568119780
652349789
708284757
489947551
406055376
866712205
317218959
675606219
943096398
629925319
322283924
792376683
292959051
876784387
120918141
42176788
281227462
439283581
690958062
706562899
65560731
328059382
836359096
703064792
750054335
89653403
887085463
843324262
36503630
71758239
748743995
451811450
783598203
393438614
224198776
965420774
126636235
482868956
94274141
885560236
563349037
133608655
397036827
853157391
649577323
87919843
952350059
166474138
425626600
286697930
459783891
394169012
573335440
264013926
892831042
295791572
184454055
870634519
575147020
23075259
165549485
891503117
338408707
329973432
916817243
793070931
230041978
271088242
172485330
24669570
749931096
379778138
961233878
245864905
6366967
746377736
287686323
342874223
677335964
420363949
862902780
629496799
960897349
186953793
723899862
24872424
377513978
109927825
695583715
482369398
444501735
146975567
548814436
340411634
961676105
793472973
385708579
823360658
168824987
173560488
228635201
170368280
106885988
669954904
951544585
98937912
835367084
959324586
167338255
89888645
660785810
537153496
332096230
599395050
976839899
255770057
928741524
220293476
888103097
691786268
256996424
113848067
491110929
42177703
994636752
628082525
762038293
166109013
631101599
303895281
525685613
59219172
463864592
299449053
916353913
989861041
368175383
68051526
727075747
18639117
213447952
694268465
378223631
843012248
80298383
610177577
900986701
877755372
816965312
38488734
240497460
306169481
61641147
152972454
535732505
832113339
271697307
79296643
440320161
5767341
236020218
328009116
177723855
904487062
970511672
291412180
453925809
13607012
960407364
265449120
371952141
756118414
786223600
61386923
75357445
112026428
420043574
455845149
207921951
946340308
309511774
904250653
86540047
34085153
490252107
410760223
601733820
737534216
919063308
116956995
629805532
380047413
525813131
998261562
678691892
44593107
497529221
340734954
529124715
308051741
144227029
240516570
49518683
155514041
258553566
190923465
313099222
607953532
627228332
174664799
828786713
585207423
446426565
962298707
235553384
581209367
71738732
358199954
982526695
723235187
858108511
138638712
757373840
573451183
58994085
964972848
24570356
963056629
762526629
607649967
120081613
699182461
21609541
580055953
916430523
384128019
663384846
670471155
693342284
44420952
727415570
345437166
624603294
747293587
282374253
252216105
565783743
47756296
925225245
386791461
961642544
321672333
734891590
539401365
34255826
724830768
436661970
885777847
224607146
650331220
649330144
824151252
277097124
269518553
64730386
677043781
587198479
132729491
572595828
344996555
982732950
736393395
77632478
453113256
878134073
672569122
467762089
354664708
532505759
22291675
826579865
363433113
909482479
198244647
349714600
829230657
494518845
698851355
423948845
505540434
858332328
456547455
710597621
765936490
617264111
398231893
772194558
264617592
318036718
157040856
930387785
937429636
640140472
338191796
929289100
259623803
633577742
419103620
679539304
841369207
432359430
9100924
171114944
533606251
485455567
625269087
935081597
211053851
313680155
115905268
188517957
449756035
886589289
31061419
182446986
37179721
158127230
621804374
37068503
688164332
965056864
849920185
499333717
249594849
691604744
690799520
599643654
887634399
745638975
400304976
70681152
747344620
355402907
500944062
87096446
257542275
324596746
684198000
779953728
119704594
747274106
862758910
801780406
759103884
959392534
842206627
75561157
585610435
913862347
923835221
179258657
886985890
745689269
221658069
798316503
841315617
267187776
349591231
389889151
901133243
223083442
728322585
612880041
393682787
919244348
983950335
906593919
791548682
77119172
648322534
731971689
574722299
600232811
530568248
332866432
690563319
527953016
378368597
534880690
355521081
824763815
692141874
900912360
56485094
916460698
32279376
393315429
578054621
778848706
711538049
572278531
20077081
704410354
828913762
218016239
682955483
176099693
873103207
396479452
500000404
892699788
449979090
812931630
126259887
35911705
919713992
515082459
232479801
76439547
164472456
656599347
289561497
230140013
573179828
174828363
199914041
626970111
695591539
786521477
870363195
267811926
634933424
1991368
698265772
862759090
207971740
730396272
871738010
679166714
511088173
120770287
688062302
376641862
222724863
833713415
454536506
679379274
869525714
425159382
736807862
855494294
2985173
871794016
653978635
285250399
14661194
353503224
801052819
216854227
814329190
492963923
981597129
128167277
208690468
612282452
876769938
621200218
928524547
697920279
515443653
58622454
371427281
98104809
487042757
988650386
721364306
817266488
426050600
682315160
766018209
572093080
606310578
375711538
499198424
107002658
66271444
558979587
666587868
148057237
622699788
592245969
248185719
77339496
500204416
634246047
105115168
142172952
416857435
936937834
337081640
88835628
826830739
643129295
452740799
724316990
965913628
920478931
514220549
340156460
523903344
10275165
237037017
311745896
927833395
574330360
116207817
991011477
672097924
799776096
40327767
591135520
179173510
132160830
596098704
662903013
17131405
852035628
594440973
459047070
490980964
958482194
159168311
13721465
300102817
878020919
395627309
977147865
66292926
402236145
971438421
585471769
45732587
187928486
861031718
324880818
762675036
245588353
493081857
175423083
215980447
968747550
632749727
166589006
97148659
454503676
447757863
242168203
514720088
867932871
41054781
844581097
712453383
98313553
275740299
109973156
924584418
646322583
816089338
975998991
600223300
588519869
118674854
461553841
637561038
629358255
145082289
375096125
972377907
24792050
214202663
30018598
911831617
837852750
785165283
547956339
223239400
36646190
822538982
496346688
980289544
925529744
146459420
316273796
188125854
814038697
922457563
166889794
979881586
45760908
874042583
693180676
408156907
2315685
186736698
399466031
680799817
473816236
914809866
168146188
657976584
888523119
998863333
738673368
948994490
796307220
736062112
414567739
775047174
170210506
404415419
878804957
445934050
826550327
348821521
737891900
103526986
87144858
107025691
328630284
50523784
402299052
40198715
920893806
748796421
270626295
834568892
63673980
320948301
675209069
969460011
71918864
586841845
9863166
11076187
798667692
923100749
970440262
284401522
777070907
24567858
574459397
158299151
806176695
482187026
550080613
532057448
24505531
12032027
984943760
685192469
87774406
572964869
969046034
681583478
11089718
671095074
865371739
982625689
107347297
926096485
234075051
908358773
494374028
218668925
83978709
172089323
486323837
135769155
888388199
593049183
782816280
921537015
991953442
276186509
387569552
749543406
663633494
151650870
350395997
533666539
58406026
957214813
572368097
430924833
294575631
103406148
172149435
488577761
144314138
853479701
584358127
294923057
932327845
525084446
245654641
724193809
93704503
229427119
272276426
576047704
29183030
653438673
431260424
722455864
306433475
884218351
27146090
927370337
756047134
830588001
25504062
476055912
39239667
500025111
423819124
119790767
784003600
424340076
256509649
817872682
26521814
173722591
526517468
401337067
331133574
276291889
720927115
829553767
465773055
246621957
937519928
230652993
815979899
625298602
493029954
602772516
851860586
174172305
806854106
17910061
942586665
799360008
372613628
712378202
685294625
175643264
401347468
22340373
838007329
558736115
417601503
818187061
583537830
915531591
421104646
736759593
626343374
424037495
879921752
733173915
646774015
242127203
151224406
589657754
51293108
23900986
892306420
60429322
453950795
263983668
504421204
912961461
32721891
503324585
948146291
16136401
957313271
613754687
896091155
896260089
827529798
513334915
69870219
485143435
960236055
430033326
128163543
337465947
57058354
313437060
896304326
640732010
3858941
657211118
455662244
709691429
907360941
574374812
272750930
687063512
185765411
572828949
800201502
357165663
157471775
992139169
415830684
729262696
943134264
634381869
960573532
498049186
235972522
405518167
533429188
699317655
142720444
874651238
842772169
576337037
741133632
941630650
604829882
816153399
175704467
501696763
898336291
90959715
203901429
281808123
439610553
427034291
796747495
768142377
992322126
649668041
915172446
186621075
773596884
947383143
841137916
269946047
23786714
176508332
871402278
476002728
384069442
813750137
428572251
799567701
392989904
955077922
559749733
218952231
227752403
224122408
996860345
447827487
180680273
222941594
298210404
374228116
164796482
44054965
782293093
948711526
296011621
627974601
636062819
5610575
105113605
967489002
158629109
923503842
56933991
992763926
891194400
129054854
55217707
944686785
427280172
456914526
469439506
150799677
353551412
337683374
458965019
408228645
799626003
268340419
676766989
835877563
152712249
118100319
7861040
964795869
697829020
57071234
617166194
759001451
145295122
826123876
117827550
338663841
891011105
325864609
103954480
17845683
429600780
67181894
664302274
431180222
275683027
431409263
29445659
520959741
92384623
819279805
789618719
742652586
747995459
31056881
410668393
881562850
88032392
54529716
934161501
408890269
795503575
662959480
682705709
12908619
376928371
137050780
694409003
204259181
338976743
288807288
144580795
458867233
463460920
429019792
754123521
985071668
537412815
902611583
943568985
250197695
249250296
933257605
588730324
106818490
918421149
223933313
676628361
864630347
410654554
140722311
34113460
269768479
587220573
686358141
343739698
573333838
673207488
487843850
30845251
467435589
71752818
280144091
148961780
521763767
269111489
23678860
491022010
715691816
332278040
132017982
197748579
449975791
662988018
339679075
822738609
172607303
15590972
860569695
529337648
192806260
365859615
894411596
416729646
528920028
844330796
884862422
564381658
333155584
993340
515760998
246950962
257798779
929245888
660693808
710903327
789475774
603143734
450233278
689563796
923759331
350579478
721001689
354031466
556447675
820707395
25861922
962643395
204633617
864505566
470690333
916468409
993712944
745043176
531631814
285088554
825869568
214128446
202735165
296456296
127190766
278668373
635189656
650460405
672238691
708466157
438985190
900305629
879423403
392975308
647661772
724602902
440523487
283336343
739231702
151002089
274946236
987559015
363414471
669093891
639024798
570064463
796529593
953063249
949298821
910389433
541575021
36207420
162508560
650406113
830070492
860207253
430067937
314204978
217029447
681554390
999119002
507283286
574677949
264324490
295629212
14018916
768779610
159524422
208913247
14935694
700454224
339410350
937288907
318931642
699934514
238430942
897687231
618313318
235617725
48499324
890375062
311230060
231610044
707298941
988600487
245714092
376262273
731578236
256011061
877594431
711827995
360709553
362402456
299205941
498957951
318013157
333170682
907923754
632061676
591588086
201712861
836797776
912294482
581671734
702418872
59555053
866298193
983191822
387713036
691972952
536240500
922826292
633736055
128376422
239613259
355639241
916205216
581596896
824803078
665012088
653965842
124503506
752354313
348531966
534820131
114285558
486633140
589998574
814558058
892138558
779899147
230825197
119387261
809535084
53130946
448861878
171241047
999242202
630579190
160487767
664954133
464485641
179050968
541338592
420668667
510119315
282101476
746695958
139993842
615509155
836446876
465093333
648948499
650631257
10880906
540137370
338921211
222710774
572863451
568385944
963456189
678591584
286160350
376641773
426268925
405946470
482369181
171909445
423498904
852058746
673757905
576382582
557659505
530433250
406213571
880141389
405097391
564736332
756532617
96756193
201974628
377770824
795413404
919019056
359938615
623285851
31064879
978064056
645087773
671772338
979880520
671336349
768263586
618629028
570746015
276985423
234022619
761247384
274018855
98416059
845462933
199385992
178433314
915525790
222616828
287356836
854446289
136187518
651448652
161025179
733892075
193396501
973782556
69733669
413923211
521560004
501184067
541096547
884174755
770726619
955255988
634031208
494540741
159076055
565326618
854896044
422831378
692655991
351705980
39628152
72579446
13497352
794555268
548762336
649792075
867173605
488815357
841229486
241397940
162962469
515533084
97968343
221098373
145514977
217501718
710421059
676943169
153029406
934330296
60936469
300010555
677978538
956094399
961849673
938329935
731910351
256241598
400498465
319218388
734396176
93250144
728423804
549944528
320359771
60752616
108151461
683048056
122398825
174458153
689747598
795044770
754967870
903918729
873884730
508754765
710453275
211808523
979067680
185035013
947051193
28556616
969016714
792394539
30163939
22093341
456691640
280440057
175670019
962627515
437606310
380354072
470708970
69097134
447846586
910221555
517710128
801456282
791215205
1122200
633353532
244505682
485581174
915721556
112848723
396080456
110132784
473841565
369398439
852403072
322307447
242648519
873459298
346882737
155693670
84492176
130386773
21060483
603709829
124588185
877521614
36827093
566791258
743887818
838459465
173564052
462213956
552102445
114935119
905568596
825314718
105188255
464301591
220217219
602379400
616354579
691809963
187306150
352267547
352053843
543782998
960809756
49189303
580450647
511004346
25939108
617505818
79738839
82342434
54031421
319446550
258286287
601156041
388811305
939324254
26259813
799403049
909694317
103361375
519206455
53135769
550118614
239398640
710629357
822977651
141259237
710256683
760520612
157976729
342723272
826324699
601582390
676554759
66733724
935537933
8382854
192150144
38316483
971264113
986891762
800040898
213147059
181744859
107734135
331608764
371798272
102321597
539352056
640082072
394742665
677016716
9368705
927991657
382663021
802680617
681725856
84360640
287386670
173263867
557195765
458281737
849131279
592281166
472546318
905964340
953663788
673349415
387772078
851868781
312223500
705140558
635683102
274860220
89517069
550587921
39035989
632217655
545133407
424083453
288146434
360979005
118650908
845532774
464838425
903277747
138382740
818056704
268999051
398254673
572151584
775621691
535254136
371854388
889194947
206571870
213167039
126523144
217312968
105974343
23861998
549908042
959895680
861819002
871451718
185540361
798637955
159162168
381401601
574760826
443494272
954479909
229011351
908261487
803729561
593129588
113321126
208750666
32710649
673885550
39989275
216092404
363878067
765352571
14833734
46366239
333741735
738039413
873980847
779559347
416356324
435726481
763710007
444182690
198779220
891240693
534429197
150506875
794244418
409330096
917441655
33459138
739162280
370009362
319204414
682879683
791215334
686597447
420765733
159472394
902160773
62711600
943727912
635422226
314222213
402509537
17173431
633485287
994265204
238213172
679297963
394562351
131100527
652747733
255760265
468975582
75311624
608309170
343577460
184476070
345991490
517392662
758454063
8773084
257226046
94163549
632953745
37515808
765755856
806881911
10034274
417227058
896570885
220807103
711883301
962922892
938859826
200535018
456051944
242007567
496964497
261868127
698978779
665559159
722026129
45332833
359816090
751850732
982298369
717689441
903128755
551423
279126105
317185759
381605513
218352163
302401758
514740508
524733760
424106455
240382850
796434966
701028068
70677280
264831406
457403781
663799511
483004338
822631029
15423308
135341266
553824635
269516048
562129232
914640229
711936611
427612994
254413137
148794884
84489172
223318732
929447352
901054755
251758337
504042650
908301398
266024713
494236918
792418493
581989025
219525430
10553835
942720381
397066202
520680598
79763084
54017590
206488278
635925921
987629525
834397974
522526321
416802590
312180117
898144916
136189482
590080727
770820413
102968844
562675025
143206768
614598471
210566569
762801645
756725186
700746705
410270344
818300773
250477636
713068580
3702946
882906743
132646183
356590174
330214755
584487072
109092246
113664262
372676531
461377974
664306418
753225049
703170798
169351313
499662022
189003665
742808469
778429350
7026889
945051397
980389390
451389076
537224735
7184519
221993166
252077191
282857338
442658775
32739408
313054537
910062055
901055627
124624596
878356741
510444567
563498159
307704523
958960975
516469855
540688474
953689996
172837915
760497609
603024774
266239778
907159518
270459582
31756868
798731688
453303972
497547800
189050704
941358411
739397554
414461292
606650759
472688351
997139568
378556588
41745737
703017677
662582080
968335085
190929173
300797233
51442990
247117649
347401705
586972379
914248586
392663298
148715912
497157194
438175536
467949666
814527909
832721419
264495866
15197783
919968589
40759503
162286116
95634045
348668539
76485286
749552611
33914741
794700449
580572500
898728043
835110173
531846944
288280191
798402336
988892954
463192821
85508521
911687462
855755445
574139803
960459864
94439002
17941025
496899071
458928851
819893034
5290618
306591281
202292564
267275332
194154167
466124416
514266406
897681905
495601671
662271426
353754484
687683509
620097415
214144973
216091740
655027729
136324361
734068150
931730281
560185924
678104351
444709727
176483792
305592546
34354132
804817494
707626809
418484304
853104415
203168953
362099898
420587744
424703316
204711227
856504425
35783746
726360304
419068761
329451025
908895339
105790553
955969655
721345169
359037821
385466766
288433358
851341439
433994581
557832817
944807678
210762935
640681683
276996183
893419458
98938056
369248758
735145844
524475847
84328612
433883808
448652354
66047122
428984412
773765121
557875759
871736895
587897114
162770125
288563313
194245643
699460935
601362680
750377648
485866153
804263631
831799480
936455024
388537513
147502406
45288685
904454970
356012801
726740777
728875
87491213
632517216
926089939
476298614
488123224
911388936
235577629
148031514
698459781
821514846
473673813
956201323
146679081
695933302
36399152
841935303
417755129
565492289
251254160
597209598
195925761
285138965
360912748
910606649
934171739
823939973
29031301
664856082
54169726
653465483
922279697
849964668
893468509
999403841
587339943
5240320
80221720
9381981
600134173
262283471
127376687
432894150
89812586
264108477
223152320
125793644
477736898
792216822
865174471
300344140
813602070
529411329
580436894
241107330
513318135
111321053
344930875
772416476
90614039
793838598
607640907
902509622
141058847
130252406
879445429
890857698
101043818
897431969
41160057
708075031
429546737
308833302
400808125
897349215
528735346
458717363
276883857
836475977
81933652
47808539
840586334
949564418
107004161
541774094
870648133
913722252
949146326
770078576
451690308
279480087
288156263
240482829
542259949
208016719
722610747
775711466
561724132
627830641
939398459
889580657
848956562
459790612
419103832
500874339
729005742
320654069
506030219
743410297
380364939
964752606
741050566
455831595
891082023
933241502
795559668
203867966
494904820
533532534
59297019
285620214
618787918
947055993
353670937
342452925
395704647
739591871
996332091
346445365
91396836
739937270
279836128
604138360
858673360
206722323
797372952
480547800
401812048
517715776
657585086
944873904
160549788
586505830
20464648
519966620
285262739
824632473
4147283
436237689
199859016
127190487
160841780
604420775
362893969
197251787
756581545
420723338
831586062
113622664
112303071
951130015
570750450
410124681
683435182
230669515
558047830
57310700
407888608
601798890
360286501
82688137
828823394
138634672
428170435
156889210
625033177
810023847
954545932
870966183
252734144
103721564
60618509
122505476
527571961
893793500
460808017
280234557
848093900
459669493
611359062
953497537
689732933
203337083
700962549
143723429
30512422
263166656
471520224
977270462
499776042
796001610
268826998
270494578
943883197
318720065
640866938
357848281
183874168
57900213
936824179
76968286
507876830
80687104
921366064
603967372
258935310
124169493
169783891
841403632
334766317
850558150
447306713
519923131
262149432
6557901
391901030
169841775
362889842
102725800
436208771
38169103
693610871
330525246
759930505
926759034
58746235
581557347
181186440
549579037
11662337
601359364
930544305
280796182
348840940
910200095
197619168
50985610
259648030
367771816
681690818
389683811
635945004
380112838
69322936
464201151
583051397
15378452
160162396
101217430
654027397
757948764
962499007
622759791
616869230
764574010
699109503
723077412
576376014
717386401
102603894
571380913
765410717
499218405
105347268
906540792
337186541
961015726
504643230
405513686
859165201
380488324
697609447
164736202
741274588
626675359
777583215
919743658
249835540
34844822
643872526
384044112
476373063
783469028
927998878
718888012
175415980
714665567
324562047
975327328
856189110
220936135
614651959
478412781
648782544
749305108
760589960
810456119
683084956
183773895
584698137
861101596
293259927
221608322
557706698
894592814
774131994
980498678
296523314
154846640
723069743
639038276
99527375
891517841
774912863
126424489
811984530
841950468
529669702
679657908
789303520
596019228
536713095
557962483
831165954
664817647
576318034
908519724
482814543
653237581
903326225
556450159
281792765
871791562
416725066
952422733
233050959
86570919
893896640
872390168
546809959
360373406
406199506
948171732
675086362
795121477
98435952
561857760
662215073
743127141
151833229
52752546
53564956
697503506
260795352
37791929
101194318
356447062
673813760
708204087
859269936
285415711
825089232
144275357
84778184
897492085
859465255
422838479
607642868
970210707
531468062
514546001
163009846
556914952
889664527
826589899
608586795
909809620
978762026
963445935
614769472
491551184
808775854
799449157
177141938
231849505
707544600
176274553
721560463
391335764
106263457
946503075
114387439
63375526
256435955
396422311
550606232
295255644
177483055
69894372
576192606
549016626
397756631
483381319
314014924
43934815
989684489
468322930
419273731
343990105
31126533
840423794
735953661
670962116
942861915
285225389
991938675
948862711
413749002
804435134
755584764
219245340
314084304
510443175
272402115
993259252
684898153
893617066
238537548
925228657
770053288
669427024
15186179
524353460
306516575
950847546
753386141
923147557
148764888
904707183
218395533
429693718
78131419
559400087
657929753
353839172
279066714
79464001
304407010
281684352
873872239
148811984
187022814
70072505
142910639
230332623
138481394
772924409
946069758
278919435
403296961
902951263
551567569
82946935
790638938
610041657
142177539
29102212
987047383
445813981
702242180
731457895
740116530
786184681
852563519
468178641
803775604
777194939
194725301
951549445
88207134
899003313
652649056
202387181
887689341
494477973
288045758
246501341
1442943
340824198
918636507
697763064
671418870
56402494
512290321
772426509
71409012
598509573
349021498
98286641
452609718
479210268
223899298
176036892
907863363
316174408
586645438
19261868
203206121
110489957
10729975
935599419
903744088
845900969
945955828
227250267
684342349
672492648
730802365
990712122
834834733
844131417
513466304
643227128
569198760
889913167
731426033
4527801
914006923
31137958
689119186
960188118
135958897
584828302
710000931
733222861
450395363
371969746
302163726
378150626
926888912
227870680
527303395
697900392
149206544
353140182
151325078
523835404
920122544
930564319
423195940
746331065
663358660
653536518
51481700
860115607
240746419
280328775
93451219
464295643
886371007
410315933
918463076
550747554
681988618
713674221
517818892
218013329
831745558
892181810
697413999
658630081
947588571
795425302
62066489
556224623
150371570
23214719
60448075
732058723
725840149
622161735
462223035
69869346
801707524
616554462
220910027
570391169
12875622
365800482
297259416
537983394
535049911
441980354
772256308
457673018
369245754
91907460
13893354
559601871
431956947
438387458
28763733
887407640
373134968
907535727
914937983
942980369
198815370
632588704
2510488
820081671
412639900
993720015
59360826
14808847
50088530
113014894
644359972
387454430
149700798
682718418
232667802
231284511
285838540
759056128
39220181
807881403
894296340
73093032
231876922
814776987
935188707
392543009
785237783
203758645
589605383
660869415
284162359
452114721
680053944
81208909
365170464
174436566
345347184
852262192
327773028
302895596
232949785
986243057
367540575
73770729
890077106
74870629
378059553
20907856
288254341
14410747
896459458
468512789
641006863
877285898
99078728
523623650
581209006
604639105
881722245
734520129
726042622
638651197
584538517
595680735
119583072
702746809
842690971
558991192
504952958
545952796
476581405
909431490
242522344
147056062
320863541
84671081
277838112
872921383
720876415
914219559
324039906
989685559
918338654
524247122
886461494
863208523
654699836
752820682
219595372
563171738
521987220
991364635
581970815
472997655
318642860
45300777
12387501
325810856
167225665
561365954
213335401
165370306
70736608
683422654
675083761
96273505
23946676
323264914
723455229
19954984
906101571
741124164
399229236
429265097
19867269
263329251
990496973
707891992
732301503
398975318
118635333
919332593
286199650
858624481
316527833
460536943
493012247
507105775
978614497
168969611
924783702
788260212
97278851
773503897
667115219
890344689
612736553
330423722
851900053
875258934
11805121
580872278
809564302
461426250
177610499
914342255
639826556
564048538
588678688
721165370
472350481
970219914
314315918
541773939
370349770
685411427
318347603
895149333
697803871
854859267
934500492
43466880
887573018
325589767
809754638
730594892
244140628
311391992
542108025
84039436
202633410
744952326
284786323
644922191
411468243
197876547
240819312
618394505
728540495
654161091
680372301
317975428
157310546
535406499
490715495
695696805
827425625
816305273
510723172
994919456
635060827
733132452
51103659
28501237
874234598
66360850
235155119
482701534
301346555
249570618
638897684
427514028
417520710
943095526
707205639
679244076
847556953
567388288
333849172
139139337
316982265
957466566
289275428
540812591
728689797
121163139
853764936
