10000
357985307
257354883
714580494
92969542
413182315
368636123
705756256
777002808
579662720
435701619
866549559
16707191
971942424
453616787
693125846
395666605
607318752
619618648
630009710
566376823
65955924
955257015
312707434
492967830
4958207
871334639
117664351
696482426
404482310
904665324
364402610
917706267
335993392
185795110
12835485
754973312
530165818
995897524
153393135
74722318
288681468
207066383
411416933
511993176
134875634
864747903
17752503
604516139
930580940
596435938
689264892
644797091
279245200
73331886
475357377
683810282
865733066
73169211
992831316
73356384
382787758
388392285
159606774
605409601
666834319
501232438
120157987
504771075
885499185
301919037
33080604
123279028
914139093
779375423
687600971
324886491
970460260
759557299
822442816
770154486
948106633
596193457
6602483
631644094
359778760
471392722
725044802
182851474
974413523
562607591
147271524
109059193
931857589
100510975
301024681
618839616
436475775
24374804
533781985
670952393
621320236
138057124
166988023
380272023
59125041
748608587
455430754
935278411
712282480
373876113
570325753
361640796
828839940
517048089
801853161
27780074
186194277
550809748
250464217
914595353
411845687
271166635
690719338
64588918
360238117
984267101
187845366
298105808
4108606
941491777
683768075
902638451
869730491
507961099
713699662
6839692
670330521
238313696
999663506
635685796
259852942
32793492
779559509
896897661
451559670
347812014
752687898
726777019
172901746
348824914
269220285
514867211
566514377
537867090
499129908
366606706
962527799
520340983
979933179
620977536
317111011
280430744
579104742
697307564
209450423
173363402
173514272
757636427
104070575
230199036
687011928
604268449
11142482
278414947
778819367
462169210
621615807
437352547
488692520
881138893
164756356
910825314
700516413
568948210
439369231
574495641
950049225
813641220
494288821
534226680
62842019
943402797
636140387
978973949
680320345
930684558
277273448
144309749
385624756
144489758
756634742
365303775
836260942
352119655
64873501
587830593
393481253
400128027
577132613
921065712
185135990
527111577
288181502
450560145
44160131
112155983
202558417
165006881
835741325
847326081
548671034
254159795
819666911
624120699
339467915
150662426
339176239
565524706
441679537
712003314
101943968
911980824
331166989
176527794
621150722
31817941
807068637
463325154
672080415
687039550
553969701
757077922
190075591
959345070
324914053
741313274
811040543
650010042
498883677
93904746
360967429
6187966
612969914
339214391
564799359
807135227
436980310
107357135
506924775
791968040
370346382
484491635
143938540
14637651
954214394
88952736
81152255
184680059
720953390
932076198
691791783
82097582
21946047
211854719
403314583
168308650
422641803
268711817
166229848
824292473
110830101
376911670
553430432
721499869
497821126
54960279
974819865
491807368
617841242
999880997
731327717
353265438
634920363
943441861
92788313
476822989
690062479
132771488
811741187
278208816
85873158
672404632
646546166
427352518
149848208
653216192
954294708
223271661
839659930
494870855
610055130
147609420
997673827
632736059
450666051
1137250
34300464
847449295
801497225
21472168
454645049
804492572
55093248
517240214
816523894
213910957
912868725
58071661
790572389
476508736
609741615
626039778
960327464
564328428
454031641
186091946
110910419
521985863
300323495
506009055
16069475
380580576
618613965
210327012
524163712
797712734
496599736
184895415
784925203
608863723
2577961
322141737
231799061
896391742
755389578
90717154
305416334
71067287
419101042
740592808
127757225
232340719
144252984
651059469
915133930
900870822
178386308
714998291
634901116
954697491
90104556
908431072
311493872
982144973
364853723
594846696
913310909
210514184
567377578
512195912
920785170
550797100
916273740
735253449
326311238
434508190
496565716
245275064
712698708
716313911
654796727
630694123
779849836
552143679
561123665
490652581
609637571
113206669
883010933
259332614
783991218
309379848
589339184
94770609
616244082
253949045
683295613
766280494
717814391
507527432
497293615
686578693
554494497
957553202
960663285
840309336
252922753
885290189
318156687
210788655
562734317
934824773
47070390
9858712
606304380
65790976
962288246
894364819
820740447
873841944
848285918
640666492
106381460
502918280
660016425
941521341
147884532
982846425
908616789
840481823
111485745
976398030
413053750
488001325
400810975
497888152
310608027
156791445
150116253
522962889
394064801
619564679
911568696
70433899
556908157
830354611
493331514
863747682
956278746
697105574
172313202
753415048
257696296
39592920
371726752
956693288
944244343
768482593
400756074
858871354
507354770
791947496
890490918
59719295
366955254
576030272
572662139
500904833
377480411
383332887
422754235
395471984
5547898
377114300
882061544
405941290
575549925
224465190
183774880
967485754
363701480
92464856
412953296
143449537
459881317
847320668
907264754
983310973
976236249
424310291
50229757
386688323
205135034
639149151
366737941
25654648
934759703
998264359
971791144
481891318
38071111
180746513
252652560
232262628
22028707
304957845
509694311
786664083
509039477
919137912
474881409
839080294
454611293
748806387
629053366
36554888
606766523
62642992
619891684
562883928
690790964
976525197
40194659
990946293
883061093
815809146
729879116
454647159
494448175
344535980
419377187
286281080
395530925
223334859
333857475
261484059
883371649
867532772
679332175
704732075
8200421
963092259
14441158
161476957
806919921
599651213
803848638
551557899
129804027
744158189
779771808
894898652
650400274
652566339
354773712
132270465
379842500
875325273
953409338
92972025
27119146
809459797
496940254
773496507
17895739
91951210
422718924
134468008
514849844
839196070
980923473
40223252
21729981
398588406
79891492
769434104
27537077
252777654
406843333
59568798
671582693
949930649
113870109
639728174
548711694
52553854
985004905
398853734
720521967
831085785
711300395
986185685
134136223
621101210
452346089
496414729
638849444
752484668
350003049
485269527
976879690
773164989
242426754
272651012
105934025
7086068
713188056
720261441
739165778
300143381
932917385
762148975
616360493
18199584
492183552
757886102
850239101
398328416
223815814
455794206
922354560
835349239
10086740
619070096
600535261
680508451
783992041
820701172
356206290
309012044
973537611
451995500
672808844
2058887
120733656
449577430
430511476
214622734
980834107
467214445
519732057
387870186
456393415
170482745
700663725
10904710
486760977
583605463
401175089
446460649
632838393
833525101
393965788
943343176
676921424
462486053
451367200
770860856
381046066
264165949
977909999
315662061
150879344
700168337
138251789
907492491
350917746
601452298
202297797
711832813
22885376
483128476
342532858
809156392
507174227
217949090
829517174
857667289
728660417
202380146
330324796
642378548
152117031
837332401
201730698
256132476
33637650
303889889
236769513
990265052
227953239
23559550
458086601
883175647
274673114
509726665
327117997
264254724
880507965
564096076
908215149
381093429
808658396
470617676
56096609
504335536
200705920
350809751
195854178
156076344
56349231
259867066
970759876
95297951
382997622
61790010
619645658
37666745
406757812
63351523
605015442
432429537
399958900
677178925
376880241
606113036
678458474
188502516
506117566
346457356
134828008
715876970
177533251
411863713
382265136
466048320
77948033
350852783
226088971
927732229
230001694
872725898
54293413
152521254
789638253
649391668
400736858
614311504
207176113
835895586
957676675
554485980
574406886
662853462
718383027
632390990
128525460
375209893
134835113
142734046
343540408
304438503
405423511
229610480
310233344
899948703
335858751
195310871
865151093
83718271
452955203
442146056
926086163
964449409
951170782
752390370
571116109
342759411
808461522
918097814
135414524
653581658
336841237
165347799
300908902
875868075
336764352
512891442
3528028
82483156
865835050
213507937
782687739
580334387
789872894
179199882
475946030
521426526
684325763
669525120
756658149
503714620
768777156
734072612
185423723
120277385
192216086
636422256
982495116
983599980
767990292
424055584
215830374
647731819
270137437
21106129
783936931
557911300
168863902
234255638
139539148
601048625
289071494
557505908
616321836
554925220
601935740
173099193
451480982
74478883
873301348
396450659
832034888
270578994
342286249
698921677
476902642
422534050
760482277
63603496
687319006
750774222
751432651
849888152
87811471
81595374
486918600
482575652
953597574
383499429
192937821
446929125
855149918
804522843
644962620
798792210
7414907
730468133
599023025
200027071
387199034
816894137
410590994
584190559
995250619
164394596
800834241
676625489
857049000
47036824
494085766
106706271
179797606
392201551
143151301
199064332
134133389
963539373
5574802
340623155
374632715
52847365
419073386
254204487
469344571
853504734
382356728
942872135
640778621
11013555
389491227
60051791
110775117
813376682
66571387
121781236
89359339
835544327
444024351
27014938
802315193
86588295
299586101
81872170
374136385
933629561
644687138
827286043
137965480
895865091
442344249
33177405
740891396
76974964
756897983
397327120
46342253
292305655
692604083
124870388
700083407
796075838
582364111
827741992
943395907
39422976
556913148
115862519
203583270
531321221
625029970
857074423
60896088
209009835
521294490
992147145
246820611
845327345
234313896
148242757
345245370
32542470
3280768
252622157
45623617
247421401
765893980
439403100
281280015
478860517
342236537
449229301
805226733
23431524
933199820
736866922
390699677
324534191
388235403
648943594
984941884
229325421
908563154
108720789
130351027
542603427
338910369
908778874
985470883
456514073
717412933
823700361
653642086
701852134
128621971
561028839
999868472
436681196
57173711
623990638
807856869
191068296
448706428
378361196
749758933
246676507
591442859
549782662
524606213
948570342
740838171
911018388
660530441
215919498
328113209
754679571
16201893
75903586
95723471
562190952
938416733
762469279
692251035
216074329
314998263
294743719
187567539
514193093
159741382
245659411
866372634
705716403
629542794
110866281
276045945
148936669
513938627
241524025
265321224
741010132
3426332
754905370
683376248
643159954
937121606
176650542
642637779
634403263
890072616
779013496
62637073
672647838
211641319
766341639
158292151
25162692
721656276
974692905
403785937
972358871
751059960
689078206
373475379
544440245
707527769
819527004
905846629
882247346
877391089
714275787
771459131
124432066
721630412
180703713
687773963
590112819
107283575
305711990
518852348
154571068
208820126
390161799
233776125
300364370
549245222
458993748
309674931
576824313
343346544
619577747
553040266
630341151
947626181
605473134
729101131
259025205
424625165
223160766
548160320
251300566
307891205
782471352
957188150
679692362
627120986
358519332
743981643
261187192
158745311
662199091
505692201
730646612
175067983
77716908
297662371
213058085
366343257
131464362
941662215
956252481
299642747
823152703
965981703
410745054
861404243
404929577
974919064
456237715
733803531
81044632
227659
353954939
802776893
434541041
200541049
840802666
19635479
454005521
222670744
165408345
958591811
158655094
914804950
376731594
582606985
632807364
395583218
906566505
938851120
103518668
479153911
122311552
297586262
393297296
494204948
362951843
867686461
796418309
616458201
275912669
953955798
125811967
900381568
908569521
451319245
653817703
518987666
798266103
139645990
495570113
911679559
571582819
368661999
354929016
254708162
997939596
655507684
260857392
730476759
923435221
215127984
534278601
991403738
883787689
220734951
344503653
773389468
725786263
773504028
75635184
730169545
48840104
467428538
42761046
915025238
433959694
131154419
432542338
399519596
882513160
204684236
635885398
885548727
988652249
29206607
876469820
813923642
553152370
493436192
849093424
311606279
945514955
191010961
179883554
860605664
506143174
91043387
271581266
790358337
918169561
982755288
812001959
977648332
689415081
618383475
432734075
179966488
558717041
295478862
87205921
477213114
765294932
695579281
436126407
78198110
364497215
721206855
378321717
737659607
67054738
915399227
605939716
270856747
881405490
781339039
828758206
937099292
145890480
563137391
135341640
763570011
136821676
428126176
142146165
646591989
916913454
164315564
740318486
174058191
94953330
37397690
128569657
210277663
925274659
489530504
30223438
312840628
233400872
351964078
275755036
320245525
190123327
28085609
328191587
628855745
351426019
791473146
156546945
384036669
168207383
760815243
619333518
866494330
950133468
923041411
357284277
583339650
258372740
683571365
967833380
397312935
286431229
105720887
762811117
685250870
628256261
430115364
683702759
689359588
166929649
215958996
718321039
320874613
657472771
350499036
406652865
561802619
585936288
409978475
304750184
720045301
288365615
273049816
665228879
280123441
298552473
172324369
841257244
803141438
401759861
543704077
41222931
5548853
955395517
123856190
12800757
200369067
936201709
847205652
874553943
137593251
978738446
697583941
811781350
214187044
9549763
963161299
713763605
733412552
1891948
664925812
254750292
565023589
895945713
718953922
901912665
346213864
985945430
546949301
794935635
842636982
76276593
343984122
111170221
952722295
397398933
782149639
624135567
494132717
716643939
136649222
37073373
888759120
715709126
835394901
131357373
435283105
534108500
331725052
510938578
611476620
633127316
810065899
146037799
963941951
52489712
57726181
301912809
539586336
272473358
370385128
312519811
842145952
289801464
26110015
540911985
21989445
95622564
605144573
192326143
356810771
900804271
818019424
852313533
613612620
18540272
302175586
603036945
518514599
471415035
150698297
232310291
437210887
686121994
962041399
281675114
672638792
651126185
824837835
480221700
892504808
830546080
286782177
505983733
379506772
483785577
652510624
245959372
435644511
481292221
221924360
93363340
820171333
770852258
933884130
283607278
776630131
201142209
328844054
351940636
336363463
744940065
797131257
332560758
255892772
234180359
559060645
700009469
848318546
747804480
345166779
450507285
550606202
31449597
601552893
995039505
988272164
712741506
326940028
127950707
320164264
848584061
171746198
413167337
942418462
927113438
352739528
826991395
189840491
193507082
854726320
713480934
207420825
572302774
398890716
461701385
443701672
596324005
186716442
649639324
271886658
731114127
604509505
780647488
915582545
625953599
168402307
450603798
547827570
414473066
854176730
231862974
797213512
31137227
520548544
475165288
484633481
986857234
312796462
60063237
659709451
763520140
753164271
305099607
806111344
177244988
665138883
968725289
163044655
83031459
183729356
64235264
268161826
725528253
34777482
29127086
632972928
612476787
430246296
843766092
396830431
136853132
291909095
146442917
111806447
718303671
960265221
551155099
607532288
347646092
460631880
495610756
49879608
35254256
134182799
97004306
771519945
44445145
259943159
876657039
73742987
737002140
741570492
445453627
542987353
473415974
187234381
538506606
402768858
124512750
149934975
855998910
725515800
21199862
202031991
829758436
795630032
71081904
700064762
584690574
243229845
88533519
758223656
818803836
598808376
340417129
735747128
72650106
638034522
911397859
841553746
363386484
578641644
600455596
567060166
429380917
228252395
900512947
178785951
173740982
774040770
865964346
425732209
453174459
866778689
332958161
963369605
875492461
476125830
517447978
924410764
15068940
86904272
623856247
466296273
207651342
884505187
636949463
581095876
247303599
560463037
527720818
105423392
562854731
354393654
164326597
769602854
418530667
390189279
999726615
582309381
81515854
118926378
997839481
634364966
856074858
998034685
307656674
927997876
983269
217054281
885100817
339250881
570576289
270276538
794271092
71297191
799034911
762066507
766434507
571310514
69958680
128909645
877524498
236478028
859374550
337580989
475093733
261179617
920866983
777994316
517724434
928781708
142647632
906011399
170488212
121593202
690733190
164198982
863571160
353248481
696444405
898417427
5187832
310233409
450892384
928111004
2354588
355813534
540823524
526035603
407736572
508047769
501005822
83083595
946941176
706718232
605827337
253185190
348440942
714808175
16887480
615908503
718086689
510031478
78437578
442687250
886990098
694455800
371727441
324741665
362867823
94799062
254981866
280359676
777258463
260697021
310689659
254968414
638839071
712370166
130405846
829744662
250541316
420547133
172275144
40111469
884762085
916841824
987884976
463781904
639207670
130928224
500555065
99042465
61921634
694522407
97568021
855848257
126532080
546383008
396109895
366741625
43893194
434951281
719180096
113129750
646418093
695959974
346401020
437569554
582496542
927033288
912962735
993353718
458798938
930295624
469986091
274455007
150105437
496254003
313033695
216884458
855781680
694836186
876966633
230241702
636868798
301003189
874171196
24537755
337129984
308301581
280192978
242502708
999898813
557913107
142963515
458780124
315800110
115136077
276585002
661101900
924259892
41724864
41680678
613203016
226511300
826690644
103151095
218269453
818715820
290651212
602894551
758801635
378309827
754335401
791263090
607831148
210203020
970265955
568273434
677949340
594100386
284034374
755065664
822034095
499531038
689459926
403087764
422011085
929867345
752927729
447174891
74650615
440409558
597817094
849518114
23244146
915021856
860804635
652912103
713507528
563723103
867431921
698991912
720329560
883354042
255041382
790278482
293870386
132712283
710863324
487101754
794850024
616196943
952621375
232359604
834730203
916476192
302527913
962637375
859058197
390606025
491241215
299322231
612231226
423213479
171904725
533380765
995815805
970131435
234854160
36427997
762123645
169671127
814519408
472543839
619924418
620315925
335338329
222276909
541220988
623344475
844064197
129748658
116835541
21131919
798734426
480362010
674972424
185021041
726542750
219982695
382822387
458095166
507626959
9581887
882002154
813206443
574069201
539926754
908013267
85046026
369997081
794564089
195265361
935101814
902852791
113423259
311390372
356441653
818716630
857758883
345449154
482195283
396587919
128519561
624397311
382750017
972036714
901293646
720794354
771269891
304706029
9705426
898716278
566664259
158179321
670396315
524250953
567053707
552711822
458373390
624035121
41246784
543041985
661989368
903200453
107872390
847070920
278306460
929968844
337994209
635987135
700847573
743973282
936494261
88829165
803106919
720740559
644907138
259684415
822330628
434416068
600423248
128835136
627337231
998098199
450223634
255307812
54731130
591713079
74581520
406167208
998827256
908080614
805282991
104486520
237793513
717384138
477381424
717050740
363065699
332383450
837096078
590462699
285948464
656095902
757760825
534291073
733410175
178287244
512261295
451859180
222282253
358479527
569412182
631062414
820372879
569248762
842788233
967696504
826834621
554376693
666979718
998521899
141313702
988826807
847019254
618121778
221526677
842836856
229226438
122100152
77018582
945154484
162270735
413489546
770139676
766072741
877844402
321355900
768923388
49982976
86544494
232586867
27220200
677822015
729669233
617495469
380727481
679060008
451268176
993398447
98888886
550078494
17729764
600762205
551543434
821877728
330258359
386486964
275914451
538053235
846660910
706829909
254560969
310565711
911053659
185938183
94620739
29148553
449124302
522360947
870764591
427980841
920870431
858004381
991957805
641351947
270108902
928354336
536117058
462406823
345034155
506697383
643282980
583456261
439951639
356932066
296742328
46866655
748316412
605210967
472982834
115025938
205864923
291865132
467067703
469592859
908787456
954002574
781206162
201367828
405250929
826283652
75662532
420924657
147828752
755041802
554083801
883618708
525085509
85741599
522525017
336470643
999158104
238455306
179158514
754260144
543940274
806044166
60909731
932959545
41073109
433748988
527255052
423459267
2643054
669717757
608535081
912553840
366462279
964552488
395507873
715551615
668426818
163497184
418919218
631346313
317674029
409743708
293306997
103118372
859593178
344469628
721944716
822447328
837137234
293310308
735237507
676986910
103543893
27017124
503713757
131128981
737876757
332378008
329341846
28063649
281946234
48027847
881175998
616946155
364298625
479481251
210248633
898836235
964358151
37679436
195679155
261701055
792035406
391488691
64233470
314047290
644407140
534823827
597232089
357279222
396269540
79532275
124268310
935407170
39224579
94202644
990736533
315827890
494232152
791973832
597474599
263003660
602508958
869959305
774035326
636282525
155083858
966621733
568152934
206115026
70873407
376166208
156830525
223486241
2432876
160652046
499276915
675707198
961333661
48574442
73858250
784630756
178705152
275755172
913873699
854936375
276602473
318371974
779457072
32047574
126423775
652539198
882302199
884977754
601214948
453141357
139574555
750755210
916937986
141735614
358658149
347020839
64503830
295293625
423103736
777511718
521240243
541053074
430278126
93897033
857737379
754090106
703520419
565058245
526609612
279282217
895937235
684600214
770793489
169133772
162413252
795301800
52658969
394218478
578051344
445269748
116130871
52228290
308413145
250811541
982763066
251125164
145876786
699291660
881001462
741622283
18644653
834033514
99303172
719120796
661627778
442419019
234935109
665320533
383851860
184875023
188828987
352327035
866054832
694466981
184817861
140796444
529591284
27432701
390740077
778596344
515749745
447692282
830990198
822917544
846811614
520842449
214251675
754974673
74135673
11231793
939157356
649521094
793066446
857503847
119824091
479390070
262025957
806310450
611904423
133244626
95869626
530486090
904120636
406342008
447657317
92923212
702732066
996823253
773728262
455048454
374863971
620512205
645065122
5877247
169430768
82936254
546387243
602615763
259505997
752312042
989521556
278240220
47561097
261480049
603258923
903258108
829558545
897212939
245677142
798255640
194541271
241110243
261913465
601027927
710446502
980098423
673874610
205801021
868554059
40777388
72125734
100430378
959062206
221164123
10943448
270163819
56104631
272319754
147136993
874572484
504358580
785909876
728835543
202483600
988905908
104644462
261164361
740459828
340457918
746942782
959244650
89415577
654592592
191903123
653500887
648230845
643567540
459166553
965115459
543139681
214653347
773802847
240814353
486397875
813032510
859679130
393798221
327125598
558716406
942415434
59144217
723452990
440393304
55649194
386090662
455223090
76313143
565235558
170689801
629195953
217899452
120393934
935437648
278497224
797347338
768375237
616899331
601392000
343858861
884921160
338490210
124101738
471011695
227130569
480168003
138820979
577897113
153600620
537853076
795092654
253474707
984257049
300252888
696048553
248163069
977766190
718664874
201034221
325323386
851897881
281441705
792513998
967332872
356368155
183253734
722927253
997533714
174178633
631528019
390908461
654872790
694641167
810886382
407475419
759706779
276008020
913017105
187889694
968274690
281944917
276748037
930021617
195468309
30360733
702673549
762102854
784936191
367670076
366280043
306386625
980712409
207985959
606829612
668899839
429061772
465604431
852491012
706296324
188247035
799914880
54654817
679980216
991422245
653061692
147209230
478524040
186146413
274302263
1080041
482444127
242570341
416992310
49581149
708045172
627067524
778171058
369610778
939225462
903241304
919694104
277556278
928458002
780623929
374041727
507760709
605192997
996414802
451813140
144270817
692706032
139912412
224295650
270561874
654850474
114168462
103146911
678613771
250101881
313058595
707070671
578728551
167410718
3672569
728984001
365288286
490239945
950162117
562188767
381460797
706437489
456045684
345496675
513862939
759574460
705801492
4128846
594829995
445131930
524967016
485646769
421796459
396794439
581589082
915517395
609476720
946020338
190436716
295942142
897742642
550736684
75970023
394181537
565351586
108880967
708825328
868331572
482657495
615249877
857179565
988871295
351593775
574852953
941301364
488596419
312169296
340705337
493500884
165649507
571892846
662177711
440733042
91399568
493841788
805907489
168745093
333692744
192307858
946164793
657619792
931770292
169156248
819244056
922009519
492533774
619777084
168604535
744157146
374705136
863870881
819762244
35779977
961681334
249690556
66044745
465619398
946336541
869684029
543036433
500718882
233689791
203416711
631270311
745134734
54907581
439622856
391238404
225871331
129958024
810233846
338847306
231319425
209714329
273864125
72515252
992385464
70985233
904209593
536696966
193866648
226923542
288218787
74768774
11910035
454663534
659027545
738288673
296700724
921588785
211381621
840505497
646362976
151744345
660587997
989355806
698138552
367513353
589704570
948188507
105078603
709384221
487847943
743419512
383424688
111971156
409377939
952140412
129147754
336597085
602261359
767312919
167375243
329534470
852759019
224157450
982359142
502861545
716229614
885294759
783594753
414582707
704337105
585612881
913487556
689109905
169889752
994370829
782421679
766403581
519536547
997771306
158660833
703732220
922882076
338613529
337543659
275094890
531889428
326566876
900794834
195867361
719410541
409162952
89554524
653810
856529944
941818747
449137059
670800242
217988118
500080194
499719437
566080189
648036450
14305495
137628146
240750789
379569045
969260800
636136969
665067454
959769856
6899137
430787470
466830380
374364409
889727925
123468986
382099273
816107657
788306819
323101484
684494462
440019924
412677403
418268455
938129201
750909393
505721426
875445019
6622821
960721864
603118162
179881856
231276909
577740897
715087806
788820805
892869401
337582852
97686233
447316383
575849893
124968243
98427685
241177543
298396947
80976241
908644553
853988980
450758770
114628624
868824455
985628892
141602228
338941043
79318774
81135212
840363531
114649685
571481528
93203143
922708289
774282697
36291355
658766879
122539497
777453962
619427875
577209223
120387579
31937750
694710465
337622656
405411974
987197267
282337373
22432803
163272459
144951972
243564780
872514454
506823706
746484636
608242292
790128319
620420679
435254696
409066628
2185818
19796097
701676805
254524766
692562239
395859115
256141324
537327538
332580066
328736289
50009909
123149998
393152428
237034180
937390157
291668243
46405281
768451052
265071896
658146295
554931887
377393118
105435561
957298652
197483148
592508424
264760122
904939102
862108126
83398006
551135554
313778994
186534028
292465242
643879135
872500885
201033937
309959709
734544713
474722977
301496127
967823746
269359037
881653280
886125847
767004628
500345430
351564112
528573447
508803797
458268227
686012235
813860802
809885654
836383262
154680760
567120616
448248238
555408564
180277868
173178768
959186419
692179540
856635669
213608854
728865787
727675911
376748932
406868467
109493946
988588943
325448177
951446597
82758215
401576218
703694259
772147995
320194681
331757506
932551897
181128575
241297738
879806957
136905261
269820466
843379099
192918036
391892380
2221953
782875683
222794988
885930959
30220267
941589135
168586569
54407942
413064417
661831774
385670234
471337519
820227516
700836509
291480426
64426846
248679217
16944803
31816478
346629563
828652008
276033305
259094317
789269455
96821379
672898912
492118646
988248255
786607922
12370423
849155073
455773197
81698232
544827232
384172447
492667659
487489420
282772395
114485205
727802728
792493590
211366287
123322662
172651667
665493278
839997412
233076329
15338026
33597039
223937979
43457550
51708531
405160877
29974551
660240036
167403062
926564505
765823942
12886959
325595550
895553583
99866375
974972345
537322364
406079399
986186640
887598006
925088378
892730956
737060806
411139404
412031235
107623728
718936346
524098713
577662203
411767366
423186775
640791633
391890679
974947441
248730074
42057812
247395694
564966174
642901624
360043188
771610859
150901247
765456902
767283425
376123440
194521361
6499024
562763137
696603580
152795150
237975539
160215245
620128998
790043097
329196210
8480529
843254014
441193682
690946782
750117209
795855865
879010530
361219741
613241160
800082661
519367323
465855623
469706958
671712958
845502116
111613496
174816364
473991664
365702533
857192354
987706871
77877791
713941474
55633980
924476986
197655690
914257454
602482927
437428041
692723315
330107164
444355471
627434890
618712647
638300741
986871500
397093439
784590078
676728670
930198415
80399623
109466198
880945884
871063445
812907142
690642310
886130260
184652821
963766999
634447651
975079514
516200362
883224602
475804068
304531656
880073371
365841205
521992866
664610613
492638831
346309690
89545905
267213585
127677857
816996825
611365313
438139460
647844980
634554220
574781533
750966161
811434529
155135127
865847406
988099381
793005873
859762689
578186256
570011491
3559751
473380143
131856894
23651899
185766955
735497471
150694121
511699281
379624728
176582935
893457381
562603949
632488480
280764418
523396460
369863908
412288065
935559050
545270431
478217186
427307327
706711977
200976754
172246306
578582698
927617115
128998178
200131822
933757064
726887049
241387447
356691978
746044776
995972305
305181471
590423727
507866725
542911898
431320002
753573944
653367406
288416125
768507183
245144324
69822192
106982372
600130876
501236735
640671722
242179205
313088672
389724597
677361009
866017655
831619899
169892647
853531622
243287783
872745104
220087451
780502107
751091569
588366585
413629700
394592545
785544514
11488851
473914972
308355755
158785590
449215103
694441870
898358891
146644811
589894408
117581677
94794951
153182337
72942340
904901398
211458738
287108520
266425903
70624483
413789111
33876034
487378690
833343611
254818758
96699457
990401210
907873924
326590980
93641656
906058486
855552799
648508409
896516304
898756338
195533704
349422631
551518490
821677962
273445405
687391925
810463220
746784833
941784153
964683347
624541463
220545267
775609219
276790905
972335310
998693403
623278142
302281621
699784256
222204842
407969536
596043962
362787311
887132951
672077064
63745088
697010011
868808610
273571081
650349043
283086018
981746811
441636811
197131344
685351869
641029575
807643888
688562166
80566919
156177869
511473641
552368634
993579815
411013744
799943834
369920852
904459466
726048057
111969357
376910618
763880866
772196549
750796142
406943508
859239857
680371642
190040863
39763501
649003796
87368067
443981527
855431417
246891827
224668754
249088710
485914627
276016684
577262733
916212432
621216770
853300088
612986388
568597210
421266132
360325063
213518255
872756965
498702174
51194664
835256856
853156540
339754742
315049357
494271322
801683370
858216512
683125862
553905338
700355755
538138621
763494714
707268644
95579207
80303883
887023708
595622915
892235072
395488878
183852491
58113727
325742196
168825757
741237185
747408974
915695949
812908054
303456292
232467529
846159488
123817017
667286959
849384304
807997561
439298391
737214638
383527818
998965978
92240381
495332220
935333884
223367977
61012175
741509622
329049130
458011477
636161325
731046031
664894993
188860077
777012186
85872885
851606528
548097175
232769502
343616551
895296928
499396620
158757156
526323478
111976137
30076535
577874193
925241438
125365351
989227384
536229504
129929979
973151300
13753759
725026174
676141987
279674674
654469258
402654665
462078266
495867651
476175625
556939710
45424938
284766258
661139240
195135984
530333354
712758809
164490242
141657942
953074175
875518117
805453231
239118679
472470955
414103114
803834063
236969484
268599642
819794590
804566152
904090238
765962956
611133809
232310180
183209562
826913558
410941695
853439150
73259201
662232706
43495983
949970581
978087584
337406785
357222275
22662978
728082520
227467847
858532200
226144848
847572064
864800829
940858242
581063656
700045872
611298681
122246599
693846014
240475704
556893276
780922915
668237917
890376425
678004879
437032457
519739197
442705238
119256175
959761689
532417001
723635953
837560869
696091242
592451115
622129419
564468772
19872792
132804397
59844572
463457172
171805388
894242427
808389957
239352516
355553967
217077629
944209389
877460905
904800177
123346635
214910721
777149678
932682200
23903438
162230721
929200412
535092103
303719185
169105117
835178259
570850317
683132330
840575749
44265008
89413295
675151637
85932569
194456205
335145254
543785308
509889523
764641529
528682718
566120257
480380663
365939409
706414974
370383218
504464244
730142464
141954109
919272633
991820714
600395257
946935540
956472312
386198129
674465853
379913598
410987645
929364925
29892943
679719327
748447594
649810546
17531709
894616495
474617526
12296765
24566339
308171971
97500086
662545291
574343248
741312837
164500658
948556223
326087127
242659518
207376097
829401645
525985513
466861402
871145265
994786130
571987680
669473339
890035940
954925237
331603500
746630270
413579168
539690474
132353844
618608268
177049276
826034017
697226112
431712386
974709523
462991381
23126005
692227494
446117030
534579417
90551921
182132182
765303165
137912346
663845574
304861897
748654675
908522246
468664532
155001573
407566109
675333736
183271006
882870058
948776216
745200425
755892135
828015028
560596136
459161482
616289404
951951279
608295789
2482690
411168023
663936092
528062583
627804754
349655540
296539393
604510841
680482670
484847887
423665208
279073880
893834111
245593434
58030999
347041310
78629886
306603905
308313313
282132291
996117211
487786425
607760262
986581826
561952090
493517060
740690245
688229608
709801086
158724937
137065008
191768765
216375282
593629805
147965516
875226805
126762370
851129152
227349630
913191641
60450563
480793593
304315981
46785916
63032638
711561162
328983210
748810356
329328499
882248657
84654635
77939056
283234913
676416965
91402659
118942082
475330546
112308796
808713761
595700804
343971629
421994251
532592650
999015290
629478150
11952525
42789153
645970256
683716425
77231028
495752378
868783695
920567990
373263626
292695133
554987437
988403560
786759842
13203645
760437941
709543995
745651371
713666022
43245073
297833683
601527220
699247324
637073600
946319131
151394419
623826489
545994206
730658405
494783003
462311895
919784628
625033724
801934333
599817148
90562000
740978638
706162079
471999831
227032532
801092713
921036003
963918232
951184366
888910659
949473421
304006276
743089735
858816572
851706058
117690716
766510760
841108042
868726722
389744322
115346196
418780983
158124567
635148444
397147255
435564826
944300274
726303900
198096766
725712150
38884514
793259585
62078106
931388069
217446713
475989731
113490851
34850011
20843436
689472792
578931977
70750070
59863618
630732889
947049215
198832360
529167232
634996687
87704629
287041093
335491147
865761570
193467947
905803437
67617445
732751520
602896474
272961596
419090891
933884904
574040378
906107919
993505180
497682399
9658141
670141999
608600421
995551578
915361072
273432075
245573587
157459346
958285244
213955450
324272551
540662765
833835906
354349310
421176392
374410919
306500463
611982698
546457694
768053829
845917344
149965577
537312231
488396618
498681034
777318410
955411206
966332032
679497365
160599674
45083260
680904756
941563219
656905772
934406854
757876144
909799066
935237989
953700048
436224312
724146873
778002628
11773460
823008173
624603138
378283489
560332680
113859065
982825871
415225864
101189011
595097495
383518827
321460611
278702521
201655332
73371312
873923826
495912235
664104726
480364789
982689901
268549879
785630432
801016272
970065588
496083526
146519464
408477834
718153998
807144896
836218989
410458534
767705634
714996237
499040636
661929480
305576280
165198170
729751244
158401429
405684112
200850478
228072225
656757797
872153503
18143630
518687513
146920457
250676023
852973304
752796077
749297489
814380365
787105118
792022115
561966993
574000798
201141425
852998663
639192618
875601402
286093492
433855957
317025287
843363945
666838440
198779790
939506469
563060215
24247511
212738406
29684848
565347690
199881799
86916960
247847388
365783589
421628153
756146074
225347487
355613511
148814966
866270905
733897347
653242694
649705921
715725759
865769158
986517585
56989809
362044231
95538860
248809789
185536837
814068798
188892810
109453983
39279355
708308940
275617470
295643922
238984891
717785158
243131767
165639439
99684187
75325517
712929184
526065228
749734624
864385516
181544078
536973936
614910050
335269358
125501608
544736266
18087081
628567590
721004961
876198369
727082528
799758112
32574589
255142688
306669334
933629608
118414186
338741163
260859915
580491101
649238615
529431997
144105295
755687218
173589032
564899878
243680873
922216844
696381137
585162600
268849097
730981011
390747284
526817504
30428515
127361492
112873859
383815849
73492145
540349473
155369175
382746224
913452756
293375013
286671969
615581972
147916085
420879362
370942320
222929444
805420716
643498671
67426374
581432979
750761258
696713651
713666943
30149457
446418608
450459125
961964575
25258617
607440659
233383832
182096364
977670467
315885617
618150299
746222673
432987903
734343027
695288799
512075825
859475513
302151135
666500875
549208652
881583286
112347262
88486397
458428794
510640361
389219744
385753765
480325756
792656361
32020844
96995708
108682512
940575802
506714197
826880327
96768130
807012974
515513122
402631880
523006427
551696794
274591393
777284948
843282085
848415385
528721428
539970607
760941388
566274441
128911236
556456695
643128544
91381362
225400154
520714288
553868236
483986380
614766446
92372869
214127264
535655812
78853337
287056151
803871282
983567420
675529547
230962165
97940568
72386244
623994699
105474333
547376379
92558153
799512851
156583456
654724994
590573298
200581248
435541107
233951028
750685758
861939375
830814003
76402478
16586467
923779313
168166797
386663627
676983673
636996197
673494891
786370298
781108499
198320521
949685363
956647117
533865095
284343256
717074606
50734314
619629159
955262634
371705260
467813137
485212051
332008400
674641362
317051875
913220195
152379048
530837076
194209133
124836050
617258442
646364596
67155023
201593483
847321465
634644364
862450330
136977646
25421096
979604509
428541189
587109
170428117
398279741
345016868
539362518
757262745
878640402
811373982
672983246
787348005
502732334
109611251
264950150
151674390
590771949
211167668
835503153
141226301
322954951
470058349
654382390
103732782
633204422
632500094
648602383
244973705
393777969
86931392
309983271
386487507
928846840
193311289
665246793
646730272
429880873
928260662
186510275
469385720
381568112
823587891
407713328
969035963
168476600
694656988
9485994
470924921
861230392
784446553
912716220
125390546
177723289
849841668
914566109
377408520
683947773
356568779
994763607
446429294
891067548
217738638
548444005
267800283
494799951
870812984
483444340
151075955
807755616
125618716
88284899
222502051
983101313
819635206
526584310
370196601
245554027
804437083
343206383
635739843
208902281
671197184
828665279
240543575
776283090
736274878
346590453
604409586
667473207
158575303
265039980
789202675
780630106
954351712
878481285
437443119
826146095
328333169
794356985
915171997
817131390
654969626
171470207
376932457
392684273
124418671
101925356
269407170
826721904
307837191
724113827
278052503
313955019
190190056
635565209
523085147
645796046
873128770
391549147
659016999
813321428
956089448
228991252
724175790
99016403
357974704
699222933
879337655
789457542
416746249
888796694
300974465
483328168
223713449
524139478
263116871
295724942
841651311
488753591
50658551
508088891
588574425
869380060
277996264
226470264
282874182
697080759
509712535
908960767
889557720
68923694
778330652
420052871
853181958
85648054
553652126
289090384
916129255
303323896
737017881
491403794
988485736
285871045
979128084
728133276
380516898
890086308
585826058
821526193
10115353
362734966
652950864
334487880
159670615
82126857
234740730
839395816
26249465
543112178
617517518
808155227
84153579
304880418
70428654
273764041
389148510
966083366
90956528
407613727
145145526
702568943
68929819
71766232
485500263
213750219
420319572
46731174
409664582
181051713
640722407
57594157
576629735
647651973
596816653
97581961
452393364
737229475
791666028
483436611
114949015
271200203
45325538
379635595
24052349
515065971
720146499
844995348
131570202
280206805
785810908
759287780
17668348
877735919
764708462
313048141
274717249
746205239
423563727
638108562
93924111
791011588
732563663
691773736
948510917
576475904
730463689
992088502
978447717
961710407
191311664
622734937
418774332
313506794
110484987
477227727
829968619
578439355
929787488
380138998
239983651
872841195
902214247
975704204
70119035
141276615
127549231
561526041
762021841
393106098
544912515
878563657
64296034
391430870
459942801
664610638
488648595
283784933
340456217
320540655
887256413
409754780
493224126
607055823
126239658
851969107
598838289
662793795
846128350
183513318
699330048
691391995
198342357
985304314
201692413
329344359
97893661
973013621
69352456
894269609
318301087
378278089
935645925
613317742
135539644
89885208
586336328
257005914
168244901
656246108
473053422
666526926
399149460
627020928
387644472
304698283
733780322
960767710
772382672
738855982
318535633
339895460
750571436
974504308
306660335
117506414
200705356
322850682
661325208
753371185
785349100
946880156
508796706
911523414
349917360
856160644
959854899
54908492
910064953
205292728
910243286
851834212
139093849
995725035
12305470
303569564
209011444
347693334
331587018
509352862
134951664
454195771
371591977
771189589
888460006
738266649
688919134
67452160
124837479
825274208
258651497
768013650
153776887
259220331
686177168
221519707
540779513
520449513
856333427
831580075
636408252
593406417
971499770
141352987
542353844
234034679
207610051
67235710
199672595
410458197
746174942
237977513
474322531
844398093
749970524
556389849
526895945
953139774
733224589
148955071
17819124
744247066
531834005
400143965
411864840
516045059
152496253
261228905
588885544
69153428
535500626
657557276
175203756
328168266
276721902
473053571
794411228
525579882
614658563
413561338
615830629
609215111
91882856
439903292
330308029
587483407
425391799
932404539
14957062
776847134
664817029
137486408
83260990
376180101
774675413
134872961
27714908
940981685
325008316
405592896
102127119
808698012
163622920
292089005
444237810
797167201
626972257
49260804
503163615
650422221
654814546
468598790
951917189
639269076
13684654
545118555
798192576
959366571
353635824
890998386
81851605
217564123
890234944
440967898
906586881
488434074
643291980
927444469
101782526
902698363
888968593
91754828
755466285
990126703
118061107
481933019
431477829
539064263
173911777
453190770
650778518
635293226
745251799
159605358
355553452
322860586
1033940
958190031
142080652
634490974
419280594
531773535
955021227
772143152
290865413
788722700
714241470
333330326
592375367
221718411
502294039
836124018
967525704
200383618
184673997
366852212
808111332
728399739
332338894
961646504
123529870
368787816
739853682
838598697
362648191
479677101
165411625
751247589
705288860
764101972
508633813
461192257
780081920
982121513
103555635
876969945
921134420
220860742
728202471
323208519
547977669
351264732
121385594
795868129
211532828
348726384
620794249
292682428
415950219
932136432
72681651
50571179
953399445
494436818
349898421
271262532
969886616
320012067
818929316
482640537
381924190
538777403
522810851
656644385
94635409
576693005
450630838
194659908
677454316
30405943
461536873
960360174
815045707
48088614
616112305
25003097
17055324
596253879
111131425
900800824
147350496
456898000
524658270
910763079
698561269
171856488
637980661
719759801
220816371
675424539
245536359
848294070
827365223
33993933
823372105
482632722
871162343
993843991
602372105
263417550
47828105
360564258
410172353
894392268
422743299
509838622
401839889
102213589
953179487
476626233
344926524
380890794
503332836
951538814
681143878
387483832
885561617
708357290
935199860
271691099
440707481
470151775
512463010
243892928
205487535
888428314
812049378
377820969
718334315
391424962
395019004
483999905
240101196
93589827
486364274
101616461
600233228
245817329
580608405
499656303
325894165
274666618
534178451
90767003
589179768
52105339
742399297
602189795
362240260
314716930
654607935
854383733
528869062
999124585
721367957
163992493
826181207
37698324
959475301
758621855
447444836
142320508
159988636
383172149
807647225
717991413
340270425
324250715
351611168
217163764
450361719
826250357
516734921
131923352
791553103
26945547
539935054
749017130
662885744
565920351
4266541
79482921
834416424
390854961
157639620
851734822
767973171
849566791
893890115
258447381
141383088
161400866
224252878
834908673
716304622
856692848
726047781
116036876
555122514
615941816
33744283
221211861
492758620
89251277
987401836
91188631
481111795
979276278
381418470
703010755
361181819
64904405
156690135
308867951
773562508
649188893
929325601
500751470
697902188
347430325
700297242
786920951
139055102
340766101
562385889
895754348
994169858
730954155
543576143
844761906
946072365
634721986
565682576
186637682
911914897
68955584
34286325
153096439
562030291
77147861
537230254
257547942
114401643
260971004
178749713
585619544
168932965
951256234
746818730
467326344
336156622
247690039
294256974
448599645
144132675
178829294
898208679
858719831
465056171
354465361
552287358
315315679
922061580
434444892
391307818
290438361
903940707
110491587
940735282
668405718
901763862
338515303
494846703
796843102
326949336
180178599
438751650
669985879
266313261
958251758
503095284
670460227
853576463
44289035
364594148
971217197
61114401
77652282
449108461
783909910
955908679
926252376
41240106
931245877
844005995
313606021
344250232
550383999
37845962
611425452
631776864
153408224
227097425
740332609
19826469
966213373
713969379
803067228
320117975
852166559
320468722
751504553
651869077
597421758
241338742
993883863
967344522
709948257
587809568
637250923
175361494
887200818
241068015
31043150
353049502
537349472
239316729
947855260
592727637
352537276
720992067
173697403
686531531
456880839
53213273
358231418
804075105
894879410
590788842
608545379
880933109
582869117
720727057
965049298
332136038
57790146
357225377
683036976
966888698
628081106
611203781
112528399
414622251
702586474
664167814
267976369
931984690
50412397
590963245
733993913
529411403
83071830
27613420
939991742
791629670
963432119
787437116
623655940
421989272
664387351
682162582
809519304
971013954
82404384
14206856
225462779
257296692
694269897
638917564
400550459
871354538
979221298
459381110
418699484
477455870
490119282
204616636
473643860
863411653
72003314
247115257
840043813
801916124
327398858
169877581
642443062
895270146
241509051
986197542
973821944
912517081
728274637
782511377
43757445
982304778
107305380
49805048
530596407
684737087
806783536
291395880
394529940
676036833
30900930
916127797
262658234
361460070
521398452
126752990
685210439
619936510
513676637
271896221
992049234
406134080
179717916
780704652
90740666
798569312
398393276
72531269
101709742
892354536
391404311
880163429
334064865
937236840
645960442
383785811
706029542
217383995
359115177
774906909
176355556
148715178
298495397
860126039
900472098
571885873
910778376
596008073
836483275
189544660
335722534
837915462
223955485
328206339
626660747
124807776
847118539
733357594
619755593
202370448
446143972
399638101
467007424
101086037
753191291
78773556
451993533
521666548
663617582
976464363
650239630
696379752
159381384
246854666
641349153
176894460
367601041
6589567
372269125
885838404
830248282
675566777
400661284
404608616
496671742
237824190
72632853
712973575
924592752
650986852
989729225
885070485
433946323
140526614
183645791
698731502
85813547
765239818
793959048
227758991
472994649
415035485
54950489
127788686
832907220
325634531
876600891
472305720
77312736
669862716
137852071
186492087
111300911
483561442
759502618
675257611
157947609
174647233
779742774
396243281
326635684
749344123
466921637
618907591
213370799
531223292
258567488
473835509
597695332
872341784
418596746
613731756
58825009
100792394
327346276
388859258
160911508
36111163
344653741
91092936
114965499
465868487
131277498
816213929
166075030
994678074
869609256
851918296
938270734
307278281
571226570
78909869
991616042
734966375
812070870
700924047
553030530
118854352
221521265
101201944
43294143
90890391
805621627
742615084
348699509
609751332
329149320
137582206
739437679
698283889
589373691
99954961
993292315
737526272
108170220
310369576
507419305
862071229
793648481
355184796
784617561
847778805
116809315
654216288
737491708
354210873
472584972
518687149
39502348
930370568
891740304
377087233
458978785
811616444
217941617
814839137
255181275
673330162
50321692
249780248
356113111
177095712
311186739
579353018
549734095
954027009
531333433
403545346
774007030
257525610
156660298
54844036
513105349
792004991
232283719
167611804
472047463
674268222
805231466
720260797
693729061
907811441
612860326
539579340
112372561
421481167
233726268
222328234
997712353
845465119
92928949
462863915
494484331
377361446
199197044
940708295
360229816
830161618
670688015
56702449
878635545
738110542
803656342
358943243
87673349
234185181
839517895
950145001
612680993
630209405
84276438
133646735
509085315
114067289
952213985
914123648
783991412
261257021
216205700
325382874
161615815
757155040
400225888
916407431
684590988
897502486
65284250
207062175
472560635
815407969
308771368
446053405
420325650
337689907
710466292
979503747
20981956
819317055
736538658
669255145
882533661
73384282
259385563
52358867
200996587
83759966
87882987
213275555
710987646
104396463
335824254
568011231
202859805
256419375
7857724
82965400
764772609
132616436
257869706
864335711
859848099
198435121
260043583
58120304
834669593
489981039
171675382
625663833
989571735
942290036
351078138
505220863
293420096
618014590
21913913
25749271
852450507
977607153
824918542
662437826
253501809
670330098
841534631
81327346
999141981
891132568
912723958
474935776
342301679
896193397
65894434
802729862
640596477
4432829
115997838
634550387
598648167
163689095
163510528
535410956
972647127
784576538
711241550
209609619
910660142
685358851
5459036
778202811
582474820
851951899
247953309
906993674
636227975
820150458
843172096
57798315
26765649
275438813
253426578
324635020
83362839
109590950
48368404
39021349
60122556
265188013
610235119
188866104
429391962
162794472
564100632
589162487
299888579
104225831
460399224
520059097
305528102
674887324
299976097
566524170
367603755
966430864
66937186
766614
294281799
475523157
939730390
444624530
850415877
774214913
472347997
583548082
704171271
912610082
218354375
736631287
730235061
808859203
926902213
980881316
160037275
536778712
391006535
658227644
781956831
477240691
330683873
24951231
501765422
595088386
280856924
67526001
908047534
783550035
157538358
628465495
458625762
91058911
695893760
515516482
568669919
672841631
350472137
828072867
603573484
10551138
539519772
481878475
789824745
247464211
994092354
202955409
462645719
838675790
856037173
475854874
103281403
383039213
973871107
372027062
949980857
792092546
376705064
35004
238640071
893763292
666896481
431385945
427119647
606177747
206859121
848197622
375539494
304174802
221030111
200149378
868586960
589928145
721061809
997591917
462193156
182605283
518315453
977925505
75908172
67822953
534525762
828918204
468499220
619321789
973195236
497741519
586157132
264558500
110182570
92591839
134529846
525324434
101428356
892874744
354740138
358114323
489730270
592928022
398544138
654129098
863717856
453190994
604582228
350298231
414050116
79797894
278620996
440089921
112774879
470643638
607550369
286536039
53664424
677928642
135731499
583014644
449417878
79995821
153249686
996661534
121540565
149908351
131247701
877039139
940259823
919275781
291697298
701120044
867938430
763831054
755358324
913975390
574093439
688481964
166255483
504388811
889001952
706084230
300165078
287377195
940664456
898880343
836340569
361342369
299003889
462544661
428692312
982387639
919666996
57179853
200475240
186865616
659155684
810784203
839508235
202394865
275897730
284454411
275488389
678559632
803411540
24584155
822474571
342783427
832556123
830432856
743905045
776407591
796721780
906578135
765243485
993434471
352347946
337248122
595410081
177856987
894983872
671216707
601315380
721926726
688372445
165200070
281254038
885873517
54251857
933100897
49487990
491755680
172470981
970147503
481809637
772031325
6497357
262569113
342706607
961102695
637739093
312485242
366280276
57884997
537051597
566486135
333621481
713306669
478988591
376001772
153037415
697861663
410185583
949755426
87155716
515939032
708822822
347658263
534410845
155661914
295815347
852974768
17917966
13568933
217917596
451290069
63947079
869101985
345592123
874755392
952493862
473645997
763947902
115436363
117782198
711358990
890152225
726445320
133415688
765542273
29556439
926880638
607423069
964133291
715211566
530330782
302151818
619789171
459308425
370789679
475048268
846678672
142146110
174921014
201589896
125618217
294532345
104578321
44924106
117896828
336773836
712659783
118399241
911746879
641371178
113343490
534405604
882514707
822482774
398504593
892800876
719816139
52930479
814455675
359657207
129970316
87011620
293517516
385576183
63610246
222876410
770110629
52396002
708420719
619624511
426643890
640145388
84756618
999880077
575237364
70811047
962296804
772598739
204851810
683216107
826730852
539029961
805847353
176643692
58727322
738188204
923818546
910557135
370003585
29391719
148987015
395238376
59694378
737414656
984688904
345668016
396574349
425716540
308033378
46837625
527735590
991089867
87958825
904544075
874426791
1483963
913193080
153077055
245323316
933773779
320014350
123459915
636015707
428789135
967136633
644455885
583796154
317989222
173966953
326881077
456476315
127498407
450909911
205009127
458635789
314995834
952268512
212120274
760519870
708566895
649580139
986322071
17470465
428627649
680997537
234036252
679786688
59626665
377629287
72074763
969962191
588525403
451238578
418223215
325548226
330736913
922288613
410262510
440806476
480763754
676802516
131954975
704961764
749864738
914853101
118170570
829025268
448822255
602142664
174104480
623255047
967240052
608638261
722193299
237240475
490156229
463012632
948443087
984983721
168729149
399340681
636901102
147994581
213167572
154788624
278026970
562874343
259905519
354938149
431087797
846538711
316389180
305500862
407588632
32951950
196485971
240719234
4729797
565257435
97679962
79707089
481928550
743099194
243327017
775084869
361923363
930413006
712080156
582469140
60032854
835303099
652065201
661181887
573749397
611481685
845511659
798215491
826386744
446317535
504502515
630297819
434071054
743514835
256729864
876033078
542351003
92065935
636502
749784032
595903293
905785453
103386298
400891956
493649889
704106601
298378352
371853977
148573423
159592308
783828280
17456604
131324095
243475973
388596821
528123400
839023375
320356602
550806139
159238349
924818634
9978057
83562665
511566590
546062436
467860253
230194780
329234630
291298355
962940778
465960389
703920616
651939837
837478025
13248091
883524035
283511040
592496331
703504511
348711498
285101827
445520151
750570070
679855931
378496412
235106288
892129798
333023193
40617929
271375613
216375458
357759797
451025364
350154251
972015241
313975136
178837799
771358646
102078767
28042542
964449240
397068606
512547975
586137239
938442550
802278962
293167737
722161633
635737229
813989915
461645449
813855303
592168434
86668266
28223685
780068611
681379908
877844143
592329963
127716412
297084908
285060496
659729775
523653646
549421336
545857947
740609370
408491604
1624994
509396104
750701368
163658500
491879453
494326139
919987740
29345195
589981704
215936329
465274408
15538549
935191899
511237813
276509066
589859593
519545874
177290958
693197106
945061092
893941800
576459785
845502708
442023131
90068239
741533650
422522254
328432140
11746193
450766887
318658447
852121972
133306883
243368059
310024265
201789154
559481381
334092088
650319506
337003460
853661957
648832013
454952369
359500407
862779663
342398873
19112600
396762437
280723621
686855656
691870730
943325779
651651266
678429075
64902908
173873689
92267532
445070847
638061674
197415073
758250297
458399432
355235423
44908723
180480794
825486401
495119793
210810396
143549131
900671363
952312371
168552641
19524704
866763496
561236357
423394131
499912526
202388478
280863489
329003606
166968519
26832642
361510159
502429097
593653858
404068144
526794351
267928189
861516209
962497600
859876055
1902195
889066774
454033329
197356962
746202671
740201026
868654152
403701494
242963641
987403680
86606359
53591412
586704925
191781489
786858062
675519831
144139379
79404778
620403032
79319237
169646915
682172866
60020229
711942231
521169089
391633325
904249968
118100168
896419
410751003
917513156
816444998
835334865
124818352
247447398
689250808
477082743
735267228
388392547
275244419
812250275
864132438
144932541
241693599
31699237
807457723
323804588
167492971
474201892
534430876
853218372
427310045
363595352
187803771
307348721
731920490
733505340
2961202
694695001
302858242
603048839
114098010
208258864
551470460
653524482
87284542
303418944
976941984
290863864
441167212
828334729
614962895
378444005
604467242
298213592
479085018
609531251
238263689
118137881
461007663
805266767
984959776
214069016
119008189
690328354
105036283
640750268
481340595
132888354
746423519
219622910
186218030
373099731
558528815
652726036
627707680
827377722
55710259
954564864
828007318
128338795
582666134
890438923
312212180
341199077
442200585
734263856
236295362
250521490
702087495
771255536
890254920
594997113
328455222
752559788
790753011
685729537
885016775
739130359
588431719
757949149
245124024
190096699
64518671
391406462
979261010
59987753
644230044
351424345
350773906
448451280
391200871
754811989
79024182
718700919
345649357
87308134
815884489
478193017
477355741
488256931
204096195
268814860
996912663
107089503
32498107
147087847
518216522
955831347
508905674
322196323
313806148
65980668
686323699
28618851
992418755
416442908
541930686
601080819
661682740
585345126
278198145
797263871
690447433
411039583
582457989
48329490
557565374
711083001
708466631
665818232
562569951
546306930
539067773
709510706
809096657
564912501
884096994
916377351
768362685
621911129
324556762
340941125
461180788
38885089
436999703
323318676
220236992
491016059
405921959
523780491
102037736
553000447
566064073
827573347
157759202
526093212
379545800
949486019
432459246
755954332
837391639
954510237
698509848
99851336
41175319
647685321
876822177
950794277
528205718
908437737
264072443
619843519
334206500
268385910
357184527
596418497
381191840
327980315
709744577
462500269
93738087
8718388
453895557
937133370
255244729
92236534
139405809
305532868
635478221
886391901
792300291
377253322
119116761
723644414
39379290
69630450
793694091
683246468
264112210
153391539
842088566
910663348
668326066
509201754
361131740
907065686
281533894
40283797
978467333
158434662
816691455
615232428
219290986
664084094
316874439
241525883
804809308
51145809
182804847
978584626
661078904
160842973
344391349
353724167
179910539
960294744
767628974
515138687
428532557
873651032
805177831
601398322
863835423
293217403
693515708
120921814
900121857
932838956
878486402
576135816
444891295
730317048
756433933
562637227
944172608
483773716
897356651
175257308
634932192
257998826
704146795
506327248
262601638
130968577
423978270
582250351
24947066
565017542
399755970
540195720
935806597
232684921
2721961
415881995
208341184
933451056
890286490
608829526
148838904
942640552
133040273
457606279
480483653
813271996
289710792
141439804
981364514
240678089
280504875
54882424
365372733
222477042
325311947
444776611
311052689
454510748
1719986
623971203
705814046
495475479
111958568
63908877
109408105
635535964
142128378
66289694
520331495
541443986
571373832
609909269
771341372
463639234
618561831
27898268
215901948
379727425
31754181
895274555
800828665
76323851
273538597
619668015
189342904
959082217
99328467
742125508
620270347
916277540
137894322
684196973
103196728
361579493
882243293
934472635
557500613
811801125
747770788
594762163
174930388
826790757
460064254
741174202
128715742
341952369
626178657
81031584
816615092
160036722
301745472
813665127
161848466
63116087
590037714
60814226
166579777
563419034
61439083
622667236
583131678
402462192
47960885
346578744
912840761
104245740
284100454
881073554
857074025
228167271
738314900
604773685
585184685
490624833
766241404
13678094
975488643
412180885
288136555
499302866
963939603
354957508
886291616
635549590
545795575
982667297
360941837
747203691
822948203
402630175
409845027
347657639
286329187
758498466
927252919
796916697
951199748
124161903
166930599
583165108
954928846
372076756
486818698
149424867
221814133
667273017
625625052
443127245
443766665
828452652
943182395
705309591
682622512
63989813
581479938
603455270
548173688
354488715
652189692
140850638
727395032
348661259
706685494
747606217
313959232
665479903
98386085
875785164
868718367
945279103
313009568
977519681
255759448
798300969
30933013
250700761
653105626
941988199
422127386
310746232
691950227
595505153
96107816
314598777
356526078
622253461
429173491
300607510
731102573
236174116
859011497
163253877
727189167
583466658
322356753
937660713
397426207
676801975
833961140
823489412
995612807
810280619
325145753
90184763
5839150
982492304
739262491
591154402
415348133
514974271
145824325
412242188
149104246
300774896
852561094
892246340
822308791
745678961
692741858
352463544
649092943
776358991
131486551
783609966
467685253
389805025
97609502
315868354
814993478
389681029
485671223
930630523
551854462
123544397
204418708
831791085
586062851
662503416
587140306
658204425
139666141
63844487
931258824
923879194
498664697
184886416
163628910
725076264
418643036
753009373
810268998
173738349
170260665
911717339
233043355
695046457
159068551
859026629
261289459
257250480
411844015
47074440
668288173
263285912
798748192
28860970
700223156
865232831
326859085
117020143
371360770
321868631
526308512
130772792
637001680
441357069
981132957
72677216
800505036
178464662
529133748
407135534
827378841
283466461
721442132
122065232
8628514
433160129
969365827
607490117
788671397
167071649
320229082
27114178
521070608
176235985
53933387
164958701
480027791
574632264
642467655
298282290
426095481
257304277
586292415
767840704
647310711
494932916
71317057
556871946
379141404
655158902
705657251
473087648
334775933
164442117
563001251
600927700
237649917
7419488
131090053
267006578
439026569
926309048
7140956
45723404
847139657
437483151
404406769
345526424
159768507
129926119
670783308
497698143
908549242
457303477
931006818
800741071
58047687
229266522
448159455
988442333
344148162
832643163
994109745
929134960
867418848
1800077
409310080
124823697
895280933
695876952
498499008
654631321
890571714
946805433
621365079
753757204
166518977
842716416
917410374
9614800
217991712
564229695
799776818
820714828
741095876
502324290
134886423
184198667
114862340
189278544
540953401
201640003
378436842
603132395
623617152
448071490
409152683
592078330
198665998
157559060
170171363
261940029
445499489
530789149
372160175
914872397
228475339
731473399
816265979
976058964
690091022
210812971
781867074
341773707
276890014
464657930
982763283
677266762
256267880
225913495
229085285
822335281
568427729
202404999
588039807
640456122
894647299
97698504
616748458
376360865
496638183
911844589
595314812
344762081
166376096
145001615
901903311
482643539
515698285
360285996
173759263
751161802
942391072
216096514
823454159
952980772
802009487
427351760
366161493
382165284
952310389
466633107
522066620
781855258
320732043
418421068
445573277
759302313
545897257
651067570
461423282
480254872
392966751
714308319
510261385
174100844
946279992
273035506
977176815
189013487
774415006
39337240
689155757
706690231
713600250
443637479
230663175
123474232
702249471
39317539
581508990
319388866
327293536
658244564
739348083
796776264
492961123
482249652
673199569
73740640
656496637
538340058
979398486
799415792
242577208
93958911
405130356
53049998
377640015
207972885
176472060
476571210
713468108
660579419
835021484
790937064
299333357
758946625
48154357
919562191
742548915
265211677
123321786
398610253
332806761
959446754
26871800
828710510
997346900
842665487
297163283
665311705
695192931
659650000
201897096
69606453
565472762
704717949
510294363
484877815
152900869
783460786
187937593
114825755
16931866
519572962
308376676
692155496
329932639
158877609
326486969
889454804
255854074
326924268
151326034
31873484
130936793
768896485
442506491
110239485
930604757
125390421
174423669
902442045
532454439
609212755
585369407
411151146
902603007
56401086
766998743
917923136
327023895
931617322
351068920
193029963
814434171
189023813
981718682
32026716
570229659
345478638
177905723
83147773
222010685
698151356
488547824
826868473
488356984
292636701
980833397
158791670
55430381
216774638
405952563
686160556
498298992
401822549
615809142
463532401
265293599
527824511
11893652
992884712
736739243
66682082
267174082
376232729
146712592
482105601
919649893
444468887
211364312
457951813
345744626
232653588
562290022
518477160
414659817
409449281
897598985
513313069
161364525
636124488
7650205
704724422
353086823
676283934
27988455
831956549
68345829
878954185
958299010
929504689
325835285
639766714
374449807
699690698
248008546
43436978
314676630
926201863
522162413
836143378
597691848
557214303
208187799
672620808
368742208
668949753
171638454
267118369
347747987
17067623
82893013
218100210
289208456
594623306
601311364
11338896
482632096
379770457
473465118
811841424
390797498
212282962
737627887
708337360
985032623
868187690
819242329
413622926
88651469
150290675
448285965
131284180
484597342
688371401
905658129
16468945
850054580
429085161
907703943
164962310
874577589
827558133
774738596
245621924
640950354
816940215
590186451
618644620
8863282
415586268
723867913
367126338
271067250
364411509
483600757
323934944
426999232
553003657
846835819
3100246
219692902
943895490
263517693
360031072
565288426
554517189
208169162
314823972
627388016
862946046
669567133
702589905
763171785
586585413
251661051
348062565
55837469
874914991
980777139
805299112
65952293
782504571
312432607
269009025
664812145
636017481
916183975
562340352
205871541
398930481
854667444
483130200
39096575
152186047
781272367
144259922
129195813
730932498
251880170
30490845
828706682
744208756
318393397
97645804
416515827
756920225
141066966
328253074
557548265
66340465
395537120
650488362
610851772
718083035
248663964
205479372
756669992
286706378
631835880
282568972
333394097
626251221
975344021
394847865
94023369
116441712
572933063
384656849
94518809
612594823
509578630
227513873
397107436
535152559
914435350
382533916
658886440
556874383
658829619
379310465
417813616
647233062
601861514
592830313
187685547
49218053
445593434
91385704
739186676
716086948
485588936
668610770
212983226
593512749
701028059
397907326
912123205
71197244
872814758
726451466
312324064
497532458
255437545
629496137
289397551
243016709
131238994
62316455
413845697
303560998
6913141
370957195
15502069
918082278
104855068
482608298
184114987
205530869
478878351
27388928
940478159
871318684
949642223
911098443
537778268
385071155
712790925
648087473
101141269
660378399
186329616
889277172
624897769
135759899
478798901
325132946
666262217
887964568
637279135
265647963
828511249
241817720
262300508
884157159
239109047
901018999
241307691
982250074
469440664
422992806
747223057
983651493
529392427
325988643
30980944
914969835
296779899
292193234
98032219
286562509
771949693
640350254
702204692
141354809
371943127
27263347
575541233
876121889
786337958
974841968
758860011
873632422
863608534
17520264
193065536
181761686
970476673
950847829
848558604
859189812
522016771
900721360
678138220
529435444
878984610
241191378
924861632
753910295
444379184
314096555
518710500
964099268
713167308
235656161
771432939
872865372
244637614
441530141
699885589
223944508
174027531
862229580
235554499
53120985
24607442
875031595
843281622
323009078
970913407
385162024
503286677
736254608
789746302
645554677
500452616
552754939
227319293
350345277
668462087
477193594
750424135
443855613
674006092
969082781
608805286
40563370
322415936
470380950
514146201
153925346
949672383
630506633
322864137
577724687
621242680
912718002
280111002
760665564
371338042
338172606
505093414
721984844
36843344
808576253
345356174
82481175
590051750
340052578
799013795
168208199
876041904
488201806
191294600
77747329
225396661
67721595
199718458
907601588
160408632
902204517
760316232
252783443
350611238
646173557
510435609
265623097
564477340
720732768
132807981
58347225
904796495
606367865
6022617
422863459
231393780
160872852
122938703
948002206
490160461
254287388
750224566
434486557
947477026
370582389
781932859
936253910
610041623
725884736
791239906
121269986
906131615
21666523
722882829
687092314
231810569
331540200
251968936
937503727
228231597
390274295
343261344
881520969
60894738
548440719
830673204
187197192
264747080
292608304
431057711
136052604
822015017
601202110
750349109
416543593
317029980
30284760
203314651
232845527
75929010
902847375
19228927
624980184
398947895
450973678
207751790
495718022
411022911
196739279
40246719
886156569
359419943
544941915
885943784
839335987
812337418
134229750
850207970
697250613
791342757
433093786
952105005
670164075
189310170
714912563
749336313
735837626
787073881
842375479
439990492
346402174
235473899
990881295
242715132
241178018
458872220
477555246
326292314
423046419
865279951
311028642
411494901
808221478
480139528
283220147
159732660
745236601
793791661
701428010
206396196
229164380
198752535
257979300
432452470
893662987
150718253
93938651
198042224
376964484
357818226
902383926
482820009
190708006
507794208
359703648
868070590
235836172
521958215
494820759
797846868
406547465
684805063
435182287
434262718
380706364
944515636
429998814
678150102
543090721
271935511
55610543
657608625
405107494
844713627
167535895
611245173
483688906
101711654
757344061
959360370
984294686
876598235
332037426
587806465
904267901
864997613
992380103
682211254
392377852
499984888
344639960
794519857
926831438
846003223
793792757
994618649
136689617
35561238
854011533
256124944
156840463
106079207
675897457
409415646
408320211
20363520
489499459
195970907
46090150
122711108
502535920
299843890
775838233
24355153
151366229
615645691
487275054
360559725
175517517
411317752
414236626
293171357
937442090
794771651
489738140
699157421
361192129
610355076
126330054
347388456
768833391
988232014
36336107
484968540
901653823
539685576
174074363
751022084
962419445
585643957
80711022
178835893
840167184
875280172
821018846
694074028
530763195
553595944
211359579
504057983
799011224
230295242
146349983
573991945
424626736
383973545
646147801
87648572
409437799
927830483
740878285
155332088
767889615
375883869
307521771
386582669
294353475
921575378
385146403
56827558
707493455
760561575
956380143
397150854
102353612
481494199
945624939
759000712
372300512
211949728
684769318
879649766
489674846
448901436
27401353
882857855
752972910
467669615
365807183
91031113
644948359
357385990
734577199
679212885
257262105
915355105
538667980
854946966
731488873
261323773
453310487
848841520
408350984
290455223
59848215
82395382
711817670
258336711
921148448
3900067
295302937
939401922
22598841
532169165
487356596
932405991
177601877
198536796
771458806
216395198
440835646
874387117
529005510
49555119
150040110
360334637
998375910
184537289
965605780
920481449
841446988
733129031
197108735
761751746
77265254
805607628
726100756
774300497
943826104
491459124
910296660
859903616
515149224
901665440
298282429
472199739
526338568
616878669
692019031
861219382
545001011
716103841
86282956
933033713
457919755
369782551
597994319
102691240
623905757
333352856
370306822
487684500
81117064
151277950
430696082
385750970
425455061
935673255
15941336
37749175
650766062
65717561
205704657
500993046
342971389
181521269
5555560
390813009
688063565
272119709
524112964
893745148
41937096
200380776
60116554
382503694
958848667
745902808
381911740
794654341
900128022
207876585
300799485
452578832
699643497
151438123
936776405
983458519
232132216
123476917
649135738
713959384
164935858
24719702
386828125
976121395
972840407
461265396
876359046
590426
353599638
862432543
80573045
208213923
161715312
579417933
847042439
419505644
831349506
946660329
556361604
934853804
140215011
512181663
865665638
459445582
566833274
95415753
883424569
374131440
595875520
988876097
545332201
922972982
103637486
222608535
854227250
620334862
290442548
858557148
91367486
874148667
102204998
89287338
799457511
465156683
971532539
353072528
569826584
577682182
624947871
501618179
284556988
856964439
640110470
716345500
406246996
668500894
241297826
689895648
201881712
733767106
907791098
577521414
626754787
982344454
284055327
774671803
776486894
882818547
784932553
419506826
362269454
302639551
245472138
196041470
913445371
222289714
178828941
131390193
95961212
923814879
255647011
266981749
156122957
721561720
184878963
39424758
31602383
672585883
619273059
371565093
790631535
654704235
156104749
415061161
343393015
936311323
750637100
280993070
583507212
47225713
180698617
110201791
665394929
406891934
557032663
188653420
382156680
102971674
173799845
56491200
263778030
856116053
876197208
801261559
432143948
895069465
352748515
296946973
729399654
466167886
135936179
790236019
363320277
963706230
597007540
936808797
909310654
409118805
173030124
326665744
263855669
727126020
242086445
52929960
147431267
852450503
336289450
513812630
245126412
672992684
678060206
293341884
747848435
953160020
279390067
971467581
216587747
896940249
485535059
702180639
914216030
280078040
789522285
896748002
25511690
726961188
324575808
492482505
111465716
854436572
367754835
150821672
561393939
732836941
333786497
97571796
943299486
522841820
770955656
123578399
170809098
677522854
538219933
684843564
873687947
6195318
140640396
462290584
163972794
639181624
481328613
434238868
274118002
368962022
600159285
686236240
439875493
921572119
705694937
225193123
868934777
890554494
528859576
370941825
17661169
654255875
520562067
501297195
416734170
350055574
218746477
609531290
567820374
276027560
46023576
513546255
612042627
388648104
817410078
657845506
353875051
16882802
997782022
747558324
975167499
830007988
887939660
673801655
194122007
756339860
883424362
862895009
508055400
491626427
559886371
686872500
559583457
321636226
393416187
232419313
677498050
543790730
172238806
472171394
793700288
501906590
254532127
323102128
508986116
173369606
312977566
972245696
712159899
701382004
124077913
883892575
670891719
405183966
715965115
64236709
910365924
626366238
978105886
341118131
869651235
520835042
634277396
207711225
602958761
668425924
354856800
470615185
142017748
850787955
44709440
115729072
609521987
502466505
620354332
309407789
468063443
168047353
194181359
419746121
636084825
280098428
724928872
598479832
364683021
887429261
291426775
32059139
72752180
886783284
781266599
475442648
903231826
768216154
331840042
874146201
765283344
830996187
606400557
942621402
89556938
8492805
581735905
261004224
838380566
666651710
998877827
533594090
231842630
355102426
83308285
810066968
380817822
79135294
293721963
952215699
241189321
382467078
788487680
253079236
983784148
951441047
531104069
396619010
472068173
647425707
759577222
797007928
650920618
637378390
170236719
35967478
876366067
977384809
204586363
718032507
697937803
877541797
449932497
586409961
475648789
65620381
216616865
287488995
598535533
928150056
680428148
381501495
5497279
83148364
550520040
186907036
795355910
741323408
601472477
964450305
295340793
518616157
676206972
916099261
449060436
332800237
109183494
585757820
672104088
759071131
510222482
869213509
569403634
304086236
740288715
412167401
769911153
462365106
150154394
788575380
321257288
183503673
142935658
218868038
826051262
616371743
870789517
238860253
63080637
862642050
617097847
198171068
249971684
793938714
203133184
171056834
222743167
445102282
199914241
298237187
992418992
474014919
58462932
161190790
612445847
370635355
186038223
418976961
995739837
868346128
955676759
681336373
267451728
522165345
33260572
650621811
256364485
306737732
452222725
280073422
331197044
313595601
631808577
670112853
567721174
6139972
513781284
423440195
747120243
818751831
907270695
29250419
535593011
803050474
314810505
274632549
52311765
92399672
163940109
198844009
139234241
773851886
146680759
717656370
37116720
439125037
773849205
94465745
289966500
102879007
705892311
946117593
159642194
358413641
963680003
612369113
138908432
217076922
352535391
737269735
806344587
284155016
209174739
656703950
848636638
185172725
714557162
330161651
549181011
975689551
669327511
944708212
92145688
503404704
41278715
341934760
791860631
775762700
299910252
547485248
926782937
719507525
486161172
467382341
171136820
195630590
893571791
840436851
685625094
37304422
519886790
918406393
988570523
443130344
285902535
149995089
902059131
130752532
921446695
603704130
437831763
995550530
236688676
23160830
485025736
140566557
858385287
331699778
232936419
185923515
46975307
684017827
40633310
297416138
419245240
895604282
154977524
705616554
257443829
110448531
399163613
598159445
292715386
846892472
559853573
932696702
868715540
7393531
220064676
920198748
881344150
915582240
231315395
869800075
128086482
526010055
257797986
521703905
400550599
477469232
705247185
501962698
424978819
780689888
698269436
859131865
437106842
272942088
722042294
335013791
655878483
435735914
507038693
83812494
908518721
27735390
803976196
684173697
408570603
532664800
635552907
738100668
652589524
183944079
322745452
526747999
312348991
958685463
646062654
102148526
936267438
849459137
83374611
313451840
816145273
677295849
149638143
31912394
863640129
487159562
88914436
564806243
495767591
760392718
707118829
403795424
753252642
347974907
129852783
768274088
835108394
457142413
950757034
547473761
100749103
736938655
573667669
609015227
581923495
468620015
593395090
758883099
493335461
731999241
609070704
80783082
62845214
14922667
906570331
64966698
952884598
520043826
157870204
207274271
385910669
428472609
471961165
110227029
318242168
266309252
541017945
974424081
798816908
917356582
383708515
329763650
907074082
818493098
514106203
404159669
937761992
717655771
361705426
316249190
862944191
605197524
922035346
698265916
680430872
639386935
310425844
493053613
529056448
947376263
829141523
120511459
726940546
675418313
271141487
527185691
277965799
901303453
723573770
343630610
892650880
84927878
70521940
911947190
644786245
159421741
666852268
853868049
829252782
708119821
736302648
389834684
63771136
864815515
354111579
848084441
736489969
628644682
841905641
12941006
951743452
931931390
65814354
596461093
449538899
896618279
865324905
845126469
435262734
830816282
110331062
302924111
891354235
768383138
178471936
274702889
340303517
697659885
987084410
558732689
319308937
953455388
919085477
121807726
307065959
459302983
608161736
211533922
466620451
423579711
470308101
741218366
972790716
412018258
136886012
704561217
617728136
169104890
251296353
648459647
929678112
475205821
726906377
740452538
814175029
791553498
618877002
337232543
693705217
85911596
854003396
561985533
674947330
197645620
311248150
203087879
161446444
718229112
135547212
70079080
123370995
481581994
747709921
105131908
86710156
781434791
936766154
949078013
101086238
463241740
28823784
110254741
529975250
447482913
842851877
750670413
911747535
93498339
1335946
394859143
235960929
765954741
840927126
73591343
436388706
11626110
767538538
59656346
703937866
446435599
884692932
963040984
980707257
938312314
754205063
891900403
5067169
871234852
713543310
33735269
431420548
341204795
531321282
317212236
501638894
778885159
691849027
223239364
369859118
664754072
140395746
539161728
310945085
680963201
220296347
656328514
123800132
571524901
215216444
119954624
992032845
786570765
767520575
88856900
955255912
477800224
201023658
674237499
550454068
173906715
774433779
869013746
661337644
965296234
464597728
328847269
179913059
882592416
964942391
464480163
574189060
862798759
817592322
933858988
346313692
109563772
714401275
667413419
302994108
35128346
245763287
101334226
763773564
116455084
67833907
40133718
689217378
992569102
92162689
315046058
122732516
395180454
887081867
323629420
935378038
379152943
817415728
723557226
248523939
16762075
83753848
874153356
101406352
383201113
878247124
268624473
744762921
269121603
1249413
339648640
677090922
928413637
200044411
77778752
635397030
497015607
617005221
956722014
803293059
887852770
649967718
592579350
892338298
970917169
713793545
246127230
975680911
870128983
577337486
992871999
941561901
907090168
601648401
642266255
541628411
440101810
843404219
161362076
832616051
35342959
167916816
217644053
154862499
279990497
984216353
302130860
636507320
38116664
978869885
565413397
405935097
230614885
665077984
155301091
604950937
773735248
594359623
905841510
916654173
79484934
64128733
695290082
806739071
285473155
671412868
24130981
112707064
625510321
231597358
924988195
811272432
69052023
838330714
739404187
430690054
316502071
262965364
969135179
570908627
607027561
825778403
336186347
679395415
691022169
331122032
267412752
310902206
832168778
770934267
290915049
419020667
810426264
517029761
107421758
701127372
798856470
628214662
879768160
733320172
57239140
571778951
179617479
900893818
70560463
941344292
104755159
560478762
889043649
909020282
139414288
815649260
998062444
7476475
516796141
96827049
192002527
995813188
143182352
542943825
255238628
35235258
132920694
319974716
15429976
520953046
959847622
929243202
841516069
551271288
173327655
566457852
19373939
81246840
143365950
737548573
829062762
248288158
761260537
717393038
98647575
813022469
804892615
267467849
15477063
127741913
670993526
865221433
179063388
62664338
389450223
854342668
575228377
455081177
945128862
547888312
533866332
728278984
278280659
253332552
519935794
815653029
451980193
702638152
441519021
583392634
194037958
363601069
278040134
677829701
298900478
688425176
354772375
470270710
783821648
116820893
683308003
872667678
122230638
404675014
674423159
434269426
773005541
20399788
711340837
797427241
794655769
396687734
781178946
471718375
534496984
957715556
25290974
529431483
625178390
445090926
523860041
475971502
521621990
324133435
265967280
317994783
82608773
263441948
995919676
987219376
179598747
161727592
60970961
477791035
941372297
516089984
352432540
488000888
727272513
40769343
753412677
997989008
604012684
823630671
150296867
616654642
277599784
112339493
375007680
303904778
911595867
264538229
24087093
629144762
536343215
413561641
689108718
2999103
519116131
983366009
601548544
511233491
766866547
854520965
772486346
972538179
117546038
432058041
196262013
71286560
663719542
989066159
948366642
964439955
204400803
374252926
998902974
339665674
316772916
694389224
698914220
764168400
173373747
864719589
56318665
374830807
503219718
149239412
460666521
194749509
752645225
130653570
124197692
114751254
337259910
624652601
808179749
572984025
130199738
598636991
976426547
177290752
10252845
866789466
429374935
33069441
440120751
126396065
932619588
786352590
443160953
477560379
637738093
969423499
961599558
838883310
757980580
178540941
496830756
459065732
85470166
739381615
620501718
53976058
189616065
937477028
924634642
13426664
589561125
228000768
467665122
744483262
166428809
370743011
601631956
486253060
521030987
191492133
629445542
741478862
373307506
28962903
641615914
157742759
900582439
226262717
212742425
760692166
413084855
558334594
309151704
957370221
645834643
144396918
234389313
539654077
704039700
660579415
894074442
977574605
757897498
320356670
679906855
914044188
996683942
778691603
598190207
175022438
49873412
382158477
535699114
935249678
902675438
207019032
339991393
215510851
470690398
521143920
664184973
652038473
170236785
88983488
464168917
470693354
659601788
435968080
776752805
281397964
944849885
990898700
203698104
197897998
457712422
529047
698117763
193186322
66305445
265023887
634784528
763151544
79800738
954977721
786712876
958854557
263449889
560998392
329390618
487584200
252036161
191883779
592156433
278471038
824633463
783371379
941124730
683583797
267495125
915806060
995537103
346578382
756996616
53090643
68667386
376218307
369976662
931761963
48491103
456221412
406662108
261514959
303556712
911061443
658559000
139497439
7443297
68000487
320979787
886724303
344473774
736812275
94156278
584689544
160225009
668048970
757693802
901242923
425135274
688408140
697787490
748157473
617780992
732447958
137494983
239999353
490368155
497071320
504696368
144796467
524299335
715574184
982671121
893504467
192386700
50442345
763096947
959126437
207424339
21604550
737770263
213575070
353788040
808336501
68439287
1234242
22629160
846017419
493150844
268171169
101742432
597811005
762157659
70626537
792326241
847076544
396155580
42228754
369355376
476735709
555223338
276572771
608546438
115021361
754399905
97989001
739434241
110325951
241782544
265534113
873936531
633634108
616533560
172731842
457414888
860587268
344395473
912747287
215538041
83086283
581753206
323368184
476840312
881522149
278982089
835852847
711866293
265734295
537695843
863764461
678888951
278682623
671903080
263150524
569095418
508047867
72480596
75945522
786688336
977720262
956278514
256099025
747865553
234716825
743129039
667466709
411785301
462402128
651580750
15212718
925249338
766520555
576526109
528618592
352281204
996610380
732053683
216353666
794099526
789318919
660621255
632995993
976232964
633747676
64788412
447912405
510026183
66842401
158889421
808282955
993658523
683211384
276675
437812959
625957126
32511071
902854441
393830801
339731345
633244031
287087669
655291075
907470072
552706147
282544402
479524607
397185008
819024809
272808041
164466059
49167193
469706896
733279817
401712004
497056248
893734521
691076973
392868877
863602731
965090392
857164500
733581196
80925153
973529200
920780454
250853392
829471685
276770527
975865934
117928436
344371549
370939285
25643736
865181156
910404265
727780531
910509596
508489312
434083070
606883192
251391461
925648999
961256249
392074248
704606683
539579709
505297552
446990632
432796925
946454332
121290255
869093147
657891055
845465901
289109535
778688540
771332083
742097605
418966727
959116475
264495679
669611180
22194285
62344742
503670655
681977002
257807496
222548825
571215565
143585754
632224808
44209232
995765967
763960864
712578957
126804513
607000294
681738958
406066956
724656823
821002918
688634591
537570360
4699397
812614942
734056666
622915419
640134242
469490868
372637457
97898175
313561197
828688487
737595894
325736456
635891500
372696739
613693187
810935021
664391922
733046260
145795603
374519119
739671127
758101055
373276525
617585050
543144385
23149350
444826164
587036910
582515750
55015154
185983623
976560195
860916557
211860716
639768338
593747415
742147016
26865958
994130587
479982028
686582444
255431732
295034293
316621517
591598680
248621083
856824350
737124528
208437895
70184542
910769277
110576085
896585877
759428397
203229964
622026047
539094772
893601169
36549638
931548822
353706304
443179247
509382912
828990369
420816448
264263374
98210352
644992313
553011707
239384564
78125310
718537514
295753729
689926851
136955024
871683544
557536721
635189855
450567747
764541271
970134991
633595249
979729192
825690828
942329025
852581755
474534342
556340739
761423600
432399284
380009989
878167736
78969493
97795886
280649456
558836228
592218168
303382233
440625071
783252547
356798992
581397179
302165735
321559384
502709813
647322966
132138990
594293842
39580719
482901641
465407030
157317529
25895364
33266884
570808651
663273538
167263394
680492073
97286551
329464206
35332317
804125549
485653309
460085161
32451266
614860954
12340675
988202649
864320781
204789419
42942829
107069063
809441949
309047852
511358351
262933235
519880665
879036684
851507503
228145239
211636292
231576121
893539058
990170469
747865690
696396461
908152921
46006297
114964045
342786564
255665068
746944738
882064825
615309542
89546896
596689688
756045178
121921208
699513208
667959104
302509835
772110400
852015344
948324916
201063705
350439521
949096474
631353682
868413238
707653631
201640753
140605510
560765631
802255231
136150824
139744967
75672486
619250855
454830458
723100481
322514155
175381761
749799769
837646586
731842920
229298032
533121762
378126998
735380638
775450287
31603481
202762139
950919129
805887485
807678311
631304901
562559594
111273211
690054544
378645937
863069357
854900662
379013131
409566475
587902503
966335632
941822036
881809756
432222498
239697712
84652268
38054428
459482206
492296680
378429004
368564255
166490335
917455718
487939592
303611403
425766569
886676073
336017095
958580989
938906250
292206299
530790393
288634379
953045388
104407517
899086666
3929783
693024408
709413906
945989223
54189534
429243783
77976980
236094122
328961591
41753508
420223006
709015872
679394287
513399101
196341280
606983714
870708701
550061290
948829082
241648046
125505296
644347864
329706361
143531380
20583686
468105629
881054828
333072440
231891462
333550862
806638807
556733159
115064003
600467074
395409583
592432747
620040062
979867997
450039746
417321894
965804768
186467623
228736123
370606481
768590195
702744873
502426672
945368620
792245944
137811848
457227672
33905213
846010349
993510136
15636209
618920042
222879508
293483574
289432296
367338074
592916083
567908771
144564883
84292731
368999674
506411196
259640737
558818139
533513050
781238565
969891557
749354054
182498229
237582087
561929444
570576159
222690244
958620571
854922133
947284676
869796111
119460605
542387037
206905279
317370383
86201907
85541122
12366653
901516782
375710802
127980149
516047279
276119946
351889182
777108546
550022143
355389041
461889763
944709384
140930888
206601879
415133597
239774232
626423389
985880153
429865186
964275651
566816525
587592032
46512498
705566346
629321409
383067880
233537383
635791229
18338161
62492827
258328222
99322011
971115593
454735067
547028003
174982420
131556423
580381068
361749721
515671493
782095297
253759597
799099673
378028636
90275306
565372275
86664761
138667104
850560989
573372824
292747588
240954459
739750925
372645262
639511685
949628465
596027413
932164913
517091576
245191571
778217965
236354045
960658730
635460464
490832579
872337876
830006759
491864741
201709922
995039279
886101811
22550623
627401053
784091063
542737483
964513067
880592282
863250864
964984472
832990029
451078798
544778600
823432389
531152524
418335179
572554408
398695415
268822017
118447256
304715616
273903740
316862190
286585177
784689285
672051472
451992331
676355653
221898908
780146873
901560431
370452928
684555555
865095069
551570837
80114048
912390701
504206733
233927971
520658072
836607138
486960975
257574519
96788683
44706437
419520684
374989883
976221216
477728772
39763509
819331378
225884025
794412730
251928330
147990897
724946244
233149839
774695593
639335109
865874890
219999023
862615855
373209731
306546652
872494086
452062992
336174891
770359814
509694896
292198801
252552916
574749058
987726808
632023711
682871738
735588224
357074976
449564934
412534840
800607287
483104059
65767283
428799108
417012163
991797187
444635467
71134683
111778703
61192639
937158461
820564039
575482648
632722036
508132361
150378182
274502447
958097710
624339701
484827958
944457223
133829794
626112272
376672701
756216863
496832561
817139187
965180492
829367333
681959525
822569631
513399445
245637060
126129459
866540548
568491401
155516714
704272281
613512212
596088250
192480542
409082806
95545678
60034592
556284904
254056527
139641910
35764246
523828010
245814063
744122532
812192947
624778096
291118316
128787614
748133144
132343698
417824930
615669529
69528187
182235869
391188445
271723734
565089587
456493294
121396965
679567426
494470797
742759892
822762295
725315594
65352715
651742579
783813263
101072636
493766409
196325651
478073027
176052668
255562449
722561901
721651198
326985688
113036752
630147098
443611453
150256504
769440648
392266758
696681532
991046393
68327010
964238277
87299088
42920832
819273640
998239833
258540668
20865932
910835246
658330580
794413327
550138385
699182299
221993612
677948230
68972193
569392094
559905520
415799393
827720089
853387000
122480194
835490135
676476537
525958495
62594317
556888653
383615171
103544302
347631414
855153488
518795187
656105457
374473835
345033300
180378064
136223157
487455760
394350469
979392788
734442661
355740438
488266229
567049112
321239008
639961963
410035926
556087906
543429752
238401220
516893598
547857305
118231252
707658110
38489140
507190842
651569833
43627638
179547918
654712894
499984171
656057338
19769290
457862141
72670571
991767058
875083160
943758176
985371965
959216859
726971830
511614315
356677892
690592128
707349372
583595867
831059722
813962178
528158487
57689583
237761131
561983652
680878548
413134034
973651031
60986716
835227397
380043801
467085243
741478457
519649099
376542109
774664616
506904493
906809468
702132733
902149491
383237996
436632150
19826654
690365847
79095240
43615480
583270477
807945641
332165562
889681130
381415039
557345044
819401564
827161040
225433057
108056774
699065561
316375010
296518449
678594356
170418329
824114356
929638494
42802174
319602655
173432857
204168733
645273322
341103692
277722503
976843108
273777270
611992630
382347480
761952331
682549918
924219124
789626137
75368154
893526830
710100079
467227857
454568297
362187884
441418054
419011933
336201299
362895899
691930726
744390134
873309609
282200430
754644416
147919004
804008662
684203497
369147665
203664337
771929109
668380163
433080359
454952512
267287146
789170626
53512101
224005352
720088307
214918801
415430092
888475465
220770999
262314130
125115591
587326024
755119593
975386577
463613867
571355296
399935438
82442228
449108553
454391169
811351069
490058711
533865859
252735865
498190074
407428808
538725942
541059309
724441103
505829605
575772478
501722682
388117697
496078139
605769862
65862491
584532552
704529181
402928690
533904805
653029935
359795057
787391134
677604462
132369529
283861539
899780705
97359555
305045888
553235316
486994378
68576613
326774579
990012566
960539576
210559820
606890414
740618342
167399356
250810092
123606545
579419293
669865280
33049465
605512057
67791408
357315057
781227035
281332358
93332909
585561093
65555899
235855966
747565505
629085989
492099758
678198417
825016736
684334702
925484539
260120617
159992822
13473073
378670910
354941002
329192994
237960462
730635545
297383958
519164131
798940556
459643154
416867550
405054569
66203481
969211324
675280476
201611186
118562625
925105876
278477458
590892388
537933094
682645290
253559488
770517672
68712293
475603092
212065943
713841278
452560252
747893124
694774436
778850730
794644665
902148392
357070664
704034815
763693125
810879683
854902779
294456675
992983405
481299556
123592751
425846101
137823723
475282280
136908101
64227599
823811450
74017045
527439967
980091085
420970274
320522889
72832313
259415636
58658156
788065423
980141682
217381076
764992092
381268403
345145333
611069102
985049797
912337263
607707639
987913340
425858780
587259613
540416403
311395212
302115472
106978411
61654106
384742023
373140580
59009490
808689200
311742158
961693129
686539586
272941725
414027991
748531880
239084080
785818597
219218279
699830295
992387479
152922629
444408828
162823197
681113822
999608950
628366359
189656093
751942663
15434315
638114145
132241839
5368995
487393548
634463008
801959864
836995006
938922057
307789979
450036270
151448541
786829086
411458875
755607250
120751944
566051520
715093233
547374853
744091252
158916369
889041994
398536723
24984741
25825157
30749769
92258491
175156297
961296372
74641789
244749386
396668671
444490064
539067881
523066646
617390717
950765648
454319669
809738391
966081578
26582458
218149991
728972275
429642806
594405469
7671955
638038997
688087492
676197989
16776618
740936765
228632182
234468
740468625
723339055
657493034
464753674
484458214
8433055
953712296
834144728
58252834
181947350
168920980
160845695
438366538
233181684
632919626
7333697
785810693
73998327
243293091
115227528
210293039
613832429
771133146
322289849
632200390
916522185
340053794
943414109
507090043
259362909
400338148
790705792
326137426
403055700
173412394
339924208
826556527
699665235
69257717
370527000
688864125
851323437
345001839
645911272
608153020
566936945
670438697
951712084
80232969
282795208
573745149
103940613
280584786
211431830
811113326
411119683
520603841
70648034
942543950
308927243
892003867
945705585
81451273
400899271
881123719
270500775
967638918
93621411
389381159
559214996
854746646
146486629
22485792
638613195
958310496
794597797
357556355
457820744
141853295
140148758
974902218
219869050
888744248
550923938
466516823
506462027
917720001
652417964
690328417
185235875
645726156
751954237
750203937
606326910
77270310
554628827
365997285
449073728
523019300
874232784
363052490
330794591
705372082
718252031
282215607
735630413
126447472
501592284
644277573
229341963
736588095
373386031
69277562
989979267
934556791
492482734
929589931
990238465
171654886
204956760
264300677
907895879
103307371
948109762
47780796
925740313
538520638
233882680
120952498
771101095
905328274
154942612
488966162
817707861
867434009
106433668
587380142
642200597
483816473
854957055
363325510
817187052
723155847
877382370
789435495
228296765
26401430
960370083
560286312
503198435
703605459
822933422
905566327
861106405
409989268
794176510
551299373
767628912
702212150
910781385
358743171
399167091
619953401
85107762
292207102
743893181
130317495
93531105
205876250
204666743
495760202
534920469
187266749
574964502
687846930
121318386
388909707
158694050
612549518
400500159
978955158
729401606
295777489
350811801
237718126
206969317
789640485
416204366
744031306
409630701
599488317
513882510
440472500
831680925
454204521
663437994
438896347
244255423
466924505
493242089
435879886
260751863
648013733
496438018
824305852
320647990
197083080
909473009
716916678
26995301
924336433
482194733
4669033
57358968
121872849
366901764
229136815
182099640
655925321
161254793
954670382
664165219
840853310
293811749
215557543
14486434
100286474
389421771
524397805
419118862
343347266
512206785
164786093
258969676
299372852
260430974
957434514
970304313
17742688
700091978
51380926
596629981
745248351
892900053
152102259
823797268
137063342
642584385
445811870
233790342
103392487
606051723
749802920
273104130
268938886
644602646
