10000
909717428
97159301
332981364
265450181
955672950
796306836
420763242
632082843
809406006
78168291
567969830
591448827
890466021
398174884
798828893
640392996
77999849
392064299
886851422
275982474
864150075
908463377
742530037
182933692
161632697
482922578
389068500
419895662
481156965
624363777
356449767
609203303
768491427
82099170
208242211
359194676
277996123
179889342
681522493
118031883
813372811
688787409
290693635
663707778
850683304
555371610
182764291
921003437
46575964
905202144
646530287
212827170
906492597
576841377
140059982
528900915
255972598
970448111
729532798
490679278
679722237
276185878
793340186
613005360
462615324
286634863
579998137
909704048
40217757
853321605
258275269
299360129
795317697
999251183
448347156
965742248
113650003
927966180
211697490
369712101
947631662
970120998
17609708
219771479
17591945
8303009
149451098
997995682
312846447
226255108
378538774
916318407
640060506
720780913
712352832
40099667
51215202
713266677
396901785
968972931
404453832
865847601
77856517
179051678
782257416
501878854
825374599
816224306
75483692
128166880
925815432
336706749
174579917
652822679
907909333
220406704
48310334
732079670
308815709
745936761
608190620
609311600
228253823
945304481
169893847
741888779
591431946
659298407
880506944
319570284
791315669
690505506
792002656
650934505
718668382
787488117
195486991
783832772
354022768
810224316
577700083
30286523
965040299
283206225
496235754
307256913
812919800
963540711
900673979
67266897
711896621
502673914
437013218
284997118
205991631
345491581
536215667
828381746
819899217
401572671
619678682
554275821
518770858
207769987
589966354
184052136
476304846
847379207
983397430
206004111
304950381
705573319
583722564
288541669
790582941
37786521
913226792
176613226
240241539
146903981
902522236
496967191
95868229
490727555
696541008
679476237
840233896
187578579
75521223
455137608
469478458
265955458
790829290
132515209
697616027
147301361
296352606
174991282
458132613
120293673
500907471
425810109
84540838
484418299
262073096
343522210
599976626
542662846
781877079
117568174
573243454
337806353
700294347
615505497
47020803
512600563
187523553
355252095
604755012
144311660
774757044
401247852
175633166
635352912
819752348
352772653
160034559
60367225
20207236
821364113
557678724
923191091
227762274
946891146
129654775
858924863
814882196
706986831
282380356
812154033
905081725
156856811
385116835
55561126
216199149
713447021
401469253
349533878
356797125
891738585
730209785
502672121
344599404
751177447
39639713
724661928
234526186
393434706
710665569
414124876
614040602
118171315
688154112
699448323
814468048
533859411
205391880
767632958
281833621
859426958
883857946
56151043
182471864
638489900
340763196
443427822
226544354
369538324
905902790
672814923
407923252
708734730
295964681
629697649
351115203
652569215
141076348
830490086
972655700
39679924
386754616
965574462
12441910
752385980
91606459
22704640
749110961
474604930
210172525
162056834
609953337
831580278
886303833
687386757
430540132
764974655
907663943
291260141
817109850
809152343
288355464
777728308
943182204
728494664
797065355
574691445
48121633
489429776
396054737
239854210
72402484
505712588
406461909
269873823
999154094
459563156
295601609
369287756
41261894
768896850
387848209
329605182
891457520
578351223
547100093
145517304
617099604
870583569
987645958
841941656
365930272
729603037
75755270
310391290
148572932
468799013
56806530
516425779
217455037
104583748
970031057
472401565
338614281
677654370
159036307
828158088
927737776
879506726
524261683
495869820
305694863
7570684
632882543
671092952
514535976
883426251
566749482
690178848
102016909
201416795
215267616
191574020
985874189
171343741
397254466
208092884
446856868
963932925
571018566
507585001
136384731
179855265
22006911
446760174
712162969
260762113
986056836
431514726
589241661
656636153
218306731
143501173
906487967
852248998
940959314
792007963
122707375
664439898
465878906
589764764
256014200
380745238
325006874
391330007
845901252
956966777
312541121
552651347
339601035
654692815
51717606
985851079
95573220
941619299
228851933
773431000
862117057
915032710
577137105
979616467
836945625
253118407
884384123
195128768
113096962
546176
136303026
290418816
891491612
578997325
281350030
699517085
958535447
997270673
629290889
282202468
781973560
724046209
521605037
496289241
402981172
761281406
295476378
905079324
606199586
14663965
238407822
166344398
402418923
146349809
279604136
193376547
159002243
122356621
216514163
717086963
629268960
945539013
40908714
485492555
67954479
73634466
881825698
140449939
209287289
762111594
498863001
181200670
778014420
71728624
862946191
800050080
584771850
844575697
141494653
303755124
736840660
88399535
185859665
240781288
259371002
881268104
836312956
84123033
641850032
107424339
935064967
684324558
169656192
719726648
741264126
765378479
432596835
745365452
864794678
74371487
670326454
629285175
744029729
78777964
45736050
123269894
125782415
527373150
301478183
691809214
601352896
613399917
735811939
240970106
518657017
206702080
968819245
635671601
191332606
184693095
135686157
978447222
198324079
697717762
21026943
117660272
593108120
712875801
628815900
104422442
150325896
301161973
897990390
580434820
206902182
449982177
337499511
37932584
783107086
793081102
942906349
539645753
99321829
759326594
173011905
746935894
796977082
360898236
159527303
343669646
294008630
666959703
454499110
742446100
218903793
575856026
88620854
646699275
69792842
537374640
617449403
700011322
190124223
922894336
835349755
591510120
183222804
653121489
811994572
642003614
142681214
167844048
212706969
875302968
623194698
82198726
41674035
968233209
997421292
994634208
993271930
130614703
709888800
867785364
963435763
897887721
89203378
516949634
354878658
543443142
330401181
260540127
652825321
920744096
831343743
97004728
25914341
749117508
640863715
538958436
359302574
901069401
745096797
125196617
912165796
24390304
463922843
647734857
619320939
991644157
609617834
43202863
466595561
539505587
641602917
972603455
220845772
764468469
345141875
748552678
767416386
998747207
116356751
617290521
83515412
228160434
958590165
413025716
48932247
804677820
569472192
608624083
262444502
544632422
815780958
614624564
633761487
775669951
108950934
987880024
358416843
423819819
78758226
6493377
522718901
530014428
2524988
48959440
483716425
777738140
835359865
269392329
20554811
87670990
379532847
608842853
388676542
156008870
131100863
122263635
228326582
230898921
30592080
930679349
449958196
198033608
965778509
440386964
548831286
845429526
686330265
910678559
914755352
594309795
650054630
221006032
416197392
599787633
658963966
703613346
531253951
733237720
809489481
677957138
355426041
731981520
203318915
845305282
878596955
385815931
663932812
753329446
353727948
24922496
126313030
523972095
630441693
237804250
464385709
309279524
220537222
605881507
294484668
730414623
424102809
654341971
961328856
122506128
80674779
904006013
918652127
599712326
722751215
13156010
597341922
274360747
335692300
620591366
32765420
351216443
366872031
901474451
227867106
705206090
278149501
33176083
497236957
303361161
317956684
105594421
575311615
753604071
767496304
521041544
820593638
694234430
199750121
29878146
601049434
626664064
886740049
652369709
880412795
348473782
477006105
118644513
719144546
648046787
257454993
346579304
217436090
279376874
341406740
693199281
173403132
715771194
412442666
530289069
768147264
290476525
677974599
884041786
618406333
679574212
743579765
443943156
72675830
793944765
654210236
812566338
106294384
790360988
720316883
436082051
32043175
457124457
179925478
204296106
637906808
845124044
694949467
952586587
425857113
695062258
916647531
148815736
732915632
425921718
411424788
288629119
765011074
712236124
785854289
770503617
325824990
223917595
943106320
633151088
411604668
761283883
24345510
702491018
331217969
878784252
530070056
961873926
609132130
397981481
395128618
783843476
510574898
229620437
39397523
955859068
238819080
619001298
818608192
500644347
365128825
817795631
12201709
98325834
397783281
329997535
229532436
167887495
127172508
760181486
697723398
767407238
936916598
475492327
53891365
476072460
713703971
236252774
717727164
187108680
347244847
554684715
11473255
133122253
225769018
86731991
239771169
958517215
460251695
840224051
172372417
883346533
301526639
223764429
759025572
375372443
398231726
443549757
883324332
666708051
189936445
57139973
560662733
292762542
367367208
47454124
637840241
764800501
382487953
169964078
135161919
421170984
937209900
857560788
708781965
77699080
473313323
850283617
536936425
412526286
467658746
705945485
53344849
487209981
569435758
647276234
983329282
57470423
253111154
686954378
610979531
804971700
416188774
520490500
185303397
703042954
26766682
787495487
898301655
649312650
711720401
312073196
772823306
464521246
988190975
480519788
737376843
889499400
934228558
35539671
880130095
819319596
445685855
343424060
132798119
890423158
641295060
767169364
858294596
264755289
24270721
40104522
360588709
706788303
234585160
757537580
800124900
519496243
730737597
367080960
303902493
496987431
547772965
958244196
223519708
482045882
113538815
892737489
960826552
469327710
410162292
929531940
727432407
518548469
671144961
713713855
948319222
205285660
995285091
19626200
241568071
846222809
314902341
166276735
103201083
537121963
198144211
936906909
10853348
601147623
557134073
265666836
506705662
200496735
808646450
4520256
752275257
947361276
681006238
103696393
508253315
540704572
469851978
159901069
141981016
711600435
830261121
455381891
20824288
772693720
356349484
554738491
836022184
107334705
479458618
378257632
921815482
821933449
965199808
110335411
970083144
710709479
205646076
374631997
855612541
666946195
456269993
410194652
533647681
392262419
832967690
993343308
935602088
322837387
24609952
261733780
789631507
550988892
762472796
760705700
729400935
899385609
434340209
257211643
424157008
526176301
856810538
380390426
127912512
712612696
529709700
203541505
995931573
642268042
131654264
298306729
815125438
430489606
299497012
150324658
644384162
13538342
889846197
199102212
382470882
187563744
649643980
104652543
241049432
347888166
674480256
983580246
960948906
274868878
482525222
87877646
607628537
352474733
861391025
661898867
473307945
195884445
990459891
956127815
138785241
213049297
403851864
728087015
5244504
217955570
42184945
569047185
658960835
830312988
272266051
221634708
425973459
719185652
816361857
212111884
294730645
78044814
960476414
46081622
392135130
991165115
538112721
245273911
617597474
287755765
304096004
980492612
988405488
998237017
711425685
366398134
922800907
764014445
994169071
277467170
40013209
819127914
243483279
710175530
425484314
818817151
878801833
168971284
647059298
617832486
42266145
884629390
94223781
304891987
568167558
783914412
734496519
82855518
532109880
314491712
335866255
382507304
984415868
622426709
519894203
373780004
263371644
863623462
413657773
703409075
880691908
765672833
88429556
801078257
950558717
960662206
25696080
418071254
596201426
758669069
495182018
451906746
527428494
52965174
42832838
408144580
129517055
984586868
47377323
757561367
186418282
579793536
370932101
746930327
649224369
724847534
218723439
913096890
932476831
426372413
3234224
207122857
563062889
176516611
189142742
921982087
626145024
535950167
166235795
165593943
335919229
85167382
90170203
3904455
741215307
995497370
300628961
585732485
386196875
559840594
291231018
882356601
315122258
453913412
716768832
923014298
452165478
902053460
835840420
372172481
152211496
300568409
997148616
660915245
530146141
685696220
853643843
608437850
497259134
431020487
473324518
963338311
570142290
65374019
394205262
187874246
581838826
989571152
167180502
336925732
589967710
133403088
500792918
589903491
717250104
127956217
734419536
368963568
724220816
620101215
38928558
719990817
309032773
929710874
606523435
99309887
535042413
442456966
646565514
395539310
720417386
275610827
475456918
212962359
305420790
858068493
374768982
3672961
426267119
923235046
438175255
939856603
290558978
202897553
552039336
124043973
484504336
912480077
487024172
210404531
66590356
170494706
252625624
650956811
27350611
93005930
988753018
880805297
849641746
211457833
420695780
318732723
390702554
833343522
773850507
238925220
882591381
267387201
436441932
942685345
823594397
93020193
978295823
717351867
471045257
90621258
961433205
895642379
122958875
987008889
349020406
393209990
97042318
368497151
421158291
523592106
32997166
748715626
873968961
153071154
37329883
914068330
788888055
544798439
680509598
365877006
716797574
334831860
564315657
656714572
173894247
25564373
316226127
670320132
238927182
658029243
770974311
551589345
513508122
182556300
155271277
832608323
783322900
106393848
196277269
291567817
19696681
736300365
393829575
826257317
780780671
647647811
828658353
226078074
794450794
554618721
715709941
580453366
678432666
595900876
802097005
452026622
354391523
731972258
907832430
155699899
879528478
957936166
755612488
792648487
288530015
330108226
191532826
485479538
181426009
412799807
263233725
666351533
551181189
966380433
825784456
900731739
968920631
226639200
500820409
674989703
516521206
185186008
363327938
821974232
325238136
884903263
120843920
142433636
99877183
360755923
637478738
570532000
894260983
654890489
890021983
801930893
31048171
120902676
359206010
337360365
883329361
15553332
735369260
552081149
103626268
908077285
261446432
288470474
205922897
37771692
56567102
546752174
570848776
352986964
17365605
566556765
354561576
189705598
248622624
140499840
125685492
73214528
398026171
947665586
793204475
515353750
142277559
336748777
173826428
492864597
760084981
286879081
146549990
120383639
981430510
154158288
81580741
395094690
654674280
888101563
197979832
992831237
454927776
514480090
961034085
194016919
144485238
4721542
768301012
473625803
662451081
245159489
582199688
912479324
141897401
633268414
543248657
252066996
244513485
721761802
592694314
834174184
74531924
929317893
773733259
98336426
869431993
77053402
102581748
145098154
374501629
824020214
111631294
923497819
782784762
629425820
267023553
52562733
162859803
298619910
330737468
353919813
505195863
747722296
834715586
317848197
10757143
592067952
231796820
911040704
167028047
678602423
155988309
786591510
228779121
849267234
890868294
717494742
987429885
380893385
311768457
843258342
608208305
569196882
693254383
189065620
324143182
169121938
599908201
527750825
347933703
574266888
119958540
560855883
315073015
612847877
193231981
427485101
801094539
585670551
315363449
355276934
123935160
259484359
825704362
101792230
487734416
96117661
932881847
629951946
704591147
82893013
880403659
862580693
979746323
812471988
898074489
708624864
798216294
69176069
156364731
535616973
300177862
389530196
648401848
444698047
832560219
84110102
283249628
980437234
834221507
70379392
349798137
146861234
509818388
964651276
909907414
220921282
489712730
868599999
313508659
597692240
945036886
346130600
579030106
510224748
742329193
260363260
424699724
512645708
818615001
593404717
405261415
245935976
373261432
199002925
252745758
923836573
424492514
342533373
333958940
74918143
322985050
430987406
544380335
910772608
406000821
214224691
973410224
255052562
395295921
721500518
506923364
360347096
905556172
824953939
757057963
545064691
55029515
816845857
417716487
122278112
546139188
20155214
833712022
427369759
967082359
640170551
96914393
890113853
182300006
837497191
876250457
508777391
106330311
357966754
820292489
134125369
532061295
962966971
453209409
906031195
14650742
881018621
391499019
293290691
193991188
500360328
683927196
538220642
611964070
723468618
749463745
347212421
110462877
180376094
380516713
904725151
948825033
184937811
892675477
782963371
642174910
684739558
741848975
573843398
133075915
643623817
441146313
862888628
220470596
735916663
683052545
395443188
493637582
665737084
162360733
759434370
719949453
755080298
172087882
204792172
145153465
718780924
802130115
845667309
782926182
265325519
297026959
471478808
868335837
273078988
693305873
150265508
757278945
225761647
289101598
739647190
674667590
534628221
451047553
992103263
397646759
381751179
548061152
692848369
52117336
96342118
951612947
138335124
603259699
395427083
698451055
745674369
805848249
465701619
489618808
193735807
676935613
374235489
523790773
196068743
609490373
484575709
194286150
482261969
471375078
334383836
830130797
641406690
628734740
83160241
402404976
2405539
351363857
135450853
298610024
86554684
175496555
72829806
713090114
718383419
157623506
588617661
497443558
78978185
896748073
785972096
932770909
473966367
541303057
673321780
591314376
180370250
992081409
859560802
884436746
937710735
741858589
649135337
565450584
90636637
415597416
660733570
889797729
258270866
550334624
1805112
718868711
223919285
296863906
339261356
871776576
866654502
855922179
473722478
393482166
942875891
36636352
4631513
132190635
321851150
997922798
102067318
302520951
722375247
59748870
365532391
63267843
171334623
988582193
485235571
981297917
897256676
173652437
552169127
28221516
899172285
302491816
570654669
805390121
557964419
720062096
954543128
642783978
545876142
846607595
428578961
439647233
903198104
49256965
756268820
487623901
9883951
131799577
551657983
720467536
858750330
702299635
904606087
724046345
456110478
826057673
519784169
695862201
401967633
459946717
905155824
671068714
424152841
336110411
774772404
892254359
970803484
633426889
638561774
796203341
241357945
143350719
354384008
453681749
450382839
442887577
350301095
914300752
83428219
665116229
937069916
487655188
679816688
707770481
37693412
583302797
738342035
26191306
935331446
782754295
478247535
755923930
736231517
338112690
808093666
810820951
713957737
282278575
668800614
60589682
562803824
506477247
178543863
97453810
541811326
367277917
966771946
995822985
614589500
486981926
96075860
991687507
855847930
769289362
66162149
60497052
938093732
4111170
248595577
210918275
573731062
58338704
5257601
143911489
87696705
521526833
931634391
798695835
958904305
30527807
671390916
380041001
827138545
364029676
762043470
757886752
68943311
993133110
357876101
64449814
337533045
108435869
221278048
567330012
988379549
702191474
256360282
721613335
184675579
883380487
469090844
505069058
206196723
868233786
25318046
105228845
516642817
424630420
539248297
725663104
378807291
280703775
468695740
947654870
646505291
315797003
106048203
930362499
229684140
88681391
315327233
96725804
833005672
612402067
233072219
997893929
59316451
348924046
394621159
680091516
711667178
345201602
620128324
652816621
559422974
326559943
709470658
517620844
947877819
7702592
385301598
701789483
489999521
233285284
682791675
964464283
194802280
174022068
332854110
191464927
970050166
219259490
913752825
569750750
985896849
977029006
115249726
407065915
865326853
414450887
957070841
710778370
882505325
521822888
112396462
623320800
461806811
766900200
228341642
731970171
170892685
17579860
789471257
187559636
423614586
370163919
528599240
602353374
491619214
692963922
885222355
54494133
733875465
910917274
296626590
899645629
443932509
613900886
862994284
148995235
679862545
230790355
243508952
314984636
622300315
207681120
500851298
504220780
155793401
114789680
149433323
155267661
664336606
114921635
207978651
887507921
535438748
334585288
463809131
5005071
844518927
912598112
102268338
250157699
598879248
893966757
22033844
650465795
369079928
752813522
924395628
268024917
142351105
561531294
79392734
355732248
860770765
50106265
804545239
660617028
359863823
140539114
274038746
942546739
307229668
468333922
498038685
507356502
886955682
814632508
22108336
744203249
62847344
362130504
497805000
418329650
579569609
200441655
362294045
151832745
924957920
172905012
624540039
47332792
892572083
71480842
321330923
192265511
611208039
829752761
270830107
432068872
615786805
557316821
735704354
430591332
773624935
391685701
515167174
508131638
944618121
317756292
97411648
306466504
277084223
665118729
704956828
385305713
309908449
128369817
395876878
298977202
740102204
324306559
212354483
941322913
329541290
164929438
536337337
479927732
426080499
774221566
789451679
962298730
557502232
289180701
827444374
671785202
361841609
125887719
188204018
789602073
536126378
88755864
940070127
206270132
560504858
893718140
220548197
783933074
107634710
684934475
739059220
482345169
48094030
309942878
722823541
649940532
85799781
82673223
680430419
424296473
506922279
18904935
326095832
314584163
716400237
20868452
560061539
521258656
225561526
639849297
455085656
802858558
587397176
80153651
367182277
549829287
35534086
399096437
425494828
787807427
350330292
232163001
644419815
563741322
810326118
836664634
773371736
291641534
549752595
73104183
828234950
579342073
95335822
878322052
290060417
561578151
247029265
107133681
828675586
523485233
559363807
483248268
285439269
20347086
441244187
990879254
424847158
854675229
185030615
30340843
824274629
103098472
42457450
799262360
947128620
289847656
410250133
829886381
824304712
496604437
645520221
455555392
255407534
692141310
988192535
129420587
274697382
457115856
101398024
790542094
55212239
193574750
976552948
933241256
504106922
497578618
638349900
110727900
377941175
61766996
697522475
640158777
655457646
931725380
463974961
185252590
438213390
300812907
453569143
500954689
970130157
116723802
424865033
327953905
361260534
410700507
629691402
243191669
863891236
435622730
64372379
780807312
127677403
514614570
454359593
496173081
766174328
543079997
527077955
83807691
832002378
734155845
908472061
458345959
393822262
688482849
683309201
419338774
650943553
527342909
19056956
43680177
450418604
952430820
614946057
966731613
7965274
656553291
394786012
41833592
914257028
234258035
749051658
915193153
915932548
258268882
268370052
212279184
538202203
391477611
224809005
779752853
639300808
965949159
698718336
233152198
412222000
196970695
890691721
64867244
609271225
391110413
97643974
790228531
227242694
851585332
249453782
349129816
526882462
42738021
753523663
735776355
937211105
363118581
896809499
985775314
913583958
253129451
384515552
449906377
739769442
850260395
633544163
186932339
132979301
725185682
611006293
441650968
953821373
633027235
596471136
578792257
759282355
710119829
182725463
461233028
753384445
724631019
505236798
211606931
535084653
356516356
422091316
98998404
967743921
89969517
846536005
221213632
286720334
943654008
566177603
146221441
433882139
496282514
306530935
460270422
107501670
380435468
244114522
876250215
691974497
473815059
874947277
672487581
179125405
972900830
861738837
932792396
182687201
490452895
330148761
606944641
132325620
710666077
580954664
224044708
589034242
380159425
695378650
810917258
923212818
862254559
169548490
37988169
83603871
284871474
444692483
800981946
312370445
838359766
100040571
950972668
519768973
490396344
632413776
480523015
827127457
260187405
93415285
887956134
300227522
32488139
947494039
921727154
771092270
554223087
660724198
919694360
777291000
351058411
91300489
908925479
53109320
494508906
372723294
347392790
375945294
673310417
865402794
540498092
987897746
487973233
289078220
668234463
331931867
513218952
532874812
401705134
58961914
564494165
351067288
630721438
869165235
212811521
69908799
962011914
396103208
889258433
471043305
436934900
893475773
417103124
843564874
486912737
840077906
103845818
678163216
26598732
969357161
428771447
85258595
695630314
760116306
356765763
917876809
379638557
13152288
952749234
632606631
849849691
128568926
184181355
546668438
437538146
761256532
429062232
489505646
871708318
439475834
112185376
910940897
898291181
218982929
458713358
672211017
914785532
36872201
226501650
915422052
779414542
403133998
25464715
608116895
492074817
613267520
670482638
56513147
741715513
507235393
980143742
653924991
482787174
183409179
143984042
652069498
178697233
19411821
389853221
900498162
733393119
587476735
790507405
568157296
9671028
741358666
274149804
144745743
15430726
972783285
634171912
571788285
841915098
289610238
226400948
74940974
118184863
691131699
349292988
984521506
710816838
536845079
712272704
907531126
582632032
591497879
931046606
656876403
721477983
594406324
703697075
385976366
756756084
533865763
487988385
805083195
717423000
485202468
503767796
996483480
459378918
645196188
107865686
898136420
748264390
827843589
334060671
942191174
150262585
978115631
492132891
707630891
84454575
293954136
538596923
625579529
903443420
469306578
548447259
477440276
284800616
831456193
362784846
996838573
817719443
507302556
285550063
17570938
593153981
767491971
27935468
220619383
171571561
119046590
329338359
152768538
27668410
530633169
566317260
903250142
809955514
768051918
810643888
65893630
823272218
298820250
400182944
15061334
836619434
308271498
686136251
688274445
502647386
782447717
950688354
950079584
297743374
668421645
852399939
973985378
268570965
709884583
968292130
673813769
405943641
868009593
215245104
298243273
755165157
618129359
700348248
177405232
675279265
245368822
249230415
990394857
38987101
753267434
651627621
95169757
193921325
729461602
181438110
129654855
802875529
362258141
820749376
727163897
183376515
42966443
1837043
969658606
50030170
993615785
239238685
76334298
256998152
469220922
231008668
839492904
213388465
174836507
916935127
797403700
626326586
273633784
970771907
601400862
824628885
735045305
206607011
396216339
350871673
180952591
924576962
432496348
532383
50778801
712770456
341312146
39440739
484522569
985833414
721060410
888812299
909116048
230018832
94597538
272597172
556386577
239033422
756406119
206252480
878637071
744186106
432405093
898286574
409656788
834317250
488742788
811371206
532173234
398868643
674444023
527831304
822445167
826386040
199705102
611087015
962801626
873321757
898276585
3836181
98332042
557854430
652256420
68658686
204764948
685325469
714281417
919288474
610775482
349453893
320451610
121858863
829877809
624069913
426179481
173864985
493127555
916819387
554773715
75204625
956072267
659900433
870419353
216267143
798856340
953647136
851542260
709649012
119450173
867868353
822638162
677731281
943504776
998611700
675474494
596872160
478325595
871429800
385097715
979128869
892351030
153967010
27586587
862174208
239993256
660493227
129161224
655504575
563957221
803875174
654556246
868573153
140371262
768944306
754036025
895881548
648076475
281286113
448767339
282042460
575382483
322860211
879772068
249691803
95939538
588444718
471893049
505424257
568560752
796081567
610288716
769718030
467552121
349996257
125086131
182310931
930079672
348434004
879649480
823007049
291290886
259025892
124519001
575176988
424075371
451884256
407587029
544758965
963146730
164624339
808112332
915095383
470461278
538156114
164891750
213269247
399304789
66734691
572880585
15837373
263379946
567479847
195636584
359934903
296430777
710469942
458121433
812618189
957852187
570713756
96277297
579113913
806230015
836501058
949028052
495233353
110465367
711437786
725023972
521478386
971698519
721721189
661645257
307726954
74997671
183205397
224267375
967889057
863706019
931076849
302979661
397587635
517761032
118263591
16652694
6111424
107691323
371902487
99185760
591561129
51701466
526078671
228678613
396788791
743650061
100776349
86312464
172596021
175723841
760907496
293572223
614901858
280411187
98308653
361220913
65124961
877255292
777559209
46324907
832990154
901137447
121100417
835183437
714932996
793606949
990509828
664547585
661066151
154278758
229880765
245025402
683000282
740167913
394012952
498062835
64409803
736879649
478932446
195631538
311474770
162259087
545554662
722511952
208351800
411803344
745939029
518146508
816240825
474456641
125842707
160543349
951355139
181739333
982088951
91326406
481899851
239456839
356390529
38287263
541163865
610001752
439871939
519522005
645018544
35892158
620675863
226875171
835553464
470005935
84126232
866529820
411431690
133173342
747352386
825345781
540797626
981021773
804526396
401945609
430538057
184864031
539942871
815748908
25448262
20460349
211778330
30287630
616576688
833630974
580581788
266571032
594055137
113401773
633746577
321948241
815227332
952655519
491692985
426695671
513173671
86952977
976049694
296933384
118743441
58114582
812872446
554627695
480847589
746247255
546205056
222238100
961029350
194151520
366803475
387621977
421890064
267092058
82696465
173626106
365658509
871065075
487838633
189534957
876484267
573814497
711752942
68667785
166015019
573557211
427693528
602999856
392848911
422295710
176578840
119289424
761349863
894397434
735921996
321535527
760107902
387433773
504619968
191471575
124276014
696299031
764676436
876769958
336524176
451961614
485095007
105597916
357699376
535355473
357443921
183869713
673947308
876111223
192893667
571232018
5087438
149343800
387328635
486733619
303821445
261772818
730783265
491710443
324241856
362606655
861797695
344007704
553544529
827608692
133226488
870293015
315214281
527985556
555276649
869050728
307226642
415300734
679131038
272965366
771126981
717375109
257066796
178901403
890414044
762457324
34276786
211214152
781495150
991459979
74461989
834481513
912824438
327216639
345293240
161021059
216089904
725475426
287244360
838364187
538324602
838053498
431816163
307856816
747044629
660867948
822892430
729358160
48498847
770943361
422617679
980101677
965275577
618548604
776679685
426598403
822065412
349614922
335263748
350372463
756412750
207480434
94092710
506749757
560914501
649368946
427038934
492773351
44867797
50342707
710598249
301335945
502570299
555033390
847653003
614362805
458415065
634334793
818796354
663316315
153922114
950655577
500467585
818755206
55870951
760195585
622623447
433735504
98709047
942020588
445018387
339726030
508275199
428080620
314667952
291552029
999015637
755818718
743080947
925923731
905282453
619157255
996179089
852297862
277210056
690341615
366029500
206566539
329710098
41104291
558460653
752200938
607751894
925237813
684000596
846248929
280454436
126767114
122510605
34245255
346297420
921211021
458413195
214113315
691903112
886984774
146394564
391955449
790687010
589149797
178161141
145705407
493752587
569545402
816614359
215942897
310331101
967400518
527930034
414485477
142956222
373719723
831844782
650793122
773058713
650570889
442015023
466852944
971041800
461800414
447461636
806797571
414434403
472975585
115075568
615365916
966454713
811768810
519010108
709120606
914603532
971797851
726614723
966887411
750713615
210627792
973203083
793634490
471009381
190111827
104896956
910329010
386062316
415306259
821864472
725097422
188499750
767001157
202058289
430161051
742812160
564583352
58071588
632614909
6364420
695866780
782307410
313277596
886395929
238166414
938650064
330826519
344723046
265562922
777671882
346213777
785634069
661707190
294644470
715967759
152000621
403040744
371520331
27293990
431947651
612381105
212499420
798696609
995313379
886775713
237142783
822126214
860350797
890584526
871407294
399652793
329904096
401531025
869295740
144000227
305178976
352865766
257696262
366086357
601650239
301312181
203859691
584953977
348990692
189441100
143036589
715601894
378600321
406328242
82875533
974587025
113156926
953828474
493519424
31725577
968606105
135213017
913956033
762268673
87507379
409489401
826561448
486863000
24535033
292563609
167172019
810751794
809599035
748656731
721342413
315186224
173473859
120928759
626805678
210506904
181036052
367688416
423147939
820676041
599086333
821219600
934209955
932252685
248215790
202167539
311467500
778286711
780474842
114726550
489356218
679374483
34210881
129362363
513992429
182091846
144691934
170655933
646217472
851254752
824057444
49188328
864679230
159255150
798392768
14877205
478703949
469183081
618927931
914164850
26630883
247882256
635561758
832935420
686444497
359999732
440911960
406894111
359334536
482421221
996590870
371658200
541351482
425886148
233254585
723044955
595992777
773642905
163721858
305500134
870870410
13048483
642373673
271804760
721475686
848130409
94620052
686127589
133618734
395206161
555239862
72150415
738296294
547092742
699370228
696123918
523490938
315280286
756335815
146525737
606567436
360441686
468222220
472550588
402087485
117373989
173665397
381158283
285684813
931298300
119232787
978969386
718657891
431196791
729187805
420443163
672120519
356064940
790225289
103304019
654550780
892975758
732083524
439054475
877672498
470154966
362036462
372553533
487461483
503214175
38616667
313726103
444386496
332832604
113620577
20154209
520365545
478573609
213864761
421995651
191057373
204117593
697209716
161766018
470501146
910716633
250114150
130690456
814174658
162808721
423040240
538726697
656209739
618608055
178761706
755711585
359118197
351334199
582192684
739344903
879057261
833491704
293918618
326652530
591981769
943916848
728455469
224348181
924250326
942510265
141805107
193045911
798454522
817734919
446795656
727135147
831723542
962965389
297919326
366911516
772507794
211911585
473086773
146191400
101504730
261178317
624328429
768155031
137726688
787089752
48310785
517739815
701851035
224262743
998289517
362632526
158319470
216813088
718484275
954283329
960458091
564456053
171455339
68349770
961589580
474392396
25015267
697583237
606900900
576747849
563871210
993882038
623849861
774768054
296132693
809436976
461203196
663739684
519000991
248374479
710240372
607583881
235277705
692745012
691028355
272732503
77195902
422782300
216199909
295036999
97038622
893175908
397720085
43058599
229816749
305366365
456189815
492567969
769688294
334638835
38559405
778893486
186031133
209643642
636899596
511881917
318887140
857660981
621558074
390460587
644113080
944811969
914197022
209734359
548387742
652460775
395047063
642390990
127325456
2743038
325288723
960747786
558912439
86268857
270271445
228347703
313460164
306265338
238209279
688409843
156020305
460319055
849695023
500063888
992273617
112196130
420530312
650810395
42536445
420996415
223779985
246792901
855853713
445780968
826069739
595876384
508650634
676550861
985284282
919232023
971427058
588030329
238036432
990588954
415331849
359278211
671692299
646719834
37916173
336989969
404612751
608776699
769210104
690109333
928752544
611093211
666992325
693275742
451001401
727425518
629229458
875001250
567263836
875024173
459712464
355128030
42577785
770850886
224110377
83813344
669407292
103146139
643626631
567787616
491568207
978838823
33002636
236608959
701726448
705924017
266948077
55568698
510681883
261636514
261083180
439856351
450997782
20793310
423644029
989636660
153731808
297295654
353769641
673708735
917968262
915900743
287315703
855148312
63602128
419520974
618036865
817837341
677969816
944396074
303470403
786109728
36654970
97488827
876305358
955542502
77547698
954776775
185996665
688241439
352089624
258791045
571202840
458390738
422226693
705578345
48750528
100378869
724698465
969920190
294155869
300580555
158778001
944068179
857972612
532868901
820465558
956883807
795530689
306539984
789322861
828574636
246613402
892310628
559014421
941544177
769005113
22651666
485637892
442900835
942135353
781769538
131404540
485447529
761673026
473514995
174358891
765747721
357275046
409960230
901411423
371115284
434352367
886189369
570952109
209237016
106410475
391086562
313870987
240369705
224590879
621613497
672700134
809833974
610456580
869405557
151811521
518528351
584346933
680827822
137160704
142306750
404929071
794149141
375422798
320046436
645912485
437397313
7099923
532735418
367924067
872365545
419091429
923534424
113283588
254967533
153228303
939028672
848263797
454131031
124851889
1016233
160068966
83843091
737233458
854829545
807920467
362785031
140261289
645038200
117490491
589523049
790341206
780101901
548619328
248570600
537051731
253065269
826868487
878142851
4060084
949533987
618057316
336325554
31582734
311721074
851751106
242086775
123660158
360865151
756742863
991877415
146356873
266490654
570384321
9662964
252879420
965848544
92658378
810231774
532470935
711433427
609967048
447035749
198814274
474706238
942507544
510252361
407517145
485419738
708108067
597891463
629227370
13616470
172696718
483760074
255515919
937383618
901016955
707262383
14785012
157463952
362925495
289902797
830027783
82113236
916299135
297720272
24803169
263039628
458264863
111575484
708968156
207478505
402200215
475253788
853811432
438482838
661600400
410935952
315920349
351238204
531820615
353139416
987925172
987478373
172036817
812273555
428656770
551074544
974292282
137272524
187875737
500561067
53860765
319112495
783915649
570099391
345625571
699867661
272139064
416858530
811016597
484701031
981545800
663401906
727126913
46443095
804283265
275599643
195672019
162229150
706766309
72695887
696567129
755594957
879820641
753362478
143200437
939443576
398199401
253536591
165737900
669804069
694044421
3929235
654696395
607109804
586430440
121366642
310583287
238761242
39164816
382441184
591934142
483229461
971028469
568968383
599000174
547719213
876744052
334848837
27003462
859371202
829567887
203267884
290300890
519004079
372809909
830253557
825906948
836252387
686878630
976005499
744491639
308710502
612318062
919397628
642664981
636758261
770905950
485210528
861160349
244267912
834334545
506321316
836300123
392200921
366751295
387926643
73870292
187395440
251699040
994290313
83685139
588060338
113989049
529932088
821421594
967113233
691479472
104873967
36520083
500675477
789617735
707596675
810166816
185709488
151294620
322214939
4645187
409588693
68481528
608430099
299854292
427561706
675461924
320504320
478531780
490807693
627267803
278876877
568371114
24605155
833459619
409241040
620851532
662754710
210303049
917155993
617247009
114218589
845568398
703527345
223815506
150018868
676883926
715568488
215604821
230217686
536597700
483972540
717438176
990241769
761088960
984837637
848164864
380133962
632600265
222515402
653729627
941934013
650253892
367814029
401802333
185260586
562375732
774705574
647807246
295924808
729293196
994980269
968786056
686029822
994131530
151020896
214439691
30512675
150911958
40426472
168740453
226448374
199854326
435701347
564602239
23566317
950775101
630790047
528695695
5275957
621161508
96402042
927614326
815479982
4046391
195837079
488678418
334683525
930944592
266516636
965245283
494460099
812552145
433078586
940205300
170280106
913333828
749416680
851496988
427013314
696723372
706267415
93751953
732635927
790463035
596869808
476184597
196642834
301903755
520518574
536118717
539872851
448953133
684192519
150159891
296670889
586702452
726708252
678460171
726485208
787488256
8630733
2879693
403225758
811800495
386004951
370858613
350251119
810655862
547218362
940220962
60942558
356612535
509753255
243892440
388199947
494233567
902000702
671177188
608611932
814071184
522801139
521314466
632032091
35658146
296108774
667857074
616382303
268160004
704161773
226643043
143643219
562885232
229696456
979895545
791976918
590446827
958629589
175848471
172576620
684265027
842965720
655283413
250704670
44939703
595741298
678388254
824144181
78422807
857652904
434860901
312773405
363526027
15777348
291519625
312832968
657293310
324093317
302415096
227195519
491864656
973642528
188844708
38192074
455704469
917526538
984148377
547387754
223207805
763175247
861447380
728653196
566548785
616011315
742013627
760699707
929820011
535737015
785708933
996989436
633268770
643906353
101614160
42452806
137569179
570532598
442088213
698046402
244525097
201414153
220161771
712954193
623989933
45306834
930143273
271216431
333758542
653110787
729434147
509792311
111376478
419550778
84082525
719853193
158130389
331765626
600290042
424920449
42320510
814871442
988510322
895360058
271554988
274473537
738596778
906039539
955600252
623514687
984992851
622324265
388124946
133885837
234999278
828264469
868901703
46398878
851599274
326390056
735380941
580878508
482316507
28549584
555858852
687261534
161432624
203000753
995775351
97303930
508096022
277900562
436119371
490858930
326391513
656613538
94888155
571121969
24524314
8036887
912959953
542617516
260922303
454264185
953903761
293913429
551675732
383383601
741240855
334440451
235689295
725485806
974204283
665897881
412303553
381194986
483753549
101081642
733405512
817461346
990705407
978685675
169833413
558015365
720113031
585640570
894930549
873588044
189944463
374873734
122109228
655426122
805057681
535321636
206750498
878452037
828497977
134110664
791481485
348994249
588603869
939105032
944281866
241283035
318521496
925044532
349049633
311732463
408010374
692146204
672679334
519355451
159283167
83898428
699243634
902454575
821070899
135972289
336053168
742395968
581292586
8534411
979096145
915148820
547688604
575893927
845618138
628140870
960651967
978805663
335516582
196471973
639858166
744250293
665778740
469653066
551643840
16983902
306700192
689206881
81420888
848150282
829857551
764692917
265972211
892374121
987731098
161270132
451278604
876075149
651217426
193421498
255721164
469160646
368286971
683622890
685590163
44531865
245160008
517510870
976838716
37442080
775872117
698800755
252587871
371251571
13692339
542930534
162648642
393625085
495267252
77194974
486206078
876119260
631197329
575740495
401067896
397481074
597784181
201201050
545278057
661546301
784097947
743376096
615184771
853539200
946323471
311916751
494292982
577434164
407023269
303455828
94885288
74463116
738881324
606014060
229145337
678664639
582096157
378791681
391130538
526297532
727801772
156895698
944018221
176286142
830919919
697158079
341401453
689722298
163075853
10599093
566146369
379857134
994207754
368669991
881199598
509259947
746813695
386921535
935740203
534185527
374444848
937256633
230211278
127048266
450348273
908504953
624936229
633998965
855615896
500714295
702138194
457015363
861183442
474293094
889696814
768711402
121989627
429674437
715033713
887427860
48923955
31983096
63435590
870134042
965079840
209340087
278526762
549641684
852640045
318304118
361562678
298227204
41622118
39265579
451106439
140007755
164224937
716390070
744320886
786535190
614838931
20131153
777256839
157655110
983939659
810221311
448732018
146191442
748466410
620390413
457951295
316530924
888319141
192794364
737907584
154433524
681016655
15038744
399399781
871159993
458737432
288748639
239628575
786797261
53568557
799191303
375032861
701471644
269959513
801737570
514579517
359180970
246265907
161474390
990650082
895318366
374915426
897962281
370460875
947644858
339876128
424469937
925808538
405182409
686875795
836717036
938994691
885201212
58166445
294676775
992015974
993436184
252131464
413459897
492498195
579115274
552751370
530685453
692774790
545050162
751700780
208430594
549480289
695326700
907300624
905360967
82525088
292249681
936763833
727327557
512901647
213028748
584424908
39951660
625314363
66515463
52102729
731839773
543525977
725947221
745292942
542675389
788964741
520973906
430467649
51637756
712654373
936215988
523821818
432544980
693861607
83486721
553821620
43415879
229605952
476679865
533659904
871510344
936089973
844062695
894004265
446981068
356227777
60414860
748640407
127177069
558332634
139655896
931223373
451269584
681034173
307592018
560827024
847164197
740742506
439266862
175256780
305420099
801104311
753359914
137798698
814440155
790057704
61523054
925090883
437816279
660002586
567994926
862749894
205788632
91513641
678072709
884949306
290177109
284078523
152247724
365297729
473666625
183228108
412413520
311095776
282092201
165997851
366200821
766373419
842457096
990115237
212702730
283051631
308723747
732917147
303780852
175434141
159660443
815921114
559221824
150006363
488195400
656813697
932076683
367771468
239938528
32949414
951922766
102633191
962468946
610704110
43206860
812114481
185748666
545224601
900088065
311485518
838531975
885141871
389143434
525285579
497136140
622114172
474574290
597168545
869502724
59099527
535559622
351976012
81045778
788488516
812498792
614340499
828631319
373499180
912082582
919441070
135887120
817977888
656155454
539941409
408346582
880947201
940885106
452556400
114979821
35696121
75301462
824699024
905387432
241628989
485691492
472332013
890178320
935613761
262563304
484999189
505013933
645805564
307219560
635530721
802215749
737532099
536076886
444231349
876685636
933139934
829166292
558333294
302117195
800009090
309536600
592524269
654419861
509800594
825190248
158204745
554105617
475066483
331276542
392684875
690908808
284944776
964906856
359903070
721491289
445893749
453864788
375568449
811274928
636128118
916044470
407499870
303534392
483873688
46988588
320064761
232065333
935042355
331427495
838373514
308819832
513436651
893748630
198856880
475511625
796707600
870962067
458568597
170325131
627269838
162439377
452401904
78293688
601410771
999018811
544640838
86650868
142353432
884014521
425789481
70627186
564134775
445467004
836709539
402575971
971252243
216658157
527151127
71856379
686540369
291235537
5536983
657194925
375062310
302249538
601079542
260199369
664712847
443635894
608854101
465374543
958794481
334468974
473545981
999859373
221213875
862224655
453584437
183313732
625541213
609676829
836874266
512986688
761763586
620625253
262523419
620860417
294085965
112492038
18265673
933594814
830125157
822474175
275983712
898629655
55674693
678811982
729041537
612644820
198402538
361726738
826723649
815790095
66101363
237887224
462516548
593281329
357437397
472914737
372130681
893274976
998037248
167750468
505889223
389249885
998270143
214030677
617390902
703244853
396889801
3877987
97059379
571252817
456159725
23560142
930877331
717377080
895497663
928682607
590435908
255865194
17179463
117648154
634852326
36375777
493681038
240291973
279293724
379895370
848068190
412011974
646352087
62150121
723071832
334431208
651678119
551316312
421986711
152332786
625244757
277342772
864585242
276029961
848302412
395986343
929377890
968479614
271711849
967269210
384891259
882029541
752169481
730422052
377031123
13153333
348845255
238171698
137004296
926777363
273225439
905203694
141275577
141338837
730818204
916428225
613355956
885965500
130551752
244937716
5994701
164607434
907747821
110380317
877261521
806437626
929331177
880095286
20086519
358894266
274970145
449991036
841713960
24516906
752739965
17188943
37515584
579908787
636389534
372540808
446737658
701953490
59912195
28683836
409193762
31398680
846408851
496851467
970800736
109454545
504192880
556984004
84694177
46319725
763858698
829221796
799438257
65841104
744578728
373980944
297595133
949731418
701321066
801622942
997081075
41572705
969111803
714479367
420505167
845409693
881117475
346566838
745823799
924174294
957156166
529929485
464524656
99541118
712532078
983774092
222686653
352337478
276508728
440798754
581268664
133186064
60302208
854509160
824152348
689019706
598227271
177775999
721581497
413158888
193747822
196739960
848165938
3850991
484670718
639517319
335503752
259861065
583532707
135314680
545987224
699673047
6070796
149432682
956598223
949360567
803173655
734366013
511320749
81254255
419607236
88694380
240178757
694001275
195715429
295461141
23248952
660261706
803311182
984687151
659581945
608775195
264723468
423423067
994406413
577403897
116357695
435125033
182751542
275929822
670917472
603815534
625457205
983699655
44499989
693139913
660981068
257983435
542283661
201135025
890845585
444303864
389582130
224887427
841679354
984604757
446964989
213039619
781575129
330528591
747636584
538690600
320968526
554553041
944892484
600182340
315504108
331984892
876521479
821433471
450913721
749703945
926472420
50016808
520836925
50721016
467164395
154555666
731521052
26226321
519235747
767122080
975414910
36386329
783617650
411024807
301480454
202796431
751542190
838910973
169696120
395304596
427135235
346185279
553349295
632459056
725053555
145063086
581333709
638599154
981050134
341899193
86629123
773137603
873952090
223559914
920233319
199110320
590839368
370556876
327276905
612130862
529790197
233646056
41211165
563574283
903314705
157398303
799832326
296022932
345085247
172003273
391732431
680371500
121644606
545584863
717574130
685011261
364114150
454953699
682213309
529486299
141724244
898690342
282034817
94747915
269938075
649471590
990806637
368155266
96232049
588712666
728120656
602140529
221007729
588926878
785715502
862631501
443637455
422762225
325681973
793392902
748807150
744535718
137390021
584756195
661543810
333224847
821270382
654361947
509993490
258484157
33974515
625430704
670270573
149110314
203657950
623532162
75725133
708474358
115575475
860169259
928084691
437926627
238542416
600175043
220147832
388901733
429081299
227303499
656386407
534843908
517618061
51933638
245560930
690788983
35266082
732821633
846041525
898014428
732133805
139523832
490235209
335801245
80394291
395554828
620900269
78599702
682754614
790603722
941663843
605942037
251580987
418921447
765083111
618489111
565337243
542077540
494546002
813067039
32418567
94247331
395219683
100110017
999445310
734826714
366646310
301332188
993133115
828677229
883988448
37783588
743967844
107701316
820142280
466137716
626832356
966860539
786476610
589234425
677749807
869087777
210913978
379835154
281704692
146773510
674667918
502972035
251170007
26306608
612355549
384360069
635610663
563270644
12892730
54874985
144362290
586036211
759149432
937737377
174478119
869285053
289608161
893165713
451206202
455407610
968099214
464702429
329483127
144660399
349853384
153659546
856117962
911412751
318910105
649976670
467201787
47126480
146139074
652863778
131414065
158766695
551762710
282016284
528051902
261653000
902158067
461062562
426189337
236385658
690038856
630796553
817162821
752640313
738693073
993938390
130284884
931107065
83355784
305743458
298646474
458384521
780408587
651923745
455083749
988740445
749750383
828276903
131249269
496928876
551362473
229632359
286236920
555691359
242558267
859569790
499359278
333805334
613455738
567307375
203665608
93831020
183103004
633357670
696458790
185960699
878296561
99209192
375413338
692723566
90533789
305131690
950131679
869035327
208069197
390093819
953023620
846504692
834094473
449020075
188141771
990378928
884992442
309250964
441678415
18217955
502818812
29180575
567784869
672693317
642377217
907616306
422506956
567217596
571342220
574176534
792566972
679451154
910391920
193830211
871268272
944635168
612279932
7668451
563932951
93213330
484745080
507979443
135994082
518373754
461493359
299176607
496953274
417835168
408265036
697069594
209150729
666047428
824918475
901453467
306175918
665690560
335550350
539557412
636040100
888407182
619946956
816995899
209733566
17037151
982465453
504530605
542220844
422984673
195951810
823620391
898822358
605228759
455089118
876687888
336056095
7207994
877829837
753599575
840980037
788977819
994891046
339972075
477912704
342457406
146796560
63714959
96272558
445932691
398924551
358954760
213596159
910183220
146375189
707734449
116278919
458981779
677909786
718263545
616257073
194867448
982309130
227047104
948757761
417792859
321170591
174666528
316796040
740966421
205398356
198962622
509615667
244515004
121808127
331987106
476044189
508553318
715606452
19819099
990014409
179160744
853844913
131385376
757578177
174282918
21500238
867278853
378858277
322043799
291024911
962824637
170939428
285858633
366033426
414891056
990635740
320012908
335670288
681562397
662943227
355966239
266357638
380822265
31313205
246539600
966516111
79258684
188345206
130016632
153447331
595675823
75173803
151212065
724781719
332282122
848813992
910284341
90469331
334908754
733658224
55421080
813833322
542750601
755762278
549498998
434999463
942694240
867078871
119047647
186395368
99936427
717771782
407039282
42916068
371150783
325666434
813854574
846539187
253578579
907874877
444283202
377712198
943002430
33861076
382069732
912251404
643792454
477132247
126626385
994997024
50700945
234464101
744264671
753280072
169940203
659803259
644773840
320941997
175329581
124823908
722270540
184676366
224634824
477547875
97165911
3146613
457882757
436352677
257832463
600830218
235588023
106360469
408439633
176400813
580458821
229334988
992650157
496293891
887895633
984260672
253840598
300173955
627891378
103586432
556914795
206036168
453359634
97685389
282747729
34009439
799544108
619897591
970339653
418972732
213375867
169675271
273235540
759921245
93330214
781234674
227687940
337276449
275433872
975622187
710348320
657122163
990772761
928572996
924455365
534401765
360792014
401791804
699250612
497025329
74084684
994199531
35452247
887408011
153346045
707294566
577843132
141573690
203168136
934842261
850803726
324768083
61390717
808766885
300343522
219782244
527489373
717352238
734535857
114675028
18022323
185791970
919138001
765288055
976509233
957273949
560854431
166256524
215670808
846742640
805395675
185369238
38048156
767585926
928650141
210647485
762245390
939479837
412990177
532403076
519136778
796418678
78350653
73834504
781655823
807803406
638050339
673526967
28071898
594232337
570582048
209731045
202937378
614388113
355319017
961919760
421337142
741918194
812408509
754915246
966762015
241078325
206028545
734187335
50834784
595856127
168041726
800404760
818352704
216828869
92153115
495983598
480277353
382128956
694137071
591485182
349199819
772433291
509244519
370251850
616923575
302356502
465381238
543028080
200962725
614755294
34640860
152045430
72527685
9851335
361675919
771574956
24832848
627920018
851171436
994779512
432553306
48562844
893348733
315943810
385895648
467070700
186626597
218186458
686616632
141069356
447557285
460554597
653367052
998003047
103963379
127220858
464840350
3398884
121450536
262252511
700558744
963107866
320440190
708750040
259315604
835665387
756618695
45645939
171644090
487572319
53918817
926226673
213174912
222144524
787792728
915752180
560739783
267882458
242815306
184337231
353205721
6981146
536655996
399083694
261384871
481646572
739698982
453888569
833560706
27877353
845902186
804826669
957068628
808834811
950294103
722176678
645934452
847831437
343496268
965932199
894820265
437203764
873663298
39584885
837777568
921537216
734571584
555940150
666606825
953754178
198824953
531493944
183589537
215537565
459191348
802850588
743463476
836608563
251019762
264274805
415301918
87328979
435562889
523711380
91145454
771176315
143141666
983622082
883092606
951853047
972913400
217158284
553709644
936625996
942892837
341442950
266093489
272772479
716351937
764218045
550291349
674873142
991100321
395161843
989023983
757753447
580725952
21050780
923830911
797081128
255943432
17620232
94183254
129996117
152920745
31702376
374261148
314544454
702087738
309679951
640341805
713801557
718539947
803544154
271576395
728264553
593355714
7913223
978415740
173496998
818690857
668767786
782121631
809920991
611520090
416652681
240710843
466831916
773078328
22332267
948295405
480095198
92858096
809780913
204653636
814282423
69943748
511740585
868879131
111201629
78715922
630808614
567109169
27291189
438139088
721901208
761102400
555628473
406464602
450554390
978561673
897920517
106684725
39043335
424993529
404350995
893007144
845222306
780030619
381114882
995115398
667226751
519466869
155011681
589667464
574341826
156321738
661071380
106687062
403311851
242977610
417652102
538868200
882801557
433386155
648768634
914833114
618501664
572854232
102309647
733199197
282888407
68696864
293035618
445612191
668461122
549515302
217765873
187101179
650332833
589021272
371057162
924708356
933598474
379983382
885966281
207229855
584425418
30681734
515131148
286094489
156148102
681899622
892312052
845519435
388044164
814392206
56985528
337297304
172423851
999257005
36454138
540084622
535631999
294093994
615222979
205571181
924076993
746904367
898912174
89749896
892324675
339913534
346429062
857268433
349422465
226107672
439170653
336488805
769140777
601684313
353612161
804879199
619368480
896404298
119291726
580491833
604545016
620686213
816233974
368383245
124855315
882339262
379544158
482782529
406448157
155627044
727508961
337880381
348035042
389381363
597257933
729542183
241032631
177714804
600167505
267240154
830961138
146133558
38830334
889607204
166712954
469346058
22865231
395265964
846972965
881108346
647623648
575503032
419992516
624020225
933623529
838536640
732880261
887329554
924826441
783735043
82657462
932235520
136011422
926117392
803766747
235458253
676121470
601263614
779321820
843618649
284609572
159105281
480806131
939256893
134574718
532504564
157918345
380693397
954792182
805865714
558268739
253623322
814947408
519197524
743656999
290277785
443887853
62591079
658586811
156762511
436488827
223947923
157305391
812963953
941014863
307533362
889777110
776953246
29232763
27935566
485614478
41615856
439345823
393074186
647290480
65103315
537579618
587346968
743837490
889614006
992506191
180126526
596213658
607049945
420257254
102833932
30793624
876320855
274942106
745369365
473458924
288558687
752115384
965859662
679253462
977852872
194463262
301605442
125850142
344528663
623460718
84672996
396513976
173997340
38349550
731552906
440582674
548038230
536034246
164527532
537104817
625488735
135089278
571696683
652291713
118250432
704159631
201300185
417405504
450839670
9541886
972440391
987636777
717758725
151798434
461962030
731948118
796507511
854097018
217461142
188665981
422020411
25558835
188971298
87170256
836836723
832193027
801383848
884938306
596701197
6687834
254669611
77122995
845848888
524613253
587601486
224118307
997080106
201611097
93754851
876239737
763320744
307139387
974367452
505066054
23544097
465552856
850083710
300578897
463643816
827586559
220375578
518116730
15356477
631383439
423851158
497721136
808043318
889337793
725926579
222010384
563505139
631261535
255337631
313900243
925694116
206476932
776718073
794422792
598445125
111985351
668994708
723464632
861981216
322828637
972569162
652483731
720141640
672378315
12771390
556631328
431729290
48542287
520249929
773314951
436531212
35629048
709874685
622182226
606447500
49053048
870013432
183132562
739882751
378083153
460133916
808933021
509703427
465875350
77343079
861889894
605346021
564379728
86922522
958475035
965304656
363295389
1081928
933118426
58896519
503151793
485099715
440433197
729938290
666587732
838900474
128843458
601063374
211442542
886278374
316602476
985264265
185457519
162362147
509833452
497596824
447088118
70629246
375381143
907776886
990127448
597239047
621239013
789304166
788571267
393837569
962311441
613272021
143439595
576769828
642659846
670158698
718130167
615248601
680720743
683855240
53846513
843949543
109758280
743098582
430239790
551053263
425258357
684682449
960116504
426595429
881118156
450054218
384814869
373083944
283663413
38032400
397431141
472120941
189998040
514960230
354632927
811823184
12517230
218698521
781304288
108924728
772112395
440237641
925209856
900557481
348576388
173984631
236207411
883983225
831302565
441209316
977433875
325204920
215794184
633200117
219665349
98966843
590088669
918729034
176397608
746553723
51261588
741255846
633962304
949845527
114448750
62114219
906925589
974818030
456401841
388651292
748210940
75417942
553713906
285659555
870332733
938283526
285946148
76354271
760253627
754928302
32110856
673191073
527832874
709830715
804658674
765353292
773269972
341189811
58964742
172712306
641780647
903404273
635587957
938258881
582059235
428765486
141984748
879210142
405776055
94368085
982243152
408004799
62278092
412327989
221517192
824349406
715634404
810775441
957892320
900028773
555746477
268880333
202303363
586923002
116387244
507757095
313590169
624383992
890969739
902554219
964223433
831172171
113570644
221457647
70517224
134723548
937893363
37414089
536119761
841622612
429144550
718052314
891491734
429987624
361837090
415863613
337810635
17138321
923276285
859575853
807902900
742715347
678265982
333517320
319818473
886283779
312369504
807460058
551054541
989745508
773095346
177371204
734183318
548850408
154683125
214265416
18083122
314607984
920435036
572074023
163810174
463020016
201796544
784751658
74171865
74684458
805047806
636222649
277650606
280964797
180323751
834692758
428756902
350481202
884443907
445775591
739233659
748602757
82935453
472731189
290609154
874271714
159800123
353027388
412740556
866611222
628428580
437625229
375139391
368872283
671654201
698492838
664663473
630120900
156866049
524986535
796265062
20894647
234597126
129479382
942309184
338722068
139402170
877627877
408969167
624469747
515044269
230743083
68047006
476232647
92545223
788923879
737859704
497436835
690291298
489447627
964323650
71352441
137467181
468921148
471203434
803028023
471452341
607286880
219113182
321404615
71310980
474567319
76150116
877496643
244088430
842185775
825986770
231194004
327313719
588005088
530196952
178504577
250658171
389547857
831108041
122840923
861962276
16361866
144085736
108671187
876972062
854129525
273915587
829764547
486757604
602231020
508612242
802071688
467133977
713319968
874323896
657757173
889801159
954504948
493224087
498128199
256195323
31507337
190560687
605560830
83593883
536482060
114005222
395824798
389884272
88435397
525887854
592609834
410055269
573626454
355090927
194011296
948340227
964268611
123213797
606801238
660203610
824533686
733333861
336227461
414945240
282762939
584378721
807405777
259030280
339431053
993876037
938290884
166821154
748207624
505364805
715204298
507821179
153116262
782835680
96928101
452638490
146512365
899176011
406491657
9742125
271007074
472095653
950581989
766476257
165375508
514892246
899864826
902160256
862349742
287187653
99022992
484688032
618415397
460885302
101312000
281291350
948014590
775267944
562454510
998517693
933254870
951026772
951067139
325424970
646124581
10409357
379363092
473930527
772299616
987785738
84270028
544866490
447608223
949717722
923602135
800571386
20350645
727242232
426824349
205127822
797375897
885917432
917082056
41491688
154550563
996726419
638321280
583915558
313445125
125387465
734074512
942254317
804232122
733544398
747941072
879160150
502323568
167107454
644648996
730518872
819647568
872174044
861366598
195034304
740297235
99666142
226742921
951484762
954903882
442797790
842539198
882230909
23176517
463715444
604347874
560104189
206803509
774937795
961335865
11549809
646446778
799431955
15969122
10209123
659503388
719642218
679048349
989322549
261267776
851443841
866725172
964005175
413321269
756936472
730594879
32525364
230834362
730686549
47177055
80978845
701657251
893201025
716771250
829139868
933816407
492603407
342245128
363789872
507850263
595634105
969292606
602289363
912942030
26030225
397631718
973742334
573480332
5651185
655887333
920566134
150711128
404379696
802180667
571809100
120146704
699699537
856705493
606202503
438550759
575442617
877153667
462512923
156971496
766580060
808063986
793378088
499063674
823727714
845271984
78753422
449772923
490238277
953026738
478823239
374543259
927467008
607606582
217559966
86208757
172274193
863611147
742566356
157744919
233772108
517970085
655801439
237328816
729715840
243239753
30845965
855050192
741972416
108955205
413790705
658421335
89884343
394436576
886436968
571258048
281304223
773669485
812143752
349276410
609244697
349767108
837712732
771950800
371205685
925895815
121397219
665215109
141552090
189199457
83430168
402888113
210335947
496995467
22743490
100592991
888870469
341904074
923629187
834977135
839546611
26912936
235398889
502130247
867683343
720851765
482575307
613622421
467619135
901249993
974854602
911379669
599151087
558902237
709727316
544527257
895575857
700882851
893914976
19296015
766349173
577437805
577085595
247406193
782197291
623549519
943653107
345752373
41171844
600203697
379492596
979400777
990128979
834935189
219359513
564935938
628208244
301386082
374155233
470761013
11342343
271781291
704639826
911649292
270519034
497521231
830655635
970846658
614661170
139696343
242329024
139957456
138523215
440154217
549639375
719074700
184660526
83151360
560261147
913458141
601945352
77351816
275603801
890377942
533471973
181302373
472430061
450323800
616807252
633848177
292518879
607339431
459609595
40275005
897485751
362694730
537233813
856711628
802181867
837290845
965174175
404060845
882854699
508230394
788107871
297736727
883088610
774431835
154845764
189933252
740987021
410963131
13197762
947923747
258994597
670497029
745965745
86216443
502159804
800004705
447361902
424094154
614228897
369370438
877393490
450551293
128043043
643123034
223626452
862015401
474324306
951200166
380982213
602104855
63553097
688256985
280316680
687319099
336178938
54239291
980729718
845741030
283526472
868570497
722256619
513846092
125083953
255972240
107481433
73401567
378642784
134608502
605376048
11382878
794247950
852816101
904437159
317442922
562809592
682225621
286372490
75370002
175214990
548555696
110496524
354995981
521744233
975646320
10326402
35799334
771626394
522098824
353048193
195056385
661797323
127427018
78191842
704175051
772026433
57979189
59830471
246896439
959655905
253058423
723944503
599648757
588328917
995015634
199665443
323680819
894294773
988044273
95359601
990917895
963100813
558008202
899968862
572950007
158667075
493335966
380773057
961435921
263131910
206360632
231651558
585571459
322990541
412296008
830725359
756601282
562934986
559387866
308450068
274360115
238839475
655016063
285435982
285710510
634514941
811431111
958548364
879600349
72451404
859905922
17066143
616377832
402208979
255061325
314861586
705864175
683130001
836670354
797220415
587491791
769828938
302163650
376243864
731206962
356971783
689572718
851824370
55554624
39281072
101197309
694225332
781660027
800911948
563855744
297303816
328325707
779395935
894253486
140478026
445096849
558250444
192961981
578021955
929840458
521129913
196590260
218054081
355781652
145402876
206287167
538117849
156292983
804691584
744020741
995079711
225472307
274274868
497107802
628793690
917089265
121250563
438412877
998445999
605238516
845543
43368485
178232165
39351716
963235199
509527301
460495140
38487396
538932197
39675364
794017724
773018060
197324492
847767032
982304985
14532298
612084300
176847245
515573018
850749777
429240126
426725575
897842638
185483424
630204782
872377410
92290323
825519154
452917694
821173759
180914998
862608802
46326510
716267342
354954660
612028621
280351814
707952529
718494940
191066760
769846485
521312471
454683729
708356548
20797790
978059566
881341410
55103733
131998092
181307530
939018469
339918819
690580646
342341712
793915269
860289138
757536402
143115024
810517924
911304707
121186394
607556571
199370515
496453682
405675146
953114426
596964501
147264661
451226815
333041201
954023080
283756008
678410040
852897931
197742702
413793383
869204710
477152890
539094188
625225407
989103450
399243190
375636702
443853625
931572625
857496102
693611701
485968100
864082708
623398619
137820664
54891781
460961131
520499075
65708231
888890895
652926054
669101657
157215197
504149294
265722742
908108755
704702801
176749669
517304703
697913259
279043025
170791651
559765204
202865345
776109428
328158387
80953212
708160497
418281909
854862952
553850596
92457443
833862611
401190629
549879150
282247643
121363491
421179758
805667265
276621467
510973250
850424562
163060645
813421401
810033993
456818503
286710495
455781253
156705142
172381724
338730762
54023073
843520281
752208386
954478820
11651038
577823478
782436706
202768555
396146348
974362814
653131599
197525438
840710032
128456584
830331774
154073683
345098720
642699410
509084129
330780332
560042205
420608286
553199644
300327060
54601354
818420696
481058030
851098345
367161808
503700305
888640174
560258746
120104581
397830003
142952791
663961594
250737504
862420358
380200638
383036925
674797528
990718872
25862033
552887939
873092985
948529782
133641516
550919463
726080002
153348010
972081457
853710950
177639206
181598682
751588218
190749538
902756679
709423519
458719690
187918350
289501969
50993584
770271369
155558404
333010665
211656092
764920722
705702801
193026620
935735316
92441388
320238215
831015105
106033615
660576167
312893693
880307189
160954415
216768412
55712933
776715932
853860868
832393213
281693044
987226193
958151142
599635364
431946654
948717339
733530131
591826009
519198983
615666629
211045399
850529936
110950654
615625249
779767509
173745819
294699725
844341286
525453891
543235238
715428300
732499094
644431401
955204285
743963029
540987600
37636147
591543887
247326346
166713242
779308511
134229109
347383865
892005853
518547883
101124351
125298818
986385788
949156271
82820271
45298199
109959618
736726955
446043871
797203571
934434184
248774907
801925762
34543503
364102506
943916144
802160159
6303681
58433054
424665162
816788635
833205862
678611306
967948535
733358368
136335858
15368495
73406293
943149991
538780679
679584620
545378895
11337732
527847186
925578862
349199427
701031588
413520207
285407016
724137843
219884790
710381817
402389682
989617240
868092413
689389133
141874849
614904340
499209668
130687244
556150573
967358288
873962962
679083808
232712705
880385747
671116466
596447083
638386480
279366500
44190575
195916741
298310415
419899898
651485356
453533065
687812208
620926032
43151794
829091283
270450480
434093629
263397810
735975877
219305211
715483325
802546611
898084604
840815565
97544963
292987600
471520339
543845354
998328693
305858135
269420206
768635710
540285653
319614452
621573667
618826933
495727006
651256703
876340573
82263539
864665169
915524074
655096670
91707172
765536174
657328780
13209585
232937668
312434366
575642873
546981144
524988113
590300364
14549798
11083460
248664323
869816259
30340089
410106964
781666990
894129977
62327919
538209231
286780559
970753936
684732384
132108629
90939531
876029477
215021810
628272252
361550332
605690585
676308707
113857408
378747461
440528650
976929995
33221473
193611042
96707810
648925181
734877462
680949054
519247363
991594051
756968461
741363355
35538994
173496056
636829840
101552849
7971227
487737759
702495557
224067354
287846471
820727869
356151759
754176912
957218447
88242013
346716989
206862879
137907514
855772422
573936950
188265953
701799374
315941480
987250904
669785968
139799144
763577523
378989589
359953648
535971287
923971697
794260281
453431706
223630648
361951654
288694387
478716701
534904441
402322120
308820570
556053576
47195638
516403502
787331925
318375302
727935520
93032108
772744030
602262162
791221926
199194535
812413472
960726885
777115234
959507503
273568300
345160942
709846205
31884852
575340442
839053861
489665686
954151840
371744740
199963226
903490655
637467554
766133504
194719462
234401886
934659786
773347106
389166238
430860967
343068401
866209838
592739600
15469700
239522374
691164023
8199501
653844289
2729354
93836875
160743727
238397323
656279429
496482786
485188017
613700329
552172337
688903752
573167137
713200332
28144731
160924227
562679287
165572042
243514724
116096024
594355187
215685389
436769216
851960991
740264512
502607529
497223184
856693980
115775009
103596042
533775563
197279888
373762718
480775339
515805796
323578373
822789392
701209810
815755164
687150955
74050703
902717202
557724825
998844295
418911304
801972355
924219283
807626603
301257139
963162331
401626328
955307126
859951941
397544651
512731001
162801839
949948024
355606946
414418092
296733302
726915692
772824762
999282419
764044828
912953060
909428332
601138298
728105014
792385903
925619209
302424283
402279924
81017611
534375370
332520803
303542613
537046830
136814124
744779640
763556245
611558643
639367537
582629204
859367679
740847454
597311574
436430778
911185375
578971210
820910256
251632315
963105342
319341512
430298357
805721253
364452697
824330419
482743406
777685645
133885180
942001223
732782802
759412563
952427172
540813018
568369048
221727736
722776714
425006414
134875617
609017825
106934017
338479616
313632719
755068941
818021833
150746400
912210334
76055835
21063055
190998674
166184608
459501127
695652548
924061757
604847701
474279688
357729945
414005223
528583958
201755660
386651177
264245751
336990092
274451762
973279324
924076343
98689592
213450115
737822239
497277154
799461688
359870336
471577072
512688503
269125633
977551877
270283608
933043728
28402979
724994857
11788768
716271289
440723562
551840561
589961964
863754094
941038810
946655702
148791097
315652774
552607966
376064927
313777645
175166461
276075859
551538576
803508814
584339151
284764861
469580716
973744776
182527773
227379030
653149586
405791012
592220074
700102068
487525380
957371098
859057808
329077605
479178741
334878405
88412985
269544574
651912829
879405955
644307730
711401636
282489406
113255307
848157107
976914735
411652260
285671005
406973078
423083625
844829082
44484424
859643975
593769814
605227338
577469835
250099802
261093768
807925369
351601193
778187942
169711396
438212257
471955145
632360719
568113069
664004852
518528793
104690087
899554605
752269251
137359194
572635911
365768607
274754430
808783292
975971135
669526979
908841315
437295504
672380247
780520598
615414803
458667034
295335359
985291716
395973544
50020287
567961323
409855358
950794589
116222889
83324283
687992908
88442548
591210373
822957908
976017183
161551767
998071020
211567735
631063174
593401875
556543076
391188464
475399561
716981049
755736932
46333234
615379669
36781351
348778150
552062046
708543386
421393911
304986621
289247389
949902867
23755416
352510623
160814386
678127652
947312111
254964678
331152093
837960775
173790946
336834245
359692270
290812474
86779050
607817960
342335723
406128476
743680574
499406932
77479899
712456216
763901909
37880027
975582502
591069151
53850158
343194428
127233469
875244158
38656094
711013919
592664200
179540246
672669762
894337414
735424577
847220542
622534393
926882652
890144428
704225605
271008972
32568281
431849499
374335064
856922921
688045946
673506143
208754965
723419456
212955646
524795740
126827036
666215322
715030908
357365709
172012527
182431379
855041612
85640360
949308830
555769221
972606523
975730677
337065173
433335835
774188199
313699700
331529460
700625998
536217632
865435784
591632187
716019400
274381649
130218186
98127632
188867270
554621734
36166161
229192682
878937450
631348986
669570709
389133294
947462133
155365367
453392185
458635286
511985423
878779712
902730250
568928727
49170632
303031215
849235784
840927933
765453533
249738810
244890265
747293291
763785161
50662889
801869623
114704243
824834988
406187797
489912235
589189244
605977100
513195265
929385542
583706077
72966448
608413917
339466007
222403756
382497422
702507417
818647262
824883767
697666161
941183779
337631605
613446381
20189335
982002027
970603534
440617207
599260637
324187481
988088389
825520992
596900523
191064386
101211775
720015239
230595660
706174287
74675180
43777290
226356394
676882734
324005351
654988138
280989192
277449496
627149113
63047445
263436331
621818109
299898667
572163327
791006653
555842897
86553463
97621434
970365266
653613907
39556777
188155191
994848329
958778464
909881000
537599317
935855586
995434350
697842488
712263183
217985855
393210837
832201127
579728530
475875529
443133024
330544389
420429919
752859703
376144704
92286468
117482712
872074967
485044074
714567526
635817854
929935482
409907425
875492521
594857880
816459994
491075171
40685681
107078554
290083876
790460728
968598694
627773925
540543622
950844798
369681479
402762282
316411433
705202418
922417391
927098754
259772470
874624557
466216663
918659274
523566431
593372123
642577855
717507788
792726085
243312410
5571115
400684044
580456275
377804983
249866165
117470627
13558008
61793809
281379513
651446800
116125154
695355898
616765463
362079223
884704138
413580987
390081414
652814201
145266104
188828639
110346904
377233825
706765936
683959859
131190583
121667028
866398250
733544227
138283579
532615161
934103806
517976514
107057000
578227876
372379970
834306106
224107403
593305783
36000255
651740416
494545908
238587966
995941193
43590062
144613626
82759552
36891804
668884314
333832329
575887442
788487334
471333048
827060144
747186932
678955949
520058679
75232072
277186160
449786558
149407201
871221974
170736353
743187541
847354713
759046840
646553280
441558418
222256971
95963556
395470021
676921414
934831747
660197160
891143114
789448839
103033268
858911982
168599385
848331842
103110367
151073141
414711253
925480327
488297804
66463213
365135708
233786176
593555997
96070806
872455293
340082978
899461606
475349282
739302851
912612229
614741700
455461984
194468549
365237067
161093468
857432323
77652917
476156676
688362446
283596694
102977351
149309495
776415531
239165956
227213390
459965152
461690756
933249512
924093749
105092156
881567338
50139639
735928772
821148009
567534109
872205800
49826364
136785039
259395684
600321662
507118191
152592835
592428531
726553642
462046977
462263228
819230587
108046455
377389456
120488183
837173448
176706350
995092587
793097381
615156942
99368906
857566138
45395325
745193516
888103342
438459878
164582184
798614853
440147399
173556463
88230924
648095661
150872743
284988217
776417634
804964254
446981293
751730339
954364310
167392856
389402235
641715599
927745492
187240707
706352792
778495681
349359435
648206967
231029116
651958443
799261419
280149262
595046611
447174096
941105756
427217442
791839697
412969828
433807498
210690456
94223466
559153073
140552498
964424088
441800171
312324780
588241949
715726398
211077894
632729677
974897304
983528639
320945590
75242415
7907111
380060159
18749772
702737935
512417197
895432076
453453329
638112636
657577682
501362309
647035327
738033125
911051112
623970365
173281376
872136981
689552047
614084641
785545650
610136975
130623185
893929030
794717963
870682718
652692066
531280370
240682136
576169565
648152381
316837741
481254832
280956624
832347452
921840194
884911091
247931457
680323896
947650025
983551250
120094262
561543147
746867498
468235155
752937877
949818441
861095848
218456160
269181636
99316830
415603082
622813817
746556577
837767306
91515731
949658754
624403131
33449301
33614258
13075886
518466045
268295046
379915952
223072488
435514215
786299418
150259084
629237894
690270291
590856068
437999232
941730689
4800586
655460527
232109035
302599156
696634617
978475577
214599936
522016789
969822130
455362237
826758692
822888556
989312794
83695565
41551371
229885734
550873667
183340003
10123719
539086067
30135352
936213891
917417875
572097103
184065735
142902484
16238271
47775326
805793069
659403085
219779559
629129885
433511675
18130384
476443393
170681425
386187066
17378357
207627719
376656848
214024177
250447599
189432033
714256514
569215776
583446768
986852174
162413023
49829802
704361299
498199593
26571371
30126106
908143336
281120301
727897232
318471401
15800762
617892305
342007347
745731160
894698678
675442074
130884455
695601923
839209805
910983205
203071196
133516524
147350464
471011215
635951521
748213363
287486231
872389499
792511028
982742476
886154408
738452945
188343444
415210296
591311902
803038312
228003254
5476015
515421011
677926807
362779938
731122624
206717150
627531345
842823330
100373040
784876988
741917879
303765122
447950296
397733287
710984508
290163140
942757538
878921467
448460020
16113124
893981182
542048189
142066714
14334762
351176840
260632063
41616008
808167265
385279109
82327816
999736411
446153680
700888819
72584595
939470347
705588362
289814021
435183880
659550786
882469172
265804916
697329994
855708785
124387669
410569219
97595732
544789326
781002262
785420544
100245590
494892526
552502160
629850936
8897861
895941101
680985426
178396709
817103732
227586489
732694874
262372320
289260123
897257163
939390534
349625218
666440702
126100835
748194831
16497671
475740785
29722343
911143669
798661033
811544957
648606727
753445700
224105107
756391537
666242532
859713148
670280875
639427633
643961363
653212093
745153194
234897991
346325905
871636686
100280261
489584820
442337473
470900180
710925048
529052979
723444639
934350052
333831552
525808425
943708929
96569021
373473075
969546252
597727831
247601253
692476073
958207233
963815353
783970855
557691586
799210705
480663913
137830068
146004585
973925976
107000434
948484115
192832571
814173851
200540737
884529953
207292740
679745357
363139623
675973191
682525745
724576946
733404873
993769118
730646772
479250195
176479813
854348145
941212426
166628568
637015975
378518461
746279639
878532902
403068003
623640644
249889557
39958070
494665973
702546173
930641712
461494222
823912629
746520579
847776943
93948506
506937739
813237574
455201373
618058561
67327339
836492407
754587667
174961338
785643491
274642972
734766319
151982736
224011323
901563527
133382561
715911963
572691892
14267642
549124410
863952014
555221032
334674486
274390359
542506062
258726270
800386539
290441697
333061706
562904713
298973595
296871161
329564027
96101048
738314965
833499492
634681449
934050390
250998480
332421840
595684373
940827488
365830875
31199443
566864616
349932758
385085772
490154897
923061825
446876636
856658658
559720943
286766161
293461125
798106816
429634266
481725090
818062854
135730026
380294858
571352210
659543478
939608682
907434576
331448946
884528964
559351267
915570585
89502197
618334214
297006699
927672756
539402631
593740759
85871156
955054426
6611106
522692188
360707867
940039210
219808597
70787100
367000994
474754786
116439953
498257013
840280249
977572946
219357818
269485946
795246806
847344251
358352682
113316732
970996239
810513250
705938959
473001033
724990061
975563067
409386535
471058208
595536593
752398355
46354913
626042818
411996937
965529279
130860890
77053577
314187043
18713386
356840809
387691839
362549603
225419164
803551610
87983252
868486003
929082905
114128769
70911848
492889525
180061911
85820933
568690959
273571133
981096953
723629324
975325195
782114650
446212615
873772925
49945516
534551295
55108249
656431917
974621446
911287610
986116166
564365670
88919815
200755142
35002133
902099682
548719078
931742639
496117017
983866933
680739650
274361877
310313642
676052814
983027631
766648996
665220226
213633438
260934024
599825319
121606338
579874490
126269840
946383605
346794832
25774763
865734048
272031594
646228169
294091819
907733852
872460571
861694455
279250596
83877717
159219947
960301450
691162928
743149453
852952541
238120943
962603924
503405153
569031223
628260647
771966843
160860803
294215013
736965208
387721651
728960214
633411710
791897896
939812708
105681436
762233695
459694446
864346773
998089011
68265439
912749745
922857223
36910612
805151374
540201005
810727029
473221763
640245306
967133640
29578945
651104204
179421220
91951361
752935137
575014943
496912516
942840482
572915304
847583606
272346614
739007272
409228821
231204927
138509393
258701254
326993911
331017758
954299885
751819322
859490237
550417387
555986849
818344382
548765597
727986456
104097391
886951627
641257940
444417132
295385469
270714021
675847989
205247984
827668815
349035675
94149065
900525475
451795835
257881840
558900082
279784418
722487342
751941073
794630763
789414276
662050719
445944037
993398677
611431507
37852646
229413020
341956926
335989003
666830333
81317574
207701371
957583420
441041523
124265971
620178171
97925889
6263798
138229651
395704167
495252603
412221256
492058460
362833945
190700282
556551665
37474055
798212446
64189623
390797922
106043727
856058654
323874088
211272885
186356393
554048341
840513231
368016264
4117021
14529966
746891801
143956912
313917449
960899455
532715267
496753653
313114367
266041541
778100220
670104648
67740926
566947466
613549422
948271257
249547773
844510273
836846184
747636883
230534604
404063167
493600889
119559327
444018441
773118478
76592482
241190393
216030624
559302473
565833666
708341397
437557048
181862622
160284436
411808434
741759729
508198163
832843451
339656823
771385838
78486185
128988543
588883958
413367497
8735120
515204857
628706676
77960014
746359460
189546582
103274533
721524511
451521395
503323378
339419777
350047437
92075189
779083232
329394095
738442878
241763221
104787768
944923497
281549929
795374075
814781755
764796971
673511595
373103503
152975450
412213100
491950347
350054682
920581958
996573304
629384639
530424081
113296348
913601366
612666806
948853585
884709343
663607792
204785083
65371882
145233679
550536057
724474874
203037294
903892566
388829117
550627159
910705573
533394498
991322780
170119897
938660192
436503982
435561161
808936441
966794386
510594052
798295214
162231400
890447975
244392259
342140300
87529626
208826551
752908712
194908226
269318519
22691822
209722989
448970147
913579677
832741716
335408555
792557669
118695359
235841178
235589388
816726546
349464154
507049984
545120408
26699280
768582392
262269272
786472349
359411398
157094380
749807485
670891195
675150085
180169920
640361249
349115224
796676972
354107882
365314326
333376086
374488557
364421870
666697561
675180049
658890452
256104011
906872156
894618300
910460430
270865271
247862190
338198315
18718651
760312456
518679825
760844385
759196148
840735863
800375566
98302783
26318814
895537502
460383979
242640746
425005956
940252224
434516285
744306728
526498565
190021035
461799016
957028846
39329440
116653761
593043941
714847203
77962222
542831952
415188432
374100846
275105794
834800474
918811561
616244404
324927294
903826824
861153816
826195720
588184797
968705186
673750498
673309854
724171908
865895474
387389165
516849397
381303552
746132149
453144070
596066555
470205316
861265509
406993177
931869310
901361256
850172090
667311595
869112562
784910678
628504962
151069703
437331829
13790903
736995531
421820540
295503690
203801427
506302064
761823470
603455220
282353503
109928790
861669589
275859130
618469142
407608650
112413839
624049388
44812332
155215540
854085598
972902139
249993263
382986099
615058004
648605413
504995711
997642555
525342536
46318892
211588940
478862179
399807574
959861315
302887182
641316656
741661584
784562529
967488658
238696656
792032799
464712275
207216548
405141873
147839096
647237885
552973651
792280029
76226907
581916424
819475340
26555633
648477037
438659362
377723159
19101556
704017075
786444514
786275846
834084650
736164744
429462329
365450827
22743067
265997203
424669186
684427079
556288228
194977310
537279668
873564343
549769817
267884397
279377671
232250905
242630666
765103435
336600023
812569379
791253569
657721312
105151949
296306332
133091215
412182728
279612977
601077933
104066277
348263589
226108578
661588139
580844057
826162733
845100990
938010848
520124067
367351039
777093598
809790210
220857325
762784650
70234492
576531630
945338842
913119815
378310357
686538370
480591650
428299034
859336412
867235024
762990662
7367315
336262587
894636301
382844489
539132390
270733438
504696713
209222974
190814893
237273657
775630836
59839308
71074208
295292946
379481583
452887678
379510358
113987381
546277386
32465049
916581061
883208711
201600849
701509081
911254070
680240357
530120782
367168136
953854080
353663992
933362026
471783592
628459432
178407008
881158162
331952060
46182676
998199691
46530890
539814221
297477013
815040606
451260982
966365635
648286178
548618910
910312096
574736756
366304379
786107309
181892269
795328891
978088365
263986938
679550685
266394814
289497421
348094004
516144590
617547252
191214254
553256443
965511253
632394217
167912685
664495798
549022175
672977449
901519073
331087972
16746056
415039921
325617413
398058833
989068967
467610761
904309670
186725824
22488434
686110113
478741968
326319092
880662553
476790735
611217984
344291857
55529883
699381566
106133886
232995703
700318232
445015242
561230939
59127282
609845401
67385312
357498182
997118220
230175978
876228253
848454758
536370105
984486558
486884605
368981698
82762611
547893645
802071393
364962321
776895079
824210172
29726814
378133531
326482836
439799513
851414094
62153222
133609746
714597176
777583047
129087200
534067545
751981664
991056642
278682567
243977697
122252837
591566897
798448178
427897068
936289996
33193889
28339535
340317823
218084470
553015546
960658141
279916279
522271394
702266029
582553259
377717052
80484909
568832763
944707530
991047530
987793328
846091624
356189890
590871242
862272759
18943916
977502561
105258542
734475673
529791319
218874434
433012729
919754648
65918904
591152287
163721091
282406219
855615260
830469438
643040608
206436969
19532029
179619723
309205022
452210589
112546064
47073282
931792767
506197123
186204412
366670061
533552388
891864066
801271171
462997330
943736375
12022364
694532655
307285516
412698050
528938697
814943364
494203939
754414064
24381782
322177822
960162342
289642267
487973368
990575649
254116643
150523942
863293249
521674033
719746488
963466555
262492185
498723001
500596391
528079148
248059993
340906730
149713329
313813750
103369249
195150659
102104754
235174591
335905062
766301931
435874482
999507517
679333297
282384383
867523025
702728002
125114845
32952264
63855936
181985680
284586663
792710585
476260555
920322247
20590886
584127766
966698477
971539456
195453573
446101802
197292026
416093336
70257167
463389968
227162945
84016795
893820311
837016178
19580320
126308796
226039043
743533776
600257203
647339032
639129403
144961956
116449100
314385152
918274749
970592277
325099743
671083897
897497957
927341910
698940269
200292712
937267294
613109527
992235242
149835148
838694318
589009024
962808540
37716895
235082625
753323633
659277438
606830630
46149032
194320125
173953616
493000168
655428321
775990064
946213317
352805848
142751033
272284622
938762507
236997162
979464623
412595198
145752722
77547337
532984501
28177022
481206321
374727486
219991707
267092014
426627215
233748746
660625926
505653076
447388004
406447021
703037800
355144765
673615270
812133864
441148073
477832904
852617923
438725575
886031141
274765381
557085855
271215151
595082899
965259283
316366329
39176320
893481280
544404850
633651955
971822537
814288448
971308389
598642687
648876903
366858345
862480442
752853745
949163294
60720866
356383374
653803112
823962348
559912500
965335965
988290546
963905218
523426402
854524329
880951783
978883925
98630129
624365549
681774138
676096300
156601778
186164589
938612542
805091427
391489618
9968212
476355500
197636616
232658191
614391595
871643052
747643638
305674659
585485865
149624958
982380838
722420887
108978979
741121354
8750982
413583774
951132431
44973070
655727642
782681792
113181708
119709423
334303255
603087879
424433395
326137840
44648849
394481132
552663132
996996965
300281454
665069358
972751651
497260819
535157444
315332928
857933746
717753214
942391636
332711660
885105143
227903704
864343415
483023745
484555561
571483574
167897873
974966491
639337293
640189498
105712264
597802249
919583849
443064239
386135324
850525074
911208544
833461002
883130475
244977814
848578523
749402408
169097570
304610732
228085800
155505120
560566956
821158775
519578385
475384596
177394419
519634649
838797930
470673823
107074280
465130431
880934564
109643685
931698943
623674598
196881129
17521173
214383399
442490207
470230505
671814124
638053074
661041399
689260634
62260497
756574204
539985757
119217226
165360556
261546186
902218780
490231593
708980340
129984059
349354261
304145941
161571634
462861020
342816832
49290590
254655914
538787168
229177180
36832535
317910678
869134776
656931465
400025019
669082693
109726624
985629357
319922838
287752612
619796231
93393555
747752614
780423463
618207275
489114896
752144236
728572189
198536290
664550431
159004138
951743836
749869224
259248437
795988512
647988664
301464291
766599349
700162747
978294879
991999203
186636602
640408655
756878127
758659915
587187527
253440968
592366524
337548947
363547971
874724844
430056256
611875392
755658095
738408162
821085920
721471589
150876115
352967705
370093558
609908798
193615360
194390414
737149239
44850998
806938637
735454079
561038666
676435748
315680498
691838262
997764517
861931754
416855351
571932767
433577464
298361463
405749924
836961394
747372756
355554775
331150459
944023780
603947837
337270868
746442957
297507704
232633746
119254365
723949491
279144265
256534477
789307351
944771502
876549696
262164550
877090330
268372323
848310626
690926146
248294993
288403450
737447355
1935554
244947220
450269670
307265038
526952263
203233084
692257052
605932474
891534009
801061381
525467225
25537626
909340329
418236814
856783350
909288558
166930513
722648265
342089954
17867126
107368368
587184901
232575280
21070252
976299075
724357610
698065559
415039625
789237550
346001351
831855288
467083043
349606062
545250808
759498811
513828126
127368762
212879382
73237373
130326154
904334637
320790256
52520076
577811707
367382843
621233998
767015620
728958255
191507783
335017156
806540122
734390487
218929341
911359107
623583963
170285023
41133341
942667976
941897972
131222947
734023889
833143828
228164759
730088860
673486181
523688867
220387431
207400887
211097052
559584236
276649805
60416613
393564000
137311549
142979208
117345020
491318288
474050174
454021233
71868988
918320328
833627980
12066381
974941058
374191809
810137438
475741087
582544899
173546202
826455191
909949924
174332931
987781414
378437028
681317959
316664867
349412670
729661830
786600722
989516998
321233036
904470299
125771149
981807607
648406723
734847567
920506876
454941752
503007549
895077212
359198116
195960367
971878474
474296378
292259217
644517492
543296005
338287051
806873624
955948859
363266649
132564850
187261575
745707928
370830337
498026239
170468764
72671548
457317331
213877570
681080660
492027760
398325141
445219888
200878251
554999420
179763863
968940009
447985913
710876869
103050598
336443102
765063019
972320664
114044079
274590039
671360461
729848640
408893106
876919244
473798265
644563906
895740419
566064505
121715306
897595994
111386343
689895027
872558394
339306676
961504879
805494899
65283425
564049289
358454296
275304499
573979867
437694793
19496590
569236655
928458166
298381962
414983422
499474549
775600850
606401987
231645689
174510345
7309375
151347542
633743743
168481807
533208066
678701586
508845805
15201517
96584529
482706558
593433821
72688352
175468008
941148746
463794869
988027887
500995641
152361048
165839315
338913506
924362851
225862455
550668797
238364020
921512148
614003012
921421887
86224125
168079660
452032855
116663200
36949127
486018765
452437151
456840984
121274876
765817951
331700547
712650113
37223636
194170413
193698906
750569716
682334796
471218622
519361617
812549515
550009019
962322593
566065666
813857409
826607045
658554536
511867822
117326846
904658973
559751366
463942079
927249791
15757225
908186375
284167210
817072968
963488778
179149904
664229402
231229866
150545724
569812760
383142767
929427533
266014160
499371571
30853294
785765195
902256422
726853976
349575021
197079980
20033118
879245463
781299000
930264158
650616449
289658572
354587913
320876030
82436936
532282985
511086111
997363328
673163008
517119123
72818770
845267889
13989033
605670636
102104248
885740708
444518769
110837748
386741125
532138472
942423804
506877784
802681725
576943828
663214930
266827110
578309760
22682127
340764964
881322860
205376803
12893073
953235790
744674228
82591259
101049351
234674585
488223383
413222997
882284412
819782689
228871952
76357653
486874628
280770002
383293560
996377843
999249173
879177100
584898965
238644671
522601034
172051409
306550868
971272708
66572204
416151016
592079042
905952429
8666727
913037959
608069905
709692964
420477828
853704848
983823216
739135839
119207039
172682016
971928861
850102574
965995378
989616336
796518897
530478753
70267186
328939430
140982052
248261361
798133760
185541197
28367880
379945699
107945559
514826437
611293339
715593214
938022257
442874409
842265126
556619176
398024226
331945087
339805773
516687868
597201177
892201815
409670244
749333726
518797181
472913316
340188360
427840272
558650383
933765976
772287688
493188131
874537219
735296503
709410135
429625280
618329235
558778046
969672651
75333946
789350642
871917205
501844108
576547763
296964503
156380015
912565363
849460398
36124354
442870307
201703990
22154279
467941815
652170885
106284550
782318853
778880192
709618935
173626598
541360505
476665635
711591961
50040058
41655228
601357671
992141258
410634724
383912853
789430417
457044173
151006179
313492208
831212266
680881427
718931574
179556481
761730294
79558244
567129684
931931469
805842090
522272315
443365580
247213858
939682578
328674046
498146706
956275919
551474867
857449226
525149706
989480613
208604463
149577909
193634448
987331495
569474167
684197428
674326907
691266572
535566106
509566932
789184439
164813032
895613783
962572397
252546484
384752792
941220154
585304735
483577298
44243552
283781987
107720518
887720878
90343782
988570283
803992325
228645200
663771353
620679813
621632197
718846667
695052442
273287550
14884698
760110788
560619551
125903499
870088595
378575707
367943095
650750878
763349330
432253770
717278305
974169157
150071300
226824356
185708901
703556731
71934018
508100670
150022389
315477898
666613206
384267885
265374623
512896762
393199076
411497071
105438197
696338172
174190754
816923076
290396219
545603457
554487799
169800703
804099502
713325192
719154092
376758367
868098206
185207203
165162487
410416327
684141919
753138149
495862446
928444147
488635031
438215270
288551565
315707067
618449404
688033108
866415006
723342447
677855078
84419766
159890346
416278726
85641639
212246461
134846144
737065243
915485806
674648928
982064632
190880381
853522696
132487695
109120309
807935239
484323993
959106467
543283729
672035865
124988842
245423777
347170207
10786092
974660287
417646796
693166481
976376122
538494056
267153038
198345825
959915062
16185465
247202520
969528204
223369678
778783083
41167327
170497187
562321272
396672730
494093725
521880246
284742408
127661639
36446750
995441137
246306800
825275702
499263448
963652277
212877675
795486453
947342152
776922122
97547786
656656556
809886118
23127968
576392905
560375355
310997561
832165126
116166066
242041490
403393199
971085221
366464597
5872317
204490550
957183464
87160691
40435501
668135872
497314828
452615595
120311565
301361719
903988295
381308922
914505015
366849747
18503043
820165243
724051058
105801041
783381978
447495135
721494192
365118731
488565807
684426497
598423323
243549043
317232339
376475054
398425370
145268164
919693997
970899753
734715195
313105036
80905491
228504040
601333464
167633301
188424824
318692358
291805127
703146406
851653147
99691021
159538469
360160034
852609796
819853058
702392809
973852522
948692480
672251808
146496187
537856715
751145074
973192775
478040163
4359299
16054139
529715691
469164605
13727022
871077443
617886523
459008495
34149825
57871514
832512554
142651188
926363453
86881952
519586568
808191566
789809628
164326867
202178341
547084202
798456107
820620
726761854
590595761
552017044
789880216
462556276
19170597
520362304
303188534
609239093
273517757
35832951
701987649
606280781
502618771
333633969
261471678
916449611
561039123
856490675
116622934
7547524
463800407
307872890
428022933
876831453
125271767
365434899
59896576
668376125
44055432
731214561
909671974
550660267
22065399
126619884
129244271
579223799
200589634
251816957
816200472
85373474
844472662
152728804
193019022
593621527
969756212
163735743
495938531
381608314
896892428
82546887
494783197
214437668
644458114
605992511
6668294
643330031
874893329
968549666
710189131
767060703
