10000
718086945
681090235
491573396
184293600
878994797
770399812
233355796
916745391
183628894
561820108
662163867
451569945
400708607
981643478
810440938
663367745
783945398
963165593
590557974
142970784
274893980
190870024
594025818
232215955
803424298
563023243
838937826
651669708
541644723
734655621
840290724
460583105
688882724
571728197
164656584
787933671
668760416
793281750
941751591
287421886
613740345
884146181
912256351
480615327
638161283
695342741
396463262
10408224
725740118
337024709
29651081
859496959
361272177
929501706
810736483
911991469
419873824
954247468
45020997
585501905
897705897
55505928
856483850
918452107
200770400
421218343
650094756
653442022
527398295
750551123
733265722
924696508
705939805
225033172
508930062
976722583
747456269
211844072
79889518
957339948
590538653
765496750
493399888
524797119
781660176
279001185
537628095
314474609
549489824
104004913
59146042
398660994
210608516
973978063
981027191
122729725
74536488
539478313
645269687
677290496
942752571
12627940
258314013
32650198
788823912
58843741
304514977
756722750
288796712
619393140
156979567
15881180
411833305
889116988
148966426
276182987
518386176
533017599
485123487
155245183
189651498
188058151
397282350
402228556
772064838
575340486
729674212
737060799
622363240
982248590
494008675
685214327
990069698
871426950
734119344
836909183
732793390
882609812
818747151
963653499
352247639
223215898
834833908
70836231
106704779
396345665
455604929
441572445
464232958
265139287
964999672
37502620
96247974
418001030
354028658
29092108
355823439
976848031
173438095
999693814
850085836
719217302
404841260
88422116
779117729
463535182
834756850
504446606
318610451
758276186
129127
802589913
608953735
28259325
9076334
760319826
984853178
804964304
958837051
693012952
530288625
491048008
871915750
862741313
455135876
35632264
683118473
404537519
918264042
916041919
872981533
31199533
5613614
386682523
975705818
966225691
187843061
685904687
771994518
228642876
385870360
752731033
17876255
46071194
430788182
169323338
799214036
742785827
263366660
163346741
605074490
371930605
867235973
596291889
662722461
67576686
868084727
868121892
738791945
543959683
65206559
430603282
35304349
267518408
402168559
734998584
266089189
623952881
361450481
83358708
632689889
503742644
694818072
384669101
161480094
229889475
520956217
615800798
372823911
618841983
738104576
363497475
846923474
552658120
226578455
763390587
269151996
370406928
595975775
124463933
548521980
838953224
235529237
397895722
536765454
269143439
65870261
298140173
179720847
525306578
32363751
99071345
303036814
642016376
699317914
130888621
561327524
617400151
610015570
133033280
197871405
173202061
433726223
234813361
249389758
272604239
971721090
929441088
8378850
997847507
320580841
347148465
631817572
787246107
151096388
468544586
710209067
448583436
476948605
599245750
590132128
836248431
238829320
344282041
879441236
481636010
436233037
949489548
296922894
584603307
493931009
335443033
568589077
22121130
754072132
514373811
985060803
930938056
89693313
787630893
33911096
945911697
748287588
274420516
141455132
849700275
276740465
436168518
935762703
357390546
19644884
388815094
869183488
670607844
990687922
766507713
420123523
694584490
578600609
93021571
841560633
749289048
580815792
836646825
500139965
599273304
459881472
457739896
431024910
528789053
932661937
10285310
501806907
891482666
71175710
385970456
317781727
319125212
471053080
731358551
121514998
873894107
259120180
502883815
927085702
383088279
940713493
877859019
984658486
515312448
138085545
654660265
759570858
874602177
701048449
583345053
637275390
801265104
294644031
577970931
683253618
587721769
787241202
609383898
15071841
862948006
556525183
954147525
438038896
328399022
671024772
214881059
643465261
966418620
808826084
148641766
823526550
992412092
410566521
322120540
153414554
98536799
25509761
102998741
276612183
678998863
194248208
156180916
226111669
478348103
88105466
823331126
561789605
475786466
557184056
768844432
316525999
805529026
849666573
198588070
662444735
455899931
480142351
117402897
995868464
774445835
129593391
259808396
743992467
374809997
485824946
864877719
936567838
589863056
607218295
327226621
63462106
226084345
127501122
699189671
523897019
594377737
219590987
72178779
129507230
227102414
708909964
383195242
763057966
591981194
729075043
338988845
59983949
520957874
387579869
690070562
396208412
490507606
709091522
693681414
485729122
878892412
312866102
241090839
658649205
808094435
712296796
612317363
706952970
96768893
839449050
78796879
399277095
832361551
619038708
354237873
449931057
361628634
300680391
109657617
563939340
852837352
615637623
508196684
29609518
48968674
990331078
504661411
346867286
407098442
994393877
181807283
7200097
689067121
693492407
206140418
281694964
160020014
802672084
846557797
126526711
455617484
571004859
109561609
586497170
773387778
157331206
849428394
219783629
503001792
402160851
910465245
427277838
634393136
183007216
600782811
821865449
265141106
111478245
520679866
292225121
726187669
936550714
576836323
818101558
586220907
609504536
668054104
287495229
404953450
209121780
340020915
565699122
108515887
624112158
550109090
434729154
603244389
197987237
106993967
999198450
165330426
753232174
39840736
296959345
151716221
749198807
610380569
618193807
334937273
304653528
340662393
143951913
725839981
846053696
615869774
996151581
942130421
23836669
557105875
754453550
494520010
540583959
911757781
428007899
253590919
713268966
708041961
715899734
882965903
675490799
426461650
526821986
138219797
894657545
520074212
56237394
858866821
484933042
516313822
468833549
950028591
601948402
643858870
616617578
355707523
387744211
986661421
855903737
467606775
649658333
578277412
717191891
96488053
494960372
794288601
987156863
332410905
127544798
499723701
966874384
202206564
197700171
143884630
448252159
847002926
113493208
111629256
101781413
126232735
31088684
487126182
151345110
182610867
24639826
832389167
330478566
850504725
403718892
22626676
331604657
734390153
75636748
193620776
73321032
549709387
761298111
320453560
123446062
370247689
355728322
502244034
140100781
841330379
778170674
858452780
602063770
234629509
805858875
927682896
914824073
561108603
304711136
460562198
934185815
595790478
728691879
260829085
915382138
126853057
986256259
419723024
789232130
739665448
853932365
838082363
496070396
214159548
565399699
214388482
868275423
488963352
499798697
622876273
186669839
626781575
377893339
656492861
30494172
369036682
837274189
445474577
658307445
678738403
710513391
823613158
671518904
543611287
743474302
331433395
369132693
389988721
304249906
636140703
18640462
375945145
994006510
372790766
646152167
189311587
87218821
889354610
574922166
508350954
52410381
291852206
241962379
479114915
163451904
607593464
602839250
799653822
42177196
707172375
2114098
466263872
767991427
338157664
112143346
88696990
792986347
956566959
446910728
964127425
661140980
941307029
859691422
192719248
746172951
527669202
468666121
885751327
716414718
50848371
580337423
513810739
99424713
24912841
555086316
639334444
137308990
272243580
750590855
99460198
5952139
623253038
807166877
137617096
374722284
379895485
558830433
302356785
144288083
835854987
93145817
117607300
712390630
336520912
237557457
706659270
316820760
260459108
303557019
1524590
330063441
581887671
362065471
398283910
754272381
212361017
794090937
21593858
794274721
899608105
20074305
949291707
352416986
158439560
563952392
27234213
277483909
211670565
147671095
49282246
884392637
582369196
200216228
122343060
709058366
566115085
239249284
173115590
34742596
142687995
163204541
326946153
693830470
569796248
228429563
485978800
484293922
976894857
950687733
962677372
832936323
685625228
653158551
653548374
229721377
283813658
623473442
612862604
862301151
517301054
138281721
675697439
307088342
559612032
334718357
413556388
557229224
692332109
149887217
586439424
433908942
218824116
555226051
540266540
874616579
889245170
960329192
599242973
867697326
182694808
183184603
194744381
763304757
933698220
75379233
920573014
896776017
776977769
4521453
167885445
681884425
528572909
465283143
188267978
490211905
375964690
390178731
704132449
934941844
987374468
117338568
289498059
709005726
399501288
117963678
130047401
877117850
291596630
808793670
251652844
768469107
333606453
975104905
882394773
338785805
507995318
672773395
960080332
608702799
578828733
971400761
818813426
323449025
347310904
403328489
357192488
29772468
453324029
438778093
436694597
578079542
200315242
667493305
109435018
455123776
573004810
209922996
546623128
694309280
10992959
297433063
873822335
432872867
74377842
147593167
240948060
845915276
526189776
714156369
529765631
397234605
38616714
181485382
153526610
955192633
438179438
665414157
564403774
420838016
716181624
986337397
663104887
199377543
529330859
268788590
252699074
726253007
33537641
939617557
112291662
926974118
256301928
381812013
175751572
984268100
314342839
55905850
818464852
745793654
516378809
237289502
568550899
109870819
405225493
331792537
725051261
633659310
294069434
668980867
572132810
974055585
961084404
213783768
932708447
667670393
284824986
661617268
81080620
473534672
90399083
249293670
962471503
78816558
717477488
661405246
999774613
305461994
182596398
738125638
43108794
515689327
985308866
170152367
256825261
939950924
738637578
787407104
831403837
450982060
38499821
524910696
486379652
176049886
461685458
113742132
303547165
653624979
871018621
596089483
250287478
24365918
661828089
257574937
831780692
569203919
727206875
670226349
349962022
596039704
814616469
434187446
578196989
579667223
888160959
262081377
268668669
280653976
373240742
542543785
629298435
583193180
595322182
277881647
113211510
669606807
578576040
84645701
459386251
318410362
688519180
549178022
503257190
851461443
709018242
617884470
724813488
707870616
389315324
345757418
891452575
536719512
934690451
954836090
877174797
908021379
648775284
76235323
778879968
110914542
834956603
353757050
683919667
34552067
344843021
119731096
538953050
841123539
444869888
654527404
746703048
873145757
539179057
913016247
433119563
503622421
525452166
923035689
611891072
907143208
620605856
305262102
838003812
556747178
628242190
855018722
191326047
353007481
823320835
502544864
244004145
379329774
269327690
845422070
569916567
738910662
557872671
108360748
301826112
45074783
399755076
718099798
386313713
565807290
300663581
577661914
423128960
688904209
173440456
685789210
659542587
133097864
846277376
197438220
346126664
397010737
173545735
94306676
60943569
135163588
534103535
809183007
517479349
618282998
18678999
369226140
922460134
607293397
440431040
276535883
705969105
81069984
736024587
600780432
574815041
933508924
519912884
868827441
785441304
873665365
731579593
56184896
850216532
586878982
786598061
373198761
569592653
231238004
470528800
460459309
202765192
360249813
73612006
60674280
449826827
857639389
647469073
830591560
930909753
514100368
267049578
537000107
2292803
336103145
862904435
460085814
167195197
919291468
25394712
333530848
892881040
469197707
801821383
175097090
611180681
640321740
288306872
244961294
847022747
656766766
142743047
919472196
370969829
776968211
447452723
14107457
745319667
978884831
688788575
813142446
876750943
497299880
611244469
992108899
65936079
313061122
537921125
138619018
242308940
912459564
590384496
172788406
144728192
390248441
273061539
148782944
256748945
610959482
611321127
817601476
516748396
657968832
537450672
541407891
747486145
837176970
111633933
591950595
988542861
138625111
536474270
631580743
4114087
209707681
354776308
48286767
834939698
145162409
932331280
691263910
781500499
267313807
298771904
664477938
556690565
260628958
351163828
777500772
499795995
168547075
242384236
346513362
116117464
187391048
805294138
961303800
441350204
928019251
413624745
343566221
200208632
458387858
683973674
820208578
61464363
786191135
833303106
659805591
213588608
343415560
760178086
517195906
187097644
18434699
282006477
591333439
560036054
47506440
173130011
375486253
69456067
223182195
783867551
722163701
50528905
531161992
334560210
616954249
196633755
281080871
344545143
140003750
814726058
927303216
830571230
379559156
153366603
837632108
716600951
530846322
445109128
570999409
955436614
457228093
452554560
310356822
110833098
133389508
447291332
620719820
561621314
424730345
402816421
707444024
964524585
829578214
229846345
975522791
413726583
697790856
258436657
861199852
880723243
285856041
768421518
989699487
95275093
160871450
646813224
699462240
271053411
252979774
296849196
482314234
504695649
224494224
814561981
852081382
322951292
197193635
460758878
55950024
556094609
494804525
230135027
820121564
91995214
239306953
528727266
252429690
563340862
407292907
621131542
247757722
241318497
941474334
856983940
196185286
491096203
908381914
322713534
557510019
45098092
633126405
904492881
372655344
898217713
621303566
464014268
605450689
879720057
193085198
349919939
660934908
195407119
852258048
151175503
937422819
177456211
873357896
864624604
490650509
989499917
880096879
247607905
815545881
502209856
759155359
873797903
120797435
942800051
736264730
489653873
163003251
935756266
187438591
796236823
958022827
654874258
436497557
654110386
138280954
672593537
956448816
118578766
789175807
193819769
318361083
864266593
855625981
43197431
175876540
174629278
34792107
702568641
304217544
487801963
482840629
157218982
566450055
135470644
913869747
889623301
950738617
847747757
943009656
638705808
114165662
409443409
207438112
839270578
857047011
311681970
894606500
674157484
202769781
670750560
130863221
694097499
917833719
380953844
204896820
521351911
254695460
926852384
374934407
962478094
519819871
83896719
216088292
915964195
69277835
668730994
986172625
750627724
664391278
325051382
46826711
572103473
162289124
468128302
783211867
212154993
757109124
713837035
549190711
274268035
925062525
839889627
220391514
666561963
321293024
197782252
697522483
137398674
143583281
797714022
981287663
146864266
986481094
635120113
814567058
955950091
730474006
451973892
595851937
238703213
673316668
469081871
608199549
758845877
887672826
450573974
894249700
712941469
949883137
478878791
469376247
527040596
100627193
861802042
77952188
227674524
299826276
337209712
794014104
334019579
448845716
784612268
439914925
644596055
69590176
236327452
347679364
651850091
153742621
263685811
838330615
210977196
818003122
966938078
269256353
538727616
884504752
779649619
667109239
295358464
920936714
607663689
830082285
422109700
701327353
42869772
267256105
209205834
468841044
163688475
458502370
848300941
605275672
104491095
582489247
292851347
916171349
440942556
531427510
994239588
425224827
477937440
821914169
260790532
110266296
961795355
208305242
125266980
260031204
299147045
724949826
861128918
215806796
515617378
458680569
598209116
320802027
787406273
539361909
196358047
935554645
258659729
189939390
735063218
398920019
993685304
736848195
142914765
621102964
503046380
67806495
247555116
895323161
232329508
990179785
634383840
298478671
21674569
292877606
547395691
48475317
339392851
593816529
951537745
768168759
246142109
445323451
187601963
188108858
550421687
751691971
710569557
413303505
273884860
20435957
722323517
839857120
267193140
846676254
569999926
913599032
276966878
579680426
952273392
997911958
959836263
712864744
26985155
56228269
855829461
575229740
299421713
280567359
941695260
100132559
640916567
485728402
464455406
32863552
803096158
204073130
769157384
956377606
361900553
56633741
256781821
526181035
890820245
963585241
484825445
724331734
222924486
911174363
416440569
60195601
599758906
555797561
247715731
850102651
216655076
588924310
198170659
108010017
678421452
256109643
982360712
608038061
210215358
678164796
550258245
93544992
212803602
215326315
78130239
495249606
324581271
850052607
370173769
75474630
827220818
907886727
369303446
220655057
267245526
406864989
436345996
553703389
130119006
926693976
901193884
994807210
109382458
510787926
78883251
639181628
516168386
611101882
26537838
34164645
104748458
692366977
782270872
968773188
940443931
32878785
819382166
516598233
150276306
911519
839456988
292664923
320282535
973538643
309048732
909778562
390455528
896403096
272164747
905996035
542784218
997713373
855044387
773902224
677471337
475803220
109131887
318975411
38058838
189109114
537141954
934639051
279288136
535255174
606854652
868240021
969466037
549611326
83063783
788578072
693553606
208839780
633825958
690629043
97272339
612511671
679838773
687292160
358653448
69922800
935849823
92261424
113048599
761464641
562814706
659195251
467999876
815856934
851021856
80327353
690423987
771463439
899020930
83292822
161423723
592255089
747976746
863567499
454799183
364995293
668277764
702045492
392516836
414616516
221120036
180344659
49403411
446542309
563979689
709220258
812230047
171502867
401400502
468413387
72963963
457689997
299287013
677300550
443169502
538210237
402597450
476590604
839010909
841426456
159122444
214359393
544596816
704738367
531712972
492416396
681599401
618866890
359875072
25649046
627489885
463556390
949478791
642578924
666043620
755865089
998986045
568991455
423666270
185653602
352555579
369932188
97827649
62640300
948200528
27946842
754509646
402568100
668662523
341180040
295640606
161457109
878696029
136384035
794919976
529889926
632976830
329362517
264470665
916457785
293925728
235557488
110554815
763136991
263675035
870885938
587845425
15441719
462340581
787014491
453358449
495493249
851092472
997470385
602939825
22388074
387851105
743294850
29638281
908554573
824909881
753862071
332290565
695584336
972007629
647392995
58645406
170575432
871354873
794707164
170071381
119233718
597708260
244895152
191071293
645088112
581609259
643259738
446374836
21175209
916634060
60247602
291785342
408524638
294902002
83649755
127367057
675359923
168405282
1676022
315768307
761599816
997529156
218528559
7995137
177171706
588988745
576994225
376436982
942982257
145951060
627607506
446700125
536353820
309525611
870816722
812969050
673221981
510402910
833915215
466672368
925639719
218938981
799257557
200476104
57994631
32643829
127336457
317095904
141085689
630774176
77843628
131931202
254817156
598644942
667526227
222696043
802011116
755782160
96830203
25620010
517900438
381339120
779795584
460494929
575081123
76813292
304424651
572566381
729271307
138589318
568839465
744420566
848047176
191175149
761301858
255836441
795197906
793694911
341626992
795051348
902852638
315672868
619358124
778435516
267906211
637306915
7784911
156052392
724281456
308515108
429782363
208149310
183685831
200305605
942993444
40273297
763399338
40903503
821061367
120731093
603463177
641430496
985835277
874951903
717142091
628870263
746367933
859689802
51314348
794404250
923886746
576516600
705688752
23512331
586476335
529087067
894114358
323788634
224370410
646267212
518825987
845534223
549147666
824661957
663714773
961583017
625324194
975779356
757419824
103633961
818196307
646045665
236391787
708371239
501689920
691205288
481156222
998230859
932722882
413191805
829500630
594280142
60463913
684767557
944070431
254659913
363647592
604272679
566746310
271225161
972881867
630223444
967661199
392284821
151690182
858554679
332303046
93493763
618965342
869051870
568799767
227383340
600929489
866394345
72264035
403819254
672023360
184914642
640169503
206300606
871730763
100729428
215934730
241837176
598291983
101009559
866475633
88785798
367663125
485044461
202352824
251539915
721813956
425588271
895783994
610030621
650901681
637218185
763783577
168026435
971394483
306294807
842446704
576130190
581825536
775800543
123308196
409789884
427101301
585288316
384280806
622097175
222242404
624885545
152237562
528488624
702940685
977936332
791051593
762571477
255315568
786081044
741719296
703678542
973632440
93036672
790766859
211845618
99121407
449845460
359148876
384927484
410061748
428410769
844596085
563907470
902283830
505220119
411586332
823712148
422494367
939794847
10154313
488508783
503853321
543707425
873073790
426118237
310843622
262770591
668848829
98830152
174480291
128726495
516138006
390780343
84276116
175342398
78571153
793519460
614075583
317593186
883901560
291589417
810223873
938447585
687475680
320287831
605846714
675523689
599700382
304248518
170138652
443725991
818941460
179248143
34167834
149566278
137448114
644529617
655862326
567433862
743321385
21138501
231279301
774829680
100040617
475843411
328724761
960844496
488732672
468385420
775542563
184072488
765925020
661735162
670465288
244059113
83212770
942389926
913519361
21070230
724659162
452796285
656475021
515028906
850024153
957971302
204078755
262962783
667790397
7957966
369798778
894585653
252132603
425550263
984064546
962580235
444776010
529130002
930810249
365104821
257529111
516205468
473261434
85650880
261147805
49307236
537261289
163932164
362416745
312393448
199581800
144202090
57413807
528238429
560771312
687058466
300250534
70936315
5568755
982245396
955875258
402098532
611725127
773537088
66098817
566234847
422134419
233977468
434929356
515433287
268590190
943023302
217737169
878229406
259850558
101685058
771687213
143622167
472804381
807766041
598492450
195608411
323299256
393990755
810479375
142820288
403118705
937888400
567276040
55632750
114907363
270635488
145142336
68689607
862736504
41844167
931158825
861785970
123843886
475347983
799128305
375792820
714233933
693384883
834370929
62085304
206660114
624815992
561372649
14667059
18633263
198867965
390984339
739520835
457555115
848392148
235960090
659096854
818806549
657462204
449948654
42609589
571659290
313651549
910084373
83945899
481166629
705609293
820210238
543065119
178281587
3671964
84434148
687614481
925021127
907922661
368956851
718112675
252674254
456755005
2874677
892447597
836934208
206659451
294882821
851632224
516334286
902416635
377014561
3832072
322948040
826047687
520907797
483794148
515414422
874500234
309502830
735689431
357257036
356624040
766323405
980142120
253051932
385894516
853194837
994118039
687445307
388220434
851768465
605960055
294288613
432541095
10153420
146087969
482703769
688881892
282326637
193424478
793020383
982256792
516635444
139706079
542749755
213759048
630243752
742086953
31326781
575342634
647729294
967208222
157600967
315084978
93532759
550450162
293095869
25533225
669983961
876473640
551052875
558263219
436881676
865095717
302641900
721270061
853962566
768971351
72172885
271906008
836212331
626833969
286188106
497413183
16188296
970605112
128495039
419335342
765284408
557301963
425995601
656567681
532561287
814384760
600071726
152929085
508973515
495445011
862130278
188612934
875939109
306620405
279213315
919304531
306753498
120704717
365165050
762806168
221609606
801356060
591887787
297945111
146878764
88872663
748443449
647195210
61010212
773187864
526608715
322898064
374821424
598676085
543666592
350565757
223063161
466664846
587530235
939603679
225032141
541396048
249904163
364837774
302550558
707837384
515393084
12318495
596811644
683726733
202580366
256402110
298070201
144381490
625242704
584687455
791668399
86972630
683508941
551069705
756928741
221456106
624911349
261980254
444263340
261627918
510683971
508479476
782729343
141945607
890813666
352267770
718928004
821226440
283017773
75055396
969244552
855760243
765190151
457193423
10772158
322563227
608858480
680745194
672422953
530351468
470242415
343606656
130309535
256397230
384958712
330392525
46161370
315673943
562177248
166296407
329124958
44518760
43036235
930748850
425870822
495252102
322176737
541067562
284496513
29665641
828004476
446932867
31686335
802266883
197850821
586838679
714838959
914870208
306927404
12878456
540541165
185247112
426634327
983692936
661406937
110028708
516952551
716202158
676822362
532160956
518112769
28664311
312988598
130671466
761769126
474512817
580365271
555692914
903401388
213287778
398710363
815102103
228457250
415510889
228983431
797424297
364839600
21749723
349850086
558810864
805688248
969982819
458741284
932513896
988911340
393102093
835147295
319446672
470508008
384085919
990181721
954860702
334376558
60095831
648332862
582066596
506131463
994616916
385136183
398338366
627011732
591445693
901994740
162342443
87772109
581570685
768198381
243341729
78806389
566596596
100260815
413309803
91775232
408942158
721232946
147230248
206515461
769019542
397142871
9253461
273432374
812590384
285534084
270372418
193792918
832176404
181733439
600446134
710779551
76710446
967596397
168789005
413076646
668073996
637696066
350433166
640195479
163914414
397784063
903156926
932824093
587387503
5305590
272081282
762732598
985121775
200989161
859844184
640493165
345152404
902772265
159364774
509218025
511348198
717730185
280301070
364342694
358543840
38085687
838850448
63610155
978231754
966003622
534797671
966626008
406826420
986484606
14997734
797822486
739920622
894834556
28057323
979678891
339631624
466816830
788356166
218863626
757350927
510384916
160798974
448665380
528720733
911873585
955908510
414514551
932356973
693011163
775056712
652290054
200220478
879403597
620564433
243673726
556579408
320678304
922757955
682609600
777427471
98322562
317446172
539002887
826833490
212596524
176127006
629213160
112619404
838314649
570691797
503413472
738569681
697959502
406211909
833064545
698981910
926171863
640838984
724268867
284118570
373492600
414093487
328212264
780398950
327478510
978396919
580223115
487417116
398440609
967642999
310568300
918156577
469298270
714077625
48724580
201543692
710210933
304105094
998509629
699760383
927909561
170820737
433173186
710538515
255377778
775305856
211867592
185703384
558030486
704415204
705619216
851816969
117910021
269233853
297788654
943526438
600790750
212486407
778414351
103152407
636612933
937833048
557752453
888558129
636379725
263050637
281381782
871458532
447576629
79874362
229675505
310617782
230316750
181606110
121924465
96172174
967615820
93196767
246607380
709131342
536691628
745364825
645342889
476326683
423614291
330889995
160609238
335313952
516300614
31022248
318139394
682427605
426402461
863097990
441738479
998843347
239403183
492631094
313187336
345714411
648319475
583985183
355360103
374315237
480048355
547911074
637755230
322745266
731048426
853793847
167277441
71004939
507154003
19496186
425471686
140735737
692352658
688437268
611385207
382522539
476484682
3110554
817013510
231666612
804719735
19065328
632261604
686435419
402668761
520316826
570723418
101197459
784577434
355799057
885712373
529551858
745973970
165857144
543459341
92376744
558081881
801692700
825831414
206035880
168968968
233695988
935369802
491751304
523073043
673802233
384655029
384674820
42717161
218935419
722830153
262279857
414110189
541339022
250864727
688227817
194330717
295745381
262734717
678673285
384377169
679769139
382560232
925571653
947724434
762119852
399293541
579828089
714607600
854577411
747134439
405047073
333392164
811120958
978193511
894332688
141511524
125143648
81091593
570796672
543394137
810477092
159959233
406324114
117293024
764202556
828311856
775211558
965031748
795565163
236753318
131533299
918791896
21197855
249862497
805590773
792597255
493999987
527029252
961341104
976515398
173203283
425243710
179869011
281930164
628263440
762373335
673876758
226187198
117590736
821240358
843877470
546659503
741313733
237169500
349004392
482730846
560496094
259023847
275368978
565928178
326748204
379750673
955945788
401513499
621169652
548580127
599768159
118647585
43032340
337212892
868183408
142921244
206492014
538885134
300134548
772287306
270081018
691411401
547737749
880383836
724974293
306058124
23728449
579713000
319973177
86626070
359061424
397544583
567011914
175325142
274005052
1815852
421127245
934600953
28332276
632496692
448870181
540523560
648027634
367783624
787751000
112664773
669830960
678531301
774175609
905346965
963331665
184725249
16289964
253142222
818288223
667067104
262139032
207821616
511102949
679280136
826493838
551388198
731354444
262574454
997275014
773662490
185253537
790690751
17688622
136727045
143295105
841753833
175797202
715771749
584771461
717786452
332946787
887616295
969670943
305588449
327743871
86638228
191877358
201200934
88796058
319290473
477365232
313008352
672155439
175577978
458298545
823802127
477488969
811850396
440566090
630738842
678798669
319787551
261737012
914372803
637551282
732283966
942206362
514277916
436668931
382476860
450629525
25179936
525792947
442880058
892456331
535391059
943162506
660375034
564543470
338079501
186292378
960064263
299326987
396574100
112167252
241558456
199684959
694306250
33446784
192865654
986182824
231006136
560135867
761930587
984712822
314978682
76416396
13135954
253864630
731430003
281833595
127822427
763379103
853406508
199498374
188158658
437667564
576718989
485753634
685142708
619577649
850082744
928482741
659754924
41464587
672901602
636258137
421561367
391156884
721430118
193112635
738859604
794371810
10262352
446016513
213007059
351707634
650518745
458455515
798633834
876856488
51942629
454868340
589511073
149477806
720353241
782597779
557106538
614341071
841728830
745690064
973660289
951579596
822881047
86835810
228286409
473738381
687728615
491813747
978762011
740240238
145376136
743161374
416549233
703026842
705495575
442666765
843314937
943929531
661100894
994501092
443819890
466658066
682543578
388841651
91553259
48741688
575368955
508445183
134259336
652765783
316175619
867213401
55232812
821647995
618192797
631141750
808419729
384219358
962849035
675448457
645763618
485202010
887466330
582112136
263056848
603614871
188131470
487090144
121064224
785485088
504077725
902288960
297310274
76153904
439802169
422288437
550592611
389075555
410274517
24493837
226906810
847451350
788597289
604332409
5831954
419513964
501422695
535617437
457536303
972387549
286215805
474803743
525575603
609494489
76185120
396169611
971069732
305175956
356579460
569213048
345532193
378979329
498379055
717966415
959319571
831422778
935776545
793874256
824113096
959808375
842677792
252356905
734570226
253324034
175536332
955624674
274711557
653030082
793136488
127190621
811697898
567863058
752005868
678957617
858427563
256633055
351977731
168184783
183576186
271826526
30812567
365052411
707272736
379746850
956962808
725626339
220340133
767429686
683401987
492634977
28072272
725830917
76173027
808263935
894572240
757286028
885081990
132907819
963298157
46476865
858357904
946535273
407241566
589083264
218908398
934681644
91391952
660026766
470321708
53946148
672259386
201366735
814481409
196372133
468744846
785469433
599407755
749619251
907058011
636903909
169109241
672481271
490615265
209855026
300758698
642713245
55668446
232928752
462924928
101976164
968963919
852310948
321972496
550062126
985039662
373941034
957639978
930973425
885330166
682525249
467076198
935030335
123302844
330068786
907022775
967667221
936190551
294798448
711832698
329384663
697949769
202830656
273902125
992747903
302942816
761410813
382920003
668537973
644974989
363511831
796940453
70688474
368830182
603055822
333344939
302217768
696930974
199622243
941531214
238231986
332483953
792874867
91935847
752875265
401932272
176167666
330660908
404109725
699531272
744089298
484848579
108086352
726457874
214228097
491768471
35401504
525031443
716885579
570657770
372333941
486492869
124622122
777799721
214372479
732932305
552608774
286675967
529969318
264438546
416967525
776094713
353981628
272805968
203348849
612210174
218382443
192804277
467191790
725530358
3702372
294383765
558021068
29872750
784424790
407784416
307590855
989039459
810642494
150290684
33312520
254840076
916557606
525430925
363503537
167794456
598646002
836807823
776675254
759997791
72603244
335195957
534046192
128469889
753234856
10036730
618489039
816075435
94056461
422220701
121575633
628091419
54400190
206243959
714670452
160897867
604843876
108364230
523850067
101594141
135549494
758774957
106246524
177774071
64159019
68549834
302611712
384080481
340074446
666178771
656015868
763028769
237272950
228522532
820976742
779304386
751311862
220812493
261878808
588448915
450384061
614817152
765181364
213572041
712178022
865363136
954655099
643870340
932697596
922629764
663476350
597649574
556521638
836492099
913862051
338838093
803054837
278408344
92948318
874785085
711841329
649579859
493926964
677944205
998838846
586494237
562869338
573619811
491013299
978576361
632659701
999039399
546615586
113434252
142256276
27464977
761899542
602283464
594587143
357543571
335658101
374283787
446135394
790818123
206304860
799366026
406681101
651068053
805787510
565270484
912437054
366339997
769929527
275063809
628125155
285699192
999908592
819614194
501341586
74848465
781792725
557854682
850160147
758494533
812788327
274269280
831605894
943380645
367144820
440475416
516284152
336774403
511975587
656223032
347207151
148848118
354183731
191233322
511318792
78806284
867196446
574393135
30278155
843555379
38764078
832647128
589396613
158634553
635669900
954939497
285104587
202887110
136099144
710039403
513482350
302252345
694162545
335540108
197167772
920746094
503265423
69705821
954003100
351209560
789623962
580595613
962179933
732900156
678791918
481477688
680117608
707555349
519861475
965544268
949269104
718843882
493582415
425665871
52320952
531775363
995732534
538580214
792286632
763442160
273445159
476468133
442471015
54922174
339011231
859192722
933225970
259124046
587201233
849151363
154838230
937776336
509086503
37379044
44782984
265994214
707770498
651264663
334436473
439807353
964353156
839485645
70122443
101984195
25805219
629644576
994611775
841121691
507014106
841605035
574721929
610760819
40361516
331658675
821778623
239856368
295291970
342655661
596726651
106056986
524602514
474214563
678403781
6789658
710647528
172961911
692346099
948146834
315709228
378046903
985046622
14097559
299471563
162005689
565333163
229287941
690073205
37463983
517500948
566031085
466026126
172192019
891788793
423547486
839279205
640746139
705622838
237275628
258191167
684473005
168929042
228756899
835678233
93699058
502279016
113774944
695365830
624956217
643873246
82499413
636904676
620405980
398341008
360645214
69059682
817431178
933360751
580142243
742611757
985727646
545929715
378039619
172614956
251040565
257135859
87482299
945057318
273331114
771651311
297648741
949969102
202134962
827893338
27656073
47850662
207595467
281389290
754321823
77060210
24056939
311274960
223960573
523509860
939284979
148244896
69744848
699194929
432092017
468163409
8943705
128541918
947804232
425183136
976210623
488779476
734452221
8083738
185277123
718871153
719704832
1880724
155624544
771559485
672362525
151161920
728001290
358472019
766382707
691013916
259688387
57727162
707591233
914240560
948083246
649123509
22194568
128634775
544409875
103179316
599536811
955205552
562532180
753918788
667989587
225884120
253645243
333336515
550225321
673308370
418810240
967569471
471732380
217658832
284392203
832194166
588426713
270798073
941160949
342782175
152640229
774402812
478231266
621398578
283383347
558764506
48484113
368426612
792763727
43499560
364140548
415841823
543584513
470714171
764135168
582902925
117249318
641973615
849424229
306173887
634368841
58149102
459002980
48984122
829751745
200783645
650827597
11078318
783433102
989143620
399198664
319020892
631095099
336622851
965155955
613653811
979988620
599353833
656155905
254067635
649992137
927811305
189075080
23499246
511285869
473209838
861508592
875742703
355090324
652171086
921500324
508924277
164165061
398099309
377893352
520965336
739979057
840067692
8819177
450031321
500042549
423183547
511025292
250386344
234624568
238484474
860438370
397948970
684825713
200141482
977723629
706007738
11321780
100460632
478081401
788825963
784424448
671442539
921398062
692450670
329047254
333222674
268831479
85003144
129324515
401785371
282409882
793216665
611771313
161636389
605358299
995915927
649869854
711890381
411696513
108689036
173068831
977048466
748703992
35579947
689605924
346183638
221711483
772863873
131808223
951123047
362990621
726266299
25949411
672055725
493854876
518285544
819954553
793144687
753754979
980466011
653472252
527092272
529523636
369600916
387794124
487913745
14335094
476518232
924986158
126342517
194082345
40993861
196758062
975872820
410396383
690614126
912259519
366453934
372309330
545914943
429885171
19438314
984191211
895046962
863565309
363528102
26302036
808814790
700909580
961895490
13087496
610818158
472348112
158793193
69279353
668186222
244383790
636194440
747104464
411560730
752217285
746848489
530773960
98596836
445028668
471452205
263240622
293661503
918444527
622973616
964520347
286665792
461176809
463085105
863120663
880640549
607581272
450748308
156813572
304112761
587088862
771551407
265564150
536933294
244895857
142225954
228385286
682796123
639927406
940667612
170218402
242026427
88206702
198547974
620421120
677957463
503900989
64234165
513526577
671310532
181724367
196811935
549535999
657081204
783908048
845061742
41785632
816965255
174188731
668334522
799137586
804808151
985128488
354025436
741811748
757071607
879506035
545209101
466288511
271599805
128804697
196656273
958088640
530770756
980310368
769775586
836538176
825230940
553769633
285918554
582213118
518024963
809081314
581378153
995249717
108150992
571220234
196925607
385097092
749741656
767847299
298454285
900275635
836118143
548801800
366029737
842761651
810692422
848248729
317358829
920527662
852906577
992352493
246091948
470402332
547072636
737343208
764183140
582689213
754278767
743749158
782043961
784926717
153653209
726327433
675378058
553798296
200079604
350842370
247933213
253287824
110510918
799896730
201098796
916855490
715720101
901413880
304443680
830842805
187698941
65624467
499092491
826848860
883415202
470053822
241024311
89522588
71259927
801860844
916441835
224654841
997128266
38340212
475469709
943416114
569959849
608928586
74288251
593573978
937777526
483866418
911191498
860204217
702388194
804551357
11734202
114079458
308745786
64878422
41045042
110813858
243934585
732128980
962052121
65134508
589324263
115105146
305061495
791410102
249353664
919554898
837420227
862973142
334710564
915010129
83045962
147241058
403653612
145530063
70310027
249166762
232278615
879507601
181236465
616575602
800471444
278826706
123585654
332002052
472323932
535015085
324073064
928187038
988139681
540171846
881038509
279721932
866003340
34890103
21056343
577261003
711547500
63124199
636808079
146658470
535569090
128246577
237344475
264130207
387983875
71426665
330438331
777333239
993360027
327234328
94695558
865093652
820440064
400043711
126759765
223074074
389935793
283742105
362627572
580299256
966174139
395021878
131310877
548685111
151869164
605401624
907916631
521270060
372374369
387031512
430768927
611550285
619764454
184410592
33258598
724047562
972693126
356294166
199306834
74259734
259333261
589819773
805947070
915491471
132816652
55368553
755174487
572566250
694282213
673514367
234780254
372113255
798637226
46156243
419135482
867169059
354367883
275242701
558700535
404543576
736659400
618283566
777256548
11976900
641891141
308418304
988077955
378644098
681222166
512254204
575251155
86788297
285197919
349538155
428530433
769397926
50667295
942637211
548688511
438433327
869824991
130493529
545726220
612065294
86130778
859026583
240792346
30024908
933697337
975662835
561803037
993702892
698312884
871611155
680253975
141042383
893954897
342644675
129462864
786981612
681642870
230526863
139555810
421389340
804357862
278489814
345719344
786581537
211477405
371891547
144487530
570897164
852260819
847375200
616967526
297436885
786336716
446037388
274038746
724745160
133978331
936540254
786609607
150740309
241404029
659020940
251298907
113225846
775373959
262265381
926770763
411198222
55127808
266255180
324487263
467874097
953064784
562031259
871841037
596506609
474042967
654155336
130236026
112662074
830403197
94818685
26059191
942831397
220183663
406139005
473428576
803343838
332233719
145790201
85183021
340154138
749903127
268522615
812210424
580482130
997325699
945181619
271967696
313730181
645097909
551593195
533492494
189815976
759378845
584019231
472024503
932662908
342501027
561905470
627896011
599493481
17958655
70975747
369384173
296286917
184879877
727027459
365838435
800773163
374045505
448976861
5091774
225643668
965449096
723556210
412464069
348542705
603677725
75909127
788378003
157064353
629092128
984780694
523719013
688714528
421691705
313480360
656382649
272997812
769780140
530291033
675501106
599570975
748741115
657328729
198525498
760181673
663991173
903684240
793388126
866424239
923261958
406713743
756145911
865140589
233992098
417093588
173419943
390745343
74765115
742458242
619825622
891526168
970698624
379281148
183846987
86317788
159055599
426399722
552487721
79793470
690717016
225250793
76605701
446748862
293649497
237165074
656197947
690261372
937550751
452607997
734056937
4481971
411277561
866573289
739653462
306781309
448163357
910738740
674568540
276769547
501513279
978227885
678503344
339474918
242773405
878235808
644992371
134495822
57842759
208922049
755296750
426385428
688407268
400049187
149542040
787381795
344602740
362259369
74028504
888366346
130364599
524111787
143248979
382013131
722997774
610549295
751214194
339575638
466714646
473547628
466983519
117862017
629925867
73761162
270455801
521283534
97697697
226297953
388734523
845592822
381824264
108534855
528646506
40203125
352927087
569802245
461832490
314452818
689627138
839075237
853558172
993301189
833267126
290606130
111885524
103777304
118085435
226653488
115830591
230005150
621825986
950695585
979007952
210779651
33557626
688775493
193394333
664694025
103961999
413338148
985444542
640019112
946463879
352805364
995402211
205224842
769069077
611641268
430338566
607474053
887993095
557670360
743219801
150890550
418054804
260112169
803053326
44738036
605205078
473749327
895760608
917934104
217670930
544718353
335626739
450077773
133244572
873184996
223513490
659547923
901205603
371620612
676136728
260321542
95702595
80125176
727637371
153247888
702677396
252140397
606486602
345376873
280798011
955293624
760984335
259750778
901770701
901006367
752575975
986192426
426113426
665420861
310430690
178083562
734002875
106132835
915308518
433420357
762587231
137381253
231554537
962345041
244362391
609031984
897049735
972771557
368044094
647328734
836223428
188431414
596106392
217946156
470976937
630278824
246986066
3876504
984692618
278059977
15356123
568285034
24403538
923154044
213663336
29439503
704428011
332830282
392065926
884769391
574527758
801058285
355724440
437724598
674061293
352736160
59815540
957174169
921456463
682617790
12693600
263559899
584078344
635733333
863338651
170262562
662734194
362389941
764677561
828550566
282625118
234226839
26594867
840954459
939273129
642380915
228320106
54298380
481356458
226116341
272027793
40669407
742417378
617181778
664732754
560655400
68922145
455091873
271387053
655280655
453823734
750758109
410430217
433528261
747319855
9945126
431271505
942609513
596034021
264763306
89820799
14851039
255829940
386286093
162319525
864539305
629760728
421914040
249365412
736850418
73413325
415838410
656325676
570920615
882891383
211475585
590277114
109190968
174380005
112866003
120331818
74434019
876605094
525270629
384958662
577793055
813119765
540213123
150259416
815846615
141525149
461731018
522312064
473561209
339449587
106347067
571485860
722104445
154991873
776168839
507454908
683872332
696473914
15643893
258256565
367109591
13480163
98615127
596177702
234745429
154817762
725523366
248964319
730385160
944725740
288801308
131894057
415373978
712313607
177577251
654227799
512131918
228741908
1435167
276945509
249424249
626245565
993149441
550151793
774109206
229134951
279108185
902411860
722723017
912753831
807015532
478511715
976902565
92727698
895485211
56253639
95613479
847856228
120412225
181625243
364600101
153623927
461358824
329779593
903837312
888199700
690472325
203147101
673377696
332165570
145862383
149173970
908074935
802005795
782084822
769010962
201137237
65050677
857626492
98964667
464308633
495486514
738298233
694392999
747651847
949224012
126736991
332207032
793707059
433197879
936957538
814686300
779964939
123671944
841033284
350654415
852075153
825231476
181731777
528819091
779169633
896815582
949233743
633337015
140202007
595631343
623836071
593243494
555362031
997928593
585316682
410962078
803830828
921777626
258811388
592574120
338509735
522472692
172523527
791105542
86909580
131485093
747233407
770791572
386339219
73606561
15900969
148840565
641928049
667325827
718586862
493054904
55510575
602246219
331779834
581418549
757305515
139786164
613916336
431694980
602776143
522394546
782453698
746701918
609934541
138896059
457495600
235372272
128542086
22916283
942307272
406621246
931518679
152480476
416987798
302423333
257376897
726553421
925545651
325612388
711414472
625611041
927725271
141359368
548214288
305277439
312921951
679544820
690274462
477400634
319719756
875548634
774272613
877192705
732162659
91070769
760996916
407640687
371174273
678291366
605868037
153369940
588040015
608861317
650394927
114632028
191719617
675505023
827590707
440203906
783425865
637266677
691503931
258292053
678003125
276866359
696793256
108079338
848715474
643533441
567074698
113894570
808068903
938864643
95146633
523826296
621002009
574994132
923484941
756586223
173799886
812057647
925336561
332983441
845550972
346766321
613658146
922675961
349429840
763472473
561536343
698135966
360981341
508974363
680293637
289146773
985485202
9601045
208321979
61703572
983201802
387127861
129860304
731726819
958221418
9942303
373916420
402835665
603612496
584806945
916768184
7973845
449441972
239585104
521727560
620853189
588810295
95457310
502466570
852174512
190586505
688511662
968714027
617640880
249171179
757889081
431396819
267550349
255337517
159249631
450605949
321303795
942807087
373961486
724943119
214311461
947674664
804241550
983221991
899904323
484778520
503440309
564207251
71659037
655040806
827007022
460797176
983159345
245686371
629698130
840219338
57801065
270235196
352516784
399864472
504239076
68819060
95508232
333197010
434628951
802835824
126894310
898783737
332356934
335353511
940259488
117850015
632226511
748462878
748581911
593921118
445175885
365439975
348031191
799998529
893634673
200132547
112478886
646973936
842066911
494420850
760037997
141527475
171833932
676737835
865118599
79044327
170845418
265181014
131531144
191511688
148244749
489950820
752927433
450323014
326645405
29225896
996751544
199224010
299064200
871315376
338815762
578110411
437149000
853822007
558912852
747447549
791068129
616455662
141562133
600277866
786426761
896516099
233835647
744605426
392821431
992030703
764685684
11921443
573608311
111990108
291524427
891506081
321862835
25058462
244736849
354497634
717004330
551288596
464052114
371185386
943949386
383553758
553960626
725437499
148811685
8689927
760639354
204666236
472651198
756674161
372873967
769913949
778265547
710743172
892153716
195784611
753414567
23536524
267829999
586459681
385363957
22124460
634755803
590043275
275865764
588364350
957142615
262073358
66762549
29093446
543328432
539203166
89013700
106404196
609937978
560071585
949458245
85135367
737622510
901213737
580068785
262037899
674665265
523936397
327247602
631094195
55778352
475229645
535163316
346542055
683961436
92245594
417011812
621324938
838737780
761087700
149692284
403758959
269825334
343190896
990667121
528311396
647724120
918275363
970890984
750171063
736858441
872113985
183451633
170048796
631613153
306445517
912852708
137183808
993337708
443111328
813137535
25408305
717464885
378844838
776273958
933701150
929224225
629159099
203393531
583836394
770055433
679419028
554730275
389755742
987559048
335604066
525169198
583248330
433815104
69435519
563892268
70589462
79644413
795221282
725641237
350613806
447581248
864700907
55291618
886981458
4253852
115764386
736378678
984345430
960264704
426559815
225475659
133019443
580575618
900330605
98810225
362703852
942113699
839333130
309506055
520768755
887381553
134864192
110766663
854899561
941314633
417924292
49458567
543972410
604466094
188011719
786678243
779863697
50659666
132477184
444077412
794032236
958391798
410082558
968673483
510361950
921991269
672145159
76419460
359236840
285220442
9943372
900630715
427331623
896321917
378447426
587061476
856865009
796299207
53394870
912279760
171032185
530184779
407797517
131834355
191066063
34581360
62377703
7860713
748951635
740486720
914250501
753527861
736870940
219817642
683628871
222203519
633367053
134457006
107406002
228187653
189869171
425645673
332634712
370065840
591564367
715364842
855680351
200040825
576777487
592978712
171227462
970877237
982837912
575504807
431489614
971644318
132845711
92890082
913865995
923755606
953488987
131358244
454500186
928075862
272208478
654164017
374574974
412975309
432161644
38566176
918659022
827434896
388757119
338814982
284116577
374433000
332126320
409942214
128334335
422790025
711715914
396010218
623239693
682244230
218565669
330070320
75710914
994065028
35816076
90560410
864153533
74404948
620807552
61324383
673958429
919631272
99044484
118770949
596940901
545282011
301000580
516109095
466138742
865603157
870240735
346676758
518130329
651943056
211183835
363751930
371486595
45998851
814402303
40405150
268757276
64574614
742317055
94409758
843002918
629887255
405512686
137533705
311836215
60671698
930835503
655680338
128845177
706536744
102083322
777101954
257516287
128379594
892263997
472821274
49769939
573023601
644662071
206552209
43832125
769123564
99004658
905991658
753250350
476697572
689453423
38681037
7309710
196385119
370441306
912353231
218705501
597956971
132251171
30624197
240705200
591204942
474734646
402639649
116655584
948130365
662223415
328389671
521534462
432030437
499813491
164689905
179721984
508015419
285682683
78077078
626833609
281424166
174164700
237335017
634829825
801208124
528399701
905419095
880847420
854656512
380598063
569390369
160762916
702514573
36446810
2468856
347369173
15265690
711321622
604301709
53845951
537518570
44576870
684835207
860648622
148147237
783695515
256182356
761299146
643072655
526724806
104589078
8976091
735771661
240479759
65443117
543631329
748889469
935136230
890023143
282089139
825923050
418265389
892320516
14827606
28828393
721207808
538271161
536574470
65317097
463401609
789914720
619147270
233869585
382227255
831827162
416424335
660253413
437351297
666568407
502891034
55188566
894004783
355554790
588585009
19303794
716486120
91193532
542735742
692397216
915772405
775702058
465079297
531159818
686531875
7095609
582325712
782670709
285392065
880560110
757714476
121516985
126540736
407276990
551238282
924899737
310166652
174308858
230358861
752841188
792689674
988772806
150190109
398469509
577949890
837059183
450936743
307452347
812799260
59382688
258478810
37237908
428983636
393359889
577981825
8964102
783777662
910675052
420511497
335165831
760090869
849572349
973159520
900535421
334769078
632059130
468002428
244264896
929593369
68662858
917142538
708459550
787680669
592271955
581692873
457863304
759062850
447897635
912611563
987436494
585778715
693598889
549345643
619637547
977829188
892749414
604782146
657751368
118886186
16246113
111094859
584173934
500921860
429969387
141460331
157011346
948982255
278033922
838416127
917776251
193230971
22747383
715414748
827301072
435551841
626801592
308686426
76583392
659219637
651443199
212278654
833756572
733199945
793967369
517584815
219160923
628757289
982974724
158094827
399248464
484668342
135948551
92880273
532293922
519747560
496873580
297258705
222685931
81467976
158685846
327486896
747246086
459379451
93833439
494027899
190892566
600717788
432176338
854048783
812100228
87416879
160899609
662515811
62640239
150579256
968978397
890128094
189528963
208728205
496839233
634578818
670200994
717037999
159923656
149504485
172484856
374016701
892251062
898105129
324457857
526521846
779711007
539284950
330877115
404728174
464212488
19818113
100548336
408507537
484792702
180654249
689379286
421757440
795320669
425045722
906529132
830525598
266422984
524721970
501926136
107272277
630249748
611768244
384449302
608726287
858218167
754094653
808773518
620506278
724084364
578209087
515315913
991491299
84442151
481806145
742244874
703632901
393329347
909385197
301911913
927265226
211090842
117608783
809595034
31884634
587857309
101441889
995767624
396234207
7568744
230436377
452148958
6452554
618489417
611365737
516776337
582939292
595055099
461092887
47567919
846719228
694729478
797350342
794103876
242097432
274199599
110031101
480447210
939141724
639263636
340867844
279246467
255404627
641391097
28537144
251111278
240434006
919628537
148013259
387497894
675988895
463788664
427186956
917190820
730250986
333017583
384993692
391346756
80755741
463218379
796931768
166045165
637816934
95315965
798183645
657937967
151032754
733506963
660530066
795469631
945728276
148099293
831757993
993721762
848542129
12808258
860976832
16808489
276813418
100491542
863925258
368767472
794392938
359700274
94371331
14464522
521301608
588487279
420347431
810747862
340501334
401691859
893723875
403787097
939183077
304465892
554638687
958873556
589737369
329594036
303650628
159173587
161782830
42104444
196372781
658732435
201866865
6415395
923775762
478745039
545752954
298220224
680509957
700708998
248133668
52291000
575572513
602950415
140786630
102334628
162537135
663673570
630525587
938198118
117089385
264267802
292977669
593108020
752177221
437396493
290145629
538035368
673011830
338024446
166515894
870520496
126496986
959949298
564688795
641506077
67656029
935851455
786911504
678004892
319306193
672485018
258245737
814830841
695554120
546400429
480153565
455102524
121716164
881197225
483393103
909393445
6007086
423053034
796965162
410271844
912507654
168463917
493692495
124622685
324985359
445178959
608698989
583870006
545080083
670395479
810248367
465509535
586540723
344252098
199695958
146533299
496624646
384096110
683151834
457047101
117303779
913372591
649961884
371642274
159788589
798494354
63929311
523049372
664484330
536236169
91419409
511942783
770890045
921385617
752685304
248279529
125571411
73719287
563989969
622739737
20778865
440173725
961101843
136917979
694827987
468244313
304251571
25452331
305389060
953253413
127577712
125691168
221024743
36873676
95056716
349385898
191572066
353814563
14811621
286392904
491262405
501426644
945764300
30884827
493201004
654596702
5098875
113504785
820200533
60521749
332174312
614674070
96447830
922609784
506492578
823993534
244129326
616648719
340669634
517864888
783250500
59444016
336276951
61448557
676281007
176474934
581821852
568754628
307579266
738143262
406036750
880239095
423662687
588819103
751139126
128064591
807512264
662974012
545536896
180255273
568492193
507536893
145095174
491649137
671096327
384565177
926836624
692821279
345167171
703548551
436687886
714684751
407538592
202248275
819356986
950995243
249581290
19991257
524842763
457712182
385637484
576135838
334169136
543700433
531133019
128463387
469185925
513038660
870811568
570066272
788805542
169822439
280774361
533757092
64323551
968732700
228004739
790135138
121662752
922503961
167446321
600904986
247538652
237768028
640212841
819178897
254184399
653411877
119615712
959617485
452315392
523872665
786157005
673050073
561029629
466621160
111924856
225256746
510229743
447806019
406951253
529336587
636819459
296394508
391696459
827854045
440835597
321566578
3366268
519547171
485079329
839173883
349626998
725966478
900503076
651061493
637439094
866752289
732317764
729142134
684897815
229078414
520326411
808104185
66560660
342298086
190637292
119695438
102956009
648164914
324853721
176276672
460108889
545195355
685073948
16202748
461536986
238518625
524964362
317135918
544419320
554422182
923058505
802102122
83855451
236502581
887610822
797739828
991896481
110696237
43632439
320501868
605181108
929470628
702754461
580310064
399292526
127712368
601255269
362892606
84518525
174601982
807872969
571627523
711822172
301396834
980020423
671339584
77660687
85893448
843441609
376454057
289912774
459801849
772878627
290438486
100017998
868677372
221980642
732790073
575016986
588604321
341386453
222359468
722315797
929367488
147625804
142851037
634738695
429359910
75171929
862816157
150517392
401379640
317666506
484992965
415770773
372891933
829448241
759447791
249138206
564973428
918450633
438436931
678278982
712410336
253866667
263952014
261442464
736366896
397796958
9217795
818763439
406742791
348647559
803338762
957914305
235926355
879476348
641893219
519194657
302859968
451087303
60393540
623948197
952204312
965154278
150694058
215875975
711761631
78094075
129215707
293160787
138248904
228099596
605572128
861199958
83207552
175609214
228417782
508050834
96086078
475753638
349573080
28976898
215562169
43577410
343357442
886249434
286776867
725546733
587563158
71296239
737377157
693971741
160361823
132138127
873044070
109409241
608201620
805053130
122769831
818216793
641458303
237817370
334659177
72495382
22380098
297232710
292519918
42392284
235469627
433775990
21532165
169513672
123994357
173521898
946353632
537576557
747092837
999161484
41916697
737308719
84532517
35638957
403900916
383945995
520411748
898187709
316968548
210235856
11964106
255678126
164376747
499094668
691040655
449503216
11468597
855314560
503576199
202623100
240878887
117142250
749102670
918723484
66724636
221264615
906016323
279691947
930615815
520675503
787618573
340654204
625676093
66548154
441115158
82380331
656586675
923677545
112840113
56004184
597202026
932489855
414269421
289679142
931167435
240478502
740671089
877128681
871449084
165974315
849225488
953605620
385569584
861160038
991381683
956715831
209617030
542490355
918885508
996604224
581822029
988889272
303496311
714202504
104393412
904868995
450764327
540726404
530722397
431329702
77864346
113541306
304774930
253346503
559822761
805585657
312954155
105392731
422586923
648464895
927157069
443181250
51395480
690955079
581899460
180476773
570520970
243869584
156588124
648366879
378512273
700386406
232330612
204019288
911726877
155963882
22261444
119134797
634550671
485777095
80646587
517915792
302272199
227267553
207855558
445824945
291626385
718291869
199057652
156698304
401204880
587567735
814254223
927003013
617696110
785755966
57785297
454704029
405586429
537188454
276475644
754975153
2113197
464229119
699990799
195967709
47265293
98751966
118807017
358637251
515730036
339393471
850437827
671654481
84466711
602374151
136096967
360496998
7762276
914407572
194032349
630695996
304737924
582161277
661119109
83727259
34807485
254277577
971591577
701614629
661576913
242910930
600569925
574816241
926626506
501534919
477930282
578717437
581103568
744924271
9240868
305953987
371912412
885300585
878526118
165768668
969003059
330878187
442948819
833821102
718748311
88751196
374982974
24102638
59741220
145215901
967069744
182846022
7574757
619873879
60787709
3008090
264042627
907782185
216977377
926447143
442117327
624013976
853543285
833290348
131020927
229893848
643304532
981177343
557110191
186934447
168943424
945527349
841331888
841918210
471818415
933948859
574372682
727799975
912310086
677328399
395712666
186428483
576993427
905029972
458809792
733440948
258561618
437703224
912303758
248505909
54508606
980112946
543206872
715031423
832142848
754321418
678277505
197675200
299839222
44674155
59715330
751041396
78914853
570025895
347919972
227616776
22015028
242632463
134111860
927594589
556889536
436177092
279037262
57711475
381156183
226608971
437893994
499763528
119163501
907623015
100314654
38185467
570907489
248586174
773848217
159504405
246342721
272471343
138021860
613545284
548307227
873551191
995931677
246506250
187939442
307409862
960545046
162338096
368243077
938474917
610939277
399736847
381774049
615149629
924511868
636136455
398292354
396332245
695944780
317371228
930456836
808155443
897165094
568676755
340446888
84925467
772396667
237176083
373661436
389512323
9992596
781972405
417122650
555383903
390830661
720482768
714318629
832591695
549951737
982787452
799802137
636743893
103334203
373207671
524339889
274020425
38838522
964404562
649974491
689790806
658315557
766120165
692330145
39189655
338738110
779211587
191157500
508234872
300064697
446256277
994373350
630685009
993629538
422853910
680101132
6968852
759359559
874432181
357809842
523810091
953519166
975567712
63304903
452761993
462915575
810052712
905352754
751498413
652089150
825559925
571057599
833315857
376252633
996503920
670866972
945395859
488111443
599153413
356815144
831733306
181142297
481533969
656506301
66896230
567943670
1065280
922800266
217538085
268457433
361346867
451359914
910708924
571376806
78387575
82742175
651197626
679997936
425404004
632561516
952568694
170903850
417119264
660178110
511337655
475131253
928258143
641226112
703150720
214792341
900515170
494607646
694111606
152862760
467582834
998960380
799162011
246736690
541593338
886204365
59117317
426200922
928770028
767372677
485283564
623261976
350465086
995262314
824696142
465246945
215051173
650029612
788009114
807152714
245936366
936572402
642008526
825208884
455896238
836514499
318379982
812532070
236204606
660289207
115043590
900851770
403685490
237625180
521326548
369913214
475836865
99475661
510266707
208525472
63207050
468469014
463608656
738111190
962616773
108086766
475698842
176322280
118580221
683707388
840496933
221243939
482662676
170528828
897027347
946083339
564375022
610484531
521488851
322808196
237653149
300240021
247129081
878184947
732409039
211734789
325284797
401594996
778363442
523025385
986885824
768712132
104708818
781818133
445904490
118214509
273370338
135692650
653079247
831785581
132251425
620897653
540962484
663326360
123531216
389026011
300129481
913262582
80750227
748397168
604755369
380762352
702799318
407937842
629182570
873297516
475716133
211873724
372228442
512441486
346977887
721507208
360144534
133084064
97862680
168226217
170884909
173096265
845345761
236776349
348426619
688073496
838277292
695338498
993750285
991583989
689636523
245310363
432467177
941200008
115870711
38965678
716834124
882156825
883241700
137620611
972412234
332577253
763326807
810688873
891998225
694014324
588781244
822886964
672008530
516212613
977978760
336966758
220522141
2806344
88402315
905119127
646441733
237392473
311168370
253325294
463649399
689551247
730408183
383340392
142088311
387280490
604276227
896146273
106784260
393345610
692758982
308424816
205303889
509464919
737397814
326477863
828323617
726004484
366268727
721987495
824097563
938112544
241594533
42508555
903265260
27728604
97793752
996856960
596350691
890573332
724816779
324665159
390433140
931697243
11577098
95481269
948143556
664098472
603817068
525382147
90280289
492004672
446265596
416528764
8190553
644422208
711756935
374734805
708176168
43790243
858046615
40079919
696923333
234494044
920241313
287569469
780880132
383512406
930957588
806484032
369544395
882819575
267725005
721204863
575927270
904255581
761739403
209741929
984749448
236868471
913827039
318153458
430492642
126903726
501792874
88147274
718421749
96562326
188605341
665808826
808131857
13601583
400489021
919386103
455894113
996702498
663745650
439203080
904919744
333404029
354831965
368036078
566686438
86775029
868064020
439777167
492968754
540707128
26397476
262339741
997095809
843594348
740921889
794789470
557793031
125846122
200155388
737062407
702210111
107105400
807096251
384547634
399215459
88018095
330994855
288339294
121609562
86848592
302604018
710104458
145327414
156329672
899156287
680386303
997715969
753629948
655706083
72839930
717509178
309471276
645031643
794675176
427901306
114500615
770825022
215117231
196603036
985311541
427748087
173416382
864437269
383191481
88466760
127259011
864946289
441029861
625781966
344803268
291827628
967197968
596901895
83439176
774962611
306401441
390423936
482198340
818892279
94950148
406305331
686883869
517833764
686286360
604271433
412596555
943916070
567265357
371640340
483293822
620113294
539443978
112126008
788868087
165759257
180211171
354513028
540883700
347615799
686085297
436785273
72457464
343646724
667695176
944916553
423767766
696203080
403270307
280820212
794755540
46102614
605273143
703101280
581935000
886333583
869346281
340341675
887465949
736031951
379004417
856201525
139204589
265045088
188696548
413156385
527926765
647064482
532961978
158031440
170770643
104506826
906221314
633887022
154093078
291063142
455097826
308559850
835756727
619541719
458785348
254759312
391176969
21821566
184958509
982638964
352813406
457294601
773742639
870222641
824211708
286719990
468087324
517525126
227439372
807703473
648844066
284978472
97036158
183332492
110031061
221192395
496038498
733618096
483041630
505272250
793789768
221200849
193690131
170893304
973005237
521457733
62342949
294710057
883475329
254131952
380889784
537198859
778514306
949163200
177868869
184656898
46095051
995418484
803566441
132139878
501664264
347022367
354810295
851704209
815872476
864029889
938497474
310306211
217988636
795742528
654623679
196729727
73133160
611301900
144593208
581142010
285763791
681290159
527060074
369787609
980674421
397488513
176718931
289309459
682090110
492820258
959109680
432870244
712034588
608828950
671280569
916716599
524781963
855011981
793662904
655560230
47032823
911949515
231480651
296497152
799342386
281628624
692488893
647034150
45214722
600247316
381814330
621641466
64388036
124120128
294054437
951151353
978554614
520771222
597138693
775654607
390566301
311432952
733960300
520885370
628708846
7448795
677366383
827214237
793077175
351320014
381996256
368932342
492938696
797202850
425973491
652244895
4552180
795488031
588513277
290307277
692127373
602574782
935359723
423333451
794121342
142611180
443705320
627668577
52223701
842572977
323641170
58741351
45671855
769146699
478871567
706138662
93908779
969134153
353462150
700154914
745813781
661311680
353486481
86461877
880674301
388886366
361224307
273218305
998273207
122397369
911132537
362532624
131128938
762313153
627714920
493610967
953958751
273676377
916862245
475256195
636582798
344846983
691263813
492812571
636489760
479623639
111753934
271421067
11541367
553050076
562166910
384367932
952563513
161506195
605442544
105881705
951229906
79164510
955147324
65105426
504981719
771951070
916434155
54171990
565607160
551708324
69839067
824845546
136982543
493968641
319416613
439115423
596485973
33154175
871661526
512057366
686998836
849420353
228388008
361362799
934012010
150421219
973156866
63095944
298157758
101526207
143260804
285812282
606082395
291824052
781378005
240449669
189186145
400527340
813293127
349947806
232170838
464198136
82856524
235648465
997095237
440416842
758058279
152857622
780137858
831729278
802910047
102552872
426777026
477702941
224364761
78601403
333315736
678515757
626051332
515563140
320378824
868191617
222980778
718181858
5551113
85227400
89645375
208613028
682827646
602642608
794459989
711484326
301254666
465009840
992124796
307461146
633242174
832769942
769002937
51570753
85384971
10963375
778160036
996355195
212440247
477640785
311484049
34144290
816189363
515244418
775380645
923938683
532392869
585079119
359758736
266857359
457324476
997736107
376153217
252250834
432126662
285463146
484605610
345123387
870130412
610094876
802856613
554352097
682141868
975108245
40229228
629980317
26820749
958571706
318854761
906634014
77743285
971537665
470775428
592949933
687000269
359795207
750225707
380386614
324778243
848405698
218064121
788003699
980084141
717932089
112319943
300836278
913762501
877004210
668731509
391945829
174873865
897509511
257841362
487857694
388563386
13458434
567058258
226164344
725153169
850984310
393505148
385106657
967236570
755703191
538996105
412240930
115938556
976820882
971711175
831452197
384117755
517712752
751425713
242696167
674034946
805968433
652586416
145176867
554660423
828602040
248337574
461358668
86570260
159437505
472323798
68727030
540647107
972354546
779199403
703837344
41531992
368780268
96403605
895618806
167212032
243232112
93951953
267004989
470853312
22867853
565802768
267778521
211598321
333954969
221266902
737713202
863538423
694082610
753566620
925899742
781013752
269903067
60461528
682390338
396520388
7922195
576897963
531344129
715874771
631308415
462080962
552717483
842711706
309558352
927863233
59109973
66571938
309427580
659859832
803079116
617129235
540965998
771910690
422740156
277980861
615073551
277618488
28834761
394572161
394784674
838994109
161951581
679173474
366177840
144930864
160752738
132665914
289880796
959614664
830496369
753633803
649055561
471681086
599203789
204355839
826913085
394971876
339989
471383046
938047673
568969394
373992407
785234334
93587540
235359944
110330389
973982233
536376693
288665747
496568713
758575050
494187231
146450611
399328012
381308762
252340427
767788721
636223198
396485892
697487798
247058655
837574775
383117386
132033037
887275169
259706926
657821433
872292406
108269943
745509439
115363865
474904187
226013636
687448753
250442777
172161345
170877842
272404220
74333462
878692281
603076836
511840253
9557811
327158242
480069708
311686137
744642935
660738700
85820998
298449375
845178879
1999214
692300815
401024930
925701903
326995874
309626839
973242374
892258211
359326313
991707567
724556655
291320236
237639657
37246758
171328385
145229767
341097180
903464772
928106828
783675904
767409779
200502807
205305882
911679087
578474027
397170012
606550756
14023167
33345548
945764896
747366875
368679565
926537532
304063025
320227666
300333749
328812671
424592512
580878570
970950587
148699627
72285550
229650789
656162107
291503067
939949593
864448985
730999495
130619557
25713545
130829910
130527348
854475802
64083282
307677786
441601700
571626710
218934595
511640818
985070428
388283124
664007354
725482785
222352383
173401012
289396773
626167752
874002870
161940115
937764542
944844713
24509882
461496788
256528257
42884561
511320515
593179327
13616992
547738875
350597984
823243287
913894876
767729864
73936926
566404647
656567074
33073279
25637998
817947841
873944164
166331894
942793800
681676341
440687334
150492200
310649336
602656031
411735517
137059727
651754047
12243794
882774582
19197029
494394592
257334661
26427283
182311990
970482312
481725116
663724928
261355636
195537382
176312910
650738894
444530899
394648495
273269910
461375709
409558557
22503884
509370689
819773214
675025692
599958937
160379989
72257369
966851108
512967936
84883863
819546977
396463115
316486119
80868087
734541338
488160150
53235446
215818525
366154929
686377979
256603755
271003865
178275777
292860070
897234646
438417995
853443550
199563832
679914955
464482355
814906236
866906521
127258280
537936469
530778006
808159422
809034290
863901855
288279689
476185799
509690362
128576149
459536878
397720636
858860177
171684296
84562367
768221723
3238990
425974139
135734291
339965555
657184809
541912494
687647560
151614788
774069991
504377640
77772121
899475724
867495535
916839970
193194739
986508343
911098093
37091408
420788478
906314694
204984916
291449846
883505342
172747058
262197694
492897625
945948626
58409392
793076260
944184331
16115452
406101984
439218648
400716354
816468791
616024774
539996
484819624
409203168
817095154
525138896
91731317
779872687
881992333
287753780
991562902
760661137
796067712
877816935
76890836
98338945
345805715
752371594
763054571
894547361
993094954
694087562
692627459
107381824
891675329
461697663
585012514
679333315
388595575
591338146
511565487
739246208
749828086
856436585
63763876
505941280
860377574
590594235
867961767
521782566
863158134
670019996
575132173
824138172
716971652
39951667
38621785
768920298
908637707
147113955
520968510
41748702
47327783
656202365
654357166
257495978
21812998
746584267
34307909
31358301
913291139
875335524
108037044
484681502
693894365
311337043
625677325
181245318
919836500
964956448
282697271
723730534
819103426
924553447
877337475
834903718
509519492
524042429
50395782
855801011
913478474
735704870
11137366
480294968
684612302
246022377
966558519
553090369
971923715
103059791
780950027
82173118
210966175
66790644
623221988
291739960
296086396
417212844
581088782
561604252
35720507
701173985
12413165
14451111
727365141
564952182
958486409
18135599
578545597
256950983
277815848
50060612
886534444
387142088
119581852
656310080
667359681
109557592
502067572
578790227
726146707
958013832
483283274
233231893
984235751
492614449
268511146
828974537
617887669
254345791
612931446
258892481
739504385
854253730
618608115
965750349
894513959
130722861
75567242
387426096
864056844
439030798
352935741
401464230
378276418
279928652
946371123
240957479
185390064
519264703
492139085
616417727
855667298
245764404
962233687
708488696
84902244
98970833
369954519
841033811
385617844
60379226
899631364
795221328
998082720
308141367
465732770
707508922
190479755
615264810
824161093
71315833
530876486
216166379
685736238
277347885
427417164
718851463
780378296
97397942
786649335
279069500
642252947
386828685
832062751
643072253
18385927
442410554
792903271
884409603
542379225
913492705
731776432
978843945
190509006
596425120
610886544
301731124
666205277
877714921
583965793
105777384
318263545
217814473
203490620
620715349
250645663
413057053
375836423
798353434
131274197
80409270
101426415
770830359
283733924
772576576
77468203
278071057
614361087
469899216
922347889
388372409
706297024
444103612
443565790
907841280
298685236
612791495
301615173
349964347
558562263
660825131
225338048
624214375
179883565
175771239
264759664
690275047
29137470
762033051
671759431
687976179
758568021
310420611
365177877
15818139
989629683
789979329
608460497
213828071
253670616
568792350
218541099
109088072
20664606
826021736
252168258
87912572
488239407
486076718
944248268
890233013
817264639
295554347
177762481
155899648
280483187
787209688
918267075
290094661
549591816
170270872
204262232
409919365
173188593
926351910
717250858
61343138
547657271
430295761
211706963
526696275
201235698
929846431
739784235
221506897
709914628
650140891
264002530
202226024
574672874
733109602
907247706
100668781
564522172
986757782
755633597
239431450
191910111
866288166
511901997
266336369
816775070
431362
352787919
106143359
2027641
555622202
685700674
683722843
679082613
354835673
113841249
805594536
488000753
524080874
414096196
778765265
221236677
70547134
315832494
497883693
920042509
513866844
241077997
828690433
260153813
659386648
451519142
248077447
679171232
166291540
597059278
758288579
806147435
31011362
892301357
547016296
627238296
985739833
667838384
336865001
294791297
766687133
76173117
971148086
301095389
294498838
894912854
838689562
741656785
556292128
495539503
842632485
590896838
381580423
600214258
46232369
623825335
140446829
692398019
432911187
709413127
821304161
527836970
172181527
808592883
964038602
191358835
671128006
804231173
432543679
620588004
916400714
731753625
663825819
541699758
626785823
905115750
529079913
836313959
60459977
32238765
622863131
131825940
500774131
725934355
841857310
794583833
641823142
693365433
111088052
994903333
996505799
146899690
259312889
89545399
215900844
113302761
657037370
210774179
179114740
848724068
299128750
296913146
714563022
854551728
585521584
868754562
947038540
936817113
164983406
456121095
867814215
43365924
71604180
536475927
404358302
93741329
166859562
449923155
864138424
623448006
414223272
243681236
760348042
912790527
921147938
954889293
103386533
239406971
72875584
339838502
590689892
516744711
587291971
51304104
578908780
693752866
807401162
310895585
235264162
528876982
931387826
839119547
358537197
792659415
992923001
919510469
675432114
503681752
287556671
996114425
765378585
158854631
68422157
37711914
772964335
163419635
355167284
693187571
461281319
713041047
66897035
922042333
596783505
444097081
869019839
145099912
799128725
882043747
827326639
66141141
571423275
986267402
748857679
394715641
362365262
356990143
539235382
213667409
423928886
477194267
153681745
816886789
331721378
430242860
818253599
156725638
103440440
968711534
675344091
222488611
310250908
630028019
312996349
959009339
826298518
75539959
845083256
199716506
841205329
689722014
163093518
259862024
770673106
87025779
984463075
370569296
799391391
80253346
796965900
924453179
309153601
68107325
83562279
596358464
343781038
529741211
835614606
535016431
749063454
866530742
621726005
990901685
972287568
837476274
117214013
784632149
86942102
853297864
377218680
499632260
736762239
840137707
516272504
221408993
75249697
502966096
207334021
828599704
65991681
534825502
335543304
451988523
602538067
525373194
611096069
998012595
206747242
584226836
759739363
670291930
694744422
698552724
993549862
738592102
479907724
880704363
348790660
261918947
415535227
242453053
181187434
893830730
477461902
694829587
491541668
565471826
659138566
188594186
845723027
845329315
757367338
33911538
953048631
80836415
562316368
486457166
826665698
566542284
251842744
552185541
52769129
908093785
429702715
805620847
748754322
885070765
721028178
635154096
289617596
735544188
977602301
674945689
786736429
381226124
802275439
451490687
861845665
708971178
934785356
422132301
155323622
943423426
635926410
205998030
501930707
381768210
994208617
894874374
953303687
889351544
278312648
364722589
292981043
870753182
771449710
400781674
484527595
373972918
839745919
392599039
417903520
123741701
495876571
34265479
896783141
270118181
542311274
142634096
852757716
618251963
844476524
373914677
548492333
87691048
199516723
554077711
479690587
572805867
970172795
951368431
702984673
107531028
457684657
784243722
834916580
384298646
798196240
414511805
881231499
674758235
113775467
195294680
464983448
73808769
928431396
565635518
304410810
957842734
92147887
780064473
857642430
552035697
778434209
513768543
371410322
339611538
645112515
650069821
359876563
6315990
634194936
971460000
610417553
825575179
986842340
638060993
338712069
888802106
838135197
58736751
371703506
301926167
144570259
26637816
891162185
672656499
855515950
67964428
224305178
295223080
361607454
759276423
26665000
855656528
303775530
642100393
925195764
411625967
540810605
250106123
865083135
50408086
784809802
254266744
8376837
376997757
96145214
621612725
817533895
440893317
403775734
107201246
135322844
408354074
71603151
960497239
404466581
824146085
128308676
114428220
245067881
916560409
142682426
693276360
292465849
759071822
910328991
428698736
5382634
509358289
637503512
470671315
438365507
254981134
142726190
551963945
510081223
378328048
279838974
343633284
51192974
237038749
976748122
287735671
172703467
565905747
194776060
989822420
647503750
985740990
527963409
490946888
889778595
782738044
685008225
502365659
501450133
368215703
908365750
870272422
655868552
127613192
732035410
796763023
148673874
34292963
963988987
544051955
188494489
868787768
541062748
961429556
876451148
225623437
889168647
575620427
61441741
786166795
71305678
671191002
331426014
925903074
713474313
499322377
410585026
68234040
913909956
155801564
118908742
263746319
421633325
577314513
551641791
569607644
393647515
51289569
916219085
710711610
991876997
376874424
316974379
671986427
384703970
959086968
719419566
383722216
46684220
123219055
625133401
950610229
793734749
544274555
228175136
487840861
7673057
389570791
757445898
328350670
956470801
719493440
84606407
788338055
905568978
628283056
592279002
218250101
751747463
374488564
174917339
607650787
959907664
716756893
600651903
476683255
142207606
634071850
191552331
590988733
359728455
540951021
782143169
30795725
528754896
681530669
691767726
854725014
803471697
222640078
22813635
89641045
750409737
677794233
458447592
470692784
200696990
456554286
312002707
800741905
345158978
389371788
775754807
810078896
60795675
141488572
605920299
332187326
862564586
805344350
341064142
904626777
320212605
674811800
733412439
384864531
356525588
166608526
643670183
601888044
652223223
871787547
56895510
148453272
451982655
20880058
682510893
514183459
63412127
144864064
424465735
692985862
499999838
214916296
947195350
232830519
472643711
501420412
978464678
725385380
918520526
265536878
923044295
989848545
857313852
976412549
363634946
535476874
514828018
450562501
100379107
440311150
764929691
892633310
552712566
971922642
611878705
94789261
178676292
143420279
889981054
825049578
709223685
623169084
12281674
500526053
507642280
128982263
62536114
506030083
37245267
197625288
762993989
600819603
720333124
99439804
847287989
371591176
780154649
239308579
61838814
476217635
260681049
544233850
904330555
16394149
266027689
428558657
22923813
622631256
647252410
865605629
511258745
317050985
215674348
622528003
210830590
613969003
99422342
986852652
385888619
305157015
554542371
984975926
952056258
663357212
230877939
529719215
363890580
480150762
156348859
796957464
375525337
484671693
20315106
85674460
369712014
823167290
889096818
338102656
330136661
362176116
2358845
866795094
594026305
741957242
4406364
97925573
479093381
768928401
505459763
650030282
652026324
645298018
116196471
247712037
826057976
92192127
195662210
113336736
987180490
92089575
306161583
635450966
623648329
585069705
467381888
327731049
36725009
439698874
669858460
188035523
741856837
215579189
210711159
319817709
619543557
241624895
357226034
875671921
29968149
946599446
414349661
318576682
384373358
373298505
19441675
36099315
938251151
709543032
440077102
136149384
989501013
246974349
546907538
589209205
471366029
775179733
460026761
540259245
723613202
497017126
176155981
185653003
58146570
714360620
333395566
137021839
800055716
228725751
375053812
357026509
236109324
793154968
976937130
114613074
250463749
398864457
532349589
586877153
846206409
98069838
147847860
283129692
576830081
466266642
82951019
586890327
567230202
446449908
154200476
584669108
36112814
505045860
562540793
881439133
382655473
876890247
317334364
560219220
497050160
823720333
22144223
349447316
447352664
285529880
331681821
602407440
190324695
565151620
955268294
144241835
353188602
138197530
665477796
244850210
908001985
931562522
563541297
844313809
185246272
945291628
258984130
736653000
857760218
785533759
793784314
952339755
682530755
59799028
118898214
445530976
386480300
968842459
137794475
480467479
467256739
33472814
852665804
208095001
940029207
221427977
50295409
150417590
227893308
412609226
346397219
591927238
435411920
457299555
57212419
612126589
86077617
552336905
933449964
618152397
225965532
590214559
775925602
107640439
791230725
378082127
49342160
999167841
246800319
144414589
736255537
896404590
793162991
948995514
492628842
183668104
841678574
213912568
117965504
382922407
562943832
804674593
234831240
249762359
431172770
430038003
591611529
248642930
906749075
187916903
609153647
828083243
803172487
393334247
481958285
79775323
447042219
135297630
893198037
148395963
951512963
674067424
717243486
167951791
252384657
90989574
10191158
176122587
596925060
915210949
31114562
708857205
928008982
196747111
773310259
341584885
84389958
901554347
816562331
96037974
2572976
546226408
779855797
317676469
525291761
927457
277591434
236070434
383781230
502881101
41328163
424964255
98273874
684218139
304707261
530867660
93488472
575402173
429472416
44823211
451406490
851097487
125175156
793521082
465680455
531430718
785078545
769801801
696316107
796243268
298128173
403003539
402878233
856837331
427092152
384473703
787068556
617918488
753177771
678457785
205879713
581796833
551005508
863561490
110360652
606655312
924194701
22213319
771713371
485797112
853852113
450317077
434754509
762839909
861194175
288095129
528319736
574228604
727216073
593369355
815823219
310485926
743786608
73756359
131397778
18644752
480266937
478214094
811604947
244175426
73815614
825096602
393088076
59534729
448423928
563802258
281105054
643421732
273019081
17614971
469006960
583618327
131193502
886584527
13602392
587837422
371482837
518349713
255884950
821325458
1265643
240044075
960176478
92420657
536492332
937759076
347642192
475478336
184700878
863145230
799489330
137704225
594316709
407141748
414830923
479122129
887373034
160165249
962748060
229027982
357202108
865937878
739157746
372366349
630690915
223761557
851998606
948996963
520152653
352291475
812963496
626606450
353248555
642543305
854230593
219876180
180558981
628701799
759636273
385646146
463512357
73642711
605723803
31804801
442226951
350055511
645733976
16000633
689696900
864163501
639337061
864972098
570993813
920904098
407997238
333479673
126767919
869913413
808433888
315763924
920571894
718111721
520840222
632079224
819414155
956937021
569312582
641836851
55365635
732520137
628105738
951636061
650851852
864227810
796542594
755941410
419786918
220313827
14811090
230137201
902351759
726325642
316220476
532689875
209815227
92165065
561787585
284497548
51050481
150758212
780880711
508652877
586469337
354130050
227769504
241608627
719091530
996316831
340345762
478619578
322745680
173053383
630400931
66576338
798381875
319089773
61016711
159281386
636531466
125956651
16551708
176970177
664097426
145715770
64501536
146728532
795287054
587000622
144370246
782690820
505469654
176614434
889422159
476575300
676720426
1003017
146491709
747593178
580027779
324616984
29141853
256637
969767926
256979738
397579007
869367672
366098674
215271758
417769391
968770240
525068596
278783290
116376457
80979685
213165978
543262505
186687905
255275995
404732396
794384517
922612285
980175876
587262649
806294026
294370855
869264987
441974286
526011137
651400458
254703039
224323985
178989642
185084660
972461176
696734080
317472761
31418650
1953368
532868625
314099609
155565813
918749933
64370162
506910638
495493322
530112345
33421633
141439700
109680974
237904936
698552491
929830782
477611247
558086273
314288025
422462052
215347453
153727283
247928805
389556027
488161487
339786792
417906633
566909307
99635168
79905108
397563971
947326320
896730057
247688364
903582093
359793653
708221643
519291649
998976282
9397355
152067677
710689812
938757042
205316803
587764356
772793005
438252040
326250717
788839284
531023522
166137750
896471421
828313482
824145589
495456006
417912741
545128728
995379408
720754384
274478718
19327666
942607667
245750837
783693050
502706104
627751334
879107925
840501206
334517713
306833962
958834475
242872344
316281500
578500924
616795847
3235024
487791312
897513955
799535998
665561310
964485966
528369957
867941959
767414401
930737124
395067444
448441222
192571405
18080026
721406994
984106774
428884129
782390952
923460532
901204736
515834089
424668612
436478260
296289134
170202782
588513084
455037219
269796836
705310272
987960040
535553797
937672008
881089384
734114445
408958432
362463531
720496947
756154572
937914552
942475496
390658504
770520836
222982748
740672300
458298865
119781212
804526084
503946693
312579767
676645744
644520891
642052061
732676499
952567278
229728063
540780108
454597629
554966098
803293215
590028870
127110347
413274647
249971671
807729264
248585748
164016238
712553596
763259046
810864269
998063410
740740802
118590118
109751919
509421960
281930715
828915981
877457367
19006044
855717214
14660100
408295288
19118516
817322131
473813830
981985457
837257512
517104535
816990451
956960473
811306150
259798392
494824033
430386365
421119282
246583504
884403688
616334088
247119785
856592322
370768835
384867598
771768654
950825740
769234341
645122650
761608853
969851309
196488675
496873283
961396319
786019332
92556436
10146421
146164046
879413513
837099201
555429031
721381817
708647918
637966654
729078772
616604621
433274389
882696205
563740910
96500162
86955218
768239698
341083232
568363647
247345037
324493374
92368583
304169124
589900241
170259359
443464170
807054571
304389981
751849493
348009274
605483289
435972401
510634409
48121945
101343814
970820796
351961424
753088349
742165057
56112913
752860757
149900843
358979512
796156852
15275263
108849210
767485893
130373982
16087406
636892614
841666676
32741617
592034671
454956672
68432192
811654348
343687236
241189173
2036655
909390426
953349707
790458652
234038140
755660372
995405175
918236545
80913402
187344379
153873829
289893722
686469276
831595374
280459697
329399842
594749270
592920421
5600354
511167765
618278482
971438348
992464674
551253259
948746172
704545828
308946153
471824653
800189756
401615395
349242247
395622342
222983425
794603743
914676197
452848498
108444562
785440282
850690221
362303660
873658306
271489506
556367818
473393207
934778193
267767063
543882835
894043471
495313250
62541571
328165445
644951967
381236349
815503417
430078478
57427890
921175349
157002919
140738536
300323155
730827507
108787068
791635048
898499835
983763132
258817245
607444015
595266244
685866149
266733566
821542564
27784222
34926265
752248857
859315924
704039236
375774081
809965494
818318480
499873269
25381581
72339645
229419655
647688088
673824028
930509617
769611631
369715098
654732104
794624509
86633159
84570033
103121838
808828177
441646160
539782093
711608643
472911632
840817397
676470627
216681521
707068366
758804867
672357685
555976400
643784857
728898798
483519468
541507782
513627803
603389706
641024982
375499154
698499858
882004006
44621175
19600043
216389043
881059189
293672394
471925016
858545153
210873678
955895571
6226022
72167930
345283104
473240207
78750749
569274085
45263195
895636499
635753968
543624852
507932738
242985132
31061940
55130021
875734336
202672553
81330845
707736373
598393998
768711567
843745050
105912172
708972871
42059992
566255702
265901521
167447930
152648035
826040915
274061410
545466344
275595137
152325618
325425784
226438812
137889685
3085326
210081374
885603784
864741146
287682815
164286871
553294431
884900404
27505220
775498243
761853562
445688152
732492326
209654893
313957940
379081283
525076405
62466389
684361883
587010222
752207700
694992980
502193616
17962183
446200970
707307925
726012500
459008773
801947950
598555303
764455785
51409795
858240495
329008507
769305943
647438944
757856497
471822650
817176108
841107187
410922326
413367295
651240228
688543402
550665708
97317036
182572061
551829183
668790936
975905026
541479618
417789096
107395296
162088354
558487802
806427390
903855975
857786433
648712249
510907680
851458156
763102445
999107727
589838026
326307378
257401357
429579609
739804384
837070180
902014079
308886974
46559033
614983773
9108276
906910694
331224701
308752125
517671262
710566593
998252985
767383645
245802793
151293034
687920692
539849705
164089984
688436785
703692465
193680371
622351443
925213595
793506953
777180358
650157109
177435708
151201765
730220907
259009141
337131428
977344486
756893889
111932757
320239928
228084055
13281928
902694298
964127747
941750895
231729764
52790664
495016909
454972004
46465029
641100603
497462473
932652008
346909617
425393812
290928504
558389690
767475219
44604352
335283240
3134613
380252998
154199264
870299792
738388443
704110396
588852385
587697502
96179643
462194749
810257808
360684610
102010164
511337957
590189272
722812291
679825839
881967284
622447612
64728964
408251315
124134560
93946281
443300948
604527507
271599337
178053419
993527239
147484539
520182582
933193270
559468125
830646136
892050149
614526672
69451787
739666277
293940007
427452151
898306654
56251059
534362699
864236888
350688571
953067243
836776308
259891561
558391331
828027175
329916321
499880892
240212144
460090607
508411602
635331921
296423382
424192493
287598116
436365498
924828851
62910357
54076427
511954820
143176973
112453727
1486929
588528415
181621205
540212547
156998829
835609502
824237910
41941475
200162934
114718648
965531555
372078868
696826678
551330715
173595630
354146933
377794956
202361287
399765520
230634175
365394119
72404714
354785136
953259933
44782123
321092250
967339049
586448412
419773132
972084068
419368847
590396776
435144701
603191889
925822409
749233248
632934311
580725541
85748690
934854887
99549791
614921173
117722911
2048487
254471017
218214123
928784605
351156311
880042735
148433990
413417988
649644119
319369887
20400072
866728608
6740367
628676049
139666884
603833589
306500329
208280707
721651293
88924800
500149016
173897468
310554203
57298163
670249081
653056824
463689927
288324337
868167436
303888466
898007308
284934895
964918413
234119579
774705228
290821290
627030460
648905120
89522471
37005763
541801209
22963824
543653459
490061680
162309042
341030985
487729592
432344195
314248344
53565891
436505475
834882691
757300941
232881443
851508624
291495971
562703550
404845046
836416766
27443918
714793818
384829003
506444637
378515650
111171032
847646087
375312091
631162210
567522112
39730703
962791803
829076800
523721572
69162388
5037787
303837814
309279885
445920756
978488873
457630885
616723843
899961799
437704767
474040856
864439263
616770945
706253838
934630756
361290329
127297240
797452642
39582487
989286623
869630439
808814105
899443217
172486968
818352040
199991977
445863508
844165840
37123979
989259723
592020343
367686222
835633298
563400384
166602451
520063200
501254450
437049607
924901092
681222746
256828010
619714902
836974592
949831220
260571934
287564428
545214468
663340238
858059328
120948995
180473664
653248595
487298744
375337818
131066230
836221568
807236371
947614988
401110820
283301903
56064031
963715039
130047570
100180099
397223644
934170795
88674364
39051305
708272364
741825215
588896428
975925393
556994584
977529385
9797693
885104356
423687642
813124995
464345060
161454268
238709003
876690194
244640740
697225913
566459613
761251522
549391694
818567389
272627891
295543417
546847124
677740776
744413468
135107184
647116946
240032215
702260001
990341138
713007390
604392796
890575460
87109796
42122524
201542496
329678920
6618593
433726065
253724669
267883132
690193172
804277868
860615042
703564560
260889262
376433050
13666360
967113011
113482653
561082042
413449853
79687703
417548445
290295713
69399244
663558417
407241588
792921967
931104329
509776106
766270330
918140101
789218228
309870096
498806809
179641209
53428186
263613488
755551477
493126277
38367725
409951490
533798323
646768854
245658703
225635872
596730655
604740117
538405381
682966257
235455764
570694304
926486592
401189964
188273114
849819882
96207816
444727490
764501598
51062154
791111144
729098820
396868097
909258556
707129963
188537440
310061183
981259972
872954430
307768628
996088931
175241038
177537387
802494076
251602320
119020866
310061641
382378420
783321950
230717994
233310472
13307439
126765928
553180222
562702555
342254249
781380657
917013673
996287274
926685119
316337655
625479553
259833297
958420312
859002901
426410385
744013127
356527125
130419577
267894767
301271999
498937681
836236495
795743508
652724788
68357142
851713932
210534833
644781262
84154260
19875296
391876707
820700044
816510930
912989542
50293571
353186164
133143197
56219954
677866092
423995718
645994661
264469976
492932238
701628551
840344405
894740397
842749978
726211951
484569270
568319864
39994417
729093154
274021805
441904198
435517740
241079021
931835922
653975541
790069831
498926014
157005009
287492263
390171789
743486879
629023386
698448931
910390764
359791876
258690073
252216824
53138490
312686214
5244160
751720598
362937516
529192262
897626338
707477884
168483283
692028463
859419415
807457684
27714880
411797381
564051181
286999251
197169088
634715474
227558657
736983991
49624348
213530940
219057353
421863723
305811836
16985458
664970442
615675042
350935418
396512970
813758798
27894028
780796656
67485622
665029605
175391016
557520917
207233787
380102302
936068658
212658370
719372584
258143106
468387566
273256720
322269745
632215212
13539834
301419916
9243909
618133134
672501736
491702214
934706509
48439345
711009761
449221105
910770037
527969819
10746652
990197696
220883283
607528500
525441614
493423259
753862159
882658684
11786079
734703957
72114163
248720453
938815795
375976165
365045113
520328320
199690629
335704305
252302933
878136087
84569275
859539997
960326563
692028132
622940254
289875368
648826911
524121977
21409945
546188733
535837957
408310510
763302172
296184403
205184346
337398889
460858982
566984748
126511646
632172581
736356236
947170114
816959748
511431435
845355801
585915821
768026415
372360028
929450206
656082906
882501276
932621204
113387588
777595391
978659598
229494604
614024549
812027699
120348504
924867172
833456043
23408204
466351140
714697875
568392788
557078262
634691383
426230793
449208681
440728418
378990768
111903922
435596452
490340248
496764384
286993965
45113130
628388236
709900994
628650903
660392963
259435063
915627219
511454947
351153173
969095205
406275521
702497733
363933699
703036106
439051586
809410592
119354776
171519128
292808370
970889872
670033850
81094496
553905042
387645802
351570452
115227373
71107960
953009266
747062231
929703970
953073172
899845952
180429446
975403804
272543252
375477405
360709823
474884253
77672949
409026919
668311185
444787347
776022813
188114949
397003632
349077826
727768416
54257465
672758997
273477182
929541974
106862118
539924995
374020055
76610573
237587167
723583319
481837160
37787972
266042635
301554270
839151737
827012989
539209462
296443217
745818529
423922911
994743131
599769
499446640
116873959
876616809
337957
948250625
981771208
102385168
644550323
131747413
125474532
901766446
720316181
518156590
427762554
246294046
66822175
365885954
568238158
246067300
139007857
250351920
902502054
157518967
32947896
609692494
53913890
499976069
663962986
356496454
958052492
583867821
301508447
449835834
334356730
486012049
649066810
864084130
223934377
9015788
560427838
294294990
769196101
899793812
879529227
614506112
258795837
904772631
757929219
125789083
574303535
966803218
885175014
865549665
113367612
299967806
27033947
5156040
686805552
3902247
460113335
129338862
350208898
71519676
140441505
94407314
950361903
279746665
845675155
465397894
791644203
308874184
126896525
531319761
426060676
172565767
123831231
633419601
7472778
28247528
942192676
899043656
935655666
484814038
831228873
60794033
534114088
280716438
304036517
66913524
530776486
83950963
450679968
543432720
998364923
720319479
323427938
953702353
911509628
3906931
279583721
553750752
352630708
251232669
914375519
56254000
210734328
437046861
997473771
272290203
258481172
848791268
449216276
108642010
620872969
767450858
236786355
66020887
192023064
383111321
565506593
660168839
364787713
256302858
590212516
433394763
690080363
416598475
73966563
490401672
208381104
520517473
804523036
625796460
576153806
766857988
274618107
948579202
962195814
839503842
244297105
234874648
626856526
486665267
191974673
987867819
881635954
19449771
73407959
87665404
865811470
746502214
289794800
480500408
228599553
532617614
558596118
593273129
131815353
881832367
708686955
151039289
775992144
584283392
74753792
501064479
119250172
179164786
987510980
801625084
978641089
561156192
899441443
516376839
592206813
264367337
749311684
27548295
734279311
317966309
965245390
125232495
