10000
689436119
336296726
708028893
601257352
79380630
586300390
682766944
693422596
100318254
225675160
864753774
499838111
244748064
43614302
711865057
263125500
452432971
933157537
841759782
632837535
541959173
927081126
427559356
253058860
968082936
63160735
925307310
351517515
635588457
597062012
406521854
180924533
648533271
17965951
751736312
16916716
365051658
751489807
365022156
651884219
995867513
77677120
196411910
450868677
588893064
969447292
109303153
815651859
878824375
841080770
989472553
65354224
741874722
884697543
269718324
752613759
472210957
484973315
153492633
738600401
504261762
531797985
960984319
440228325
592634878
715109334
399514855
988274140
636455201
864590497
721821172
202823484
894348955
92692747
449049446
492298032
295480138
155523008
856299659
591067988
224221911
568278862
892864784
407016522
779146827
745549383
149542743
98804036
582994417
535000645
745965397
40934399
690403890
254510037
637592820
205429736
493513584
915214121
507422329
340418697
191799709
925128532
394441004
851042861
424604977
461131278
586835482
287730624
196972752
112363531
767541104
995248129
838578356
169003072
991411130
75097571
333512920
276387883
345907340
864485198
553047324
770112634
863623207
639603528
968503302
572486396
499405140
805806609
998567833
641000276
241402681
89212789
574983518
370657373
707193510
143775302
447665622
89756848
318410965
981007158
826299571
744410368
949270361
368054972
504671431
215568497
587746316
373845959
408044795
857210469
633267895
909391808
804283093
966439396
211165759
945260708
99753338
721796208
394405494
832453110
233280201
913955362
991506615
510447621
712971000
623325717
56956020
75497301
988473101
601482052
776630655
854140380
303876925
638947468
245910143
800146102
641675456
410646238
189428978
148627512
640755906
127781489
140490034
842385974
511772643
565029048
65312032
68601495
189723279
9087859
697241445
714152266
468095570
86451956
730930150
598275041
276444787
355592908
861465947
819643250
704100690
169111072
619436498
44076437
663483570
550983703
308941876
224001608
997799215
681711948
495472555
174221579
930696854
209252063
970514792
446085588
385619472
755960075
361036695
245351589
25351105
632847529
472912183
605668429
153080361
505349051
9078131
868375277
35881007
120045982
198519498
216870659
859830209
280507013
147744548
199458720
182928493
175729848
466538233
22543688
521267400
850376526
888172612
962460519
795739285
628777798
165553243
57632548
87192764
611794381
405901501
731009127
59298958
765758964
679606290
125099112
384430716
194806178
698556850
528642873
606579714
511702795
402136793
468589349
603358259
936590431
189494102
488005981
897802531
611776367
465970636
423864944
629795098
509640519
655053455
170752187
345496971
865927353
747782726
431506027
424943678
489180846
883880575
359914159
742637643
802134499
307440034
341007783
1473915
937166860
733962619
555889091
533629768
443393826
950392446
950088538
800411919
161273473
320246286
526980263
44887062
568346474
836077774
984089956
306269499
690928237
292528711
930882421
649306511
577872160
181183860
601520164
666211861
448496382
545654787
112916548
376403076
737440012
917404773
86486700
354369681
427049383
864440096
589615645
868780590
837157304
707461927
463359652
963454272
650885960
549300193
978630849
669904826
151899893
636244822
840659095
425467967
291517835
695537041
794939858
707221625
557970434
148846223
324594152
671049655
913609639
848374629
813167263
592059908
173507242
847534952
959204251
962081503
779693665
866537725
860939664
906157514
128286696
219631725
35710674
427124214
381962833
802992919
168406657
983631473
177069164
124704315
805658732
262620438
312655394
609663498
977013266
870485927
806641163
362133719
489435610
669683985
238240835
260127226
149751329
903150597
864476217
795385771
55053891
938300425
861795585
875935828
884496388
456546420
779241238
135618937
442137990
23486463
130979586
547857502
115469911
380515809
526486693
298674176
431237235
23989984
171791619
990767492
587368269
42289062
135286836
624433624
341356886
951790378
124250001
314283752
480269850
915995411
738286875
357907996
623232876
545871874
538536833
478983413
525990953
329636137
643234345
793295228
428414277
317857001
431523791
889554812
547044616
520362312
800225142
211894588
59780818
864817404
918849966
659898720
673213403
274037319
606903943
508882592
980610329
800877661
487766965
439341248
618490431
541483191
375666199
104281127
118788205
641376293
715472374
182222459
83174077
561555742
455252431
402697662
13394699
49022943
526539581
749610871
817864277
640066662
345224097
73320388
799484304
687365410
870159283
433009567
551898565
231586893
639721256
181919145
535509303
96083818
218403407
662607480
116084487
57902161
205840146
715041036
549167611
869591376
178633207
519890794
574121209
793596457
453869713
165474197
302761296
245769972
50103062
177027936
60102046
496000712
674494970
947268026
542807578
169604724
563932087
87552023
768336872
702730572
877076783
445871086
487916654
681876140
22175540
321751087
176223315
287049512
791709736
8585908
700684852
931356138
482432688
144565952
135626228
794663793
240667683
203330662
852035664
799230623
26559422
911156334
246031406
240575080
438269939
51171171
880751669
488340845
910177015
62751009
921600999
971817277
819659486
506836894
318143347
745281477
541828929
792772920
247397173
601797661
695956213
891502145
678397957
482279633
808729647
82422837
327494604
132959756
754686044
67551660
127400499
996470241
357955372
517030286
756331269
958721676
787111429
943440394
42406870
636017302
995728740
258936132
86100724
459811061
236509223
593737405
335083625
904331594
773025458
655347973
137464908
236315267
971858794
832802547
772473623
978560022
543898814
343815979
273027048
421977357
755145698
983375592
697112598
801819483
381235654
38075693
270544294
44458184
589271746
906251232
56748843
277924055
62116638
920473424
61718882
423834027
891895368
749333329
60784117
37404577
425327146
549256757
949017967
925625270
149405614
689960114
721827275
673168491
866240076
724546426
911943683
803999316
118479038
886630805
599549287
922119917
216266654
95766616
363837977
352120512
27549347
675522728
354349274
626132624
184067276
86729406
674852980
911268491
846971590
513773393
638650801
806999468
449234042
938546903
723632549
922175270
658359047
22186754
811885705
324139211
827190229
877563834
147318906
655971939
442207460
202484044
30199617
497590534
183101661
516168616
578401149
642966896
348239397
513728499
523028956
957099655
632849786
976489090
812410309
139452482
85332812
446781093
176034279
626885109
401262330
476723440
299861496
187969190
43487574
295549142
382417125
108628212
978445320
433334164
652431981
464266197
445846366
231878856
513978350
593363836
590852050
630208457
98823775
425780374
989043795
73594184
857897261
657363707
931447458
438673918
888340120
252331530
270760755
527909094
908766187
988115411
126858319
691674821
462501875
942956307
933643068
455400541
231080136
675738510
720535484
517885183
912761978
927718608
307690430
870942454
27435271
484118756
297725898
649664977
208405486
442059960
828430079
841303438
840206964
48737220
998391629
229390585
652621943
680510212
656317327
398295030
397531526
277730032
237112175
695192911
173529811
446016617
791005588
592620963
232453437
838802408
221850567
410738572
996635917
497415431
798038504
151142870
622485592
694041919
144895704
762203746
202036054
619094518
657239767
178936321
108744229
924694896
80151726
600090864
901227873
599340514
647568545
30566694
431440786
556756841
573317457
763157693
536951198
137880529
828111988
868355214
442536951
256325700
685665832
934811073
427496320
905988282
199126665
631235191
182492800
959122627
486625568
553968673
948558930
4942350
388529960
995350968
222353340
159125091
914975719
592908701
295172682
938430277
342262054
101796799
385993508
907346754
452860071
824068164
567145530
895929734
745730000
953366739
840880094
458964027
643375912
382976271
638337357
457861413
970846523
889824222
844368177
35074457
502031450
185792498
767398405
930872955
913256740
872769531
488017603
868655381
737580765
263851638
286856810
681536725
770673044
592355150
431074982
699511361
234086074
703572256
669957988
540412834
630989617
398527582
899926693
195487783
141392647
856991275
612361874
733004559
976251291
786135494
109801662
314940610
107545611
449411866
721308816
607537417
132979867
467892983
763907506
51630533
875412710
781486924
641022043
564399080
925462340
520488926
210563776
323409156
547078766
737643051
357060462
312375663
27128442
512751614
67637147
529084665
210299184
60624052
799163922
568048704
217747492
462619217
287807514
771671955
878108210
53001852
457677584
847967696
931737026
725744759
228454193
632814195
984461621
577245968
121766778
425283650
722365658
165400410
365192571
801301278
199616410
794486314
945995061
832417080
261756740
151209478
24373672
187658624
391013080
945818692
392471042
568541105
824543927
663830005
311506104
368649341
929046083
654929725
744846710
659267915
516446789
19719006
170196841
111534893
306450509
179022877
319350407
48910150
45821604
947072690
220867830
933376132
598583455
415601924
926635435
381327489
671944202
122615236
332928670
101654761
713492409
169086610
461391633
139288605
95969996
254366622
37314944
94763950
60845362
532607174
621628868
357857512
45118474
871665118
576429574
808302
220562900
370409138
313118094
518661478
534202726
621797392
96167001
906510821
31572156
173675136
603019062
294193669
494587770
357308011
436138140
145149628
197710081
187713726
683401856
90489179
26592040
708969186
67814684
765481130
92868816
293246684
54286725
555397161
366241170
847820213
178829770
370356790
354560025
917760979
450778532
770966750
625925516
405551513
687101697
401111213
92384366
958448017
737085955
460486163
991677396
417386256
899708046
289130870
604319144
378356540
915739804
308040241
201941907
308187221
527042216
883564133
321917893
28883265
901725822
377297474
415083909
510789766
97529807
723754504
706502612
923313090
868020635
426836966
364000409
567620789
156305586
905083465
312502853
190008894
69868734
37881192
910204465
711018023
164714711
65214920
366281908
272537609
902644678
405003015
161017760
671503018
712159933
681023750
704068289
828381367
260058007
478060459
76276848
759938432
638846019
687254759
910080015
328391750
567164569
273724602
883130976
639718935
679075103
556882879
295593352
246351535
763681662
637719262
614708781
35429700
695385309
61657199
917482719
199388246
142534444
721954927
440030375
631639047
187334042
772959219
824482893
711339357
869128911
921426089
887989118
185533977
565480556
497134035
514737966
564958124
414085031
774121884
483549103
556897125
410103155
579233621
966793231
971437657
431174793
453127770
883192206
896701978
849335623
349514919
722898177
760796435
180196088
51670563
303694486
230694849
389856111
882295098
89621200
826126805
509878201
202167940
254353802
742616480
640795523
633198235
493010577
954381614
983392630
146330833
78580079
161599834
469566664
799258465
979370280
841093691
769825859
207646248
611946487
502569549
135684335
292106498
913394643
934912774
606781076
433018530
661274361
593624275
167946925
652807807
881008795
934082096
390379780
12343625
588479824
201339262
485944048
590525226
107667994
288107613
576246609
452111021
861874411
848093472
505489590
692480281
934590313
415858089
477771952
381685468
250687860
350548215
962959962
742964161
744915486
689509384
636569244
93765731
988200023
510238804
667058937
743854901
379416688
239153351
737849588
510753619
594758298
234714984
510089887
995728117
395955851
943781359
85839155
49459827
657896299
210322989
141633364
891554468
53614675
767422962
155866065
161975117
780043861
963610158
254841454
102557254
888310235
137384445
426708791
142848446
815255791
262291936
556810410
823625182
386552517
147157255
119484723
965988133
776147325
844774383
977075109
948096755
99912091
995570237
976715761
942823105
672830049
450782594
65424646
991736288
966341330
845254835
140998589
55326959
957001779
711770495
53503293
64319283
664965629
307391384
10756504
648937998
170682610
360807089
282255954
371498285
460506984
885104645
657250628
445235609
599689290
402803449
425698089
595460707
145856286
882909202
176113786
659786005
95104648
126310667
246585603
379906043
470115120
153430400
204087023
344574422
204511282
335726021
508007841
520580466
228606585
216066916
897225529
476225132
366761898
771271873
569544156
6848215
70176416
880079956
448234574
191016396
62093270
995031234
347443660
248570571
937933228
791308440
954209513
163687709
104567840
47911816
145393869
47697643
45868875
766702237
627808555
624409396
538273286
966835334
388501718
57451579
519828002
364754710
545508907
280789249
62777332
548020383
134323835
601014609
689807856
649499982
706978348
219063753
216938591
417744126
695821344
615525965
888606331
412367800
915841354
554487266
398506356
302767233
565570303
681210001
797281996
10548197
661973060
681468933
802118628
282995444
593450410
146724474
382852062
24588039
204481681
170894695
708249030
279580130
764458755
294268530
489286089
370228407
481967128
632540084
495957237
67129685
53279847
643565174
71483253
797437679
641845809
442596378
403839985
619431583
338683871
512724345
433339332
533479596
518237362
282148896
395762808
783979921
780599643
583212520
351558723
919347616
795420799
270936738
532003648
539808827
864533881
787527942
105029724
837140299
24105585
64854293
527061483
123519246
128934182
833213724
215905840
649971588
985822498
666752563
221232382
581354622
827255657
66959104
927660666
373745596
20672755
617694718
729499803
810319617
155556765
581803168
7244757
451759666
560238406
472744471
801945497
141579066
658136670
771881622
820536233
119419352
636975733
573934322
331074849
282073935
942764823
295597778
233217008
555005750
475144625
227399504
304729735
628841170
846482597
364193228
198630543
476963651
810678076
760924487
448762309
14862876
14922922
653437269
199183141
637092190
111489600
797852251
328994386
507530158
778734199
371636619
21283712
492809110
250580266
111115266
912256604
615290553
902031269
257012447
539402415
173752413
848937989
521978084
677598457
676137522
582404969
635919944
930553631
402386060
819994734
259825870
526028284
889409632
13169003
189793192
577295757
90554427
630040549
901961768
508556044
25975047
316138207
536188539
543347206
250306064
594199145
476640343
85875859
863145504
499211691
928250472
673349830
669142197
482263813
317083622
526403598
186107630
523457460
85807305
151464609
757375834
221907221
761534969
93058666
690508705
605889717
376788428
951055898
741881206
401943868
768051620
737226322
568799415
421487832
618881056
347474436
683153137
429333604
475756612
774080744
691713634
389508840
332970171
798589633
336718977
58292190
313865283
840491987
807637114
510957507
7791325
669938986
189708510
541071660
152757548
143858575
714742527
662300454
510362635
233882014
217191286
835907698
71515601
313918642
12221000
451896286
170941356
51459557
138491531
309165881
4200971
893894089
995987259
334779730
151834917
768022081
699985837
59187469
891655411
391913015
244877599
661200188
510099071
486150803
793985223
701333783
401171115
621590006
55490824
345169261
114299739
853501534
320393833
370121544
143849536
102872039
388253855
186784844
650838675
252359485
451874834
35580577
45595795
681916434
990785118
458886005
302236438
568428371
276804515
914314857
408400725
519075313
715480740
218578590
100922187
40292607
962303845
953730906
605242316
878834814
688803222
712748090
132216356
645961570
424408669
908689733
466608265
558765634
170919905
875414968
426970499
602527264
248729124
87762394
824545029
820754856
647600626
389697993
442805787
335825597
716112428
543173672
78311772
12599560
314954603
630959489
867159129
149259007
610178735
316427589
721871833
909487533
245338146
910530377
849227701
538963081
564976863
616792472
860864031
976378972
462617773
799380994
692187278
59836766
690880690
196724179
645721294
98829839
930377260
700788039
212658186
489759402
837441338
624662592
811795450
490119297
729933808
948134627
654360414
46061357
19071982
683745696
805787426
538687043
934838573
888003861
780683911
994213974
918372552
481836093
5954607
966693940
461307911
787020417
179816164
328232293
605529975
652298061
32985544
811514646
702451261
980676285
899320660
437167219
189885270
285639228
995252826
415158576
576177489
345061345
222295486
319095438
121041751
898911623
420149920
960403581
19186551
428252085
616980377
905036511
699880908
492476983
190338627
874122856
676287493
157797591
108740674
955245031
152841476
365070189
387335117
400254359
693233550
458380280
412380410
317510807
436183727
674877942
410532201
267517561
725593542
361178817
242817624
11708932
771285249
820889225
726362052
471904553
682134246
902646877
355686983
998408138
562329889
241009390
805881673
531847665
958784603
741489946
984906083
514291078
762474047
758036815
682470460
129403844
161977203
567920806
148496667
227130319
290869552
589075469
56182115
61837315
422443669
449046364
44711925
511278758
290962938
877007912
990719216
994634068
419180505
792486111
491650979
923435964
965372481
368692395
301869982
91001246
261497503
54707900
788358878
932664269
331059769
696089101
826400369
74110922
302786132
694086583
942188065
863414800
437926173
879384708
855485624
35552413
558140731
575949556
389403013
464982809
991716302
869570572
795310000
23998199
194179922
904373589
42124054
565432170
87486485
534336427
458617454
878714473
454374404
375946005
532435542
367780143
506371740
104106375
390953123
617918370
264057027
688297151
158298227
975865406
795998173
598859331
139367723
495247997
702938036
180088495
610525356
168224584
440768174
752859541
314086878
793004222
758420335
529552614
883235291
240699407
465149540
355703710
68923236
997585090
536252662
805576556
611567703
708156869
462310809
19615788
535512996
16382372
785647211
93707810
227513442
523710061
949332494
815388580
433255754
470672675
468032784
5647168
911260491
164338942
950352532
872261664
488391129
89072567
877988552
30335910
270128348
571983412
451367149
781588670
389421425
463045744
872563551
717366801
736736735
175788511
863848849
430392838
222392486
63170992
388215987
904136474
75900093
283637048
259138763
686528590
113407382
288143750
215055169
959328026
424447126
540365454
818685646
832551126
416730562
698836180
568241378
344914973
274587355
848795095
55626775
856026615
600387464
756550140
55916242
757826729
332935116
280396165
42705848
657837521
807629231
102803278
184970503
293747645
839009898
553767554
311458778
251970834
570762278
956722335
186377340
30394970
40419488
809799505
190465794
61486723
134603870
307792864
171081365
81005599
846897512
328167871
159651075
533470356
351754588
351151908
874544089
710204615
228506311
568173617
755054686
365728227
123386722
578189007
105684994
264271811
353012196
675533881
411020103
225944553
86524386
494653873
754160133
392631258
764154779
196871871
802003284
728977927
556435247
564593670
899229865
296170361
335177991
463959741
968237524
856170676
166900207
115913367
178194896
270227771
244566955
182428008
333540101
218107174
118660950
562621229
932829732
262560136
555931704
869979598
652250285
950233751
486764675
923483374
425464171
270635443
528545435
959024690
591205922
830968040
318937484
350804462
926111155
368387286
894533940
192026021
31251181
269398069
576769920
131993497
540107361
658111236
925769983
567040381
740092845
184050710
819816150
845635624
84870591
40367489
947991316
401708720
782159330
990746761
974252928
316630982
893927565
912387295
536612803
793468598
766307927
636105521
155163729
544573556
810067848
10369703
893583813
732352635
110596204
873468937
827387694
780789571
158676108
971275512
843552514
643047117
341215296
981167763
126777834
87263285
151588297
651545453
497721396
549279344
573797071
840098404
11675576
974893091
691297315
200955131
709970055
351473200
276035797
462888554
472880227
23789108
659476004
674296050
95240544
818131956
48326871
736436829
762165000
452320777
534580048
178792793
29537359
243077204
791811618
468160758
450867127
935294433
6530893
850632878
85259693
273517535
65878270
483526811
606532493
522361986
760950430
554493539
609737713
900100512
912482823
849574049
219197356
626003739
666296336
151282560
821066529
209354679
533190299
747673941
451120961
946775447
571164083
48893726
973772836
183255171
198654078
317939623
470156086
490465242
149726042
910353350
737564893
966565919
469803726
166410480
28768608
613632552
123792785
120918504
510863004
429062776
786437982
582571035
132136241
389075299
336128798
963679938
549093202
28070634
523669422
634094467
500161076
332719352
946716387
486634853
590548552
700465792
309939215
214638761
639468605
452805506
767384021
656431966
423938743
140958628
662681445
213214797
261558945
22026937
136785141
568649746
624080634
520587058
208610976
6958004
818063169
38922442
425171127
888753403
645217111
665173234
598758380
857627917
437125401
306723147
358875086
286572306
409664942
710049961
810829032
832445087
380605803
378723980
364142727
833498850
838269183
131881049
856963011
349018145
834086204
645212561
856132373
759857388
954651189
362046594
938124007
278581154
143460476
536945183
88880758
834055976
647746880
619730333
29493919
814849987
639025822
190505600
353498859
448296714
813758429
732687355
576217585
51736972
525133958
408130689
659807339
40466312
922898353
200030649
673959931
329862492
28070494
354944564
521352642
423152508
75731881
685034408
466018607
100162852
938976860
183484046
950938603
277377457
74733876
940309197
211202682
134424435
295753510
489711186
277665342
418041036
720614569
799096440
501094758
972225099
84725468
364442134
937760310
27704425
107006995
922440594
389061284
122226075
837495276
692537635
111625823
271719109
400941002
11746922
724701689
450576341
77895383
321862663
848508812
318105738
340273132
227886206
99786035
656640770
901701712
639315350
425280471
859421096
913495522
800125501
726922323
620783257
457664360
238928682
891586403
216290591
811470846
335375971
28737053
909876204
92803998
999035971
726799756
130995947
219205026
419065595
419654877
55806379
615968119
318485801
853467719
426903446
951512714
302961962
754676088
240415755
171781191
345182501
893745928
248056700
670841359
571862769
879184997
478664924
464489855
914872880
390237770
533875422
646160629
889346698
630478092
453612349
189202797
611062230
631806303
296690148
72096775
113179890
384126028
80877765
583588100
949484996
585975020
648802649
832775554
194531211
975533228
912173041
638181416
461153820
273089916
599020335
894212481
215038991
806989576
379579428
449768261
819739747
839287290
528106136
793867240
231217985
226634731
481107021
18968200
112528718
186958792
906059169
340801315
170353516
455336222
358820527
216041902
927867630
940586728
907128259
130644468
496713577
881128809
723395126
206824378
941703599
570245789
140759154
747155504
501874764
480216707
54827208
253190944
740822764
235177657
191742548
172992303
574991381
524145640
17174846
254297303
408325335
14739475
914846109
173710735
406986211
751213016
803770429
82392979
506788190
129789477
249216637
804559621
903643971
163841476
316591356
798067130
775162613
240929979
275483088
731944430
311738080
314908308
367118274
514071434
862581668
231418445
697631911
321327625
519927826
609788970
105792392
915586029
349428145
323538419
85829411
226357723
567237191
96603325
993271606
242108220
162790046
443705913
779195338
555803125
939425252
399825622
400886717
788373659
561912082
452208709
725491538
995923764
432933381
750966409
602255269
876815355
618691755
405188734
513247363
692449510
632269465
5377211
421609849
916809256
705658994
443343943
586963106
863174417
712369435
822779637
633307679
962581592
861558138
159688511
608121372
342039236
289528191
31249553
139007024
601522289
320868666
490170497
413607698
736544279
71143500
398877630
376227257
377969609
951722253
862178710
6650903
420035033
585979818
426459162
712905515
758966773
725962526
627452816
679074102
511587575
531132211
354114989
868158371
318879596
425413281
994853931
343581711
373775903
225082937
418359273
156193570
45039837
600444495
342201558
78622274
94458094
839589270
480760815
551112131
286470994
92029765
777491680
781738817
818496824
695141391
203713891
320704285
135000440
943039036
873952571
300173047
799067632
686285154
480713600
108403210
250738946
188708590
188850062
57719733
557032373
687730105
121578561
108545124
379969577
345725524
165722422
518754744
27176859
227609677
359106442
879972867
382987387
691457261
989510867
245029952
610882370
652715395
530055439
371495997
589163156
379397917
207915717
879655018
101655651
489423899
809890570
297218949
437090506
319023359
418722092
199591755
423510704
501210584
520186486
769498639
1083642
705865524
967530342
644266688
167977397
985671001
904135046
364697679
552741911
524601563
767359692
548336885
514310689
72941078
440996068
229065768
253196962
532957912
147130643
435835248
590584974
355433989
55516760
656220422
543515688
204625018
945975816
613993135
151270504
897174259
915655120
452331691
226755501
195916567
314662371
661877036
765219197
776487919
105138570
651431415
956346260
994736488
157609171
33836831
711110750
129301898
53627645
893558413
36231572
162344108
321445241
331610541
513458478
881355205
270126833
151009334
195192076
509145993
491026363
843496298
732313626
538020751
301382814
365565175
600231800
498057217
56093062
231681045
112845421
596722557
454537624
527577595
102610321
467285098
526116527
723013842
89536651
626450283
515305571
347441767
180814743
376256362
517429011
690471109
70554566
851475427
806039107
356251008
804093306
855342782
927407267
571977667
51262330
204341699
785397824
606289802
998597528
335328149
993795816
104895471
494985971
714397354
193599428
937949166
281755916
389894334
39102115
135502137
69953559
254405087
184360686
507096772
40717662
528991258
911956645
463168153
663472187
632812877
788201732
453774382
489874860
111470494
186614798
937447838
127996413
490063562
858203822
406509534
19263725
571811926
229973529
451789367
693486453
951658160
45933959
517101506
901188769
937252132
542326500
476207821
957937810
676399088
795134924
567622948
363841322
686740853
700754405
416478845
833945267
266804907
600096066
727906132
858375556
707044478
874696274
179254910
797973434
660407361
81724641
741693167
411527016
6174990
836221603
687975169
187612330
143393193
609655325
799252873
631041835
279676994
993619312
433670626
124849292
698875445
412999101
913886638
611459639
680224008
128252229
945718045
624769572
507621819
109512868
732365157
3047963
269286731
708053433
223380571
437637898
677669824
67367527
597038871
104945808
252399886
575662087
850608235
847226082
833401227
298494437
333157212
70622104
690229170
196203203
151352491
743513476
998702298
233492002
732433181
310676205
251927813
350576065
88575215
845126254
987657315
800692153
663085924
189932961
548353599
549099100
341785198
314285146
565760286
892831084
672142730
969280077
193872308
797491522
518619241
970701722
353133963
24488900
343754063
522533075
511256523
956140353
892261283
59522183
259261829
752367291
58607466
389441115
601559874
31532864
911550585
608614347
117498279
732824133
826861248
423809144
381819184
59328002
154886199
696322975
470142654
859613720
110296320
51808075
674238377
40112634
849958190
586074880
942971382
962556078
852972187
311136182
707872383
432764427
102441952
734757140
408367042
522985269
609351537
41588968
113381599
966797749
270131327
98501191
315309996
101027138
673098906
125405400
847342971
563175121
502971529
836968605
220141081
355664149
131567727
55732061
369032980
317923356
250878330
596478319
434526844
535360776
131152331
607611091
540624032
889844794
42303464
472285649
273482103
82987597
473874433
891186836
572132363
779522775
838141805
90803521
842073925
276880903
989147028
841189634
109209461
928297108
660677562
925902779
838318303
539476423
338972263
927509843
570870153
838192777
830748785
588616245
295621918
623927657
547737379
24411506
79488158
470833851
758128336
981190621
891710686
70025227
645492613
90828685
602899176
182545387
25742746
565738039
541586334
502111608
272057659
369540847
405882692
367626274
771095475
162916937
651842871
938278394
590932474
965634850
295762637
493805293
234700843
948815585
818182196
545544391
747943610
201124667
227598460
584574997
501312546
965064337
647139426
113126126
378156707
313967889
436928699
332422577
720203991
700724246
843076836
425070660
563903200
318328166
296383130
893909926
860495810
322644913
716738474
754913380
899282187
225643383
179578706
980680188
610252012
288400562
143946555
203015943
712905560
934215718
534900242
500821388
803511537
643731768
283607146
758281070
126300473
870601195
448962036
115634390
55075078
455637576
586778438
470632100
445417253
391153546
364069954
205666369
221448848
775918274
334329016
889443958
160276492
953326046
35301838
874759804
297485021
158831031
674472616
752247810
699415633
406106871
85366036
907533739
956411123
422043023
64566300
589109393
766338112
916223659
577441478
248665691
371853898
581178980
261643950
396522699
845525500
104883074
162357291
428207911
547202305
989332934
577823046
317420528
633953420
104646718
215882389
741035373
68531378
337879951
942960975
305599816
103459921
611944904
361325050
479360673
811247514
36515595
884623637
299456684
999181536
278297278
487314051
443000803
316784186
387168098
182768831
943949510
622408630
323535010
543279958
644168109
886427923
985429980
10191065
533631567
675480591
843689091
872677067
664165840
501870231
786221731
375313461
190905145
958242005
835875710
676341624
156564078
795982816
122197870
38644476
826063935
572706036
831460914
236005741
83303787
601497467
956708671
231627439
666097994
550363550
207624488
471973646
243897025
374309629
305025880
807515960
153406608
458626931
12926652
588393609
66264627
39833020
736984329
477929168
874765384
770726098
304527269
864228434
214571741
253674666
340887697
433750078
668792590
569638912
842615693
87250640
609733958
232596531
441962562
86618857
552318904
577332881
656841976
713819928
68035411
631422728
468481270
106596311
916221774
825364516
536186
48023357
236732975
233227326
4723877
782014123
990872563
334562834
19294086
995327245
492677839
912070336
781303079
117330600
747514457
622030910
164361803
655571063
540023325
770897271
806886549
756451781
601763198
834623218
444849156
786896411
696302820
105797136
820803141
364988835
185804719
704185438
488167468
546713613
305243667
88582724
64531461
188123018
875344060
621290903
399722385
899435288
397783121
12755092
724266451
827044380
702495739
976413213
945369644
348995546
81061196
576917495
858559255
159564389
695041315
201534589
659319123
800477479
523554972
693553886
111029512
883735414
285060211
989307072
233060576
326336923
53380297
606079200
436826011
866908104
652858088
469998969
651176908
696142633
149857754
189519544
6802073
62147864
647252289
533491078
171117850
725359957
413821785
148167414
277195600
188759639
593688204
192277069
370287183
501063510
706840408
55501861
502891226
900157330
791602477
139584588
301948348
590580390
198343796
4538011
385408926
375779540
114277886
73142990
448117426
967670165
644030000
864139895
454994694
586145145
626639746
382179476
318707379
227156711
386698963
242380094
263904280
529257306
609506598
399154889
295968595
183173663
617217335
739303757
784009627
32978663
142638765
463599702
419179760
733554716
494600826
860527360
199937396
492124474
906141977
306145568
815168473
105429734
177971371
95703709
80615312
636678839
770352174
956708548
960619891
222580728
464269781
441667420
366304289
128036650
778403668
577795070
152608777
285881730
259385255
207361171
702444518
571139256
995597085
730713218
835379981
976657123
349489456
456756972
756270569
31170308
514032709
55102596
100893397
382876203
482013054
202977439
998258917
896586872
358783188
564249383
596863111
290266267
831890544
708316665
193645262
916724499
373915362
368599051
413542122
786196226
974250117
427998766
435583121
70273000
159071158
152070324
996017350
974453089
813868468
992001513
947541033
981578546
177629949
457511955
7387386
692651732
853421403
876067034
376622338
974865295
305296220
665099496
241192643
447997603
742937940
880206963
416121681
827258579
497152521
819748252
562030078
8856584
968323113
728899336
112081436
730929199
963912489
37897713
803343116
828122507
117388204
574744677
938663802
484471870
658261133
268967663
587446957
903801914
23837063
668956698
155132609
664158309
235418767
524087389
461335017
188521767
621718555
804195985
798407879
473212271
634954310
261145744
836594975
595738808
853638543
416348649
343338621
496242756
287188340
136644406
614131105
422383367
856124562
735275903
781756997
77762263
520465662
463197413
935954426
353738441
459176040
951282172
809556737
318270082
296702497
364675624
710446394
6259330
387312811
533325457
410504024
486450550
643098396
754952012
956880275
306405195
380987718
828230635
941514642
776841506
155126727
573690996
800474068
56152282
322000952
965387256
65105979
966942579
911014387
972348870
969862024
493511478
627753613
973024543
717109273
7122066
306688474
781501361
479488873
353435760
703421538
85858316
330646227
380532349
202240972
450044394
122843919
7920111
536910366
865804390
278429871
275103362
779913684
81989695
52429047
126009392
389649891
758128795
353710669
621879978
869453499
908061982
451911919
144700347
631173734
109353651
864650497
361513330
779636250
66094710
607783148
417044441
860656037
475424649
861537143
416727161
788922760
944569540
530281311
947974659
373785557
464358707
882909407
491051290
341475366
948600297
33392431
30519633
249168261
238804313
908371530
725017829
880344629
209369628
425775638
539173363
414358570
884812918
538409618
510138391
243827915
118479719
354767887
613107674
432941445
777034988
922638698
644966274
262580558
152291289
789822747
159189020
446530486
354173297
408225883
355963966
181379216
494100647
723705039
709819472
458910550
955233188
407665031
67590335
743584306
593593334
109269319
962770317
95578463
322875281
253079136
383448401
590016846
747882579
627472854
582881939
612091606
879298323
253254853
635085049
371969062
288335874
507218146
554998322
997508432
932580507
328338891
365464635
349029009
598462304
528181084
402157419
811423674
762284510
873641677
874941477
670458215
59778981
979913994
531768485
159836367
802647910
488303981
993191715
698583651
231412549
256739793
441733721
991908759
305570040
138873108
471553084
979131490
729845781
614709443
431592697
35608512
284042308
655330235
518699011
188542921
156898051
601949337
479603271
370359508
73206390
530050772
140705857
104504879
197179075
199396617
75642086
759248922
868519587
763387522
763612096
145743183
944896546
479757999
106100952
383456700
736326154
162400152
838747148
729672226
766513927
783969688
209797516
502059192
633641068
299324648
399075462
300404170
801273928
865545997
355619596
688313662
607900551
41630318
338918415
735214900
127573041
190278519
993821068
32836548
321797461
230329425
700463812
955324387
456096086
6134279
837435280
842833705
704938761
681402413
856077431
288091554
829479993
14739112
102223579
139400009
476162261
33298675
493264463
91740582
415809963
878044179
680702432
653511161
756386226
673675399
473445028
703332829
788045179
404581665
170814041
473867265
193948449
802554240
280321765
377645629
770748734
563820921
903097383
591199674
307187583
571076368
4585565
34271052
552528762
882570550
549924852
973238134
404376323
366238902
789814682
883791414
247972520
709611873
289436426
818225869
807688339
869542289
867047755
653921258
315015164
913087903
658414470
310653596
892803899
546895344
942939614
366446760
723177334
189957568
605083857
305652825
926410252
870322810
668528570
712763262
498153791
931804305
254580980
258930946
350208278
40727735
494033243
296766125
490320954
329727803
893142085
178594326
732928099
251909631
154256150
823060019
511612824
639069686
581802580
160200088
330963865
652039447
335955394
443719019
170549963
400401340
987266480
538114722
421653228
125767542
584880790
313428538
101467152
652986958
202775600
158541126
294705869
154969511
300856285
38356468
986225585
185017379
551766973
744722059
759651020
705294859
444203634
557388557
319954454
344426357
852232192
814286858
718191736
570184322
307971120
190190623
801991716
818214649
847426300
917234417
551736019
338762912
860983732
244164994
933736832
901524975
239603063
334630341
802104867
805436959
694923280
631237366
952137875
605201131
852231242
287809212
653485683
386022429
724568782
573938709
465640606
233994600
367209645
774474977
651816050
212972098
550570053
856019210
156053935
749433659
975269757
662002853
568501269
22249100
535583851
296578780
362059357
579396061
839084565
662838983
677934683
349464897
341136278
878208447
620722972
283960810
472137325
925305455
299005655
404380976
716055340
401287474
714452193
588990200
779292373
859352632
422386848
953892715
311041360
455984410
903989060
462748247
290352364
991403942
843429665
36340395
321033228
225404870
668057657
592895306
616168033
263867483
868025314
892374574
447423489
956117643
929876158
149064166
618547036
584632600
959678256
655366868
197350787
835883559
77344833
735074817
186948040
402451940
907593731
543991075
709119708
742758799
344652936
2456054
749236965
134166249
446156169
10918394
781568673
342777445
839559566
423202357
122664706
184515084
550136454
248828943
590349111
547399844
308637554
325315202
346771845
153866601
772356373
902163185
998470460
840774739
147846822
442654670
770457598
31026709
196248890
691161976
691860231
690860097
789229124
717085041
700356814
919970451
677266332
209609280
53520722
20851517
256678999
118915144
140098405
209624645
653925822
767809875
52279002
903051936
400015107
745083018
28188677
891311744
474087097
956570638
457493568
575267202
474707958
62830894
1568914
922043657
635391345
865032213
980677256
158944868
478687214
55619533
434732812
17155317
456199687
531861074
203636519
274067968
102785226
198681470
168984923
520434402
332902154
932184109
216832651
537110166
265067405
287680712
499264022
475544920
217110339
70668877
244670053
521797464
864269918
387850946
861109241
159824089
773269576
770711328
913852375
10489612
206269557
175562511
508411891
830379095
804120539
299940571
644113578
782661642
607875671
330864783
471073938
46070468
450733520
772819434
996388496
18360959
555226412
939271410
577328932
282329049
273500586
777668432
235450165
630648394
90993275
437106323
819164017
331683407
358072056
702781235
714456867
773892420
264196648
655857652
576914106
898587733
422753884
613234326
371909355
36735906
997743111
466540168
601712528
356644126
299382615
167928959
641490707
681656765
343733479
981647698
879785563
190960875
964672528
299153743
205961243
920429480
734972366
967647070
569594271
937655910
205945904
21883771
614468706
936304371
356992537
936652153
354299575
326915684
137949429
921691019
99112190
731717868
366439186
618900687
389871526
697013061
773352691
333149450
984210728
665258792
931556100
133737154
174354009
461816268
459779419
76892814
834141731
770359025
676627996
263734552
343076282
907820334
424185533
714720484
840398508
628730329
530929250
566395913
687276676
149531463
152642874
775061797
399696856
204711878
815739265
449978396
663774673
180223799
585576728
761181849
261543096
77166047
942986149
472962564
156337434
345884133
310837971
42398990
657458154
115532253
96410079
348158558
465348418
957547074
500638543
82883474
377034600
819067584
835644024
474278902
938053459
680078051
717393398
729345265
637906975
811182435
980779637
703536351
975233666
688990175
187175450
574314424
650643101
67983062
111628369
554779100
737667966
712448409
359199066
728457383
888444182
721066992
702005545
981881347
280044633
950264672
879601075
91768860
130534986
759938533
786203473
512985342
100768320
887355203
817525663
44454632
422429397
472703840
923459746
577685527
769498227
651538771
915442422
634696663
177983759
528166253
467724857
279163091
96210440
311324535
808904650
82053034
23755002
902984923
683725189
187325963
992736443
886435676
396039474
395796012
7608203
67641811
136883261
8986527
945667013
641901331
24719976
901831657
483721206
410425326
809059446
556885726
690815814
69003259
597484145
240341487
600245167
571051275
3229827
190788505
668101230
822157962
443962411
55847885
722536432
5367132
315932699
718751552
434187619
10716957
385304648
481263041
453868187
658915727
627559374
33039370
427278349
618315257
340659124
744542454
207601433
705489081
267206831
485352278
753424577
577333845
656928750
228631739
931868239
161172899
853171940
518543209
486007487
808836041
816189930
263389441
834583980
135541120
805758521
366425272
59869479
924844704
917182774
731535476
362915256
600596211
656823869
614890342
741908025
226298209
671396534
451990205
64478519
198728833
853353801
447875268
1929362
375873664
233839865
941853185
58267684
254847091
149134458
241187896
647074883
451903953
575207517
516560206
706485244
437778231
229713172
870323256
612596315
616913179
370873575
805246712
271211900
360341676
490590897
568789175
735115520
884153174
703113171
226347050
8568813
259170855
314296406
426100849
11311476
828361449
826713526
375638794
638348734
239414182
230671264
712922550
318387555
480439599
46761330
690535622
415627920
574782186
485115963
174380635
230081019
80659793
686886945
607127968
897685973
952031012
10752108
697074746
975623344
188779797
48301032
111745479
645327683
600590400
363682832
820534047
444067750
682578710
800582619
451451177
276122123
814536809
263792671
330716555
168009746
532784065
984265013
414022996
127491579
110447398
630489275
267158311
140071870
75502310
575558384
545966606
600795423
768262755
327576729
921686145
876834547
846245986
962081255
368151891
387192081
814962123
433673560
377524792
6727264
604604762
24743923
810292409
893205652
139983090
196006716
609852367
821737019
644320861
919759193
918068061
15078779
592192081
245416860
997379176
710381647
932570848
74371138
40537597
314162616
552108796
992855075
242347895
505971302
608436725
923426628
825808993
86936711
659000427
337669614
59939556
807803223
974078167
872989809
468419452
655956601
35558189
516772585
322017947
841343216
112393728
296851889
803954357
921725253
825465883
20837321
610228402
409972568
843436303
61056623
238656722
880972563
639406294
54561861
970476984
23977058
429964984
982326833
155112044
912258509
383622821
895368731
444398693
571375690
88912835
86297536
561927264
316880097
930138341
313941589
582672123
8773748
531971741
90035922
95191488
674149425
555184217
114530786
251285650
904565737
831782235
187228320
931675642
390412535
536929528
713919050
881262550
539653419
887486723
981331241
634588310
169719045
488720731
178148356
784965693
975493316
126809938
73106538
327896355
467171753
781553729
195222057
353451342
478200139
746239673
710450297
128616664
989335622
35260013
182902879
655353893
420597405
248252476
670956202
686032242
451039192
481035667
219336991
144874103
118490058
534000094
471083516
718263092
35335149
591217369
101860457
146342211
174901314
113427299
761595732
741373560
554949482
582329534
375241083
694057425
237221279
493727769
471923596
622747022
814812
182451672
201812092
42196506
542471876
213540256
44021143
736026526
729855130
79998055
527521267
366903506
611482232
955921579
758581361
975018189
183575972
479144662
247485672
615836038
13449600
945199793
83333077
85110392
897088091
863106405
966785509
772686309
479894503
543677526
755829521
831594498
937073199
472290539
155442161
874573241
516884442
916825357
150537732
652060074
994947278
582940551
442093722
701159648
453913339
369047659
464808507
684029881
405275953
968241031
495101033
856168416
72015558
729713504
495791364
67195436
736600458
656392941
542236956
291244871
975672218
11975910
231031395
447812037
907670677
185933700
43243838
929588683
287975877
88532639
354144344
87215039
588798471
571682849
76025953
316099392
681159482
67582740
533481262
316209191
391810427
394303123
535965603
401052065
818728178
127692045
324484403
399474479
998294368
159024939
886600953
248222052
273801969
197404781
483798298
294041269
61162027
322014408
648212670
762496438
493682870
528862260
991614621
984800847
222171742
898822598
325879715
811732752
502038924
15098949
487510426
720601657
804756512
269405229
125428009
654802212
808436662
899330013
846411276
238782353
421235234
400293590
42737054
413686530
982958455
223371751
178984006
266014016
591673717
682173729
621398746
365414057
956726162
431761838
136595419
67090394
717177044
773646835
456224203
799682152
388261510
283877196
49972679
724370901
820252177
492783153
549281425
200911588
8216097
362981269
840202707
63993156
392771912
163888077
830729908
615842544
602529316
434674468
244324517
858516519
714148321
196271500
76177797
400614186
575493650
921201646
637062466
452090380
774289589
855016985
186830508
133925171
551926640
612699334
495190859
507205125
761344293
807377641
690996714
979577128
848595332
849044908
438956108
669967593
647901067
577501464
236615261
544780835
644390314
64203407
917836092
844817311
47109829
285573558
941156765
936746233
747374244
531311360
414471259
387730637
950403160
33192149
826574309
747899505
260932163
475883030
228128621
23327358
707459712
30937430
906096483
644343929
588543187
905559436
4252257
787755621
891891346
54684422
751005755
525230662
928920306
941180378
893886812
331418066
801027331
55521272
247616766
627764616
732224170
912640493
116586025
436949897
515938768
904653829
805932498
205470670
230545196
318253637
12792535
358798347
329891178
630285044
94681525
719351257
297938059
831782874
168176525
787817068
700683579
607467967
998585574
20007364
418113103
477867920
733908611
416181655
700687596
121598192
197484316
12096722
958400718
830083244
525068139
539344141
98404168
184268218
923007021
594292576
920779684
900052737
293189705
81935313
708624567
455377641
713758413
838240266
385521620
428112269
136074573
229326988
561802566
871629921
354385673
439837911
352113818
729487202
616524744
283857393
998095278
559331826
295473117
980130016
779989669
364167819
645335253
337132971
829435406
771979225
315234683
441066306
958177275
955180822
796081482
473997962
619992045
128820263
562926842
706859081
1441212
793837318
449111010
562852216
983948883
698465161
969270417
888325897
438291252
503769818
831834827
217204646
363867712
522196634
313212619
980084043
679477878
1657622
327751191
171650904
506225186
198175967
851541772
236961584
690733672
234936555
427740548
809416004
412794673
717342954
250513340
632410614
359867759
143382669
527466049
503941964
817119605
943066577
725766493
236322473
594893439
391931463
679307987
262324705
622429912
347773086
757301179
978461021
826290182
703934410
236304723
780654581
916763284
665372486
295641616
579798301
743042142
643727542
11954872
185832264
452281409
953330769
51338196
667963516
56579339
316300392
822944340
658541596
240011067
118075286
843332667
360816236
211594526
414887514
694179798
859238200
513898418
564613720
49700448
964160485
519365894
961452219
858288096
832656773
638070712
648761140
831429288
658408284
707177711
174354093
957212324
651246811
728692204
602988577
778853842
458220049
241371310
524356486
838065871
485533941
894600436
491288603
56865168
208908545
644987934
472283301
121988164
385328995
687863511
704511185
458990796
914383107
194652386
629662252
314507201
665127327
43513608
227913665
942830102
557399733
639140450
779255667
193337700
194970942
321154657
535717366
819896580
337276558
640372798
245753951
361733553
640825122
940272709
764013684
23244547
368424464
552669972
809925712
175701926
883255976
957152072
383765662
599593824
701345002
971544051
654689782
638348368
450512288
863033560
590136927
604664913
121984594
809071196
371534303
791957948
173470679
699672161
664503156
704985200
19569039
344087920
498296012
60198996
666651131
346540631
376188957
331546580
106802615
657269539
80037814
545713693
477243286
18868264
722296637
830056856
277392427
599412917
423121347
543803673
792264023
175605467
575158630
226077939
71671540
273458546
529565436
877375110
67342953
248660786
181583562
95781251
261690414
382586058
895860108
963116603
424563062
778921331
691815433
837692180
750670184
458647668
746438419
739991992
217573756
605805499
24877182
657275386
266007378
624559242
886102473
991912452
229645659
83961706
536250711
174949241
883679880
811612475
696509280
48308042
522587884
941623576
573536410
11799693
485299811
451561257
610286154
571017544
243811527
769594297
859553001
596124907
532431182
76911455
342541779
276372040
208544069
429955688
656315823
518307170
715330045
953738802
861307166
986025729
373610498
895682163
413866795
3222916
193885914
209414861
201981025
342946291
506747673
762449880
663402184
110650104
119518699
525600592
966049284
923218096
845231827
626893847
334780463
340647738
890242742
856713703
593838913
325541726
565580178
800242928
452680786
55130126
549332339
741769111
585527990
805259337
994459067
151674088
182453776
341262968
860845538
837315605
171691986
167708067
755118007
577884522
730309337
70935426
212483032
970396318
963948771
469042174
147577734
354084241
262387971
619956649
635013031
111178663
927618008
861697084
679157727
863411999
454885274
306980530
126061125
852529796
963218227
417457303
455307328
850274418
452183089
319641261
518128554
249926293
450173352
940788399
155656618
26613404
745350746
208844129
702667298
960467919
423157631
352051020
911181069
989445194
971232393
882001234
284912468
826784449
360286899
333999093
253179249
773004798
889494793
52414675
989045241
613153541
275089176
839123140
435795508
890076
273383102
777256097
473433565
561545124
109325613
144438611
889446093
949095427
276713165
997362167
269270610
657921375
775612004
499793317
973006263
271341897
832875543
571856081
710541075
78241441
700680006
642621341
641484699
942569083
312264920
168955240
62949507
548945742
24897788
90817450
919591625
933031419
612392761
729866173
874438811
668573178
933212787
384762263
172529334
718469738
417608162
702973027
677332369
635615874
222025060
938833590
534890752
341702654
591607142
560316873
778466875
403545899
832817838
491199558
844191734
995098069
614055987
384043900
853489562
518463135
862670961
617981512
240004037
876800643
411094130
135559566
760612593
756591300
886302490
196022561
634650585
215363013
531634552
142952858
541758066
846635657
563069347
921332817
78354356
781208182
791259505
542149788
471575511
255764745
515546596
201137220
308092077
881455581
59037519
535172632
674923204
206890861
357931144
878920217
483802247
122106818
579214498
215028169
20617016
450789378
695914949
412659245
568549053
511484838
141565347
787632511
325563749
748235279
134298813
786845246
274790954
681170142
816705075
815911207
183760481
666159776
708665762
934458974
526892654
124827771
683006527
981305381
35256103
788658121
308287953
432556028
613072868
328347942
123421993
507007310
394797956
693661555
324991467
996904565
943116653
703519016
410731033
755907809
835448365
726450012
808325381
840193301
685886888
146872454
271378205
193282770
45491825
454365737
732237624
212125893
111506496
286858858
276597610
906059389
741302984
507849004
748360819
382986852
498697778
646627754
826881429
506543218
554649452
677195115
599881850
737499065
114775433
676200627
152929148
388291202
618499307
747373666
51565707
831967540
956082348
845772510
960376590
229319260
693872504
568368994
654806936
437971944
159022309
415366153
599970883
614937480
339245718
630916742
882077109
702886526
99243754
888286338
509400490
830885335
656131698
973421976
343660442
54699939
3650025
324904259
91886695
735102195
103626111
21728045
658687620
215890772
208877087
59381363
476937713
156202882
27947513
501405855
554376331
469800794
582970255
511659168
853261894
434661182
314288665
404279129
340094220
220321446
175460816
518442467
18129938
651989405
97055844
457652995
327633583
953168278
860234381
887386873
498074618
953022317
528711730
393968724
320596192
134377840
2292594
19097919
882497722
955746424
830617879
686558301
544406720
811593416
179829399
219296337
157313353
613580622
143990221
470474978
450328238
773573002
775091982
627460632
539516096
886230554
313051289
866785395
54965812
550829966
362531134
375543156
687905803
829973448
181445264
809772745
413938664
25810925
572853011
680769027
695956986
770841046
564326502
359223274
863243717
763435812
354932036
65219729
322286624
831917995
144225898
903560346
603795230
292208189
609753523
549803758
984594122
208894586
559813444
88659217
276260723
713923061
238207539
422579482
601257351
497783564
476021214
245586958
213662565
318812240
268823191
891171829
872583939
150726959
359842890
284232
793412204
531292660
429676584
789794601
558805953
602612109
207400128
633319474
743356327
595326270
545031963
170193080
143610955
324368987
958677812
164334877
116049631
178407589
621029084
579037575
5495245
798247422
928243669
225932125
684363392
603803344
540161911
801057420
531495864
919544263
768381964
193656151
565181571
440479992
229038632
308507601
694187610
431610594
670069199
400328223
602456503
465121483
772367067
725170259
464544601
10035815
277131235
981396094
33722878
383577902
986551855
753625511
902982318
408267518
56087311
137267818
562880659
729477601
412748451
92005739
761651767
196275836
172557976
671124662
214133221
575489506
739998061
663448835
225627241
28768980
12897455
263090877
85444628
943406043
182872135
371985730
497236443
260405347
864607392
375852627
998968324
155763994
759734851
346196234
269308234
181462931
446898468
861043872
670199301
208110059
377091401
976303071
698468449
314621586
979380649
502505177
169196994
917140675
195423106
553712600
266696829
347163132
501309870
896078002
283948630
12263961
663174650
629738121
626197294
244015909
741277817
681414017
620284006
435129724
108183496
155505322
363042037
925194867
669013382
251929923
251764412
693911543
406023094
597398130
951916460
549523010
209426101
106347620
730421462
223145871
124827308
987527238
987966660
837730225
640664998
401884623
870446921
747642897
27117732
613920714
441644060
731521372
551448070
781459903
675148761
686416692
16882828
524385324
663225475
216024413
805364699
580760056
812093024
767619337
337816974
496007313
352182031
405622991
387143862
509736593
930852086
231200091
147873336
748474549
710503862
657255799
835736449
234736346
862465402
29243316
79763268
72797159
571134125
756960586
102632351
354695904
35656792
613355798
630884315
532258042
414710218
859872060
25687499
746108705
876401241
749668265
268470857
343146426
617100206
458405985
112502643
826276358
110459953
896431716
475695727
353343956
798006302
666470684
116960220
41899422
696135093
288048204
108009541
917088125
95460599
573304135
598449567
881823170
151283852
295900308
25286848
849073690
601934684
288189619
425088857
310983810
28922188
242413885
989249477
358752353
508881411
302375309
126587227
41694606
523901099
398655730
464467762
357609053
549936492
337948160
68956137
551765022
782496672
884971558
47433960
933039972
91228971
556341087
802272460
955929379
231983370
585002940
413168019
727919909
536399282
826274856
173045146
439767528
806900714
994031018
752301083
434610469
511239376
364573769
797852587
572625050
282311347
435559092
602361440
833506803
349718609
919264571
497105926
465813608
871788865
497877754
814061913
169540312
969518133
370742748
755991730
79348789
378772221
439260343
887513400
661218274
488126645
413476338
504177695
22671936
7409294
171689036
861733458
596923397
922436756
336554546
473305876
815596419
711555601
611548208
920641557
216043589
354580770
809383538
453463484
260184780
793696740
97727476
681083111
529185865
194717039
12566502
693580349
398460893
481386521
369508173
720497009
287171063
23438776
949270028
810488699
828581300
862851009
837077492
749503951
73457746
919156800
792292167
205393867
201226311
40615686
362000310
452729017
761557933
434879472
79827562
24231759
829949917
18838414
92103684
857240801
131320127
384416259
578347999
714852059
642590050
981756880
591025521
968247995
938355362
610774366
753963568
192430325
296668027
619035844
445518008
139597957
584720567
135684308
958077190
7381965
230518811
183006811
179474636
575935925
175506849
496328949
926486988
766858716
211980733
275771764
564534991
956017199
313473616
562521065
669079885
388834875
333024872
504048338
535540244
945999494
789889509
853558879
700743438
312841338
613026109
220942359
397860752
356817043
503809259
467842097
186509444
336292508
80827778
351793376
93652948
511821331
62636285
710886483
519095873
631919127
860306599
242594619
49425018
793536652
581857774
331247393
135272010
974490
437344996
698927950
835829933
231818415
54575439
979616947
707213876
722159274
494059300
294570938
772366733
925380897
530426306
995309517
49614204
641622916
492318480
112094486
971706588
751545906
355666867
447766329
41432133
770182082
303286163
603594942
12821455
791149792
831362373
904561053
692042923
354099183
123124509
609528626
703328686
578486291
794320878
849134498
312831510
752339446
900401715
606650652
491714840
789817371
334442846
713112017
416069454
320393594
375098551
93710293
432412777
461437286
289197972
665441640
614833488
350702822
429639826
648109385
511158172
272665233
487652046
480109713
508334425
542725978
312719631
355453224
661193893
975346182
576429879
651607533
721985792
739230349
482789179
354953429
759964198
528013969
847250750
153380615
158581785
633407953
111412834
37651141
580792471
765507069
706001343
821051382
466747849
606828570
998960719
813154021
131045064
975195351
642012402
753801264
467253867
183992509
865256106
366076617
998951677
716712583
698357764
617953369
717664403
408220180
477181248
84346204
444551147
344381680
423767207
375215015
10781877
798481305
570193162
950548024
953029126
980707902
507355165
848021490
222021524
340185778
155271061
47573082
19180894
82918766
126925672
281728415
500827597
26690027
191515414
581517042
615729782
902676983
296570532
704347828
105287135
938924015
720775268
355657500
703624736
375845880
644137487
431219832
622419224
455557008
532962135
758634100
368262533
669196040
188390628
383601321
810692362
346060730
9443385
624703825
601677593
279879233
296279069
198456108
395258605
464485682
494993802
819910659
654073521
458823366
528805378
206936469
168456326
638274845
854765465
77399191
999063925
493283212
919827319
907167690
938937845
67533515
88262554
195517200
37435049
594196179
590089794
263491708
684056636
811623161
89327353
559959732
551522890
192166129
539662935
145997679
345117755
426927433
558433289
48431705
537760334
248174348
328822870
709687448
850034571
866581569
107954413
461863050
181101212
455124775
365009714
56284399
396533391
907516930
312793828
682821860
66663009
678785363
730251018
840329995
55168699
56947932
849491851
37283010
380633827
682277496
621920189
984068450
552731438
233507452
301046303
485038737
186699218
945864715
14417308
213345463
114750250
434033235
657676104
703064175
863420869
893932414
462972421
615900918
885796135
619926229
817244585
980051254
732043150
321866803
537410019
678790270
74487812
211696531
531069982
798329575
546408650
360220373
646766695
187475956
578429446
664006830
824407036
81175611
194786639
27904909
201080160
675047465
991361806
945710528
473474038
452437646
187393971
123172096
433886290
553122149
456002463
781634007
640007993
412063163
746918868
128753064
455670582
459001034
401922690
51311648
944524752
80889440
667583925
300745882
886189786
994196549
571806156
931815090
345175072
740024392
47527059
395153523
388922226
180671759
509760597
553303702
149412236
649671453
296785420
155153132
263421334
273123905
170331639
381561550
683531628
497084691
422638477
344907665
433845477
808707973
349195490
972412023
609390290
303349173
421316705
424196565
932177388
460569992
163492826
512367582
746115921
812141349
667246545
467583533
481464341
709056523
522538613
728424843
356699179
694170114
637724054
311209624
57824808
663379506
403359491
577670990
743110498
397514019
436510626
909224306
434291447
508014562
97437677
611896734
239490530
649486865
424795803
381456123
857253141
145683124
1562493
333725459
495378879
337732477
797561694
43871929
71822496
813450085
393190661
11326873
167965493
381414141
749296735
950485429
515446618
695445956
324289168
795530359
215250719
391017381
315157917
684305629
775867431
648220579
245403342
666541555
793010923
570411493
815403045
597859559
204053304
756868265
905669071
693054275
77363118
68448000
381828401
69758607
804839372
152966107
836925034
441962870
138568595
459287922
347720780
842408993
122868022
632219186
345603413
105797705
81375818
703484004
237243912
354312818
533113786
866090856
631236198
996330382
805278469
686782526
94818004
131573818
339663276
325196096
65906656
708953257
549726781
502814288
282763112
945680857
200379273
929971680
996699515
938121645
602382459
702319100
832072810
684913353
558301032
73260034
114105627
908571491
295351807
424149324
623384328
143521935
547697572
574973065
385334497
755387708
637294548
975010892
207169212
572111376
922774745
916751867
111512135
441218728
277283243
938241792
681225467
936233688
779298849
468700385
163975538
991080188
876160897
463214983
884211904
953618077
210569706
149844073
140631853
999607397
769240378
130181220
277623307
7177386
891626261
859755665
21695856
671469053
58401916
84784013
332817639
90250003
139430368
829616885
262270112
663373654
759420820
990636002
750969845
415456264
574412532
108977978
112257685
683686952
781256590
286672062
677789790
877498121
518592487
450110054
956118331
12718403
762422352
614429498
867401754
975906328
995059143
120876881
368929396
2701897
957570177
935378761
1072223
53524502
920181754
531497234
121067804
149249435
911272616
197383844
920957504
684058388
162406887
135440148
797401633
720412557
833497672
12653437
965630422
808170928
85768336
847879363
264972088
257213399
873447962
443913099
876229651
181929086
81338114
589038888
344720401
173671463
687902681
418523809
308892761
798079320
561962587
514489016
307271190
149569584
139460872
947869650
541003597
896459298
345558031
202512164
233027818
865707455
107697911
315443881
355263637
967435338
952322052
258279296
908755441
379317149
147762051
753591556
577291319
768478863
934383410
822734569
129152002
432159775
588013752
759104041
906473188
768730538
637248308
286017386
873410331
25246566
153515157
852734976
662276035
463690584
316901987
381709733
184450778
66364174
664206242
627075230
889188176
444202231
121758235
736652007
849727054
301719938
425349422
216766275
503464719
935003777
429082053
803812917
657861708
549847519
180824582
369409560
879751596
270784406
919590751
808092123
344752092
861688514
407377443
292854695
835035883
140033582
260582301
122295217
392155604
61768164
915788897
879227344
75074114
984404032
687993141
193402393
314013499
342534711
190436925
531097835
206455925
488644376
904717809
731192353
689431801
763522426
642428670
153094256
22560689
471873665
553270235
385738138
948600227
997080762
722314630
770552998
458369266
313010706
624328273
847541457
620716658
483057471
908417334
245016964
365993258
743900363
97862484
605933046
532271782
849093366
582706465
492664705
845314083
335084199
572472094
483287936
826794006
563336123
308979497
539795092
733903116
670559487
80310462
872782809
547624644
41124619
56668619
716026849
819434109
895895767
518442419
409258896
869116707
321471737
898832974
200207122
316874378
209705444
288811536
29277735
157027767
620760595
354708124
160381422
300136436
150531604
699510072
588123696
824517725
466674211
776271649
678495699
193468044
434961342
842900796
514984566
82116116
460288386
592310703
539395195
973748022
920325544
133129914
895439470
826611738
950398899
783532596
421309278
480238676
830290651
426809010
480058583
988992682
941748217
38882761
750710243
436276112
844522620
566092903
962418600
726260312
979829253
12251431
315890801
358609065
777976662
214558023
165107454
776804364
654243219
776335847
281045318
24650565
427780042
169939726
430557802
877653560
378541771
348398142
334392796
25300052
994506771
940977907
508233423
475554863
812807794
612049575
803737597
727876004
861841761
205567350
736760639
210443963
787591485
817987312
726649825
601016179
384196651
777445007
999953104
407430490
372498469
606714119
187472543
522201139
653966904
236055074
842928565
626816868
807675064
45830981
40545900
32827821
662653985
5737452
451499243
545891976
707484708
192989482
444572629
15663319
788448181
664032989
952937598
370706014
532316582
748222973
554421941
628326152
362485704
798002158
826647109
404654456
994370736
772828824
976165881
589530098
413708836
449816979
989979730
619057935
353926467
42913550
540338671
580106672
761494081
222486919
595224735
931644379
172686639
986483529
545044104
22275811
672493052
666279177
554982125
864931420
772060090
580933110
334531902
997678802
161815795
978834632
33154975
125599642
820350671
635142570
470165072
110428716
42681601
415155165
41562598
518948601
334132933
125082952
905686701
319371356
896820328
101610949
591129427
387120716
421992163
855373799
544478850
465408392
242593389
818526130
562011842
659558483
373953733
933467781
417148721
633936741
4642853
27148967
647842147
734866034
412041202
687546086
278040799
183543555
260582632
128255902
356729954
142982117
133077421
275006004
466048940
691198470
774878906
399102148
422556627
665006976
94893577
857053963
59932069
336053757
301663882
982301692
123320962
764277271
61044208
25450607
455621051
579499177
477081449
60374260
666761933
255997695
231967713
770824653
906557202
340347580
141348602
79834601
441458266
229840285
837134230
921469117
21414347
641113757
740959892
799382653
534567717
425457495
863115648
408789454
491738284
324875855
617799393
453907174
607716178
780714679
355522127
604250369
926241955
314723344
242810770
406561725
354076032
748975115
724305037
155107669
617586277
493585568
730092918
347460717
918596576
13663644
667723674
103307410
674704244
261125232
938719821
252059861
229372191
703967290
57398280
99670365
725874561
111593014
765536684
82994228
863673001
840157917
237793284
134382516
202311221
558252402
999886920
743172977
543083895
929569772
313679231
777807377
964368686
827913657
339240733
239535858
49315427
747459422
319496709
201149093
612506645
871116628
845243451
680909516
154284115
938996966
505303233
464626171
955118342
323713592
786718257
514127452
101051602
111555049
289706491
391763598
50065866
41357449
72344556
747296630
123671907
986768119
630284183
806827542
404762700
199780593
651153604
652531587
736181858
337764746
754205354
296065792
222739462
932448763
157957378
327244687
630089401
675004778
954299937
21830163
254876784
173792492
202120304
717841900
332026562
338896717
680740755
409365107
409730326
111025966
809264270
142637614
881678934
794118907
347549605
754250662
577586858
363920063
403508600
318457338
786561407
89087673
704264987
490151539
570610665
729715713
668302500
482348206
875066436
689415083
929456792
369459914
176260021
869844572
672572217
265241906
461884998
997610784
539233749
613981254
759606021
977636504
780148153
364307669
141861575
592501712
342976550
95935348
308545554
468624786
837441194
944052480
56954656
255547001
50509180
306396191
149814180
370174295
272110850
4570394
788954603
270186934
138233318
677253014
441984202
755681382
923784015
358221371
227180490
876403719
22805508
854337315
48600068
865697912
133948003
944273041
261809443
234943767
939828712
533367128
581562166
637754201
77889442
651692764
35219681
329562234
881501586
427576164
465495897
392279377
385701078
52794427
587519423
352083856
604080959
920548622
503407945
805701635
239084053
352799742
695517460
751666640
855563464
25368805
7234507
560350347
559641340
440364443
763548091
60632745
378620599
9257223
717250684
769605994
895295440
657310774
686917652
250490797
225091044
422188789
246817718
121254536
385716583
108260388
426679909
557834290
659596343
639022695
33921115
260746745
770927417
857467620
580676723
402293597
529877590
344055370
302728893
886260861
243921990
378030616
839805850
991201835
355513781
667531079
833174696
682599788
272626254
635369624
655996677
185081832
245909395
929837023
749426679
231188084
557238653
819791011
158336944
320163143
16196761
955957413
192138231
721118583
441936994
461867704
346275188
228107210
348110738
956506731
468903055
61256222
127623359
442203762
859994626
255091306
403830353
985177434
890193044
399628475
930956588
941213471
767297953
215253107
633796736
235404804
86035063
205788267
673709628
289699687
779668603
941789636
207865998
638328310
919613350
164403180
753949475
326107740
58452487
256803779
829310170
429491640
761563673
427871712
785594326
157395770
187447911
384839812
844411864
902972022
345686923
535297691
842115089
457665271
48805359
807639933
693508188
201617357
809709476
542715432
177310049
54769670
675206582
214386084
702857874
362867182
80912421
469258245
296800362
419629679
131318330
985477052
583968622
327181973
807558674
882618224
930902552
291031884
180988793
399924629
757868612
49320146
966051064
632854796
440840340
544363
610101598
867170065
49998505
527461278
105246610
473986374
487434023
447212299
281951027
967820842
305191975
768297729
60698362
774781079
219497440
21536359
143945515
151581472
766194259
973936598
216639702
249422472
965205280
464027421
863866666
548504576
78143492
255027525
681778937
856955568
171135922
191162765
305325800
403258795
360103621
671101829
601159125
763323700
627579084
672959067
793894690
465663950
251813883
32767550
459901090
638135498
23136461
82900750
648824378
745612257
955373547
366208521
607326926
872662307
32503378
22316195
390138473
660827951
898642211
462698826
780520038
840957719
486934732
427851255
36559416
556786816
620535076
246083470
597496103
81124904
905446939
443698975
649496503
641155396
459313098
621888469
162278336
41518508
228553539
942032293
832210481
551452493
157091263
325374570
117067569
26421251
365656707
874506796
301487580
517888651
884119285
654654471
941264028
317431184
641734800
247337717
61790986
162408901
995323292
823454355
740841956
648055015
485527863
692791581
825089588
830388498
295854587
120182032
188425332
44986222
20139071
343737955
592597658
318460874
348971442
568909759
268536219
182652102
955686372
313211144
788729858
663232886
600002807
561423406
625218798
729476482
209683740
253534981
277537436
409850440
275270649
718786161
364097055
550023315
565546542
524070017
761555702
541321744
235416896
521510863
224744174
573781841
869155825
446985029
934520611
884554484
715941148
839460960
797694861
542004341
597236032
649205729
484099187
402190935
344594688
515330197
596722698
42827103
972259272
109370483
131565502
275020837
196613083
975979046
833180858
759596647
916889209
922938898
684715187
416063487
651366747
465339434
512347867
713856036
525504525
88178465
460813805
191909918
553978910
148994444
919047633
858598821
139435027
899615236
348964490
63415338
571320465
648318282
217835454
907016731
295927392
513256205
977038745
831256793
937831155
967267665
412915834
858909155
774076268
155859086
568345680
839330743
853428157
931335045
750062042
305408201
671332929
852108308
313278185
249314032
727940808
940682294
494365655
419489505
830803430
461852782
717311488
361974518
144247268
958441456
435491095
419545065
598113093
334414931
859595753
662448791
978198951
663548179
444249660
71270611
419674166
263244657
904712327
680778249
865875715
168706348
516289861
412517824
943271850
105240750
565582719
29700279
82649741
592072298
480772442
642501059
594051419
865169037
188908712
505496103
929147179
553368514
9469588
856281877
881733202
972501998
939088392
569090652
250247703
335592967
364263599
897112277
144825606
49913607
172784777
138934199
315432804
160991223
161055066
891289366
858241130
277963090
912136605
323273011
419076921
709433229
4745980
770749847
391168877
962481594
703728833
365460913
272015644
79257881
868552137
324106909
967767102
88968162
151547942
49827918
31651979
495596502
997765404
887339590
952071548
508038966
278642149
655432009
934214959
842439109
999518268
385879300
570585200
616817079
845888426
794763210
308318550
530600259
986746881
216220813
445289129
795683223
86618518
136776131
338857747
650295794
400306588
607950721
237840524
801512231
294906292
852012123
93013914
237560639
426464197
62333615
382387397
499281461
866408287
634444667
486201020
424530947
572402042
597840211
767615326
276687909
402167058
912073917
229133520
135390634
278743693
423337364
936085309
951821088
62772503
257708029
150619901
800654952
610006209
824505571
892216546
274881187
290824240
254291257
227407719
449339173
675599771
561107183
827396273
147490380
59915428
468791138
342279280
340237344
776868974
695859112
496174969
933459321
687147006
480674171
951509111
947653970
143363621
367123109
668316771
540917566
512905461
564893323
653156815
277424691
36850610
914094543
988114781
169235065
733744438
701825236
559585516
744239875
832468874
424222573
20993750
573931334
590125278
164249039
116049155
385359448
190864934
234790954
902530841
788253834
448085675
768369630
224551767
457535288
44839551
988773410
605124108
341439661
909284520
992914847
664533118
379969081
121778356
895663520
705023259
678236526
390681050
380302742
89051962
605195801
694250192
103421038
989226901
924656529
689390912
536330123
958082624
517725303
600969616
526132212
135945706
855512678
668478657
809264050
876921280
200683253
318881500
54798462
237406593
241856566
265711537
77434930
26754424
128367040
772744452
405106465
61335016
467618399
709057360
28085406
146222856
651004152
32082478
424175904
809422534
168411724
680101726
765761799
357006527
25264078
447320062
320785506
213726275
605609693
67032176
692736155
431845516
968373934
725377968
16569196
994672483
617605006
811034412
807948152
151636664
694167646
238773379
316557871
24400213
374789476
920897433
106632427
172134419
172357969
950786560
369243528
675223487
206166585
494979328
382016875
247828868
609811447
909644026
433000765
852979885
182653047
655732492
305472468
797749049
609436401
552163302
395027793
300059166
624745640
64294916
432121321
17574174
835126676
148163587
928772227
687070549
248659812
699723642
170228503
880599926
971915967
441236247
73178145
172928921
672249490
341006180
588138038
616991888
855859547
627943555
747192438
393621975
853985575
575777168
401703436
126056571
637288334
940823886
497934973
32991634
563972586
203704447
60720437
728948844
596598387
707561778
754928312
557096567
6884856
905640002
38673946
229342179
293022340
423183307
910861718
780788261
177328100
223674111
70306076
279183736
280696221
726931808
356539420
697663130
522513358
613145759
951885176
341608992
31372382
226526407
853300764
25827093
718441451
831537347
171208627
185676136
480393337
900020644
318880753
957663260
659783931
15328031
347347900
358376046
677382260
382940327
636649976
661690327
449494218
2613754
968261377
65843082
653396323
669505308
305359883
916033600
90071289
344720818
322115430
522268442
966186338
225760622
997060349
900128814
314379571
298530138
853685401
835871011
258045679
246019096
972133824
647905591
899153733
347758793
675871642
246449277
431569457
740714460
987272859
561451453
738122092
722236233
761568989
361115039
852156398
34667036
705941428
293849690
527036336
6892067
508564796
277757048
653552231
744958456
139406312
952702632
505978824
231850488
584409340
839867541
908813552
420850997
798637928
106505108
707918325
626313596
250015579
772029520
900491359
364869769
741438422
779112635
588537438
691198971
351405934
292360542
254499220
434943833
326666540
503655412
223149342
187424403
84368190
561437241
610665813
893374901
133985481
540792231
978189326
921524823
404798985
510372904
551502706
258011623
157576817
54784027
883463665
350477068
973512190
219149251
725162426
862864463
556297475
631825619
971305708
67643825
50860013
183461244
163015066
276798002
495172848
332868687
633428286
47524135
548423361
470980023
242210082
974257333
555398562
689653404
837541471
180372725
630019594
128239800
33191338
544718397
724046661
660921301
20912553
229901930
936645755
87739341
520625320
44225166
693537982
483486792
711105255
745791872
222245837
39744067
240121386
748932852
79079743
397982930
409317284
195412111
112274153
136792234
833015440
284406518
232902456
901561371
72095308
986946665
23102867
891384895
243553478
496929788
646746607
181517414
263674383
205431200
37978372
552767335
542092122
937264709
955568155
45512424
870115149
602435213
825260852
376821049
140735528
515725904
919744981
231369834
898197732
795570751
633702300
915229615
309341459
192894458
623096785
439473669
431972194
757029359
432048437
62573903
646616330
116100613
561404064
603357261
199805514
309566706
829555184
814835404
944336700
748632944
919159107
678246084
117778891
796649964
31977319
877234121
760160995
561193831
472643247
464849902
15404645
681891624
957797715
171974299
156460356
419163264
675423835
282114085
55768288
530758037
433994138
8215192
73091367
332750908
501943440
697619584
400894382
805192030
612980268
669618382
13489612
188547157
868858814
790731586
670376182
679510394
140258240
651359262
121322796
68267371
190959595
198950341
54273823
426369688
670540275
624243142
95561542
767466026
585192858
605488376
514006299
962512728
255266842
842819676
153409120
960789336
276017617
221405102
999922496
899625483
708370995
50054787
812636987
173038102
579640681
515816897
912302779
872030768
325610480
144530585
619544013
799639442
449942904
57556454
813515385
95139972
73889262
480439023
363704705
978762359
823398323
410714616
853373357
171923520
856552811
926590005
814090397
534314860
580871602
714536504
84730666
665146807
495796236
964244999
191883080
765756755
339511458
460971641
692145449
308012684
240189437
471772023
758108999
93637963
41426311
33131000
206586738
490291109
158879550
85916964
896779014
341054416
136131130
419896585
749558204
85848495
486941051
279346088
181383988
578256710
541497468
46525504
385779817
513921001
168866558
394174827
238757387
705552681
836429619
908270569
247753324
495496034
877291133
625703804
498220018
451815516
489648823
795961395
17276682
726135492
312876285
555864578
139503895
904706025
446820757
613976199
949883310
335130301
89948003
177110174
357273377
356126809
645774978
702971796
555132479
788859430
707225110
258162771
134748133
753157570
446765051
420869762
574116297
824692676
813226550
498297692
253849493
905755187
207977080
494839438
584180768
314908701
977379745
545195028
195355961
996223906
270154888
634109840
934534629
407830650
405871413
655172163
288694048
925124826
656367771
906021086
840407886
654272633
126160665
698516535
23189444
643041233
191477014
394818986
535966057
376395196
739587495
211429528
112020586
786400022
136233394
855054527
490078583
388664555
967878970
704950775
390049284
773999188
754189151
836236188
38602400
501246787
262401564
332103494
950756195
480874066
13312315
151899596
61407789
201023554
978248976
694062911
649464605
337539324
976369983
539942253
601655396
875393014
287824984
633000579
177778584
430606693
154695400
840163366
970250188
563279604
256489318
471664071
223352603
285960856
975980441
829322333
495563376
596385441
377037554
347387256
336470141
545235056
396590617
144522520
603374408
645851315
697957163
649798686
630115629
696215877
867684905
370675384
561706217
547114207
652697815
929910104
304711434
279981500
820154402
608272114
118353883
508754043
761435513
909029262
490585644
129166435
757062288
615835539
771810005
329810813
645768898
599286497
443846891
678624284
319779732
776988807
560364323
655673549
12386692
231153529
934742929
854585557
617914273
123702917
77255156
217525348
797355214
875762033
920835139
207831497
228038431
476712530
314289617
525558780
652303751
952695698
898535233
100121993
226236633
883599387
505955206
21695689
937072854
241345705
761744782
669335126
538880948
617719531
401598153
50288754
412763192
314535581
898970757
740855226
339562306
408451211
182438404
199953480
551203401
587992073
199906226
208738931
142063389
194816108
572469265
32266673
702465315
424617717
998991073
130812350
633377094
799236957
837432883
263860450
56863997
409532566
619343186
391687819
489723234
688256215
291861482
320546531
510040403
182980704
760791629
129176554
185192981
522857057
154640436
108718523
806139616
500803291
891291587
784761521
585345250
841060992
61036423
403664307
623770243
553948851
480916404
49139760
839657657
825537570
168657874
685348369
988095386
374007358
134031133
657741648
678741473
621307958
451936228
409736180
827114701
139905923
336202092
721356216
32119007
46394251
555819657
438468816
588798651
333445884
366909803
60547041
893578231
949808713
738758166
99682549
703513907
812610752
191269969
178353291
62052118
325064930
352284786
69075102
399780678
591488018
26136079
886527577
141516859
693399777
906443300
783221717
450497153
760896149
319325630
638724410
448404757
777000911
947809609
121465866
424045179
943416704
162761489
495031521
338772151
500512592
885385176
514462998
328671191
98122191
358448673
444414268
32414589
17341780
163496347
211079255
479448979
688464054
568052653
749163916
255747287
332176794
465818810
595439516
640181377
984767237
476464304
382087525
616829509
89278826
627811562
179635157
659084949
76165590
184023662
542952145
504909261
478558912
980704476
615219447
268042334
719069546
191846449
659494658
880712404
345689399
354409139
784429567
449192025
625748412
366163647
231633117
543607155
810089604
648699790
348938821
340567994
767302275
568254165
956667162
662842905
91420112
247654901
604027938
462284267
749454846
737480076
270437938
762927659
419028292
516671975
188106824
763555292
829194262
89745008
847274942
701368542
81532589
224862752
580343980
4124072
363060825
711157580
478719371
789147506
894496580
458867880
236806900
909061761
169362443
358347040
306187659
798890156
964600456
602001932
237004682
411387986
448642911
724335209
591837743
104750303
241291533
995052675
717986011
207611282
464838662
899802758
560138626
398160436
553270045
103565326
384752711
104634226
382170560
608070312
624143808
795564746
602994716
388632566
844602268
937619809
361668719
243487468
219853726
303742852
528067318
371327534
515728766
977962943
438510459
579319028
923957238
752260556
906509850
552738994
917710479
33608221
863853385
147112734
927916966
270999777
335989707
296041361
764964317
137612583
835381131
532076762
584616191
79429158
498829085
819483776
319451824
327769365
36596735
767495330
789644118
446001692
721293279
723847240
968697090
712176439
582668323
327287027
408409198
335073078
588371713
134126855
558996704
793697598
667807018
545545533
634402226
858330334
370942720
885589500
256933679
701106890
516389999
210731305
652705466
517594692
807065419
629435452
189370349
622059416
22279367
686477749
363765625
85643446
966580309
820801111
865190017
667253578
610842255
549132469
702971755
327101378
17771440
93573087
151137900
207355812
635496466
145939432
547540457
1349334
554488809
655936467
361936918
514269466
740411770
232393862
666308305
976270490
817643761
678295405
338488385
779867461
561087778
260238693
658342703
693448232
308170939
965238478
939765381
804891228
391600256
504385742
384657229
930485685
264613706
18221411
133408311
523549865
275189798
525877550
259396285
4038900
300579642
5031383
141056014
142987802
940744273
843200332
765266367
526197785
960988942
906219768
691540849
552819755
154808405
261710021
669289188
681513661
557660403
297757033
569367948
409859069
345544424
30850002
15616536
62991052
529705922
160680128
566348779
542369827
635761056
109116258
625249733
246911171
377770811
736874787
799843258
731515887
238741593
358509738
232619533
647228242
75119118
583492691
852245671
841083180
945819014
182393934
595269746
300477125
920951405
802841998
127505894
549721510
639534575
272033725
85177833
616172946
953154513
564442241
464112879
675702321
344692302
758965612
586139199
91454851
83962541
477322131
807410224
43583607
309335130
508497898
929445656
457990791
938461387
36487924
28842047
965355197
520877453
573783744
604235806
633622101
103104484
385448041
769846632
899714821
550070850
352729630
330552845
362015172
290424490
811556918
916207458
410449786
755907940
635665703
386593291
265428551
777389916
532377070
117438221
5802662
25414923
968377263
503810850
172079869
412344288
147620764
408080857
102721373
533303182
125645685
78841979
741324611
382078002
663614277
811109538
435163273
662115258
562778457
829211591
667060334
220446581
109237419
628468056
708205432
688710892
695880961
78494743
618945920
279758505
841891995
931463928
392134734
28490055
441296403
417685153
809027062
874407379
680808106
771241442
292736625
121864704
920534457
748703500
669155239
411419563
593547565
52544817
787736918
706557196
877183220
351117662
46637028
641550772
198495621
849761783
224316624
848942191
533693748
632899784
77572033
200434144
392392696
143418279
413498265
938986234
283511919
23351735
316565573
444646488
731022265
615559023
775133464
796163531
242883280
236642028
446234918
830392037
708372660
219620628
216969777
873011853
26883717
889174215
669813417
977278123
141538066
127562282
673469748
398612483
710665520
209543798
66002244
743403793
856126643
730954419
337462743
736958454
323140667
602956290
287808797
871443618
793531149
463939956
952989649
892759855
828422291
529001327
578867437
725768654
952594259
712779557
176965027
171301168
776602214
801832754
924581630
73826597
934080216
228535158
81999612
360654368
182670195
809713786
187130139
743858780
251287708
894420439
101468423
104063041
616404401
749666616
24582474
519393656
586665116
374226329
10626954
30001684
206842848
560367271
200710202
324273272
590542861
107959295
979230207
610545698
330607228
70293248
487306386
457809529
834727515
755504100
72507940
432554583
898232973
721933924
800473596
569657328
752569057
608505640
934495544
517610632
304558130
373454985
332507365
467519324
5254874
551712137
590779071
178838178
377069375
21780222
433573797
541062615
859008884
500972581
211517890
267284556
484816273
752332175
202735689
766341243
301066122
371717036
122241188
554492366
614473511
91217933
313241347
508936317
724746473
928911790
227491793
673533502
530703076
673938591
220010209
330097313
296146794
951003025
905597206
998529061
222255950
263498290
740385632
822894216
803396386
591210786
343582578
536589553
335482910
192604820
723298913
489970052
472719166
212599464
354412956
583142962
99357116
551781951
499895255
635143337
678026486
406116584
753246695
43265505
305392804
30029274
867073601
655129594
847817335
508212329
814891918
479189858
492670588
608324425
765437503
707479220
376700242
761155394
56769346
270043650
109468513
969026924
599478349
501305577
986445993
927906304
760633178
631497398
718151899
561198200
634620500
879458388
219858799
15520395
383560218
856554931
726975252
935693998
565530762
691711470
528812047
303314597
739918112
210072148
932664038
581390350
344841436
320804345
760931274
176240670
280888310
36569350
29189992
865954218
995395228
491553121
600622860
42804647
842382803
498766923
775087285
553423712
298921886
843077263
629134790
117515120
923612317
178122371
178156722
68211927
727929444
957339284
376396346
896957900
2630827
946877672
614922645
303422903
37301643
540818018
845636150
927680438
627446024
628707028
528487272
552818932
730555862
451946576
515081398
406652975
332244390
146811350
836840014
356324899
670603565
42045044
290422783
255761627
491627987
490937655
239906950
847373106
790182622
897013233
665896765
471616718
317153769
665252530
115009660
49534426
71774470
82766455
792821479
235033685
437351434
280893641
731188081
356512266
905432216
141333809
868521234
211477206
802147992
54146181
572395157
589184942
404149255
908108857
490187468
569169561
408719394
278566039
870008905
848186506
872632797
197573193
702809277
111790203
813727458
916069411
522190689
705143414
971949103
173297096
247565294
425312210
255744707
524659861
576461052
149531384
143711482
69146619
140115398
799751221
909598110
503380820
995377204
454786168
1987881
143439242
583500233
804286613
860988625
583702252
794818258
468143077
109213038
253990160
387387648
720597536
372723830
767617586
964115590
341090534
151282911
498088213
208484759
623861716
889013196
28845211
362612534
243728134
923028449
320377516
171186558
376390826
126549455
766682310
283103359
598432794
499005567
198815681
661252969
300389576
771441259
321792890
133112477
496574311
84530781
40138963
237448219
737398656
202125761
101381535
251393399
432593463
887346514
478318571
130365883
564310700
666339215
978386467
741659936
483771884
505492875
316821674
677780858
30138770
668733971
806737690
525792336
17582548
812300107
949232911
841979112
529310536
158098027
6530918
253125894
816551306
458377819
287126802
427302403
347950841
498048220
292072844
562056593
748489271
293993335
97916820
245633466
521555060
84099605
748543363
87816367
899709324
305618319
559477359
920202839
324475771
295064316
287887193
656475884
206774929
972751676
479280791
437270371
855626291
85830357
3927747
879392975
496355645
951451072
101517368
323726761
233444760
15579049
889782166
152916794
359092334
488010467
497772758
895203560
998258860
337502563
427906778
434062114
839636326
991955950
794629953
96132684
637111499
564047414
598878219
987281182
787276055
774220140
828505845
959295003
251629026
462058628
710453710
764140128
186550401
967738705
854842563
880651773
88941802
969479798
202985428
561143706
262048630
873214611
316760733
592299235
363408035
828762705
794783180
351673541
326076833
509108185
85092215
434585637
251427064
53542060
426046636
316361488
44663601
347172478
815802104
942180056
806710346
471242662
906426436
563044216
19938227
476049423
79217041
374046291
551950380
789423994
292901420
24774239
714385278
99360083
813205290
963975565
220063794
428512088
540605866
295004987
555554872
439891815
747567000
143139519
175179400
990111046
343156426
10492841
469476639
480858826
662354756
606705851
507866219
24692082
2489216
197688085
225073159
812312020
793844664
342107923
381218864
848244999
641920943
966589056
398743279
943336065
706610682
353858091
557816271
268128089
211942691
841637692
750778814
872900392
641319504
572360762
52017213
882613793
763072132
866721807
260291587
538460320
994516786
561858113
900721780
560802950
891545802
82954111
466774614
745840124
772254612
887419181
955875957
350159084
113367417
788715559
180204470
543630613
882749794
804971701
897191423
437823166
805130513
668996644
796082874
669707610
938641933
488338640
875318148
926025694
336249136
409470303
318853274
648814546
92503461
65290807
950702805
8163962
564558078
154271855
308461624
671921258
212068947
139845131
658524847
637751616
556521019
858666496
721615588
903155140
711453018
599937274
999918847
60828486
485377732
383536191
840942977
969026578
295835574
87040037
397149291
885431232
380456221
454767802
695648156
305694702
622973306
150800612
938344038
152359182
780406902
792917009
671979429
613049069
130471871
907554990
304608748
30994036
297455889
10118093
996423696
918714792
326013881
516610336
513726911
158509157
111812981
355039435
313251683
595970551
509134990
126623826
556465140
25745383
561310253
605479377
178580323
268625216
311389545
59724207
979034563
225774239
552974074
819063089
130498534
829648527
2354437
11127886
119531103
358822075
156629457
999107527
216285596
161802939
609634028
867982255
12339872
365264376
173006363
532282360
594269766
672272373
913625365
392187810
620719376
965742137
909113925
174409933
267090935
737244766
497625730
106060553
321556122
331631033
638276825
579627839
492242178
642654221
351121203
796367115
501814197
374623961
920308656
842929242
377799475
955121958
262867718
963151884
158080430
79540145
34016517
79389190
559239550
493071665
976314920
53311931
60001081
493899795
79001900
337485529
166553385
736446840
560267646
903899596
179004580
821378692
206182485
752611053
132026801
867473615
50176992
304224724
744812706
851983448
107069458
162530983
475733604
372505271
648392292
845240755
527299303
243051743
425223011
445411857
200172070
24321872
318654371
849816838
570777294
274451971
16655766
983869505
354177183
821094659
993898521
120357386
452392541
198094823
888073142
461462165
147575188
563726060
899985332
457264138
817281512
27251175
815708667
553447959
240668772
863808657
683194117
214982285
533227892
923280954
283379111
249722880
655714196
867768470
322091656
629479278
663197862
733762920
111933050
72940591
361771582
190865764
634525893
146861806
611685195
559656115
536965200
613644630
40906578
690026219
795919977
611356208
183671282
51195488
71216679
326560086
983081259
922737016
701153269
337850845
911989977
414697029
328315521
871653139
32321018
543973847
872789190
539347421
826418040
619631444
228650827
551470438
777792355
922223887
301113483
370825736
231510697
294447866
763133431
163186602
111222758
437630706
394095765
23432923
905022755
220073350
854030311
781466794
141354475
750116555
508901884
1385750
135614380
709340708
750904955
225123271
954256362
104927381
648189081
463858700
336441338
228414522
115202770
619598176
921818776
562565492
782171737
799635474
748097540
177925456
673579818
780700921
840357951
675388317
657215960
995932233
282251840
833039180
426043974
879901105
410257919
993913135
506440724
547784491
758561213
154746863
31963721
629746317
132822859
861965640
431084101
42298090
680422422
621945672
370367174
69336379
244557653
25944931
354271502
553208097
666076182
954007349
961644287
979177436
770655481
600237842
428148801
504352461
976146865
543901372
240924
835442231
818453090
779385527
413387508
873826787
775609771
176569826
654306077
246541696
228455349
501444062
234074232
256071786
233013244
303479161
536303232
82307897
883629561
731911874
257909085
346152286
403355791
220757356
566982425
833580609
496487371
565408021
84917944
380041311
697858535
25204529
321665668
534080993
960863454
328017967
563703508
335198283
80408839
108721286
125627457
354797621
905059007
278712394
682424669
425195175
747182406
592153284
674221168
679444366
19809532
938715294
939424803
769133816
869846636
491511442
527516038
112404960
744321402
69230855
467847767
655222410
894313823
143622387
306510842
126559809
223956128
200012366
442876954
2199348
280650711
513135153
293631353
687655883
640889899
829839260
838158428
437572580
603718739
811083034
299286944
506544685
21843707
981981011
232727854
594117785
856463583
953392788
65568862
761624524
230388818
42028134
55477545
982402128
742656831
50423034
767870568
115565569
147755280
691104922
589990545
220277868
969193563
459736588
181011236
519634578
980984286
130605052
933526360
90643991
560656664
641118235
116415440
235915455
362245797
888743036
780897024
144480395
576231408
289667669
197396193
7806243
725269143
183658697
835212606
126013822
207360539
197548159
769653962
374241687
856100912
257431507
762039831
6186840
174330450
368177761
631050143
903963698
980051123
528785628
889923398
37346035
823200552
229286275
302337600
627202704
162394667
650967839
626384318
435079963
308037587
405710348
56931453
532810424
507581553
657050265
15170820
365991032
563361726
50912635
936358071
668929402
308561574
325696017
134753645
777592188
601286763
682939813
959041018
229381487
363338490
245735672
866344353
519167130
681998435
50129680
388089253
434754493
101402069
312303487
918020761
584158330
590145372
696661337
563316181
382893798
774268291
996156167
900417727
904997226
126219105
507924721
397515112
151300961
349860649
484578459
62852214
177314216
881411612
492236320
335337631
65292662
511307531
688679337
747793829
19258527
897668575
762136692
594437206
915738936
806855201
196106754
793367822
657013626
738084699
44017423
714602663
427469991
563825709
520200250
305390425
702738261
754249538
262800720
525563753
923294248
206385634
873281670
702035288
930199772
390379432
296168397
554734137
173319712
853659062
37454409
728066042
375252520
707643220
345614407
64445410
711161323
293357134
502746552
59551128
520811635
876265912
768944448
540242586
998950898
873132111
148920787
999199073
425837749
145927055
191944394
583219816
171412618
745350244
494322570
627473059
891083950
982776001
71815986
852401373
807395365
812310914
990359190
274302902
270986028
263821239
424342722
741529549
994661461
526705776
618930683
467160762
436227077
91338327
335462308
883300623
379692608
420781278
535568760
604361718
652695149
43137044
311051836
384307240
888314520
996741756
820080554
264554873
164909766
844523112
233558270
405654994
952981809
22092933
454774918
290921638
92475359
8848289
161606013
628053835
44677047
542183872
34086103
41503798
211591030
955906536
392616963
786358227
414426084
699434266
618192079
738571748
345761288
229371061
150374450
311690799
838415304
548457656
499103480
822851643
711518201
686179754
121209300
572724983
765755882
328466049
70444267
47516702
49063916
450647689
186593687
45397947
665509215
449596438
475420991
238925642
241763739
693889314
168440954
671287679
93499433
486413868
809873591
882256387
136179453
143523613
461795393
209012935
79947849
153015283
609468787
163831097
515920127
316212266
347701965
298568286
500170847
354655259
589174793
214806805
24465681
479155395
441029767
300954713
268743966
807456843
614534631
133479244
565794125
889688861
632118880
817911962
689169370
982263611
166528334
534537035
972375747
511983015
225400375
787271551
828403697
241453453
688811043
782454518
734970683
894315639
353527502
880332848
944201293
438979796
324346382
612818840
301833779
511251139
409135507
981460758
925929099
698540085
956810547
59998822
922792022
542679907
834700626
450822171
475411663
758230526
563869283
971542519
451390282
39414501
790396636
390293164
939549463
876484846
692655495
280574965
229101413
517152588
891187287
219877032
221622042
98777823
962307446
70220380
525876220
79493355
828180827
319549109
900696844
14008465
875422504
96383837
990030657
998477887
531678130
646415434
571575550
478768219
125229075
719400058
198672534
750470306
834244328
365155725
500977573
682947925
288726533
576638901
626334208
607629581
379276665
512261606
888402949
423259413
457339617
241450869
784286057
852857705
555668035
955040407
1288037
99510881
741978769
77223829
207625361
435188517
25945350
844053387
469982693
144352204
561055597
88274833
626275583
59848221
358545996
32382989
736853123
326072550
19785229
39597050
343312655
822228386
306132777
140591525
223158471
338900228
894228990
146070895
218148989
494129573
716076767
590993522
17615716
809263120
125241671
408199910
17263950
781311378
559313747
605857621
348517785
777249453
500557541
240342985
898009986
755804539
324884317
770789374
921106055
493482170
595456603
253382180
386921159
827489875
610401863
290330423
112628250
336662072
586309881
792901584
762437699
962432262
749583658
912170156
253127503
376504155
828937641
506903306
197293212
697282768
763131951
764961385
351011517
756188084
945316534
948700035
792835824
285526169
409257042
179297617
378895005
107403315
759782852
718275182
679755249
7837686
132779026
893022541
896959771
420959331
574532236
942595588
84570899
621499419
172934183
718956788
337413279
886805375
776046310
