10000
556077979
684876535
922985694
366201005
48957703
844551129
720465723
236927250
818429286
883716891
189294662
856166850
541763307
555876697
768090252
380651531
259441595
773720233
660345467
823132789
666721258
358413888
397245770
277436836
795323845
36449650
293299439
43353279
671286299
294723368
87365031
167722871
405760480
615731394
589239809
177381398
38004870
180277830
844387050
659612951
113328820
597725929
642734616
929212616
747559281
380239804
512118270
198855698
408029530
730625215
245678326
843925161
210282565
91881117
483031866
407946802
281098519
721440005
364567584
571672327
2599016
280062236
56516475
212287844
467176036
645914182
814997270
426982710
125048210
516430787
583537304
336886200
833610052
124494657
886526460
761554510
964786188
511501856
573492562
52554105
103236897
825056548
824289342
293241972
95404897
211214226
117091018
774477631
2928023
704482409
828861159
969519759
397049968
688818139
722401850
508021223
370517080
855257230
985858597
474149255
152127501
790246008
713443715
496252661
585311618
839135565
307968464
932543331
624232905
810544473
348164540
490461761
230914520
371972957
487874131
371396829
668303343
853964913
907370039
481882610
372235141
886780646
111328026
573483840
634156387
784252940
967305526
289755320
883529624
894143012
493038385
902923469
755325332
652122934
259535330
788262961
147142258
223435656
789155911
820965141
23096517
747849650
949433312
593620565
773895115
716543314
420891425
684788456
947951857
333513368
374523313
205136477
829504991
184209607
137122269
715834087
165727381
914152214
897949001
469538051
313294712
135515205
632833832
139699121
517996304
481621646
71341815
979817092
416421682
640113726
143808862
410162303
223350494
431230877
510766711
734879945
653418160
998127697
280417674
708875754
982370077
633631418
377703937
360056911
268948276
119545817
632331102
99511379
21957535
712916001
500854316
699643616
367149733
11551618
795439157
135690605
343727789
956751584
75006973
255261904
855807783
131502319
206386422
170012151
835412113
973732301
238006493
413873129
699908188
300178659
401156358
424996815
935217597
545967581
669226363
447037047
603115237
37846803
112369295
23685994
553297550
81833163
65715570
142184691
95662645
136896713
949647984
418579821
850602072
722836000
627581689
850063401
699978201
230311904
618015427
878354891
900970147
471414493
435475365
377180035
267317182
197196211
788032596
419836945
561698070
239691352
826925683
745489447
559071006
987019895
884411973
51675417
708835637
345797386
26772938
817350755
287713563
273923324
15893474
469883134
907908137
710042909
268249482
990592944
63088904
940105530
406963412
336543484
100488265
562627858
911736509
616828453
214933321
962507377
439690631
517948234
976605206
64063696
260400781
584869368
794208300
394474954
386150049
628756242
181481122
662220545
683483960
31077340
110163239
714240953
327791506
7285662
278795915
861085355
71401802
853177115
24220148
955496852
357360447
23576060
980539822
907650633
811993038
681774608
149667078
297860023
790676015
343496945
222060182
569716350
773144033
102312876
746169979
861949618
256088375
926891702
387090809
326900169
203632945
7784258
825949854
992954596
578174322
586817159
821700220
416567134
248361702
384372948
182462479
210612644
128312075
361880484
931205970
396824968
7491160
650574954
322968647
454112679
465893604
478531352
839008873
773993417
841816450
836425668
385306930
914891624
876451117
164766663
6639702
154503676
150404029
432399316
849011249
156469472
492242617
529353350
145537309
605661831
333683603
922790022
658370520
316292821
277281106
908090590
589415778
504195674
345703694
695973947
421636855
779775769
578656354
517094834
150830594
958802252
694981345
804256213
68878681
602462303
494428482
868483755
975991213
94951044
602305129
512120605
463309811
743381091
605696326
465846918
9528887
258561199
240480686
465757814
774132816
652759853
658692182
418826472
609058011
82659623
326731134
730792009
516475618
658148050
173466522
132970947
528836403
713633121
496563067
850603656
456717774
112331961
804219869
523483499
715789052
549701452
332642183
34134388
971343020
552454894
540553694
248548095
896645592
646519541
730662521
627306404
785850388
886464333
416764178
294544637
887447701
23102922
392182416
944286416
677014654
914408487
359968931
765216677
138537127
864417935
441974859
985747786
137471637
85415076
594614876
515212978
557233100
803939261
785458957
806934991
387527849
70655045
720494918
330827609
859978528
633828271
965031480
459754299
150428845
501143594
431163276
495060268
126312625
795467275
673978149
721867401
484217585
284669545
501690857
710574538
373352306
948408485
698290340
745979414
831727801
618127134
990640208
535549321
276348037
15653786
184237289
825194871
244947506
94510878
423144903
565916964
745687585
483864315
168957274
35414590
747733276
614307252
700974972
358007522
316717499
422580623
764274000
401835334
144781631
569021086
847181297
990006789
909612388
379562991
121160249
53257532
154397488
611569068
739138291
429422349
272603522
910259323
581423121
71015839
145432966
534625956
600623163
97689587
680762680
143904538
166799657
307334348
639233943
42440394
624871526
247450436
636376676
197953179
996957131
969250340
748221214
560989316
659038860
765507860
651723712
625621662
392745100
113069970
689350924
990169720
295326284
576880917
288516755
738312080
976074052
470619790
258374143
87619214
766317636
167328174
121792570
630001899
8548606
239607350
93553914
799291592
490666706
462162263
56956606
607771837
144008055
450437112
388667028
838582248
965071107
955544106
29569557
574628926
226715615
763558961
620632874
56433673
588881825
818987321
905865930
868100709
735227209
755791793
383049903
698692793
93678023
467224605
79198775
126963857
593970100
922659776
947185322
227355417
652220394
273392429
348112101
855274155
32635100
881950174
454472928
973955687
271896507
246446545
77427867
428299307
751256142
520178346
840906613
240679318
381771295
794476970
384777852
903437589
218664165
284074636
381412350
364379163
173863266
795523424
204430700
68086766
44936977
664162661
499056736
357645651
820470817
491986171
32785747
774023062
582675989
829051083
270164882
952287880
107860957
799387851
963364947
382316227
376041654
123167055
770475951
971588946
480586825
411970149
442799048
237720120
953122665
993227608
800669572
506471423
404533479
892308234
509453183
633840377
609213110
65944464
611318596
900329645
402319700
851208932
652311147
721686096
79308003
933968917
273705817
793460885
580379609
921907315
787060277
397234094
314357051
136850419
937970601
439536179
592929385
305627722
46596821
370473505
113636304
756734641
657163259
560865015
964512338
944698085
116664121
137294970
989215171
205441320
989591057
533143220
15814998
603441697
600605115
508305575
232152665
736974857
449545228
694743167
5364278
55429556
822955108
966731616
278085731
528105748
537998545
104598564
305969524
410362528
801927312
758275620
765364705
327800143
562763394
141177226
584219946
619600053
159878950
219759382
70505407
772787118
917986655
370181767
311728473
631598716
607746465
423297596
329819174
796883043
760601541
376558770
806137117
705729196
534768933
794570821
311818917
827379185
542356402
669090762
747510153
208790099
679077291
363868631
519483873
257159324
391918379
308921173
689076254
368849304
334897307
695809464
57714021
211638502
82554216
536792281
322987843
644610141
319896511
572172194
849167084
585026960
618938208
372015764
16765188
864197200
378496589
517769898
228529631
474436478
562540734
338039595
435439107
349285159
452530651
151690462
529855059
180438395
967790626
475232564
878368919
386993242
89454267
723550609
126627429
283792678
260752996
755781369
958254383
77852406
408350855
958780699
541713798
31836278
203648978
806633145
501803124
988312371
93076235
717328347
675190936
998805302
438480695
222071419
19072298
700395253
419528202
859481891
942222738
606419229
270020007
446534491
274578470
337882061
900907551
867065655
767541423
375422146
489253126
75719070
375678349
888892939
318610335
335685851
60274742
50476375
371329917
240946252
87537050
311244929
449567678
292673172
632958838
703816652
989963447
489899209
167039114
336285449
215109390
640013179
243756112
695245927
144761814
108193090
866458147
26194881
12704008
513925952
584214415
374488535
571564981
10285633
677920642
540878211
248575267
90034387
613042634
383359077
950946073
198882581
592252288
846849163
997715803
44019589
597254949
970873928
7898495
541003771
509101772
75463146
12741732
673972326
27596448
157399187
581613956
259919938
350890767
893639281
109723849
858108652
722019146
340126819
387848455
144200711
628669589
324714660
660066615
912240270
57567215
902126533
547327735
838715083
858277394
316694091
333328335
934676639
181999701
274027463
88223184
388089228
114060225
392107806
251997006
47753478
325976988
808438878
786724171
837972887
491847908
512355341
192523421
570167121
112358290
220564814
958225640
803794198
321308044
332928141
540801423
366271216
24929303
129340828
347549124
412168717
952594818
641567925
914031012
605346926
526208640
272820381
668173416
526598792
417066244
569634495
974080614
522382447
834288459
833415289
948655847
401243230
720520373
264777836
969044779
791172890
363066286
520368791
234453703
521262621
932264674
808310264
133272539
807561152
303076675
667917405
322356506
350298288
255625355
168154302
526786923
540455506
293280689
215980464
502940584
3154364
466913393
236416159
895969915
484459095
90484961
310123611
401206
953097192
239499852
382193440
178701188
182955551
89166544
882813742
500722950
310037016
301694703
34043554
204586303
345564466
455225568
413676072
735406513
221809961
992598696
623802391
61688471
239929162
721967343
87769353
616693639
936482658
775212476
544897311
337053866
460320371
998459029
319867541
813251740
178042900
974031210
310370521
873592759
433394934
981365282
389705412
977389380
748224615
736602202
250677232
813227552
34922440
278936996
549734469
434655075
224668454
305449368
580219619
735873946
495234744
909456733
588916687
490098796
382908585
296482129
304165582
284806868
336057776
584664687
639097244
534052341
240840694
605205838
894968020
204548429
42868614
780309234
608085222
699238698
393278710
229434188
551873237
791523182
997908965
999312065
431941364
287462274
825967626
495566495
584170034
957651952
524548885
647922306
243504689
567957775
594947879
168557241
494552534
405440518
657293236
881117964
766522685
863536847
102605653
518963039
139181050
394183520
584395112
506908446
789562445
459383835
417023646
680522338
630612203
516737293
660245588
136293396
853118075
831276693
215414054
575566347
317696947
533350745
927203504
425598815
940956048
236940304
763210616
142294248
317140099
368680108
287891938
524600504
491316118
280995525
995950038
458163263
410677805
935920116
536157249
634092915
983649711
21718051
448651295
234887076
848500071
350795790
926981018
376245148
792761129
309968779
684187510
695649748
158043985
393570782
313978250
49511747
633688601
642249308
21610713
540727049
581028569
342676316
861069727
593990054
311977269
421248291
591734655
356239879
435291276
380954869
529879349
794575987
84008207
542310884
169622809
475551271
666453378
995776974
15948481
896517949
611370917
896580958
471947366
61516809
364785625
927414844
420194157
159904647
397644678
581636416
447927587
136210949
126810538
752178863
988727532
853584248
357657059
276743319
255369833
871997738
713895152
630825211
430088561
692550541
521712002
132771888
596589387
995442820
599402015
473307752
885264649
122498545
901486205
977698459
961018119
550262831
788212544
667471623
583731219
640950558
158669708
351574185
496767350
38917224
447748294
805587992
847100386
261936911
693817454
957010541
100273146
530902787
604156193
281006978
397118384
213060853
345586551
692000607
200934865
792162852
21814258
237860591
64217450
776475088
179238255
573176205
846950060
160111236
821952586
74043453
544619688
961063909
44517458
326667732
576357671
573301623
630920138
426552816
923626792
332000811
861812677
3566090
845309581
95057836
492017522
388669012
119839247
463879230
815964694
207739064
741502593
991525374
827337629
28808176
708231906
892764518
388731803
749684045
803376289
509712271
688043516
728316067
545728011
209216322
85000103
499811886
281905553
782825810
964488541
495393149
896282463
569365214
337720817
72795132
506830294
518811387
886580062
543644072
540600927
809690305
585946338
377087322
880459975
497006660
3018865
939940711
396221479
73232341
341098620
88337101
576278737
514678452
605082966
249360681
683579994
576757855
809162025
442151116
943128196
389074873
390403004
535670179
729686119
471971294
560593257
264170440
930812740
103124431
980614603
356578453
158374111
363594187
862760485
634818085
585843739
258686401
152144435
980348327
555799810
834722160
142114101
121916830
216624718
954640121
594033600
958746876
247176646
971108243
588936624
972276701
184813795
459714595
320801237
145376323
850063195
445095583
197702346
862145423
623089751
503396371
14669727
705122428
635250420
561528059
537605015
815251289
477134988
381263457
299094900
917512676
607126921
508058914
476457478
634329309
723327644
501753880
421669503
446030142
777984506
9876322
713380312
739924871
791431612
622965283
403485133
127679543
954162485
160050212
292059372
483178423
957994158
50307152
535527678
60403695
499118859
855606948
640325015
68014783
899647900
926163078
746995801
138808191
70097361
338771101
778036158
683045193
91167084
906218757
626776035
218923116
73181321
103581437
480197384
940123310
201002194
736591524
753670598
191829327
362159987
880848989
109875315
541548665
886094968
106230715
217216861
467859598
351021664
585302315
263158824
647635908
476544745
882649233
865042628
213372361
454425494
45261524
742917003
578620826
971176754
545443340
473135555
95398963
360269503
692196956
804567819
585254276
785976190
162423465
745441170
577994174
869671982
926803804
881643571
205730702
849005779
440687709
901613161
559135317
395587862
605362050
90850279
654320999
679253089
778813741
923363785
252830684
695210514
611294403
929406958
835671299
157885342
840758987
469190876
464840465
653580533
37416520
324406863
40779679
538459808
57256878
649435778
466010553
915020035
113972446
626570737
900209957
669782228
400067576
147233899
517511183
749002162
481282034
322422839
567160433
703268168
840641803
301080704
466448270
274969371
115413611
716205685
373417824
812863097
348823801
30525617
632944722
62633378
995064469
992580794
120655471
652640773
750861192
641688407
58897908
521814385
410895462
310667683
139411824
552150498
259113810
584468962
660390958
396652656
774808770
721028314
44614493
339855163
145841527
451685669
904013356
902786615
977238070
915953070
62665974
853693665
393184963
2982534
223527201
106948281
240720719
213382270
87300157
404807464
808412271
317429801
716201653
549158792
276772003
66007027
907532611
928172369
162969295
839945344
143862962
50480011
810445424
619520664
668291788
200677247
198724625
177010998
19313885
124728799
922482589
261876821
879277457
669642944
685116569
846008370
599986383
573777395
679460862
220981422
536141350
269787673
375631820
309234123
497204239
678602725
146728611
141654896
69429051
283301019
749698294
490319108
156271200
12525902
812576195
80285234
162678563
328422514
444773757
257504226
680966726
598419612
621792723
265995350
830553312
119863599
117008213
274782337
907082660
568926036
802863414
293802639
705237073
105286265
965946728
608962497
461205275
552315208
591474059
666126589
534129276
736976334
633001706
718498517
284180178
196837998
300902249
743998780
536675463
689374996
471815270
131675355
616829349
860256399
880467981
967900330
904079297
282469983
757308862
663820050
844880573
684081580
864955804
380273954
612753715
477152369
441067996
766498310
229016942
401346187
540092742
946950420
27188125
20978064
371238703
664186627
170400893
833305001
730556163
743811486
610493424
410221374
565503815
521371456
24532409
70134893
509366400
836043117
864166523
18834641
243150310
365987864
263934184
41488289
943942710
212181646
843779836
543996016
659814704
387472803
335526417
709956983
26923444
517820967
822944694
290119120
283964965
134536944
989571278
371416131
719754822
906029451
349554533
949499515
59611201
780714034
549048161
736873476
746204909
651920569
362958553
490175414
495633369
790954845
107611780
61212835
870251874
857553572
898794166
778880522
354335574
123523607
340919138
387986972
94622840
858922534
442534498
647576587
735172669
850145071
163961126
216579575
804954142
312568260
695518064
58983907
933495878
91658034
175142399
934899261
639196179
765048515
457444709
595318252
446362840
742168649
959027067
280734012
64595904
492939366
446091529
737688815
414406614
871987686
497487934
669082381
506931842
689546189
945874105
347931229
508487923
792573048
712509786
221749829
683230889
712537853
372662487
105241057
449527003
901200289
562081206
832458579
827031527
288931831
459697062
887411457
54538590
584012791
902464406
489125769
462116007
402320538
621749856
109954508
196541480
853506310
787715946
38456807
160584063
461971814
88602239
352032178
756645972
680992340
200781961
50470814
403857719
176922373
791614928
339402325
657827523
998995637
879715764
443751641
591049177
122112215
941990904
267909077
160399977
729078298
352934502
444378483
489594068
589056658
505244010
735781710
190171666
287041264
126719765
852464315
391636949
355832005
135371193
932258877
811785083
271748266
967360143
89476193
261272175
793169147
473019109
279085037
355606736
848933382
676130391
576009157
828944447
987504921
882560148
653385334
767577412
904606835
419232352
791300520
371838047
734379435
453765525
297414302
229800765
692948931
262394600
589089433
731429804
458610473
189200428
53049815
765819210
662251498
150867564
616393006
269239225
94978500
634114431
830599244
471902873
706348119
270537651
225948732
513367749
494183951
354319890
348637545
931090884
859900265
359426044
297379198
989213839
609907933
489363494
193488625
477223229
381414057
848721823
834452442
739104662
928187655
324726033
610707845
646108867
92345701
821273480
526847010
414475372
538784927
733643989
771841562
674635892
411834794
944722504
596847296
920548418
63595641
472807021
895332903
846475322
928792729
18056375
548461389
210283227
332584447
406814089
381789426
679782077
860851825
690756212
370343546
798992827
873239512
242775293
161639430
858785513
920398652
901551048
192053458
882880078
976922387
898240122
425738401
516909663
342046653
449502476
130089716
3470544
656901708
430405636
113892842
317793159
786451706
869189576
824001758
626942731
883134975
944302146
772236592
683461083
244054301
587689324
575441564
838699604
814341357
826667110
954329329
469979551
104355222
236485906
703217738
596038034
903079954
794224372
842696353
547836312
279979049
906513776
277140806
980664269
105059781
956857119
859074522
645960193
410269934
336175562
896781265
33900316
226294022
769720200
417632946
816255029
234357067
999848047
741214971
298224132
688426529
399389039
387057994
980069706
296840528
107850984
899348093
181969706
844278123
131994136
349115631
706211065
51983575
510912191
661732230
412205252
668127906
864986262
334963958
433506203
692368284
838048347
884774400
732756612
955553527
846705341
442846699
766074146
597880169
553271736
643415119
688982586
259584995
171238077
278253312
184408283
777547745
58655262
394080861
327284826
832624328
284894796
768935423
407090815
222548501
699052436
103749655
11559819
276441931
281913264
812549298
377147799
585860956
348338412
849295403
938220897
957714928
185175357
472602306
518288558
557417296
292350076
750958008
325692357
800964758
942974042
12063396
954077835
98850555
504341229
75384707
895034802
287470461
140753768
630830672
260377370
697805778
305567522
950647530
270284628
159019799
242980442
407112637
285831392
356960332
763077078
292583289
611485775
703017789
983019947
815697639
539367667
890835320
541912843
324429734
652756948
614974240
768593989
50592018
81797597
844716261
222538848
588284760
54844670
200812465
857904776
194671944
150821160
697618120
1709757
417810232
73434255
507079407
871424086
663022260
632309298
625600471
143962323
697301191
478610653
769435631
439255046
392729159
944996839
323934031
321805443
708149329
458954260
704097905
293641402
604675836
674239895
303239758
728213878
133469033
121009215
763133434
599866656
715882805
868265531
982357635
710467987
936902155
839390888
144777300
533188120
220642067
957582
994773370
58737340
387163112
475894449
658388116
478647692
988300846
505442644
936243672
485254699
74703712
913618121
958219668
393727558
569613454
45455490
720656473
336310178
323077323
716938049
974387598
483999346
701044621
634394807
209761801
369560448
883281778
866353601
345303566
81014796
873680166
131645685
356625779
403167206
494789629
600129362
612027842
916400054
510436969
606399436
885408301
206904971
667266322
663196991
540238912
29120861
57579096
329168805
294837963
188114456
607868974
124045884
103392308
594443131
17876450
971849161
343807192
695403923
448344328
621592385
513280193
191491007
480357530
110725305
11749256
221752409
53148224
295207010
819003624
459336076
934301361
492134516
630749214
174494810
346499913
35905800
49716298
696926953
750470161
834811171
886040899
451689407
191191245
941461474
948791777
215949889
500091503
25350359
985191859
435339676
505169007
952964042
146923608
661573174
286842544
873416352
890228345
523312549
199499570
27210591
532572006
72372105
781944336
954666135
564933417
955204794
822716909
418554038
404050038
579594178
630367400
928756484
315814742
85951951
386441459
172722206
890267910
185172712
53145830
835991614
567988992
264193438
964474392
213784887
769276891
495562990
308634222
128111000
470917992
770649039
556700851
842550600
940279751
261071505
591717658
138828756
130590694
591775077
363919510
662995831
919116824
513235211
858448650
683647038
936858950
388925775
660464707
88481885
264816595
813537874
401138268
485216772
265702104
933065870
51586625
523181610
92002686
924191279
76410050
794182444
923011222
440971716
610347045
923028182
923633964
584622882
658233061
105430858
355266741
829067802
200395849
428276774
599158506
996030959
876664350
402320681
316485994
474998473
382293147
321564636
130172543
867395336
260750336
854618545
507697071
747626446
692352858
315894849
401969600
247998676
471643902
385509123
90871845
235973470
352614649
40172255
47502375
884485283
919630217
819917656
932294142
812245080
77691523
33145897
738305625
203543125
326035175
869683154
690484796
646300075
725779574
708784601
91693795
616618025
413137124
922288620
677821632
686835656
479938458
259695413
554088829
789529447
783690400
395204152
552062343
595445598
706925644
905254041
589830178
607580450
434710047
227628726
942184702
146458047
289370476
772027697
772936814
427375119
544949731
664541740
945910805
777824927
449967655
159053877
621807689
882598101
625135853
635218964
511504135
377119364
206866927
776687513
599221184
169112069
766417488
266887696
494521332
235199400
932912180
991394556
909106080
382445155
28991344
157046962
828014548
374593323
944045963
22599575
383644054
209545248
788591305
451183999
237530470
717982029
325342596
903164373
25672461
684977472
270781108
407743891
523550168
398436670
222385268
596131350
128005339
881490984
887379431
235353924
224172001
287147341
504879144
703804070
645023614
468071867
445114367
24146677
410609405
95109865
893792086
375946478
512242383
168700483
919090359
209905657
417397525
838266598
160312062
330815905
346194817
579408020
455658925
892415771
561326427
893390691
533840071
34825895
65771525
834454030
307849195
421659145
222214767
970848615
598604982
532673917
788612084
543142393
597970174
35582285
259396188
971104870
607948997
788859542
206892167
632211992
96889290
372822115
565790734
707436509
545499912
21888882
646851891
882512898
468370805
688287259
982880004
88274375
347561620
559831034
320142012
196355616
24779020
252163485
899607165
6303643
257012815
812159752
146544969
703913356
126632027
877883349
595463089
606413109
747886146
678412535
124737090
308937837
144441577
836821042
605960709
285170288
73507079
107502282
898288378
37895047
3041191
826053748
896295257
67057060
67048582
370260965
356137961
823936352
283191935
874339773
787479434
323218633
247077416
889106286
812449629
703657199
165575286
774558538
854483037
858973567
84169964
207236653
701367961
198504546
563931784
502783526
681285391
220855840
536895572
666224783
133334789
793562013
200228037
521089935
469265488
275958234
87991367
12000383
330435371
432452018
230154665
770665202
850627576
135988845
478032657
914260614
216227022
833989703
437277176
222837624
722571378
835380357
761891004
864223119
70113540
402139036
146272501
171550162
571677989
434538895
982834640
906709024
939492332
957270225
514180884
552782001
37919857
286107628
45157522
533339203
54587716
105531931
957584546
315339966
921159276
872111026
732990181
262989391
514006215
593900441
541802971
726938252
44105149
456488803
793305071
927552433
313118426
827242838
2306824
297151544
837063919
935907265
617293695
203696850
21151913
60221910
276101130
36543358
202403875
540536132
385726536
291394548
31620922
575780951
435818293
658824512
110387933
82779992
597651012
758208499
171884913
227890238
390961022
741628185
521349263
783857540
12694931
710893753
165674872
706047252
328762529
797984910
91036075
690837064
336418511
117880273
685471874
262766095
801173437
695103850
516450944
422080649
65802717
370854343
593029698
567746414
955216965
694467696
674265510
747148896
607117105
934658842
772507890
405551405
165825407
635079297
137976931
589442057
154896793
301980140
739386235
383212105
247836469
688369278
850688622
774010923
444127687
708070152
612834359
850293532
265042281
8284917
185598309
870092303
322858190
692402857
231441770
194332713
30691748
547642325
143759501
373067782
203559536
223692324
346571513
84537714
222916295
679609232
142997409
16750605
204319587
469657766
314768081
899622742
319349148
332593431
784248240
158243940
787562826
643908786
710479599
193845870
464639338
139669819
916387057
366707321
471464718
842494600
124313438
713067402
639705990
563072163
792686317
510410498
482568954
996542478
118102178
594233370
908895330
150114774
953744953
862289926
573479544
882133196
429204396
28211640
28415306
368759875
991714421
562356566
698217732
890886357
301361571
18914117
456033203
876064161
205865517
517155412
616185576
997663014
708057444
234581766
860553688
965219724
160617695
1978212
901779291
123778131
565293924
494796161
620963813
856841231
280572934
858795408
204199951
627315768
774878815
227701760
100424141
912031132
643020780
124436197
701874909
264645202
175842274
64094103
306438199
463263874
366731464
571031576
146056734
49775472
226759481
137167176
603558521
172530937
268737321
190132684
66338756
244840938
336473476
44693481
306701563
819528962
999881901
284084907
482680388
943827574
338854880
714449039
487038387
428430730
118974856
117771139
944548432
166128615
973992394
177915337
667624416
898660394
187503327
442418743
146043418
514731099
456480199
536466290
551135465
421043455
481015004
402073353
929956577
983113514
863394359
665609713
26520295
343994333
193969259
496914988
671934976
148159569
538954578
84046652
987883855
85747135
337333218
327716660
434545010
745511966
31744061
681944592
9612257
883088323
312778952
765937674
910092224
613359499
619843347
93313923
952343013
59211686
746916047
696965642
323325532
612256962
90763980
396662072
378875460
954975592
669563586
480953302
685294088
102282517
603635413
709540844
701243819
76837267
978725309
449258694
947256350
652226779
281231617
680963239
436240052
816291975
817960711
165673104
62282511
718139513
127544282
532904225
5745903
435927022
806909612
124784393
837025957
555854679
734411466
755510055
136757106
610201049
730309703
25439872
451481777
730020829
816046249
113581994
27029837
743481277
829138599
661759473
823368624
3490939
82632970
575605400
905294497
716808125
25155367
23764429
307619869
435233405
325651218
392825497
643776247
155617306
409057049
22481642
356684234
744040682
47367492
452598670
253417272
288158964
568329155
137567547
276621576
930984278
966408558
998323794
998718904
837869349
453358876
959933270
747618599
63474739
707511416
454747692
794192511
776683587
623187052
954410566
73444988
616285179
882689739
944294346
319785543
65515500
307250103
947284208
650063252
756315242
196708566
961598198
310907180
181435596
891293244
595449615
501148749
482181531
970300700
491171658
383459363
95315175
420612709
758481461
142077636
44913403
561612298
703709116
232955427
149676817
125071735
354855664
549147423
127313878
255914909
527340811
34749741
99140598
636665914
259506569
331661226
366191072
406474058
753783286
132832911
137398667
14652572
681092371
784143032
430905109
520291286
845090695
148504520
890226452
887191788
735926768
951518443
360166384
606985856
138455639
228363492
314567746
932001075
429542760
447159873
488595520
68157536
476181457
237125385
37933313
382476817
15146586
320094970
422330118
909290519
841717153
881741332
207949741
393112833
84656609
733222230
632034569
244915889
492563593
793321663
169368719
139458184
429610681
3856741
831333014
234039672
25163047
469847921
617237956
406788202
523719292
150929864
615468226
885768898
329037937
464716072
801422942
190216232
413284490
272485752
806251832
944331827
604133872
716206402
11761487
588535461
132756046
531107817
375220179
662275096
918957147
238713901
377989508
461481996
363857686
876988350
6554314
18202443
564926096
699900116
238375760
598250212
580057831
336386546
298501220
723233108
90702313
332900433
83495664
779989625
829013500
437967296
426595777
673107152
119701852
102877583
101108864
456113553
93469368
61753027
820420261
920346709
480987559
638277036
262775069
382513694
24510172
516024767
936547757
39614310
196173214
355576383
665775380
569992656
959227394
244458333
692498815
84435209
554885348
81250681
17294122
62049095
425692309
765723125
355587373
892016156
288810103
262451309
185015828
688023167
847059008
549203745
85388915
31665521
826450755
32792953
435131163
160733541
307939505
346645654
338552557
750545308
688733636
206852583
571065515
778155458
960667278
159892566
646755840
178272747
418224074
843845769
671466227
342014016
970459699
982963464
337952442
545663393
862880546
848486778
894438726
469203097
124552742
171600893
615645658
904501583
482469591
870418357
534619565
96168605
225137120
658686917
880569343
991102085
397455502
80930983
164816215
115380771
859523482
675123698
343445713
497169870
770650623
529825816
275875232
478199561
327936287
709530828
931912839
333775865
563099360
7474888
572349128
823516905
166864861
589374980
397915956
159520852
760717933
539495960
729715213
652083676
358277349
217945840
178969566
145486924
929909754
476132897
15311954
74406895
314214632
256402243
431089644
817335617
304253196
308896896
467909048
947316338
143977717
302033237
299861401
887980147
270969092
959545854
108421308
500274353
349545777
74296604
472846351
183088234
668204824
77001574
534981440
125142493
431275996
218771416
661506127
420433311
357312764
855890166
924925726
260192772
189517772
286930683
358715946
414399320
446608980
916314427
356368531
750732378
12123293
154640200
35172947
635399873
272941790
408113650
117564832
889301563
647533436
825087663
348885557
69296642
604288597
695726232
543917492
329589035
532014255
985308568
546160741
730689206
730283345
150882482
522135551
518112736
393747557
586232061
943814324
630531211
412302838
419388561
411460130
711773523
441470915
998261467
222718398
765810177
433493575
441752369
235073991
829113275
31392323
711851734
342074956
424151118
472978744
862464267
857752292
222466347
501317037
352772407
522091119
880859812
881829856
191144562
950466013
345566605
501136315
415284797
256826429
6237243
232708419
588608832
983845834
65317297
463242840
528750803
182976834
889402242
172247725
658150227
216061919
865817637
829047848
766834260
406587559
534122045
403057563
582880772
456647309
721108905
134742295
509598631
773956985
920423483
68678006
987221147
569276940
540836553
130645230
642639883
161088736
168670398
513454617
873112469
578704475
726621203
181439351
256583672
604193123
365503230
931846548
852801259
371072602
321361712
590491081
150368631
394063049
641964689
422293443
942908014
46030190
304122727
773170747
741551592
68349682
740461726
805581124
38055605
445017125
912636155
874908667
932252433
431591708
89808393
322203308
404879948
585630071
436060795
141393485
128563884
967732768
270243075
647251954
499087587
883363288
984899515
992086982
199361733
372904891
698342376
136631202
102570158
231946271
689016276
592673963
568510502
740400402
362694762
851858234
467208648
960193680
217716018
559760138
91274856
216155998
236374859
751451400
653113689
410572663
280230426
66251823
526974266
600316618
921357133
847925017
227243601
515926567
127100389
916289772
845537575
793870163
194287768
249206586
706127541
774088572
752390267
962292079
981681162
476648781
493348397
256976288
388165284
98190503
504747763
687715621
867646670
257737682
617315076
876219065
19378991
722461399
37456102
174848537
520156006
75424091
185993728
135040130
462032467
459640110
412224385
616861206
13944876
664390973
552435572
667634355
228567512
495156538
172567323
108017550
828775510
972595426
450654189
48099494
232399241
469381958
970348632
193782079
940300391
183644947
992534499
358951182
729838850
816507367
616550678
107776405
82669476
184806835
684833806
19947123
584650756
274843276
504088226
412323285
473010945
57815872
328482327
989585888
695712265
922298631
991813519
755481357
457372595
647799439
459206470
41623355
961860517
347160663
272013052
900208347
801897894
402096544
616493789
718265874
869984649
912263257
442768192
132429852
784198040
732665482
172521307
874548064
905270010
417688090
602091935
434481245
954822703
551940813
627764027
181362291
355574429
61549847
11991082
285510032
682209265
203298992
391578817
148407913
822343874
324710937
111444784
206252431
917601881
647445358
51758084
959614533
836058033
456219109
226456478
220745251
437592201
285601331
442787863
104115476
506700786
15121493
835707720
760968437
503697858
986956581
482098684
970026205
307733620
524672449
373797062
416893761
279713361
891292817
802080973
818944542
192653166
615914036
660456590
82100546
419836806
977885553
279109625
45661888
594569664
434884254
790032435
472210891
398801871
863963548
919587938
336667228
623329408
240180016
493513302
453699842
537535596
954133718
498807694
440655587
831034494
443386458
261306660
45929682
562487499
228687516
50134104
197313724
49721820
785551436
490990420
625577698
236408959
363981327
986762444
405070264
425528609
418125009
311255295
797841005
108455987
200690229
198261553
138005991
589555732
752445172
688970293
748173727
518468128
823554733
776862084
951239224
450104954
818663073
852037803
195937558
490777937
74004890
236249857
668847084
791965147
265587542
415374844
517712401
590758729
437488953
509176968
668124090
490508569
687368383
319399163
676873514
589529474
18027512
292699157
870319214
906758170
208187909
386557189
992251049
22491956
933861305
894354879
898379980
713994292
832779463
987384015
178675502
391796977
665852460
51070450
809238698
662452204
814582110
618322843
771009069
588223025
548112470
678632930
488694491
530603320
360529627
1537944
310417384
495798391
862916908
55141137
478592331
646134819
228546005
868524267
640961840
865912262
590582004
763088004
75515221
931702144
566960647
329369275
611499661
81822628
674695696
637036474
388518176
819722650
437915017
651290202
644434327
124459051
620886622
462382527
749238131
236814892
829440613
677743936
903645436
361954046
507772652
27004568
12286186
660376835
445010226
437766751
37480124
893694031
492151760
63989987
141916990
610234777
103092246
407224636
619924270
110274816
818523820
529868853
260349873
917207718
455472295
458685771
804889107
922265517
691726366
482836311
290484449
113143706
424721341
461964505
756710191
755948982
537941948
479573438
316910516
840519557
617264625
133119109
895998408
491404166
41709978
252946807
339438170
727887676
595143077
152890772
506284584
797491358
358885404
377565222
135849738
194437856
542167116
106187750
563260751
870241641
404974049
288387712
491562287
720595261
134103658
386878843
25626132
58014436
222457239
480490058
329351422
854677543
498536919
222579066
722604247
853161681
128107923
850582279
791185064
137525672
433895962
560560662
791640722
531115386
936347902
833192050
851625230
635270989
719844001
947128851
709716117
867453691
540992870
808752117
960545584
745594295
729643726
451364126
895118987
96937943
19189953
951678194
178266418
64471032
891399671
66200927
461911259
543418292
371702666
384431042
345476696
884991027
739332907
599983295
38533978
384149224
124873538
435254983
83890498
532890795
187573382
609693440
121152816
795727838
585532776
584229955
290380656
14532100
59788013
18835779
18630744
626118034
627554739
440476544
827197384
980053030
608651034
785453896
929674565
907005660
612577632
854166880
233085678
480251423
910033030
775766406
832309300
270355183
762601356
977817076
916053777
62913204
486287742
409190226
994975405
799889500
376323565
564225835
898979281
719550311
365186918
925669083
866317553
5862455
825153789
860617535
394983983
82352200
801142524
287719677
408909255
869059581
177111120
541313006
459249751
508044394
662805979
543052607
770564913
471886027
34244873
211455807
515334888
949663726
724187512
677616652
635365625
709405137
246611834
497360436
463286803
912850104
429220861
715280307
169221776
330429423
512790751
434639160
69775634
594349630
991439962
963811697
898816533
288404785
116952350
335777635
936743461
319625263
953211193
142871864
255232210
908798299
379989451
547459909
31753255
899331869
235662735
818912109
58179039
651145405
535884188
775522209
172270741
835267720
640381272
792474891
87029239
26700851
614777480
166196544
194775600
461967588
909883273
236849049
539731605
378654780
862064950
593626944
164748880
52629379
853205742
374750065
608700642
289202342
8231859
647174028
40395975
362685469
128420185
500472323
559066261
604856795
152265052
526000158
631404272
669499516
612787975
434514268
107282395
969930734
483152982
338851581
953055793
338665168
769524989
497987906
866659627
499903565
941198286
48192784
291351054
506405907
563741164
963061781
892139863
900753792
496529481
532132858
114062056
935210761
879517372
616398846
18502232
554142743
921119853
477382762
647642660
295970385
168058554
174841910
332905240
172562986
271746902
461266857
734793451
728938504
911997485
586564527
32923388
826922841
121291753
463812210
148113386
788911425
671142540
986014329
793809300
58539741
766536836
931469681
604768876
31997062
615818960
346071410
439152093
143315477
192367387
495155819
249138570
712488834
629109958
928665207
9802427
413564709
821805122
495289142
364571818
716829079
51974899
222492601
862434703
850865791
448081295
29452921
801091085
48752675
795193169
29456879
728535518
341029144
220676385
541957870
175002127
376642757
916105760
59320014
67372741
64617767
305133084
83305961
763881388
185023537
579953188
208965700
48353954
132847391
218765700
721710416
530375684
515954174
991148080
364690444
709893149
189436696
208016000
805034684
190480702
772323237
518531436
254475167
548657529
76445508
154600771
782187039
723929763
660863664
747338133
16883379
505794883
438111625
95562559
269225772
736050809
982433528
262442444
333101951
728192409
529511843
220888849
872943145
63686330
954241202
789637732
554539508
250147125
269283626
276151791
394792369
844576957
97304873
956047691
413422610
275496269
805113510
564540989
810961303
725769113
287827524
674252677
320082546
623613560
334782398
247442893
360112912
136518337
382722684
622336072
454504551
612584230
444705889
347538367
739242214
868288643
137903717
383544294
311688194
781594809
400246864
218753375
96008833
504752349
698038565
118174144
858277314
219378428
870685717
495712349
233353958
122202478
172050698
254866555
263050767
71934672
819428353
188424950
70247022
896551137
722434466
120874538
552019977
649779663
800743472
751694453
758113442
153289113
40531338
263869915
395620662
982532838
530322458
410958190
65635688
851287099
540877110
235191500
319629447
44353474
646196987
176669740
165429892
752601088
647270832
297992274
450933977
415856626
366910839
979670977
136441630
678045868
377104700
25193124
948038280
268371164
474398795
166376931
626763442
368930000
100323427
880072582
89866008
346995890
360472316
14904015
340315955
166720734
371961804
153066936
296036821
379077960
195555975
107855619
327340120
299359957
209185208
397079277
399031295
567115706
937763361
43805422
829450265
308258717
32995434
383305184
113901636
143915046
221542205
210962398
31467229
246367828
745101354
66221289
52389889
183623478
946417077
970981938
526623619
420281982
429489044
217229332
710413315
910244583
935836118
932793475
881253489
466993133
599238966
634430903
219078565
142858482
634495738
841751046
936005926
747960682
552139858
82872611
717040585
441755879
728966360
745131107
277742631
898233392
539781948
302493526
641847791
527809081
289207001
713217114
769446903
907300841
29108974
288262131
413807609
95603309
337603721
784081229
103703241
796152118
994062583
849020666
544975090
932810167
773050760
340750063
855520501
896604302
49855694
326828346
82858266
149747750
220908551
663537219
979916863
970926576
638602110
805349320
678133227
968457458
526759231
558591411
537410221
9523333
126460692
561032453
989389524
647683305
772657167
858394922
467921243
311889897
633332518
578074406
460965191
249117741
962270340
696266211
450997831
251223239
920809215
105529617
682612233
854447090
637450937
586956959
66125124
509092790
619964613
50259375
55574211
431065471
729178461
599676395
199661980
744621404
875682807
34727690
528397825
606800580
106242989
638486164
507505319
611539702
170010636
283750650
231411923
529285824
47537465
861799378
837635446
852757681
847195662
264883240
808760121
243621549
418467762
931961454
670309586
715406953
910154678
538515511
693811051
945418986
668263478
601791301
629103609
855960775
134719922
885520064
584529039
312856343
180333891
216141036
747608920
357779719
830324971
493352985
919015134
310226370
441401143
959876361
802295095
253795438
170804333
2550288
924972370
670013809
290752916
433809576
705129248
339868097
967844496
997565175
795652025
658879556
918704981
382538504
696460688
242939732
436477913
49430105
823248378
578100621
593276499
592032630
336939764
996673095
801809018
946779523
910645992
347780762
787032548
122162613
878183911
126327098
881331566
199724870
497824158
858494581
730584682
584878840
871970952
621860465
474440807
892131237
907780677
598190410
809632945
889046133
992834307
80654848
801766501
295908819
764173805
909188177
955208496
5395733
212341595
781711710
402357140
307705340
907679032
444146098
483767067
303468018
607871521
538645990
810581424
461972156
572970476
538526087
404131182
741089686
795257993
474439485
19996523
810951953
401682163
269018284
840767676
443569686
389727996
642325115
18448110
227196788
327993223
19615084
328232592
45398929
417882812
498149286
213124479
659201856
619325458
768279480
586685976
477282890
932907460
606508979
574423093
563785899
960985150
297851848
244496959
116063655
263720332
163053792
988759055
770226997
973100988
978007424
289472913
421392517
407469875
826312758
679892706
891927323
254342421
236037541
703519156
580218213
742985381
389710066
40997421
377861616
176486464
607936051
877997162
188593205
91376688
815515116
444193374
634425391
713052016
785489675
34729799
828596546
563923415
211701372
652250013
674123755
448580264
17573663
428400363
872412944
806606993
361288086
381772383
957657251
69553637
268042764
240804232
893154117
536159921
723852308
722986876
21930059
293011182
714126916
386400293
154902609
744311336
163168261
754434864
296889611
556110549
655177251
173031704
152825623
576952551
852388408
418736436
796579791
548034569
80575076
388925915
319219405
982493378
883143358
981540645
358515282
166365529
285602644
509303420
491833605
940047481
843299137
618405136
131418348
451942783
504476910
769348515
274093963
130601039
944592532
713329514
946491695
537654299
107517592
210665190
583737113
130193737
480727768
478348443
335483593
965889983
124919983
700479041
445580594
246140719
319821656
71018949
282107850
567784577
115073875
574358983
650656526
437624289
262616146
288505320
170935924
148268502
177573671
792986628
170871878
756719851
626913450
826737120
248205724
994464496
605394180
253102278
400692869
748606617
549780799
136768070
826821319
571969134
915214026
362579679
500735916
304581196
336450525
37205479
986810422
502564588
581523001
380049117
313221227
499437809
294981385
357215638
313338036
602292787
870586581
499410168
844480679
290300460
771879008
789704536
593129225
557518055
935154876
131203358
157840166
255324394
104999421
592801678
7866993
524871700
13254624
706455686
228527163
377091109
995943204
302419822
260867616
22519037
166439711
658154671
399578172
306329486
525069332
567329757
467909568
922677155
723656700
404402443
873193487
657792101
825462916
392733385
373256360
719624870
323582183
417278620
39110628
375930616
924903134
653657378
812628481
656691222
519699314
416908354
572507616
951136393
474723505
556386425
238426147
89141373
863008985
94992436
847155293
961753610
492013236
569089172
574740098
504221246
533761964
41031631
280586749
850504701
491372745
256752918
639372214
446330547
357548044
248911509
226904128
480074501
600752497
108201820
261123975
705114637
734293456
780536866
110083093
133812083
321762239
830622091
547339268
124742432
452104752
788683730
427485439
21625910
753056400
885952290
749137897
691451924
708009347
269069955
664810382
892921266
453264556
982964700
668543225
269333627
437239605
399517503
863124122
930038293
141254017
607029925
747948472
618828983
385531206
923576307
585357739
129950900
836972014
855383784
644378859
757465187
12182210
478274898
856902526
947626088
359342343
781377028
135245065
820942996
622944116
854718374
17424649
932322449
73743453
607566399
699913235
183979103
575491605
186059182
528928368
973691033
341161403
944423491
344307166
891383868
794950404
383126969
114540657
85355956
225309342
67994654
903697779
343544491
13562916
984314869
735741776
114191724
48222355
504433583
249155444
506353314
815358877
336972697
872985731
403625969
319406744
499724782
941546951
635412850
120660876
742886922
751222696
248763442
320307781
845568328
543206556
610682372
265312052
394281626
347297157
163417865
353850108
115445536
911509319
750892500
694067474
344510761
342602850
851419414
73189557
211539811
897208249
243201085
600471771
663821316
422313878
494319235
593502527
66791893
480268093
730417146
165985988
446321154
385261018
641516822
36547968
218127406
744511679
878197502
259167422
765224474
551041460
711941573
660651670
777187800
458123826
493615146
910827475
61610430
391613072
323350232
199220505
602006384
708773235
561085963
631529173
491396986
368741303
309015200
862597158
75506783
259023355
126411374
927166924
877904784
354752486
245910147
118695655
398518910
53891219
100257690
829458174
281564987
84628657
212991135
606029817
405217497
914952528
57624545
633770991
696227438
96190012
400011783
648991123
1789307
880208079
286665045
832800301
61012246
181515295
9577138
844783564
630102228
612149270
501205229
167530700
60686642
448094644
429410143
383650850
359558671
537880227
972266830
941776915
118554626
947578454
415651376
129591267
452826311
404443510
142414389
925206495
587237470
556693708
289620338
528777153
111035923
819044577
346702130
653122911
791207209
458647972
840314751
266078528
738841032
719512393
582714473
525078466
19967935
849089492
275022567
511318447
632779762
863720353
592698201
424246291
567112567
328235750
131247410
297181390
767203845
985021219
738431663
877866522
793869448
30720737
861982360
666988402
655714905
907243247
810312551
934932528
683093926
713273642
897216337
895029237
635274508
801042235
121865433
584094094
388297127
354531335
431084312
860145860
682205385
774116583
315480342
764453649
790234610
687268781
326275518
143698503
82637921
199254269
299112800
182827665
443886650
252933671
21242508
207508311
668222234
252560288
413642964
987348370
594734388
979179025
546384264
321050314
692196748
934041760
896502557
692710283
865710914
47863795
899622595
679838670
604744499
920127189
903928579
195595748
46481297
163128275
611404167
734192620
418832542
823021856
529785082
441439147
556144149
716420941
578263770
281226978
748718996
640831957
594903121
591743258
945606370
2140620
527888026
429944621
273222758
705245233
898155944
796736017
809965807
35313749
407766653
593761482
70455049
429671174
115384505
589938869
536194391
226550666
443515368
307713866
518365512
159690722
101320161
324916304
992087465
708590647
312684618
248137825
991789832
638341732
206779179
96230144
823270740
288062191
197645421
966902833
299427338
254664464
149750439
957068041
150012471
402482848
141196582
439995925
365153142
735205869
376123836
905158178
573496289
864041391
384290698
50625942
348175483
46566145
685721777
690064312
182247317
841029401
911445493
746952108
788593447
744177371
914370682
818598380
298046975
925138703
878765310
26033789
543732888
716286248
695021101
805239768
379299380
343109393
352733946
846235973
408867514
217779808
856867938
775855166
597224974
803796859
571834212
764950462
186048268
811056040
969569499
272814454
26840947
683548107
994520877
4653272
775251578
380478549
430114033
498552770
211206299
849591844
171429271
706082326
681458889
421799890
403071065
296916788
847296790
846390599
325576752
637186639
720803290
836147520
990464231
323428959
277285628
871601254
868520467
487224049
54478149
952624502
936720562
142263079
906031585
429456019
660912484
134811939
584875550
305307756
159171593
670949658
487370341
513708995
402625038
336085120
287348392
530248270
71440639
663518040
310742157
362896438
10445323
191979299
544771149
335177645
738004145
694083581
777924861
443165345
62500176
33568516
182793185
451790668
706109599
556597761
344801854
665133452
823505705
768772310
239031412
366788259
604791234
216215582
179483164
471282973
376172868
94004722
280539557
113788603
451253647
424627829
478436317
928288491
417862338
245462097
817674995
769450223
883972760
756636272
863684455
389516853
885057257
680239718
622825469
917584933
297460447
231385522
400126418
306858
226661010
297875519
608634342
594485947
7472916
354336815
196525014
693863393
397308682
922866280
565443917
845048437
774809596
205428119
699828626
402897406
153805290
649279935
74717462
283664375
478604795
350739042
336326703
304465770
908397661
496368351
266931947
866883081
264357373
500864657
732010953
387464151
37788740
784291150
170368215
190960274
743325667
596793414
290132990
280519121
835938979
309975478
888630736
120723377
180523260
998923738
966023823
839677156
358445948
354923088
357863125
6986639
822814513
517073908
128237502
309245070
883213279
988421216
97523475
484746339
645607763
619660017
470926998
12395655
876767535
797114884
668377571
929445438
211499028
22976098
695322425
782162913
464845159
258354836
466921038
67420415
92338783
956247780
511935191
894443383
318921510
14761717
12452065
852487737
97845501
886319446
851480972
922324219
256735354
511549998
163739994
100772534
533431123
371171898
101022698
942048576
468092681
698687897
853384770
622705441
906467813
789854457
976595419
908343377
621467794
300154562
463586856
573482363
617292733
360046799
625723758
652981974
113587317
90435243
196794350
532570723
887872000
497677524
787494061
451007207
912568717
104293527
535605842
116594437
659025502
809877140
70794797
571999254
163601956
65386997
464911764
385973252
771777869
838710749
352771666
26792959
843668869
606559933
234395344
868516410
967720078
144330543
879432404
15458704
273920133
398381065
13576448
357788698
693192268
603853814
751915147
256627548
290326344
399341768
690628849
443986256
277963417
809854936
421152511
25256581
588120786
207826500
198990778
975479169
165775562
351878077
544291046
848471029
49349779
121716432
538450196
21536179
638644107
113524439
819450298
573735742
688783920
60562953
170638755
591240204
216132819
15192412
405006399
905182601
913638987
132622956
627616195
852318398
799513378
488714023
411393064
8390691
972029528
332730513
234957647
800797179
773762894
981710058
294343259
374339563
420865466
728928940
274887843
557388352
353406352
605391055
598955518
757832590
672705939
540806409
684760187
152923493
230426629
453319778
10132771
44573037
927720456
627720497
710549992
387600406
181883058
83441327
921838225
621256373
910832314
363809706
626401063
598815550
980745873
501826878
627986288
782805218
513527310
763956604
992173972
683746531
803267159
508613396
198971808
560253934
887237206
862594223
789106885
276865712
710756520
32035398
485330013
471989861
906242444
446371632
341644158
775286368
194295566
843784241
932698198
331489301
732086483
729111702
753740931
571736348
820991383
365615497
114133801
320421808
4586170
143286768
959683140
688800949
498481798
576393195
830070937
161892879
394230724
378359947
98895141
687614977
102239773
833571236
150617028
46515535
87237071
972745402
831369503
611243734
717095975
737103538
700759842
942931489
849645882
891799229
320668423
409412017
154984711
939677185
602686182
694806752
627447754
27989936
84438491
653597274
807101129
802558326
410890009
486857074
938228359
814605340
118513447
467793268
281919519
356756316
878181350
640317464
908612246
420941765
663652233
819549080
740588536
778944622
820315074
116003154
178477189
231454153
882810674
952285415
631170855
957547591
912910748
24470688
174345780
874489511
665854867
85505422
575879761
831797650
481790026
829237680
486512332
331218
838177035
471937947
537659577
720926420
2297332
838866396
291368824
383403601
974722339
31504677
961070571
146655551
28257894
718274880
996298141
460143895
672378772
694981874
698651691
290713685
365362139
336426763
525856558
593694320
472884592
267169651
622754910
556814709
352731555
905685720
533693436
366711472
571606345
313400998
559573965
554151226
752334572
875573161
513845557
30056596
454509808
349284922
346615079
216398003
690348844
843765390
998189968
698733175
859171784
868405549
65672320
452781538
543003766
589477819
36459227
459093696
882277514
436881186
280634213
701871605
373397495
545537783
627104026
725118675
80273271
723597023
990810265
148498688
328686769
629259215
464392017
269663832
308816063
310714399
976631644
327144405
323991170
393573223
138886198
769076765
124166390
518027919
633619905
619755432
179146517
149593579
655352630
993672808
532531708
925138358
803840332
575758589
381746854
584793510
874382252
824404803
518050543
222840784
644027724
76092036
444009070
532722978
517222565
857140933
420826842
105689601
358316888
846529418
652090152
61021037
414877275
217682814
300359244
427758879
782004540
52282462
879194822
399464021
405712697
563032400
188285155
771267737
132292795
21686165
930843889
365854028
760569179
955743208
911804190
859294395
402914953
498134279
943064981
31976594
533970242
108140423
433008856
380238858
758779205
128336960
910870197
450267485
184280007
377564421
725141715
384410286
703832440
46103902
361817226
738771080
893189622
474953616
981890186
89743044
244992984
247262830
217489152
306212675
916017278
348812131
725466478
595224159
490333361
552381871
980712166
712020280
686580862
990106927
957090402
427058718
396917908
492613846
99028636
397494374
337078876
605902721
656561855
440281324
762546763
685117311
30848535
129375351
201155706
779955481
888957401
313833672
543667620
380847414
413470469
142687012
514250541
715405003
583998
398169844
108634948
650066418
59282732
713904503
404092898
335125724
253764454
901517032
952886333
905245894
512092445
321879704
634477130
226772527
877837905
657849782
514195528
638971225
102724770
23362037
45330259
178114207
663797520
406476385
125380966
305849421
72413750
783731752
60333454
130737316
195760589
347062103
314284301
674566506
92781256
663236026
549736043
467504114
171603730
791509641
120975318
712412628
952958957
517461379
285432731
893266738
678519727
703472391
878651389
897260262
200623667
261500833
444808872
137575258
882659742
813413730
430129986
96360072
233332134
834048388
442049799
272971199
821142416
170569334
328701494
949870930
532884002
813400671
98998224
100784281
678926891
881772182
716645971
447202866
758830578
377002312
55868570
469285565
464674311
777168532
972433622
118172631
733745527
864513905
700062600
849299958
920601484
594083063
384095836
854431350
25075860
759802370
622659736
470254234
780483700
763379780
191137673
656607128
804932017
608036344
742322894
556968068
323377021
489953121
767211793
158506387
161437518
865833849
615204994
535238902
36286828
106190836
964844068
2566862
63262995
330104276
186129073
628537795
907949785
327334381
164915736
973050185
555243941
90896730
117672276
858651372
350597597
10774329
435754146
670403264
44751197
856074373
805618356
560612136
312569820
121803122
314253751
426238626
304818660
706363951
388847320
711499042
56566949
496870474
346560241
406138635
787953220
203274020
835836600
301285081
463840325
853980325
650772960
903447884
116717246
110452131
513951402
410453690
353624437
568669843
817060732
283688881
830148716
187065117
84535097
972484574
509311226
949959040
448573169
910857898
811776273
946853921
509754063
368310871
959145092
635106833
207552297
571849216
752187682
408150147
771486811
316034765
711208457
340329826
683172593
104266358
578515342
873249974
173670591
774146290
660825
813284720
950945089
415737809
990224815
744538300
771535494
223892795
947881532
757819202
915643940
619718724
925057169
196670553
281513401
432431415
785102383
155710516
864118041
264149939
972191408
993082229
229467677
567013178
841404065
614400621
477036974
276741447
316120574
871885326
516563129
152278302
544860417
803931336
351181261
341375588
680697829
675223499
635170848
578750243
280566679
796612403
784456867
498517223
557552450
957572968
306043912
198867517
762815759
140329896
215286355
509647870
225765558
317349983
894059133
84167540
348788970
938795961
91572842
309628334
543647157
453986869
287404692
855724491
423478834
342705317
752646885
11286686
703662639
321353426
72123859
74653774
696548541
826707576
335503904
158539192
947857707
115705534
733583713
26456224
22783657
332405364
98047970
196141013
454957957
886147036
765974051
654916794
370745857
93670265
578024753
474719986
798393989
927528249
400586911
349678046
623134803
672055922
541735211
650620130
76872494
139686754
585238901
808547977
253667741
734793735
769609060
932729526
801707283
699609785
331751832
897174578
389718380
29143806
703890450
540756374
853132527
413597768
237471327
137910523
319640507
638717192
142115022
639684246
357138211
321874416
345213282
806508554
383045592
81028252
811260862
949348995
107517315
850335142
342921084
868118955
74750610
160189873
556252369
787052274
437396386
61985140
928076355
853028836
341064205
360827867
16377692
213682025
676404851
186730970
954532832
118761657
129097737
189061295
853765595
82972840
603354093
603293231
664183230
474448729
49296304
188714682
624448829
432919532
635757534
823135789
485820819
60537804
350009894
740926132
356508255
576908610
471126201
338485100
892971683
848068123
334053634
77273603
949877992
845913495
744298462
976361401
15389584
915324107
71252361
408261049
323400103
283077133
404375959
574387541
227748879
481657488
915165171
488270537
428698024
338351996
454767328
330204940
261936154
690859939
156777904
687906355
292156842
91693582
510531488
497459953
110537733
508957088
314205921
496114600
405220197
615174761
802049995
831920306
281599136
231229026
884831702
510975631
187774631
892162248
225290724
625207865
769558869
804649852
437719176
630027295
144907803
426642443
103035720
593517982
90638663
149708789
393490502
275530346
593969496
699832865
487395230
294524620
793268858
580861799
479447106
773299409
974934084
600975822
37619487
786313178
206527614
288075257
113664266
692295042
705806396
733111761
396147658
470450212
760148866
269376047
994372901
506079505
636753887
596340311
206566191
482593027
190469842
308144443
80651390
449157517
451253010
320916917
790257145
966473856
365337204
553209862
868151005
235294450
612054589
366649704
992031643
285837395
979915252
776887135
645522639
348892926
419611468
595251224
832093280
288727009
19013353
920843576
101854835
884398297
298681831
831279957
361340929
918081318
369345358
198936962
673183248
497305621
509147281
54776122
945063815
512319249
700245881
323966049
489755071
741710496
912410901
116448506
15566262
10184704
521640732
551589491
632713680
366774221
799946400
715531389
616623949
426538651
493576742
414609579
31547668
639368867
317104955
979740269
509230597
775466578
648422554
419990786
860068694
787157134
286446137
771897577
358771513
521185312
368274675
783086542
165647711
381334043
71687351
429506834
598209749
205047527
516122820
196833364
727115999
97833136
455549841
22360535
375068205
639335027
580874434
732715171
961836923
730698618
326401320
337020080
519279698
365611115
102119508
378316375
7102386
251519067
893452926
10554247
200460455
510223838
658808249
964441415
419220880
983385845
889238000
589754669
621959070
693001481
27603011
287417767
789784249
136317702
943100794
798871454
163643790
604594274
737572491
541963941
318662087
576534178
393230666
695474544
853403052
544193174
892114876
526428795
148160897
802687856
854213740
933353042
32122006
741888214
189879323
265493435
23364142
993736960
194691700
177328808
750767256
735334786
879556472
506831667
713502914
501140208
296189747
468415342
534766290
589033533
467801680
703684909
175174999
252636555
629658145
115662888
871296518
872194595
468014916
372531318
383617306
366121153
917789433
416484911
30668962
168830566
647114479
448402107
713905069
548390790
473686561
920699323
186307138
105240170
892906765
543679149
423071080
940026716
477407160
853165202
159500208
407477224
73180755
242315165
819045601
453020546
418618656
44108505
70214669
38357433
567323703
66523894
471930652
40679834
757659542
887503378
978288991
408698120
237155553
622821693
40723756
65167334
333584384
508440523
197569714
848477650
991661906
418201730
759988809
798569510
854520714
115465566
729331790
658309312
561182863
421636846
138926586
868006418
542817192
937118425
896070190
236049659
154124972
911555569
158559483
283711526
645590932
916941987
687160235
361500218
564692399
981780912
160221548
149437092
520103535
279273705
753860583
788454633
215395437
657155111
242071250
322913008
97780980
585878855
682615000
712522534
660375466
27543648
148861764
266839121
153821844
990438161
169873480
367266758
582701022
984488849
417971351
351260230
852500896
861039762
705822596
474770460
725085908
423534075
400163109
750062477
138920660
282135595
668115667
907749767
730071318
632141564
63081322
522751514
461083947
287662554
695093457
460861601
351590713
164765328
477095821
290010462
778216787
649401310
407677619
508766992
580088684
906055037
718044766
879642741
896247601
518685560
469487291
803237845
504695720
409485784
168556038
393795183
334214591
819097755
441555908
835929422
621190582
212944394
693750469
469566646
264266578
483615079
573236502
782074670
832587085
837411333
51490625
809490805
528961184
777517307
377993339
926185580
546392744
716652233
346894523
694665225
786564073
947234037
592950218
977137053
878876771
766917977
430015322
302908686
800597000
215775170
887779955
406940763
619636479
512397575
754225447
792660360
436103144
397399875
152534950
654942662
628926236
952792872
96037296
973097003
672607747
854720200
21021090
363383314
837552634
375748691
415463648
939578815
29660442
890798497
105029707
251914226
426166424
338329061
540480752
54835
595676619
368961850
722449971
954711679
772932166
946752651
443679759
119180378
912257179
790182502
469952646
499136268
747898737
929448151
601040114
127849863
985138759
386676083
17040097
634465742
411914112
919913223
828886369
598122553
71435464
366101127
589056388
240752238
322269099
318151896
960903181
163058396
735718418
255339816
551338298
52188648
306757866
444530247
120847186
860509152
369549413
885403319
231210212
991308012
980420502
123844178
152661530
940464983
824601057
610133890
355593656
569513337
241221452
71969280
518574312
789429564
712157232
832352659
55231750
544297246
649853671
813724084
436919501
699880141
622623792
626194982
983570907
327140390
542925697
300457648
834708932
569511192
279852577
630152713
609021740
152545578
46501592
105040998
99806354
343622789
336861076
929943217
888598802
865305840
768136353
643648517
557600960
602197634
75434754
546410219
739799023
622910772
606189607
3155504
775351744
33245931
465737483
376642998
112755942
480362977
211320998
532053243
691957331
126349327
293861514
717487906
1862617
326475121
968496419
291095181
885039923
536808495
632082545
950141362
726920711
224700784
659275479
909460095
225730410
380872927
57665255
426729254
515070135
48588479
579834484
456774298
201154243
677044480
665177196
706783425
814150731
92946613
612544954
792837018
345779405
333345156
913501290
414800835
273524912
729866904
102644587
443627383
397965442
243538663
308252846
443797642
549620167
848407589
413899908
190373401
222654283
879115033
272119924
587827757
121153764
599601301
772388823
313428362
354662413
321061721
309114288
780163071
986604003
891461955
51309354
896974142
868697730
734681852
921120595
322888121
895983235
476293968
373264288
736047615
969915877
777653943
805674027
680991171
878284282
955287321
62936317
488272928
558691131
734467709
143999335
528972445
719908227
882842818
133435218
503616512
832772983
687734495
722705894
305987362
83568725
787847513
907266334
55517835
317814150
50420639
2669162
921270883
91024979
256660658
883273230
841641655
35750750
176903742
794602439
424780446
619537260
994816138
676919492
758816618
135905209
612773038
304121517
129799338
832409039
515029617
643129651
449339612
768818046
205766555
493079368
538718023
410600908
61169106
884046033
604405470
908444626
54566075
952676594
811656756
91149041
262895233
571872119
541084123
852837475
865756736
315079611
980023481
699493724
389058527
344746949
335053960
759406013
730708943
462804022
21144701
198843270
90328002
577520181
702501840
813460229
444789679
321114972
275381781
18912971
433065149
269349997
249862686
374798506
506897598
125633741
622590106
717240051
389779184
614457358
245124149
414671243
462654465
708083276
991841342
294824878
75941138
869161721
3806654
891146149
628206559
142382515
963897663
881044234
547349179
280785730
646992107
664870412
414143636
909944085
145411295
45750937
641999210
120594587
440645515
925213362
644601954
88545828
970170367
232928478
763676519
51644368
383567283
504185496
995969743
926417088
127370739
408149379
405511119
778995884
926029995
884067630
83994422
839595607
484296874
511040500
919465629
457671008
54269227
615210289
569190739
139281943
387145965
882075902
294074269
255946992
896806562
951221219
854189732
172482226
417513638
34874047
374561408
655320227
490174012
582540581
604831268
35898160
550497258
815857099
520461820
425902647
390018426
801618749
247691105
423832716
939146249
459020758
278588329
388378874
324030244
826439661
807446533
276909655
562760807
79979533
208935501
131428633
421560459
743102321
775227521
624821057
690344919
747330189
117113200
751735350
312701928
970696041
803811992
155379811
849462905
415613378
803254654
11702802
606864423
453932707
623862966
596032891
666225641
944871375
856002757
496477209
130206607
632616874
402328554
451751612
914760931
284293492
55417537
88209656
505970286
829056522
466942678
767695371
409570284
635684376
149311572
471208851
941441054
251333510
478248058
785763344
635617162
846565921
58008869
709458789
129529838
341233991
689620433
477677015
172939808
755531230
613236346
946507733
183248998
236393163
258363357
827083425
748111344
354777893
772028690
354974657
31516520
734749372
101111110
333593197
797172418
502797654
779723273
774173820
346690261
340427469
873749652
687125805
173352340
848271732
389727673
626789120
894607617
466401547
841493287
652689122
84672041
483279331
911559707
636413986
965187814
62053990
948187434
467523110
438436700
433167945
623272954
109613440
38023237
851348989
749808700
673411682
722950601
870183722
574353164
803892744
386919586
568030985
988374838
716520199
694180685
121631177
233101097
299861370
80729681
623492836
761092456
306900298
513320301
160861697
675317598
549286780
20159970
455381440
251793181
514962004
708455536
305606076
645610735
640777528
67029680
624539903
569267028
742888862
80156530
92390545
801307078
564937108
321658854
769015992
212748319
305247992
898143887
837056948
29099404
991266937
504481398
897193362
694563368
29730668
479228002
845041322
270313532
741648315
286005613
377651283
628304192
747589297
357972035
544868914
286082479
645971955
635870693
421690260
662300448
113993823
504253872
738712977
869765852
26334922
753129348
589715910
961361688
362434086
332717894
339970539
190822020
810541975
520432471
668589953
995694573
430767610
447682181
996353940
650971964
98959037
297329144
30103742
146458788
928205132
577208767
889201675
934983108
917115126
204355438
143344162
484271854
299047928
927929229
25147134
20864156
63364962
280962514
81146062
214713815
696903494
249434155
217407764
106483529
17812879
215535487
268083485
933805953
732983156
907218025
531700773
833666878
381872742
993219664
848181141
183120665
126607831
919483852
412140402
366795005
987349325
838856290
944507161
985667408
346689860
156642665
585765930
530717987
85569159
825806736
844217029
922852179
867331043
142669446
61610175
179305824
242136399
51820871
468641995
591402071
919910956
113568104
153220890
718461733
774142971
274210322
233185590
512557248
90469014
923813167
351221283
422187035
980810062
349197610
710297672
832182529
82790298
732641697
102026795
621321685
554686127
808108498
641718218
742104284
308321390
667554080
586568599
453293917
771352014
372645296
47050276
268612207
113225296
64164388
687411546
838047492
731664647
824590572
747277993
336937657
676004592
658719125
608343646
258443678
245259781
423361052
920143503
173554751
74755418
483114686
460963406
386684894
994330845
220868620
71129808
660185665
753421341
733033709
628770979
286543214
100056060
526035126
132052972
912727295
783277143
544641245
775953824
991494792
438100507
506435473
67775107
746458128
887388991
539098882
329575854
797795014
601031833
150919586
290724354
658537855
449902248
343419056
230018983
136915957
748951577
340761589
83599466
339718848
804102258
253912435
481976626
130908336
226202091
131232034
935379852
60790694
756058841
856516098
827448772
368545668
965148380
611967286
749682242
399258150
910806788
25814233
893922540
315808487
640100145
635626018
424776838
72257849
128136401
237313123
994739712
536885430
984925164
161805157
79586808
104796157
914662260
103538887
419787791
981120074
119735450
157399379
805624431
968122518
249741730
622646010
839761088
197093471
270172907
759085272
179307736
21003612
2966388
819640219
359615031
629284057
317733171
305285524
102700481
319138237
661969257
86097670
552223144
933092826
153495496
948147601
768432984
737506345
35479275
807211468
633048871
855209291
770466431
152865906
96757733
470531754
761826717
958669661
182700421
581948618
753781177
208974646
788521440
627689797
425606668
841095804
667269100
193946799
966142248
867175577
732652780
628213582
75866009
366633057
704403004
365168481
334462129
535615362
981139144
642657716
653638047
947619558
75619831
535021974
968868583
557988786
78113447
698230473
280280758
784814971
992587462
279715505
87640059
647567412
183991637
73836842
515828074
650094789
964972201
670388952
557930426
169022743
471177396
221356816
667936565
223810132
969589929
873717254
495629478
111862063
100967169
431947992
273883769
161992215
325902554
849469349
319900310
303677107
754143576
281675296
839704802
493726623
494234694
71886189
187447599
452572594
731703834
749841650
906918019
434560111
600382684
93335876
919509058
478407745
427816217
687085550
10543241
219672099
869161237
362030437
355681274
185190293
147182402
51258341
878651294
256678479
770832187
790687664
92345996
464449327
651095187
322731514
261330380
225286281
918677423
177561609
435965565
585938157
198027063
43528620
131836656
759463531
367916676
738817774
236016578
569476224
110920887
130646338
578673089
444258990
163330683
532966746
472070244
973670804
12683412
510100644
89267416
751963783
962135927
749191586
61105534
253713567
520216831
713253885
408840885
114086489
524755827
69713971
106275349
503872381
372303586
335491874
115976736
819494478
403184778
31244569
828295813
721256643
670585881
72774729
684271441
902789035
589806360
553223391
841733616
763558934
486856741
832155180
59744165
89096602
63272583
161855995
343322518
999776602
476416201
412904971
204133675
449471083
160864562
57307932
691090110
150360683
316923572
708640612
889306727
502227336
811539714
420829423
567842553
313553168
96559968
454964815
549947876
136663478
822665678
766312733
652031216
1489773
437904406
146627099
806187991
760922519
131040531
518525890
190648745
974255481
980951057
340268787
219084597
630920331
397974029
927558582
125676141
943203461
859283873
801374216
637710589
967667461
982358676
231403222
775297244
479546708
709321070
956601989
304607190
829446575
450152149
380623208
988179294
347780344
894418681
346218330
265892922
378173751
6047645
908670710
917831371
571276476
337201273
958334829
143380832
252381346
662067823
131261835
720967513
565571991
871405268
702624153
911132900
344887915
242339459
211906478
459599239
659270611
450700527
964331641
364014939
723710595
93186420
22228239
83459663
948895316
403509960
102530232
784281705
259847846
230385265
108752145
504042290
55626054
776068959
232687622
368401609
525524939
868657348
834469294
714017733
188286648
72475398
81937116
123569478
10994633
481057081
628756851
896743643
300768648
96747933
431075517
637575821
505206530
501106941
96193713
151930572
212981969
135034872
68632289
727454010
783601473
213099821
302923853
433861314
143296693
684556082
933459281
405179304
931725771
44070688
373379645
168827863
82416715
736372109
653030638
71484155
4099005
15611411
562234605
575642890
824338414
304824403
133119157
729536453
675479694
921094019
860934048
574770659
728751478
51909226
531650880
692268060
102103162
17214916
512060176
932903467
624058545
702401534
237586883
272455647
18408538
475503694
891179028
829151679
602411489
136062086
135919136
916363936
214420424
870505123
921954801
791541492
785710883
597342751
983793853
527947822
771110753
246584225
886914008
814582017
26585981
826650698
270548453
225117782
43996357
265931343
73446964
948019892
677654127
382136736
382828665
759760675
808358942
127126577
305525884
39136942
827561848
916747137
464646271
409920490
993872011
66367847
323431992
808764694
606701279
843465929
882887568
875330433
681664861
653582770
293084182
225655968
683597504
294805268
102418717
666050442
709782106
423727012
318727973
191567797
722661894
902347277
145239091
397841806
762202548
270968485
140894412
108746660
438986207
728068340
471702051
293755376
924950740
671590403
95920870
807200477
359508513
483637882
456873853
525444993
118100844
284859375
872775923
910748394
516207293
811883881
829538687
757736420
378074257
441051874
846686934
10740302
29849128
460519642
198061690
195213607
820308292
392819505
407465533
777746866
538604195
422690756
559347641
642914909
471975947
796527614
517930587
802428133
758587741
756298912
990689067
87010415
302530548
399648469
905288861
879847780
881366739
493890941
761400592
320889565
168630868
21854386
553521815
887834938
71743362
751768171
861864738
671613630
870047587
222197473
749683217
289294731
828387760
381018747
599544817
424806222
341153406
515905472
52938012
226579066
488616483
766087672
355451661
280483639
95410643
267914239
653774337
463501948
302073017
541777747
440648919
613781284
962595303
584344628
110776308
49519427
913736440
650514704
361338053
401840672
207627989
842295745
221487588
237139941
471237310
249040724
676446847
87634079
826078003
513682515
642527049
183954175
21660993
923568465
777931791
693312819
638649933
701006010
314525080
995203613
333825742
55981870
7933666
985136278
388165305
435965777
811296807
392285981
686538717
344706135
488798628
817097343
523093562
168520733
998141625
246808638
566290600
315788182
716188357
587373394
983779207
236786315
714801597
313501103
50659085
797041730
414429912
988934086
42056372
389636799
964318337
509219874
786754030
359873147
423900128
504424890
648695527
593882198
283208839
796811125
924635758
335417882
372949068
336532769
767769906
623517308
769664662
499950742
849246625
65827316
92917057
779841345
411931790
341281857
447428313
541516188
161142950
594441368
931546623
608749972
102339242
693964165
40667236
110004356
670699610
745601750
755963333
417827396
391515864
105913396
390468733
766836569
130418253
674962261
899596102
119366110
701296558
763253660
775564100
72575995
562290482
595454764
795087083
558016823
389876493
487264256
140991840
751494007
270888278
407690038
253887860
989789407
277152445
963679066
505444494
443481774
320747757
948589154
595698541
264150638
6387054
384015027
434552459
251967080
779968803
780495843
6140212
28171727
163066796
69783893
547045068
288776051
650520399
718354769
315078065
407184032
669981860
392393352
396872589
238437666
905953811
897399333
318285677
181011295
992613657
37901280
614022798
299447630
884251220
38787549
906936410
788818983
177063726
716109951
529034557
961514832
472912636
933161734
322271520
332269635
749233530
32001562
770886793
707048263
326559190
83342608
847529231
746262615
777786461
415775336
796464875
606442558
116383918
245159354
36429830
512201367
156610051
21952469
55024955
508098274
483289596
632850372
859130981
84403308
556211014
499528968
301445369
580093088
130596876
575694965
630275704
739882123
755273783
230868751
908910269
322694110
424589123
966336460
934739728
296998574
601013299
730644901
785617464
334472790
418179067
479069998
332369279
371417640
851983429
152384307
447164586
919606325
868259940
788642219
837519717
100268022
186777814
841792907
26573609
886029676
879469374
333907846
190672120
953050929
320705992
917781089
156515638
97170769
379821695
862219334
973321122
212220894
478482965
818843884
42906665
463846276
840515900
805065553
423212628
464229291
83510646
289984917
897278395
400958611
690018254
161641652
643724648
650731047
691507554
93690482
660632150
317504142
512912825
46551325
151671489
659824131
920776724
235276178
226990238
249788889
763911563
712555147
899835737
377352435
833458538
482289276
919544374
636019807
769587609
258114701
903488740
868561483
140381024
622792064
134017548
684890442
323834226
971452256
788050477
489592688
801409355
734078277
359038212
927117363
418852687
264064850
938479767
814894395
171889576
199914633
259445053
574757823
868096158
285894511
371653737
491350405
823268717
609178139
997098155
151137385
625967334
993760062
483433300
529929543
579629214
217209120
584114693
281465067
638501586
976515752
369709628
728993516
878614715
942537051
107378294
245252875
716972737
162852185
100080235
503543911
686554888
427679766
68266041
485669181
849269892
6350974
914680782
632099608
119032891
125480865
173073310
33700729
83703805
233834922
510720845
420986115
949158876
453436520
606783968
428002743
365028360
690158592
331373644
94776303
327574170
518135442
399282882
842794244
68787777
205079509
695191960
21218479
671938632
263161818
947986272
809234644
211285065
883787728
694938014
158347484
806863406
393630360
467591414
803789660
877462545
577600160
671832652
972768537
625938562
269303517
517237145
586594459
778885791
317455428
699567563
956076382
756145914
251739782
338129112
710634992
304773556
747133622
869089730
399491998
730370694
141094120
260068534
81429222
896750621
725566876
785034412
103222048
987437271
818863816
599924460
612713988
292217080
44628513
165064970
434149453
465410255
765469849
773731105
808016635
21695847
512585216
255076900
157939887
705263580
958100909
447393635
848126881
763729650
496031395
175335978
801497462
897207180
533346030
809102858
753698938
600999124
373453219
968230234
799918516
778306271
461903460
454751758
520777018
386596155
405477675
423716141
781527727
154062412
945304850
785057159
466403246
673211698
27743775
608508419
689894239
229479880
595504038
588753900
368149962
873238552
375376478
804273207
630991598
861423606
803818638
150406373
470828017
238568866
218333134
603072503
233753090
617687841
818601530
250363608
409270124
772273518
69702668
683528499
772380675
912678982
429677587
260346076
889197664
461694696
577881289
779667534
650613437
566873634
322506423
667181799
678656186
709923491
847865452
372528984
107795720
151446561
133617967
783377916
90924212
734413273
389582185
965198113
854954938
598033445
451893412
567169550
125643944
737883964
870606354
782485734
637868598
890484341
147491659
593556902
452388937
210337805
319179695
237320634
432193511
889704755
737297357
17911499
607447871
559482545
449875439
51896050
784474549
263341675
563897104
677103902
343734452
415423668
561539775
371622088
852231375
354207648
157400860
205767812
840282083
330621101
82706415
84798990
783112503
148905832
330830945
266718636
119991304
796213487
969272875
541123644
71336373
595876776
517955528
544656267
366956312
730147345
91442363
692828407
766344328
112731103
294312239
667241201
696007343
518564195
125309957
965494767
948017147
739696994
782289236
24314044
487779101
830516990
456088050
771333229
689585688
108550799
818645160
418013314
103406900
414110799
901937402
378932132
788108279
191270241
218954381
270046107
452957203
332200497
541472846
163543857
370550126
908205886
136320002
398085294
431945514
379129877
606035192
593773530
139656400
832413216
644198582
930788258
9236346
333028567
641502506
289762477
969872458
968521037
761920975
774006578
920313783
630368479
921577023
570087192
34385698
631913923
695616852
809681404
125385496
965646749
752895479
251033261
374075694
403528274
679155815
482656290
842234049
288823474
614481394
591684388
917189403
822461051
299033978
342113844
790405590
99685623
601176603
764585303
925889853
183179226
29324127
404179171
147262477
793857779
216076706
438512297
641187528
405135644
10408842
736321159
790116759
388616667
450150064
133603617
240141606
53035355
798686879
281992926
227416367
531882525
709671324
331012293
674687903
232229456
410554259
251000889
111727257
630690041
10748989
917518992
61390258
101328300
630361017
616940806
335359071
390385678
850487343
903157408
641740841
687645371
714606537
240335710
348724781
493354812
799642858
358756552
477313015
578472211
66715569
235653005
251194085
85293446
483628407
764001937
620908382
167485297
24362676
441315023
717865534
877929695
277851129
980277736
947712920
292901140
101695182
192448499
366716498
66140496
470500402
47948006
205075743
554685082
612855092
626969924
775269707
780634970
192343898
164392637
82531952
55566048
737188346
786826694
498624009
986827202
717198998
316784351
670675838
145832512
92547982
400539228
26280284
247019608
922962599
164783016
787333124
979186342
739841897
936399640
609367950
596214890
379242203
252786464
547809811
955039294
888299377
408905528
847859645
68443576
292954454
571094074
15109901
364761403
318912095
235279640
871738254
996357964
190483685
163667339
21848081
343024094
225636920
72085020
504122792
777038082
790696635
673092769
310703423
763489403
784081762
604258643
941892977
885966116
719063154
738584105
730019637
571733264
403698475
805075319
740107846
85319478
912346365
51094756
344385192
211651596
150249196
958156941
892259890
299797191
423771159
646857911
27216898
407473985
55286174
998360508
744250730
863180550
148011310
582329930
38154719
729884190
264058617
569326451
770008386
612357529
781515416
18512152
895930696
841680460
191141572
824786619
284489935
341993929
366342245
680703311
894704573
97918797
210067645
27857270
432871926
964358736
492150690
476390811
31680587
621935393
780637268
162042752
257189825
360585184
672130679
258824598
763333246
764598493
1385555
1138074
770493495
968574638
617362699
577887055
456042418
109048258
474410430
282258625
414186809
932658780
748933344
944828873
312497497
856040248
17444870
616003228
58124467
574349034
224230690
623922720
415091354
335780136
60746728
517971372
640008329
420963556
988351513
594535486
416876452
950150098
724137975
919974404
891576433
837324655
370605970
104482359
759035026
211899732
394741834
988346825
449087024
105262724
845477212
281187152
724600556
392347582
776361503
28416785
697543084
687365994
909811419
793860399
734365874
616977577
266566560
487140035
976906044
933703308
296909735
241550863
128150845
638444270
147320519
260329024
88430203
473394621
943683204
844329294
388967071
471443849
497483353
760063115
485584553
371141316
456044509
122803765
818326935
550773828
82641752
815533450
71635958
24789701
80140872
542782706
449096295
223709199
769070728
360782063
75390701
542971517
416946354
747867938
721038185
312579738
290801301
216893348
809645745
38381239
700630455
397020216
192573674
350892801
798783423
99038972
926330021
904138171
66985786
139719508
40081268
774984136
483515482
865824502
673706822
110956373
333822821
573295348
733897885
839577722
145886658
751160141
422540823
896973614
948159115
969513321
396207332
619496428
312017506
851329940
162571622
81173989
342948017
436734797
883193931
733881579
334451939
254538463
951277975
311056116
344042548
571008116
870293086
672960513
761652858
861103447
263541690
637093851
570541395
135083657
652491462
551603682
812416042
41581134
596210455
547434374
743291888
637311857
264941841
755584674
579409193
299653473
954103559
550547680
198022514
510620790
972154454
458490642
529628339
557100165
53710037
699987987
679579271
593427488
364148513
358529812
770634932
588629178
957215297
486889345
145791437
516734120
131673241
464445657
687723640
488222538
950523341
831500541
748907530
336497601
859750231
732138649
789079779
449295698
881330172
317311720
154191679
130180908
122689647
481503005
232484182
71060331
504975062
907102728
803521096
484571173
438104916
579028143
729694528
104922824
450873589
625349245
532675363
546854647
644349633
391343864
615653288
125705269
643893593
684920945
214544946
742429545
278185212
349711786
272328598
133172914
382365440
306621071
220328687
630706072
925758068
96584998
693354740
713508972
290746346
24848126
884662932
135405858
530055666
802766942
909393095
607928387
438763877
29268032
804876341
231179167
606107454
656968669
938019706
53135449
127125396
242410853
777007518
779490347
931151669
967955521
397226589
477186144
379812124
108975519
751492356
696083929
1981448
833971266
905934472
720965264
421384687
465436612
531811412
992975485
372016791
113188654
670668163
68999067
845729613
826227102
537857527
932537317
399669543
910580691
125244943
838975432
816084023
958115250
581138935
276699262
310342537
761396814
999323074
616299464
974858463
22180252
729340332
901652297
465408872
714863595
674323037
176408650
618847117
71835576
444948535
211171602
421430408
780317547
55312371
209220128
477325193
557963153
491849968
988229259
3608494
929600149
31748205
496870283
95042305
465375268
674434592
840255106
80791950
524960522
82237316
236723040
828666270
252232176
460839892
278078556
484725392
550690742
909618313
383863383
101888759
925189245
537828501
350391440
332171668
414049558
229605268
688199838
726085111
381805623
477590821
190276175
329609085
574509587
77857738
911304267
386063572
352742433
480914530
640432714
670489430
241129919
506011052
30226491
740440463
617343200
919450747
203520379
127403058
961797579
437374065
786318711
744289900
435393968
53880261
658116532
844890512
218084260
322589483
537007111
122547875
774039079
490144754
702429685
962681977
461288874
465946328
213281442
534249321
132193439
189088196
69676119
135914935
138959139
134907825
988650373
296950042
88375526
772533287
837466610
870310795
771068039
547249423
224912169
832667997
533594387
156438072
559428211
768657237
895527951
89078317
853077151
151298764
940070599
57794533
872861491
510513661
916506028
398948457
351444174
289155370
977635530
646117314
385398133
534367873
401027302
984632308
463531561
704387520
127488046
560733193
502902894
813600748
41640092
622218903
555774017
789601095
620282197
744009402
661059946
226392434
57714963
281913403
934037869
488009322
801284899
241510426
783736473
920904403
944213234
644470189
375863169
453485408
420841562
835147717
698880759
103421799
613894614
107484580
69300754
562504071
489080151
660946371
917150693
314725920
307805472
395355934
234914634
489975691
505121671
443315735
55758178
910241961
67525054
586735183
710626268
989144553
334738850
73401337
295542857
300546152
842408115
718180617
17443177
455713400
408181950
746000254
515982173
54235064
729939971
481444777
627768240
387536994
449315109
90224246
892663195
115515734
340143006
986185674
960311124
211101269
800865750
36067610
936356122
67119887
397764221
735665489
288773550
164548090
197617407
732335794
171905373
644893211
264074837
789840390
133898198
753333758
319935778
643633527
389302172
911808879
757832995
205985788
265416036
13573439
703559806
66334650
997552405
666787166
134575655
373997912
760717693
556631955
377653440
427342210
556428187
888975795
835261997
468670103
538652124
449290027
16582387
972675481
489661618
282539442
96089648
350302024
904911774
496623494
354338225
950552443
549661082
840521249
25901469
39231777
933147100
435929982
87729342
970517620
503823979
359921777
486173295
283090484
616054677
310178863
207911769
388606260
363328364
428481102
347472774
792160733
17593958
673680363
437072141
184680453
466511957
432945288
301015712
751065303
891383316
864245396
352933459
821396083
880710063
413282270
620220415
401201331
274265413
763710058
54845689
733765921
227332553
565916695
404783268
461468946
145815974
397373944
317355602
422262235
679485546
842940980
173325264
535369791
63482247
452211501
739935471
379010482
649595337
506825296
958583811
977410914
286219009
708365293
918799240
46410739
265907995
187532411
674803403
430440810
647635375
79564023
380035066
79914736
731202450
17612524
732477365
879700229
478643244
563912461
919203122
568236792
95429978
933181089
380903555
679888430
90559716
642235360
243265467
101047028
112842739
288221769
395046587
808221744
425252678
838824037
131817163
593878293
551436940
794335574
104859478
973443207
633262187
208902974
647283049
315808495
277917993
583832748
703755853
576453979
159114409
222414089
317709872
67362687
335911615
150491793
945877457
667117834
857798421
228137402
740355979
76426224
930929678
602079666
104370476
526999490
244279418
875439233
355502207
419403459
353371431
511226720
431054474
37906363
994224288
297566482
418495259
869885370
73049019
667746760
37614754
445736027
832011500
34048688
58174417
460102785
105066066
405409935
633370657
311972053
581125616
149690067
474049434
460988558
788586794
504511839
909792718
793297264
202065835
24221232
978705182
858641584
412774773
134834677
59164822
495366580
428562843
812677739
156188437
53512015
701421272
187538287
243291992
213443974
738908270
320426838
150989110
634102143
352094939
306390006
650858721
345771818
496022045
499955578
368436063
292212651
150772109
219068556
412357961
332698166
705364266
825086312
899182112
361923967
944210216
277616550
254161325
761243660
798873221
766208083
517448640
320434744
280377859
215134757
603519846
589687410
377899094
11465421
303869681
701839151
706670370
106446911
723000350
379806507
427541452
60593240
889127279
997251534
365526712
202170259
26009195
244445750
42010477
913167289
373851589
441966001
724436365
386348970
510154365
765807479
156094516
232396906
943428767
387596512
722532034
917913530
728471262
400881140
228896866
695711239
261420326
904210081
859375909
257866668
718430737
357772814
844617231
876151048
765245542
69473637
865883235
156511872
686225688
229865098
646204039
118742097
349438282
899228202
639079248
893852328
522112405
512796647
388745193
852820614
916114180
24932157
707855166
900995922
233168785
570981723
222375575
132663892
581257253
673959281
150701310
746384364
939960045
359221754
141345705
517288912
447312074
854759609
365682465
450857801
932649903
809688509
608296304
937863739
328896500
430229307
963858995
211526565
745640584
915765184
551862089
597440284
773945405
115328793
830725810
468413319
997213602
81833194
802114040
42308778
113558655
780719041
657304874
475323635
798872916
926949542
186014167
828329931
957897200
680945882
371939959
259373410
982915412
887300148
410905755
680815533
619646533
364246027
396840113
898048107
648827031
457611978
789326208
81610991
634167700
262365910
496032632
323078702
556257859
741733724
188120990
22079695
644234258
233530251
753695850
892732899
595471128
373560304
851045767
230401912
491009850
692850749
894677498
94069199
731928014
373667373
646383050
528859313
643411897
13018920
465797247
352921451
419134336
189433202
28876767
466770687
174816056
925286535
148621409
878127501
704599269
328727320
214423429
205728559
33333632
714092576
374545685
800706014
291900059
734675891
212537997
183665330
92304218
642243957
521597626
337472911
330087424
191508977
944880611
527231198
775820296
751678328
215749299
360211231
218470746
70173763
211404468
903979811
963279574
610645499
804929931
116262414
782725730
331518130
519443823
196839939
886683277
355551621
303789654
366579264
988684840
68614651
104006300
169407927
299556302
306613161
475672903
20956500
552973022
563816005
262912037
662392326
149937464
202673636
592164150
91980040
264478432
889570092
347134100
212443082
399662042
143904356
833172490
466205078
807828863
875766196
865887058
249390048
377111738
148731991
574241462
2678007
912912523
271784057
236041906
712327282
851476838
957470933
622013516
769581275
726727211
484031707
6796928
41460208
282415541
774400723
713880393
948082268
736021043
870199471
7645702
830668928
830846180
344879532
693877762
295992445
924134588
164171381
12461186
306276375
904569433
832348301
683751382
134127625
81648309
758827144
848104537
196036875
810446694
261333094
839848265
725591211
429711305
86221868
604133176
336971365
723908478
327006149
330751929
792706581
137859421
271679398
315325546
783444030
517701743
921923257
892334219
943358884
179153339
575287338
961971115
190660946
764418127
396352988
972929877
885615430
839429129
795869096
106525592
249020799
383526265
220895836
104878227
437461091
601114551
232907215
862490854
410678079
428703077
295756579
659037747
604953359
304794959
762645846
718915554
59459249
669792863
335267921
671187906
256490005
688921920
371069617
971004490
631319271
64257071
266549373
179223237
577582250
758522120
123128443
186723526
783319102
556956204
832530885
691746258
662560140
782365450
553357639
440992926
333206468
74342946
780037838
121860219
935976389
864119636
291339960
463231059
989497172
107939988
502563571
734032145
144688360
407034544
929536571
210154302
34880762
276101917
550445785
82808198
630919695
312855371
208890811
405284461
196133061
883892349
797505273
131416606
606742384
238624842
39389211
843048298
987970801
570900894
25138864
571358859
396034575
312563679
446952792
857115125
472292450
366908150
90139525
468127189
891696844
455932859
603511042
515159849
520116800
119997486
106200839
638680216
585178097
330538264
128013950
663087231
965369035
918671677
555173272
264059123
546430757
402456553
630392184
614834397
480695358
919800363
357304758
735591589
669874982
773898324
712707711
697873761
125636930
447350622
733673574
344318358
561786527
480720089
501284684
883897492
486548604
406484971
465145669
571430078
872622864
304989072
298013258
734323088
441383315
954413936
822447930
504028177
898491083
709806941
900852927
158652617
486440663
12368492
892986546
768716744
831540356
420442311
509851906
459951499
519185270
89367441
693918777
706449192
199133042
686624964
508262462
19963279
652352037
640418129
707420043
191383567
962319536
527245105
857836606
966974462
44051501
129356324
160278050
639727795
811360083
252285108
2790643
661428209
218345525
610771309
344177647
61877923
720804136
187192468
550268293
95421301
877608584
612311371
140053780
152643783
920336174
267343536
667093200
81928236
478891595
695924234
340524234
713877519
945250319
265585687
7566012
776801909
491125209
500073827
841540308
534051468
509050465
80843792
968736305
665047950
845522542
806293248
666882669
984313493
703618012
338331187
835404164
437017210
77239790
47736217
31254850
511930859
390911612
886360842
46959325
496444308
258229483
402105277
937695666
523213505
478304466
968401855
659751242
93766884
305223596
646263123
461121209
310999683
181860243
776852371
825150011
675073242
637285037
831139149
764630517
953906589
800883505
333907319
746316072
880458338
860401580
992907801
419203159
507997740
316238664
759656083
795515853
247267073
216561652
537941510
252063795
994183822
551901603
727100519
800647269
926139914
462493669
548466249
450594170
217731512
91623774
220958553
112420251
187175727
583716365
690953489
128971669
999224665
547334982
219301935
976171624
61543530
709280260
121664447
927497486
244586868
633993702
318678956
36320567
724149667
220494515
869694070
874102434
336878597
147315103
416545977
927120577
87096066
201239134
734191740
274183181
27726154
401922407
873404143
824429129
654543592
146863310
664433444
679190579
589894348
884036152
341291818
673241610
242633951
777637209
921499515
232125212
773298309
848284137
376105850
810798150
583744679
264613930
261708961
11259228
211118569
684886093
357033490
103940200
711170682
278800140
360553123
564606918
372320942
934903609
494244640
654026423
459654122
335724080
862644838
76635390
958464933
240910705
78896637
505571191
686731601
517237317
332773675
399354747
817378514
173264930
313110858
438563017
776712309
775787744
24090073
580296509
421027005
998529886
601888577
869430372
382901149
368736131
932156753
5052549
539597156
615970924
709450688
885544967
67721335
66931833
728026255
950635662
949137164
411539685
787100561
347405247
774396709
529171267
14234092
919003971
567654731
384868377
526381522
621698077
715255720
67594233
634357795
11137966
341352450
91170981
851414339
193993538
756004918
642492499
427410586
642889037
784179571
576953925
395764656
543533573
101854173
535470093
445924701
152938236
494899619
870782808
832318227
966180650
28847668
248909294
81735927
59089607
69181178
538566314
411243152
602723304
968433753
593304252
950346314
296709199
617202480
222989848
545001438
757255104
885092294
959734026
470620187
188183087
819567012
898566427
558821235
240995029
959833094
485091766
946673973
767690500
382069586
782295455
785985369
192483990
521541789
106716469
786873159
879544564
850658723
642094299
192282379
346018594
933330268
865253782
296802928
341201826
151669449
190590632
118414119
856647384
394481401
728296819
835149488
730250597
917242196
349704402
443340501
304864777
882008910
285177976
