10000
220932104
719213590
13633815
750584463
257676448
416309955
445484204
195854516
185884806
189668259
435520151
52891883
446279914
14836567
223167166
376337838
288398858
931160513
949464054
733459962
849208790
977553021
455480978
610872660
555440330
140855220
73889614
734740861
874022839
417606437
145200684
402886331
272412720
879782563
466031499
86954411
706487118
268602569
359898194
351710500
320849690
526861868
448696975
620349392
78006910
686641655
547736239
968745061
691574526
179765744
88444032
873252084
756825519
642879191
600576922
416098020
710661582
809178170
725668497
147231891
282571987
390896527
75595043
442294290
849529945
206999215
79242543
879953110
535878303
978228535
458882585
788531778
829965795
227717517
958594436
534012531
105201982
553522645
27695554
682150547
527872458
585627924
366339712
575066361
861427478
719545351
392819435
860699251
389152964
278301588
768046656
220383462
434776756
879025646
487023534
970491167
794880221
826006085
506227988
716424035
605236413
44387599
100154215
407471438
670494938
458876373
567631571
487584336
435491988
743138460
182219617
851020391
691365685
732385142
801717784
488870036
227534581
744445847
427608037
540948984
954648763
346857053
392787897
784444071
886234375
359435678
731670609
710820513
54235657
820434551
968326960
989135648
584479057
795399109
339762509
692171251
601422430
752604566
654558576
506190263
435134546
858047528
564751942
331392009
171914547
799244672
126808586
510908035
363127311
294648749
139286838
500061448
196717481
68662221
968702574
99251014
771927114
433992217
886362727
395519469
96928140
260416239
434452153
793246929
827330195
471372338
171598328
378381424
163722128
143756003
90304964
905666198
397560504
693101160
63426596
834585935
910021334
380663146
251385570
241192254
115365370
914024415
917602379
47926220
404423211
942404933
60770417
327055387
499821827
949795436
746102786
258815894
63925202
261423879
92679470
349850534
799736438
392869710
413113635
315542484
323319456
430847508
572946928
201728791
339268672
450507852
124911205
319382829
967613649
107271718
883493500
347101146
605713095
235421843
259464640
577338959
207224106
854673240
355101254
472254166
67466887
858168297
433573375
714010951
535962177
944982131
946651745
966379748
689248985
592688669
314919652
200655618
763128538
837191576
640283683
171831875
302918063
453175759
642133408
668000015
661571966
284521392
321521366
649693891
318452071
72424220
227935402
7043653
847317767
542619861
674620152
855230639
18467083
248897985
442116973
755367698
483051753
878414859
225551537
654182292
591983185
152112276
579928699
88350608
670679134
580701919
938523464
390698264
547843720
423840133
266574708
814202852
728260500
882803455
694807439
591896577
486665109
203901830
717995616
948528771
135990609
831400339
351088256
504442234
591487999
680928353
604314869
606894201
539461588
648674700
163046221
616586593
37585855
983133116
935967576
785098198
508073296
928612171
174886103
753240020
392265473
356706931
230940449
636512851
320113563
824301689
925442934
313262294
581509171
129825279
469299998
70628533
506659223
181989949
142487154
35959129
933114601
905490134
30058644
909110604
662306899
791684887
668201943
458087688
203190922
692539998
782706038
734058862
484008915
587832696
459451490
786559076
153459760
309066544
293985497
881860442
750378135
757405718
961637319
670192172
158401141
763944191
949385999
71061496
372770490
932626876
693213621
106296141
188333943
860916986
425739109
982536593
781551105
886130176
461178800
96711397
484011032
547441666
45228966
908781581
51720041
982118828
636555638
63233652
879746845
301030418
6485629
199070648
179245454
50368258
662960640
114652510
927196882
86995079
81653058
771460692
739166265
332368647
750315293
776455258
694350129
555947910
210689517
888168245
535648098
231484100
664784539
326621051
179474940
842800157
63435617
645804465
705179828
943057895
61857909
95255914
798840884
603137215
162032392
570738485
391685781
602637636
983757624
503272734
854534548
987728736
159736895
110787659
800808016
465939373
936979530
824121571
69148900
983620879
459243600
922380134
692521628
836247827
660475202
709455546
44004995
520396905
453037960
623924257
245224135
787139558
850449726
7563079
621339895
28785327
101593818
292664794
548918679
491508646
965954513
847557231
225391986
432869134
529646813
234226205
308090146
272211111
731390444
954640388
130827464
393181425
238813901
53490783
884726026
375487566
794264553
182493927
251303533
301002479
483418810
359903807
916836499
827373545
828507169
164229626
84083148
362895189
320895535
86443542
955283265
273690794
560477908
66344092
591240563
985904958
75940635
980757625
858266542
573725325
230058724
697807252
795369178
128267390
509943541
770910699
116093667
197195658
154053962
567219254
483432954
772612323
377271055
360902349
213050011
516903060
317348675
447753460
571079409
125157678
434741907
252498365
916598191
653992219
333621247
397049694
250770765
265560521
580865776
906408755
622443438
3929268
137209842
46486437
12642696
872633471
21704362
559670557
329259084
606151037
474987181
630921586
838081976
987318336
960582716
758678049
447325844
236457643
892629820
388765158
763008062
204451770
845120312
137916154
688785788
427784148
818131466
69760227
617598859
587487146
940674876
372542600
806034221
99391355
734573854
589956575
611451810
95435096
228797173
645599935
374018398
811386601
834269947
764194021
88107113
446137233
714907524
853725213
273528718
135848819
44147960
770687398
431020945
130577088
774208076
550460425
628383886
15234643
323383480
842481384
129603203
310955682
786558076
759199570
448928262
690175718
808950080
251069474
872983069
667328856
611698003
677024095
134860930
741674463
454076862
671394484
339792334
521248514
614987176
224675428
670639738
228696221
440247790
209233006
804960416
186592307
254954069
875603892
920568797
723640353
293236775
241033849
396191863
806503573
628884833
809636208
24458467
38205596
570330345
172677588
405471447
203865650
934587032
967799625
144174896
894645752
483459011
794913528
239590425
302599667
69300966
683939610
269455167
716585655
784527755
172259500
88340275
520400372
271885410
63692293
7790740
5848597
495917839
166734502
460201723
855817326
303481468
477335509
942096586
153670924
241827516
988282968
709013799
929412269
819466505
47602647
557802682
636268682
502614135
697816797
74015361
183490894
700520940
569882647
733336433
796026662
587407977
254359195
528268600
365043205
350180354
949534065
528751339
939324723
784202519
752356783
425043025
391552791
977071189
26014446
954967
21193766
694987985
39268501
199651463
442779615
824213282
142657684
780576976
628074343
333189872
868159332
945182030
558193644
699284231
420696521
204401714
433286175
915104294
452633916
204392046
1739886
718453514
415912811
359669076
757127838
438392656
638723704
735968192
800922313
453725932
530460912
6936237
180535594
692957389
453136464
371097625
678541906
376748131
583580556
848377406
18775695
798662062
564944652
23717940
245781323
980202944
867466210
817004938
445771416
318496441
325665
549212065
22949169
354150167
818210644
786497333
685531417
942572785
685506888
273510617
44170658
134457087
633119316
688952307
230723627
257417957
168947900
698091352
174604813
736045387
984054890
742690748
985053116
525710385
867887751
782105528
224090556
840038355
908582252
312818102
691564033
186980427
908599413
15286837
402832763
820402916
442719788
642543425
873154511
720989752
504450263
7863486
992642330
181745351
760554435
981507745
205280673
485707434
604497724
184109130
631593570
202324364
452231519
737249019
264875583
604168359
221438018
737597410
485928511
814702393
983465928
742971986
553475325
236346782
523768238
620394478
522926409
827444120
158449390
336505527
663582536
182425950
475549688
594464023
661085288
73469148
36872535
977353710
352538207
700842893
510303266
371993615
81812125
192587378
223633204
157824337
105616938
920648322
76040026
252826215
130649693
566801484
4404756
261373823
956541283
629789574
598781166
680305788
59392334
903789323
467172315
793347996
4520506
425840052
732414979
860072648
214432069
823661104
463062196
581137413
595048695
74407011
424373112
628812903
16733596
770674526
656465860
111932015
422132952
786703625
692625200
709400214
976205366
735026695
813209274
145170901
419069423
200194037
389453358
61923099
352199420
855890343
75901959
335493292
636037824
157926988
489743583
330678548
976652281
194439339
112677143
90495425
449789617
392006478
23618271
730390599
283389995
808452151
678504865
746468785
406967394
455840250
545533733
382261602
807755735
974062036
924947497
981891271
301771944
33728160
753318475
705047251
382427101
369568245
942480208
213033650
273263942
798249497
109351651
521538657
506667983
103561482
23667291
416239337
66190312
53585509
414888254
835809355
368883787
555254266
547323600
309711177
377440635
53092592
807007508
984769163
169753205
685313770
766414746
899466881
802961482
411170354
512021551
867468956
520606163
218013022
848434413
605479603
388609244
702849732
714031783
795724822
373884456
629204827
8405904
650179753
791977973
572035169
415067494
142819051
431080863
662274076
211799644
513392987
432276714
743749847
512285330
306740499
989886845
893611202
912469511
330924159
957841645
709113957
148072956
934893078
870462525
905017085
304889094
682727360
189990211
887133310
659009537
617345067
302064641
139810892
409297632
139935782
936087458
369148315
496754008
962775073
178301854
825344931
547010382
838078648
949893440
461994142
837653918
163971191
91794329
754570211
795614466
305333266
294716497
500519213
281858059
886477633
135994939
683119329
797618192
490655830
687760894
224086702
556001358
191531601
896916832
328018345
514847124
26571725
259327542
66700675
325095288
921627162
693328602
420908314
484665169
627218154
134323201
874936008
925247784
729012555
133669339
474254253
140423470
332218678
152387753
211013423
606872488
399622340
665314722
268913268
210430886
738209857
477281923
845484192
269745982
819194611
914309923
701460450
937687448
657616214
34226026
213928061
286724871
400552673
832539465
593623129
891755318
886631270
528589158
23232301
820035169
952893020
342207805
864694754
710987226
54975042
841349771
579123933
376323668
456988220
675032983
728022142
703065985
654862179
215514571
922522340
562054012
670780054
695812965
658012090
267835504
614072457
142846256
584319599
254226580
244775738
710036627
504678721
885445100
166610557
501286879
719654619
949793658
812309591
137497414
645661472
446022284
511712329
77394797
829680287
501450412
161195773
210188999
86135368
518610843
347217568
116408059
780817964
15503271
891786939
417658492
686287330
550600933
592038785
363917904
947793269
98642693
727091119
216687042
698576245
313783096
174031544
959573737
154427584
632693159
781523550
877128913
979790802
161285877
128773752
530067356
294044724
106452911
392851292
944463110
198141415
193176522
483927268
660799350
706607975
309442729
652416806
142118913
364656211
578283565
45275297
436549787
776771649
929634546
688637651
538712113
582212654
393622716
604680281
210862958
568195282
186309782
973339365
6478431
571388266
3351252
492151408
230527598
796556832
823888124
484085502
934444272
382175794
240374848
125111068
943967976
949592629
861424236
59750369
148381499
956033151
477181507
754735688
461680914
103221227
134379801
124441978
931768571
444221964
70197743
752088426
171606179
607392127
310391059
679300509
733695024
427844579
218344786
407394877
345306737
502292149
490524750
867529722
670755178
942441146
782662730
830282122
229460845
467039763
841419947
58406633
201612117
369046280
450490405
518726050
96533860
66659003
474137809
557990291
357530456
915515321
48009722
583967072
121330464
891977631
240857806
389911789
270355500
851035609
642784520
801551762
83293356
158491358
705651568
677021818
494728492
978018546
982682485
502247047
757187991
582114026
768352270
315561020
40245421
141007765
488571822
840275216
107811007
734093322
80722693
578982707
816942292
458654798
359275612
487900853
861064013
317178393
874341355
407964162
896436731
525082617
837535903
594305957
357502036
67430087
575168324
295704505
252085615
725793716
765103951
62752535
622503561
394153564
893799511
726779613
90460439
286055113
426862923
93828877
685008734
945880179
564770212
797916918
596884333
223810077
923674252
648012320
769613614
707026938
824688536
685191407
429870959
248347124
170443934
985091873
581371742
536774587
903595398
846921675
925629946
619675666
104047189
343444994
565269024
501145133
159653718
538250070
459785912
728823581
596080183
494810504
728089156
588388675
724019714
752711301
328948018
548338903
180526647
171988728
102452031
504885685
603675215
601635434
584561993
765581611
688665873
19196916
60478952
129128395
912954948
368935914
552013259
826980176
381897194
403509628
958651907
573044736
457630106
427884295
526258613
935070019
372457902
604900797
484091762
360787520
115191761
410715293
459835155
812989315
53108948
82541570
288463519
904091437
151190308
55467460
476319967
536417925
988325967
13244643
239026734
54794206
227333506
297668780
405463214
608033414
71459053
359145848
480399692
218348896
570228974
156511887
938095990
430596093
661319914
758470179
122127105
498532844
111271433
80336913
501979837
288421685
423992131
88868572
333751162
271002972
134032191
335070768
761573490
86720202
333821978
891856015
968580751
449492570
757316158
619209529
47498070
27753927
76119932
270115739
501231853
656914582
321426894
444195691
99692382
388010718
223164609
322794377
690930215
204139056
200523637
593535727
880339633
498844398
571424746
122797283
598022495
833460442
717634978
476339705
870620178
892485290
418542440
392304923
148360137
402159500
774088517
643746205
243782583
805434914
170510454
609380778
905693449
453088526
986952578
853759344
484170623
7028313
84814438
979005570
515435620
143900574
232634336
630473251
13349443
801306599
543782183
394877918
757774633
145166077
360559747
61441360
821741486
555363031
581792174
982510984
108245035
903102039
250030282
276203927
568406883
330884423
379154013
47791509
9255214
694519159
236310423
917065388
675887904
533391979
779373086
431639265
689295068
710716700
76345614
307414413
27032525
335874501
547075806
618325084
326918601
772576427
630744542
83110656
536006560
670614153
194784362
232558974
926155702
503290634
168855586
148568149
34869431
446326210
675579880
656758259
141251726
569097684
903208202
592728667
765440739
159366656
159453240
404886090
83788379
888782810
646708031
437850737
500755483
963975383
483142952
127765362
874771129
117517942
187333803
352055992
897491363
551450081
627057283
335474060
809854500
553527506
125475694
115790066
985170720
15666542
788183159
672950042
389155605
231321221
633007761
238918698
637027018
219152413
559352315
852398124
313342422
867497800
823157249
666140664
268132735
128439024
956921476
172995315
347296228
820224080
63883282
658937005
687599867
188398175
880189800
930082717
442996353
167490689
744085513
285473731
844731536
825510908
659388441
625454798
730820647
741858587
802229860
124468227
278898111
993295853
921563666
871490853
432664896
928950939
577190440
892492263
790251985
311437080
619209208
346818898
857537596
883921151
678756433
171063293
948519886
134444287
307078752
780271311
81722362
802653394
156038421
224628177
667295383
110119248
173181992
669983974
50361172
404034518
519155270
336107479
652604128
503369309
972962570
566838536
756009412
447321946
404609972
774221165
472196577
658568242
487201453
946380634
821541895
100072626
698840783
528099570
339430839
497585947
18872421
375577763
920291208
647942578
761900981
411855471
289724125
888360208
792384352
824671721
512654558
147074653
529018266
893254591
606607457
897192030
38073493
915795477
904155728
152735835
541702607
646423979
58865836
522044399
349526110
174403383
847459302
213974329
591688099
72016583
830739237
949498679
572586234
775923448
813959297
485325197
462546914
112040468
724236969
74012003
316711179
158223100
109953029
112538637
989222188
441948092
249117361
420857665
300176145
306503721
293717673
98335500
64707592
591610815
181488264
346879138
878109432
356941813
428433839
478425648
671371042
226022248
323805515
440835206
308815067
40520296
864955609
246066676
338652566
993697194
861441818
865313145
164487790
238430262
757085054
108513739
145496742
563047153
75669647
635343505
968047956
238776147
19454276
603056015
392800862
759574620
563244385
724293701
606433957
675400184
502114826
879599418
994091194
680114936
494615485
503613332
869737066
351551881
320593854
4755934
159483110
625561278
143326610
558278464
435240179
465219005
605687177
368889115
565207843
360179966
493463992
28722948
775110764
824056199
330952009
792996181
312094416
841372211
468317885
167915104
211439264
490703773
921932296
550972435
445531409
797508424
439568974
818856571
255230687
541773367
199537428
406790480
527946509
441442805
980120936
213236393
654959002
467383060
811302811
822997154
596925533
820986471
636240830
204500346
515829930
580219900
456019158
289745466
220278145
630298975
151787660
177227698
749368592
462808975
850917142
105564231
83148630
603501595
198551638
716913134
937567940
155883842
823508766
520337924
348625126
229162023
208448981
654860396
381789424
112633399
439252409
1331399
44148533
233164762
17195700
527668003
551726937
751936078
731673875
644415003
480987478
465012988
441841046
585335473
391031673
767793372
898164814
695301225
442996194
574862838
923150816
259039109
145690711
415981244
908809006
964123498
886212596
59222312
464263183
155703166
525221099
995015575
101598641
428778467
676021180
862481351
633784742
644770960
947288831
519517312
639475655
262520703
425245838
285441311
169844174
177658813
121626788
696637920
817121943
560282381
603619366
283801641
181594597
847584132
886765758
936618271
767763310
706751624
79923595
174067575
471731466
545135907
947349786
877764391
836537498
936154694
267657522
335246260
986558353
408792686
394288531
122574246
146555907
4278271
730630754
553390983
278975356
827044065
611132873
638981993
916884848
401113270
837779820
900439207
819352099
155844936
89419610
664684836
633951434
185072911
995395560
654175300
477818815
371666857
662679631
546380378
235006403
990406510
958006057
288166863
279365878
814419798
442039613
684296452
142543277
412346816
106499595
714958019
338365891
932262473
694324196
459779441
966004034
86073262
559366446
218001644
142609210
704825844
942110538
831467376
363886024
747090001
175330326
543855523
773477762
6897337
440519685
960650465
692137936
248991588
409823262
81911174
840494877
433637870
663582375
671565156
712144085
730131206
814772938
48491997
658148686
879664937
945747307
854754009
586436077
128570068
813253956
567061925
118313812
4424308
742912825
750612513
467555968
664933556
274292179
182450802
297815875
310777936
153475654
75566055
73979722
791008324
228585121
959875874
639631987
94085885
671494720
731838782
369450795
328308022
40021942
753885455
643078887
555616287
521463186
234636274
555921769
58844202
99370244
134923535
334179037
152041928
272342822
373903210
520702167
758648207
90362911
669074735
709267892
751837778
164993191
827958904
109814454
544832627
315395478
225560907
193047754
531426484
64890442
415282430
362695642
227606514
323766941
804616507
698849166
176161236
488156780
961089264
123710645
450151541
374652009
657802623
147595994
18956611
955038687
343108175
883596909
235686206
360675572
131851489
220201534
764210126
294712238
127044283
583809676
274820601
438220877
375985745
911782873
236603937
325097661
790081449
157247150
84570542
816353027
352651321
948558085
376552177
816034063
926316086
53398813
319198474
402950925
886244134
842485555
643702362
616052782
313839355
844528157
583722496
551618761
435037548
95701508
61723629
518917220
469697569
116933908
964251727
59403914
626977304
796168988
272476412
435263020
304840823
631664989
857559997
426900219
520369167
455671396
633557125
489589307
790528990
513177015
330262902
225466378
253124989
757785218
506833501
11161314
480442080
716899492
262648490
789571521
870233159
252118109
76763687
470211479
675201147
526285193
337716582
48517645
242894782
630016079
319171903
408691835
340321667
53647652
892871944
36317845
751169155
924428364
459411226
175294238
579422821
560460468
517686675
46092064
575137367
189157181
137720780
893349105
627176496
182438787
679941876
184438667
137983283
447511272
875136132
670728652
292911182
116078721
459034926
326278521
854003101
436659148
894440346
47854750
543263448
16888231
357778466
717439053
516226700
73533708
735872442
977540035
984999178
810976017
964364344
482391352
212383209
420036034
209900252
166571720
392186239
295118066
334088135
429879206
835897278
335403121
170587762
844656399
83585117
310359302
523323127
430125743
589886209
752210169
242690405
668780574
98192990
955482425
421853583
268834582
474849548
619774206
216714217
932564582
152652687
393270597
119322126
211755218
250959348
466692206
628200794
88933076
583349822
806115401
564061834
751639741
587760910
33872164
292357126
350773135
438696517
835196350
977938388
421821933
627885914
29352734
115493737
361871340
900686129
902761629
431921850
435002585
477763872
707348914
563141639
62101904
545191326
758630049
849737377
708187213
401141975
525315327
238522754
935362189
521110348
887565729
250450255
483111181
441866432
908000205
319045658
764262800
949372745
425805971
469090135
537992917
964829901
588050152
273516175
690362384
550165886
644084249
821534173
273801203
923355940
952369790
986086252
459128134
980916836
174453648
923872512
905406970
918203616
327418632
497626251
713571121
837770018
95878368
532505597
28313964
417129237
783451634
26170914
805516316
962118400
679716603
141141897
263907902
311701083
662560842
379359116
221051537
309521921
917449353
695531125
854232273
590935898
883145645
755817368
605386461
340075473
692453020
276506191
928773593
561118951
979542760
722515064
939394467
175403031
626433548
887629492
254724767
763103664
289186832
147610912
442585999
791176353
671178918
999666294
130045796
505935842
924789593
754260176
698431770
679675210
958808629
86149899
938393274
514990993
149342301
449800938
851891212
185828039
317865163
802101729
812884126
535953395
943811189
28688373
950982737
276594432
284478216
612396102
105327560
54446549
211822355
558081195
344116466
362899023
978629252
543489766
102495014
250558633
601535650
529287872
32068813
909290328
860614107
624284730
366958763
60741645
444656550
71005392
618093520
264777212
984522499
676662096
128079201
257088071
226628184
342017293
997844814
803108122
473008182
806665796
900894722
191928665
281254290
552609056
82403994
50712964
800680348
228641074
192476462
417538740
215078159
776564932
175301670
964877987
242732502
843865647
999576153
510776564
676631892
392900360
838184722
545713464
536682360
201828144
497086849
977058687
489532544
874672144
863818123
483548449
602050768
123817652
753001240
241653592
531284474
859598511
939139073
632981313
403266430
796249197
486008654
267437896
457078764
608795485
589705278
674467173
349472470
83052647
41156675
466718633
304209319
908348971
149021253
292853488
724747529
817058157
257540237
672981734
949457568
927143819
880612794
925413640
845518088
375008486
936773323
110444007
459137543
887752227
207686001
246392319
769917869
480683308
608582753
22304651
30866058
487090338
714107950
528164338
835326208
359551970
473695174
522880909
865895908
272129259
672851466
906722698
148586246
300616862
687317460
394093564
424976974
814538484
728566473
479857644
347804556
93121249
86448575
680219781
737153318
995093258
608058075
159301043
444594253
826312957
860552976
493484311
762597444
909226420
663778217
515548146
943978324
109476164
744179729
226320239
734423765
143342300
678734952
731258567
462562931
991215834
893227138
407925941
13178611
623866112
479772599
536358081
505260848
79827617
937327467
559801231
865290399
13768495
524916194
511402674
859792267
969692355
97691887
591313448
381509262
54923811
557346037
939530352
407246239
79901616
794786780
414147024
247370990
943590326
198377675
819083093
640302497
120342556
234056348
328626645
915681720
283826682
936527617
76314133
646358526
51285580
637491189
829315761
898304088
688896250
79475062
135583170
176336135
105789291
771393179
153425780
858418311
391593772
489055807
695989883
792408242
181194746
235097077
533957985
503283527
216074176
327217499
637196824
376295771
609774090
104051849
346605509
246099945
90324449
419390067
770875956
79490046
322166001
537212448
438338322
639820168
845794401
174950568
416668270
947436738
312359147
586344436
29367674
171237757
530758576
709052759
779448190
368539444
608021022
721972996
208772747
914302351
764646900
934482769
258699430
899320528
235734261
786615071
387041174
811528803
503847112
157468067
243114360
271085759
53043245
117701529
432446108
939577342
616705583
187801515
786387297
731147755
869944306
364447835
516228035
283640067
480135471
918824202
293097309
775143381
753411951
437443986
49632615
278768152
849431658
856097189
648176947
871667373
134105280
902695047
740653492
686583567
177223702
662753616
9930824
523935503
621095480
33858605
2651004
182121668
766579884
920401806
371606633
515247628
540088826
148445019
880999397
584883509
334778725
840566823
736666534
157923152
719031936
617828120
358768512
411081262
840261957
344924249
255475262
835417478
733119121
162049593
181379994
295093579
818555900
515782555
145056615
741137341
953600569
124673370
323631478
318155827
7843725
478834183
349973764
736151474
447204264
302317628
852735813
176889428
242394945
191046214
494306536
234369958
82631606
790653405
795337779
649459920
687699637
13715214
335385276
509978958
782042388
974437445
839495543
759938308
175070835
317708063
864028855
60839298
297074256
418475984
796515739
459658107
38868787
941175717
801504527
416384289
278939821
878446998
44079835
165345610
637464610
670324364
248268271
259236731
927261012
831475988
308598017
899816883
510576468
157898073
169606591
586726076
680096636
565146273
104283010
362742485
637344082
447597051
263354217
808539466
595419352
841460962
542894455
762090820
536825152
144874140
768700604
101289241
974554776
860400703
954001122
675944261
737573386
572148529
930110555
356732133
443097789
43980294
517264904
954984042
368458888
650926230
782628172
162902427
65749074
296134603
686890223
795652238
402482306
32658878
910070103
640224025
718171776
394068553
776446800
302796952
840286191
423811186
718033504
152700769
932321256
729510019
335867262
917414425
911477952
563111691
398560027
463741655
573909603
837353157
720266452
205250977
78116090
644447512
825702566
528236730
225150211
540265961
224384032
137383466
608997619
291140533
434326639
161379026
253031597
292732524
923719128
637960593
604065265
26604736
692824980
201149448
634891257
913819489
75140936
279843120
963751041
311385626
895137594
698441012
476325799
594763707
41391173
182734011
53455305
928683054
735770890
145340300
117567160
253702276
952311791
563023761
99796607
499810898
268706684
919550525
247739872
668338386
44773520
786924232
634647341
790889939
235947486
10974746
274135212
34577152
66453289
349403016
518368053
682493680
224548177
565044635
379600711
662010904
224171295
355539303
84737266
196676287
492938640
180166737
668561282
410377350
517127417
97316407
990531531
940123164
503819559
932440339
519870187
793789949
258439154
693792178
184342686
100337382
217442226
82939609
139753224
383678656
117617114
85660717
831698845
295530004
521433345
759445553
533298123
740909244
178479289
381100844
224754911
776359829
476721717
820411055
80329915
381857546
899584885
237490831
286236668
666483188
984662667
463032514
360667804
685160355
159089781
902110247
116098068
37977737
732183061
675591470
337807449
618637285
991056807
630879527
867300888
917184248
97973869
644287196
577778402
844664143
436333047
829417586
101520891
451453400
246851762
995758917
147515886
379551775
831677580
939846170
239894822
794827069
327479224
312587608
711704811
546968245
202622040
413612702
705804673
929969489
13036680
659630471
24770566
193592250
566760245
605258241
187968078
145324955
292556799
147281804
268397471
603014388
314408152
824548956
945966305
208592183
701909274
327435430
589041386
607496165
786635450
530104896
458801969
274486393
480390275
790013833
44927775
463608122
771926689
848763140
427990627
543712443
937505218
798660068
603492983
738257845
582816978
564356517
279104135
583892922
117895930
695987716
947465948
474054136
281778941
411785258
667102631
600577906
600252004
789459522
611078479
150768629
246081529
87956949
536467547
661349128
388209058
651779541
943655
899416891
89550704
397566727
599304268
881950575
322073970
484385215
288098421
751478102
371625807
363011486
921860969
950387368
344024456
707865041
25613823
400517438
329358298
270146271
190930882
159913760
745436617
906690531
661288912
103926813
841399578
787641762
587869036
983229572
971871759
747271965
688923133
546798529
116596773
897219538
907824639
224328575
950488772
206324583
437060507
566110681
970059407
809673927
168855681
978768810
816805848
827406371
779680655
777881039
853849470
928179539
779067196
122397410
292373313
431009299
398613340
15552165
833304966
489294965
282877575
972649572
844651798
90262561
492713552
828606639
153258903
916876849
771799202
10125635
786420974
577850711
631363872
775779027
69093649
913027215
472803713
313683871
369880646
133108182
737396843
600134479
778541319
696975052
427402908
554905935
988065233
919547320
242267271
634302756
69226462
486480214
323374996
463861205
190132441
208576974
797669975
373630719
736713876
279543541
533677892
461264148
860810119
707357560
120540956
180222964
315073397
321021059
838861330
830533947
18911839
259044
63433342
413378274
185868112
648157558
290851965
723232012
736751987
241024862
948649835
57847758
404144395
912024529
55561116
256263652
685352994
901979818
672953242
397032971
205982398
483694091
662125671
792885605
518125567
173674909
802656471
661630694
159118284
339035509
209693625
129905857
828837517
102405178
578531771
638577539
834470805
117725048
483863787
216006709
495295015
594070500
420558505
658007115
919991427
671105970
579830749
111881313
499208180
753187141
111896054
202315480
746109435
460281594
69466737
499573747
367546289
458165651
266149270
491587356
990354454
595227319
660966041
521189880
672097686
748560094
115865080
475077341
531567382
100536634
1679271
747828291
434197755
392802887
206255357
336422993
377467038
632465014
399540886
29852084
10814073
764116921
391816394
262797244
440158678
438793720
959676010
103088288
718013509
266634399
278922602
73638960
145118562
932300801
502103973
394870385
367463351
186809825
342532966
283635648
564305184
236088338
843633152
396661988
209829868
560192478
101378375
249714450
835014054
505180300
751030805
57441592
659983967
337856729
654051846
912425961
88535617
723449205
101341008
540387690
991272785
665913249
369079587
296794175
927184776
865856660
896702151
257024033
774391141
597956718
16398488
262109231
567846592
696989319
500955240
542238567
389104381
283899689
507785695
15294809
230389355
279324036
349327028
435246327
882906912
890938070
298554685
384151510
296166416
266580228
33769452
375696346
108043559
951104769
234684666
875563612
51450466
876366672
419788477
610972875
796662850
20360035
348140871
980016105
590797125
906460483
368251917
434029199
934152659
919441086
732519601
616693793
59714223
281313609
645631733
137273430
538194104
426604691
372468012
72500986
540359963
922369459
767901844
581779726
619833879
807186051
674570361
682332492
438827349
8769578
541344368
741941601
497860166
844425610
799975858
493078329
503194483
551375225
259275458
89012128
996380410
717059413
269086746
759853338
966029083
325518172
88095924
502854293
954326873
895630528
616560242
979726189
711533169
766308062
219502680
393130166
262074189
980065386
135026689
116082468
726516667
240211518
380139051
670986043
795473567
167591701
659958559
153688617
29580761
417054991
454026607
581607246
376963226
422278513
705865359
300837255
979223337
195280478
55461753
763002978
640656333
179580701
415760577
871720758
431955019
976812765
913490482
597914569
121847305
438598194
989087309
217756527
637927449
963627770
653563858
526592124
44167811
44164110
64533580
267690291
241129663
169691645
922051936
467601041
164622864
593950002
224189326
234154495
728022907
256431844
908613448
412538282
72017787
816896790
238361419
416090839
984250949
816128142
911728840
473768416
186876899
578314719
815941731
570194305
767741898
919162754
316654506
306885628
840421594
861162686
636426972
637704960
194190433
84384177
41705119
377180514
23687409
244536623
55857517
11170198
255327830
397060394
982285602
486574518
788737698
17468345
41106649
782563923
436500081
617088409
791745959
66625902
644100014
64979766
259424713
493079002
283084465
408349739
657528307
799752460
998187194
768812683
581383093
421860416
681500473
225654944
22682869
699346136
787163961
970186690
958748613
836615116
535475336
591635385
758906486
210656755
195209437
112632950
139894204
638631091
237529287
357966697
404687419
186804078
218495055
816406213
852386616
649107197
817358783
645820038
925635836
284696627
375748038
997476066
278252175
714656465
300075219
627308427
459322897
703609645
100489011
751112234
448528953
936588523
155709945
807656776
548412641
416875822
8062844
710067853
374370285
362651477
614763284
269089965
245661131
934511461
143906984
515381286
43134897
51107091
84875160
255136621
786623420
122608215
923590707
891903794
921506824
769846599
80014037
613660462
968706908
771724504
777631495
276356522
47856124
747074463
999849375
275992099
725790475
88967814
971958683
19776163
887300037
317482844
362621205
795261635
994670049
968228304
268544400
971346473
953235133
115628400
543399428
349423953
985209146
819893225
498682624
208629663
924681053
838031189
434382953
188357415
459970611
268659345
378834008
637428582
236970532
788149035
165444869
872007874
465067006
428366649
609173367
581662270
374257834
540990320
175605626
306229385
933682275
767169698
754983167
628902179
364927257
292623768
218919097
429517163
529138833
832605618
170005492
773592828
174320172
147043576
673935296
527599720
465536105
474408970
31203993
574020060
658591547
482294272
509129943
798630443
758809993
600368107
243544420
482526228
733086822
856823427
869124572
64786264
628734135
712746164
901845739
304406853
312421759
938861041
767595357
94012737
301047852
407850196
78385072
268011818
294881412
309395498
16778142
743871780
740078147
955957125
686914938
486899206
403327413
513734544
977541959
449903395
328455484
287331991
377433131
146089559
746047564
628108425
704304679
479039920
148874931
220764584
619774073
104177531
8055486
505180031
162009676
659061751
83471617
889911759
632726871
184981592
437226088
767654555
334250793
460490762
703995316
194949745
436656034
58518307
269857494
415940431
217016469
974414743
972756305
521153126
294534173
637308848
181222319
656966809
778996184
307252584
316120259
28208310
432226658
516884642
950064143
823153570
829138758
618679691
753301852
685386502
983511639
687863567
158551064
350792497
88041126
447146201
641426340
185364675
860263674
18282196
72997822
394057588
890478750
743717858
738265580
868765296
539367235
701457042
18433139
16046339
942280761
582475380
568170529
793841201
459409630
639111838
814822582
707546668
183958467
921879940
176521165
609258614
889805252
153578558
323411360
853576805
502387664
985657992
195512373
820529787
515084932
409714017
740670747
346230409
895587056
133395777
623445917
673034582
320621288
430297993
711105008
342441206
834424453
952517893
44511294
921943925
331522211
86803089
363008970
842523024
551949341
21305013
566444837
848925302
774169001
396272671
804564016
613047743
716537288
846529100
821876249
780169877
32911922
909037626
675026185
586412677
813152927
132921766
769230771
202132355
927596133
578612317
978606858
632289797
214320585
751368220
46615869
185783408
594030461
854078177
942768030
704498014
16010910
342762624
103022413
670716682
991154567
381939668
705034225
489020031
623982206
499633526
337486559
521598752
833046393
98145690
4011067
464971528
812941223
36460071
40993464
895463022
597190269
729786776
383327358
844197873
825679206
697779220
365863184
295725427
273871687
762818212
690651844
831290989
689418683
785579243
28915727
838904238
555102289
476847495
483347839
684166472
912506791
126744845
264161584
518408350
619581205
748999748
273890077
705202734
133248859
12360733
931505161
929924408
669658121
991885040
989428406
117943661
886715402
584759179
283445905
900422383
705843835
435680871
847694527
247614590
310879378
835441225
131700875
900439425
450142316
800295216
611599043
742436865
443591723
143136977
93790549
176898726
175930979
171811150
471747878
806179539
552394033
898721442
953649519
292736458
184630611
777407109
508216673
917635112
13417920
602381630
985550699
245781563
832791162
406444014
125123820
179372349
832961368
93026466
448584759
444004062
862543953
522379841
286848530
144846645
550443612
305134825
96744718
986594091
970355356
271883507
894816928
824746742
119150048
468431909
535393508
686675680
343574640
487140278
121444232
780043624
456534902
762051829
402976557
703629678
179448012
81880810
481230874
652245909
970200131
409364142
170120708
144896119
845519217
521012553
552273812
691540358
619322565
836602442
535151516
907848091
196984253
5689678
945623493
770665090
518854514
105155268
144844382
195526200
252111714
666069256
269364102
679613376
687074086
86943775
831548435
243712957
80109822
682730881
531157461
441243707
952564218
839997622
600510867
557624912
383864644
733190172
92400533
814080855
596510984
454063353
259749513
187897293
239954680
25650217
761716698
384518270
574228891
500768165
961037451
388314345
704712119
360578454
952483317
996960241
833898678
605200647
151040037
431132129
312109020
304267891
695851636
354089361
495027272
705081129
242498410
226260290
874867122
427700668
645567949
800758977
744453556
728934529
153394628
851972278
929288660
673363410
473191159
53119922
852925128
442093259
497693311
66673115
69088310
214190792
744269951
459376925
548537196
701527894
481418612
170459773
853928494
188704850
564895504
777886185
658509061
727935719
799896589
34237468
801076599
234305209
349595118
822228737
176163178
685138189
514167175
834246176
590486106
958633778
569243913
463007628
74772173
352209075
615278858
461605839
851371777
716652235
731499509
78251699
904701646
146983223
856957154
749807800
374831409
54125887
474723704
113723540
335848983
666613429
762613202
918310837
180826399
835629442
535975854
208476697
263118091
661459184
530445524
508151325
113159288
2076419
817749334
812130691
629612044
108640315
696336200
550855329
282269115
209513601
330484236
149044293
496863414
628371745
230264458
80503985
774500372
588579587
774700578
837056525
942014406
570383212
124892537
302746672
897515572
345239193
158276616
782999879
821688874
28886565
752582396
764364850
687657185
819781230
975661711
352702616
591178701
286119234
515686065
111171863
895996516
992066670
925737926
577277980
629005961
987883835
578543835
980065185
952355868
4630248
463220981
443650379
585388119
726531517
480216699
642149110
30554469
547256932
182161283
440167417
310937584
432906430
635254057
739924232
527667409
84865185
168576003
806530363
995794207
358602282
676178073
660721765
459266743
948730058
214608928
589540869
311111955
474271716
780658600
365702914
854040037
617998287
590645258
951831866
782872239
464921635
272765282
782110986
568612377
387716635
487142606
615842483
88833154
777138675
87836575
69911835
264124323
204706082
756403849
130060163
61642998
544623498
935342120
264015196
297843915
675726709
924247749
658989707
233597296
220336447
165909614
408368916
791727679
507828979
999048578
753722515
848323835
905593125
317587437
469609638
938378508
479232080
743892845
276599280
667655005
792059944
727695223
369714754
538325043
856643969
963426530
641851925
499972349
237689040
711097100
54162181
282933790
657784483
4927546
444068958
905186573
837306493
893152712
255494147
64610383
382400576
905053720
691508491
414720537
935883744
349061695
989435817
195970250
920212588
814337307
538200284
659862669
717524737
119488723
526731815
81219844
617396287
290462943
494744308
323937624
177818800
386997860
554283463
257051917
887351401
27936148
545314253
774985405
107846725
181012860
282232881
210227476
449139504
938104624
622335371
579357124
920699017
158378735
732911569
946820184
768231961
645152546
809434998
978413157
956316978
13968203
571845
718239429
635648662
652978117
770426793
565233398
500398282
68172698
322811186
946380392
243075169
742705629
80252251
924595080
542670554
96120058
399947808
962186327
523150200
136064096
863829033
852595578
700539653
702398842
31380418
207707744
953791893
790304238
867796025
699162644
356750934
311820903
604020180
157398719
95859921
341779163
562326321
524451489
318666465
544949379
700963306
899796580
212550742
46790663
74595238
38111454
177518753
958731166
691659682
844502275
859289843
344715925
715557462
354943606
245017118
327531502
882296190
574066707
829021684
824951686
597591116
268299564
492744377
411898950
409173796
621264241
812156151
607679716
957735766
810857319
122591990
708190305
606431868
631423373
443736626
632051450
763201142
569460297
943083846
901201733
203743074
959857894
573362584
343415379
450664077
939683711
794232335
270932046
341196576
374944623
848449624
617780564
426304487
358147074
358418041
79460957
194205522
217147330
384701173
88547900
759353309
290121583
146160308
158202004
385929785
611175862
470019092
2282531
484739031
953452424
430921823
732863165
631403709
985840577
768774308
707939418
501552617
807285594
702657805
982799549
212145838
562279828
506971083
509242997
805883135
849196315
559823049
93412465
920747925
879907794
161500082
97245992
196164128
373229317
264000609
355838242
35847552
747229150
587845485
836090152
712571557
37214541
287836584
645297573
463671466
570679103
797152125
478199037
564007983
562568003
521512435
787164971
608294044
694008740
713865118
498773691
120232605
96844302
218475576
632846023
961995970
217405057
502498408
947843876
940838382
771680054
841116885
975027727
742739135
159073211
274000664
114866114
859553814
814113669
732917722
942210632
224452807
570991278
516912634
235210050
419056550
541080049
358633930
41471943
141727313
979577907
456306282
785926820
648625507
39135608
255786778
519951497
37452851
232166593
431279017
285242228
596429164
57551159
822622284
131671062
896259464
105955002
127616976
721566500
166110541
297627414
864803129
883613995
920658995
935045292
556663069
868556416
152750370
845753114
203056820
933023366
701381834
455822484
34862988
351978571
629468755
729915118
34503816
861180764
334518085
370853258
628642658
415673880
552109134
632396842
614560578
611551187
440929944
190105704
358380961
370962282
880670015
43867450
113842016
483313044
844040859
154466437
424033207
511513913
539214717
79339106
867362360
542864094
238853508
242729513
747230695
397149852
416358868
848468644
688342768
590111652
691237928
258978204
279218140
942891915
552093061
521195672
771007790
18358528
407524108
520900969
739255639
232624449
176540837
774002558
973981498
380932005
796282238
717056714
978919316
493429141
300117345
200841548
464728626
494090605
425410427
754617396
893603816
962491348
523507889
672989707
30547083
21703364
750573923
19275
644041170
70702476
477232252
264120489
439496438
484108428
199304134
394277771
106288834
302949529
747483791
943402860
282344639
160522940
59594090
848639597
881359127
631049281
440780862
425344739
75062830
727153510
940932656
49051673
674167617
857351414
728766681
837268514
922078029
705234321
753330097
904004658
124465016
339131570
902319612
79629365
657036039
229550727
557802430
845781755
414652527
967418559
262226860
833109137
745385794
989950033
985901893
829411928
135708453
792764709
226020930
60923463
336572552
590035447
615044459
986673904
756167938
166652153
844910025
479010618
82593670
996279288
409353203
768088415
364557694
777815867
393249738
383340479
270210865
257632479
395848079
174117952
368644591
908323404
380318905
125681814
366960787
358595923
588673508
199496555
508469942
7564335
283317181
935264658
894177972
308129831
459261274
261354882
110113616
875497994
672042252
47609498
885455846
858614340
312465146
129143866
738056820
512549165
999562183
612847265
980783105
467326437
191243604
218709748
951761978
669511112
538472798
609361223
156070673
530656083
291571252
977970634
597566989
370055409
28608506
89851152
522321688
929748668
49830664
736421186
494971276
32156134
752862165
553845850
224149101
800127239
85481303
29364572
482103789
828612304
660609782
175691864
213755076
724135743
949890046
7736530
452544337
541354535
802042218
223578853
984228589
710910250
42778620
847060131
330807657
990707411
876950013
608147989
664571502
936363882
512500583
174291496
838869898
654008298
825944412
634939112
256737591
238662151
259292466
573291418
236901128
911063870
597081334
403119942
430867344
347120967
877322584
462523732
707377529
824269803
387091606
449212319
948389518
78429540
320199675
303016487
744420698
363806959
693470429
513855339
166982225
788325532
892175532
954776883
344254283
112879889
575491147
137801368
622242677
25873828
372900557
34198468
404996716
738071263
609295288
319276488
934220484
849598984
359496153
76426124
405460254
22962040
352026231
712137450
805924888
919610355
863523146
499200445
766203720
274436884
813392566
770160242
446033142
77556375
644287198
57377845
454126663
781252062
717092933
154953826
11700309
725399875
48228566
733890889
418712096
941378924
957220666
856175742
136191499
180413358
468945128
79456596
147031773
869689789
147970760
350556080
175548777
227678735
50865210
41571268
465505792
610410825
681272473
620573075
927022917
486882318
194909518
93215367
771735425
19798245
452353515
332725068
50370733
500529082
675927629
593941918
576863979
681919402
378107904
822145518
159726314
58506156
375642194
158278704
523677591
826745663
326528188
384923791
94583713
334757601
38750843
587440038
27190145
839683351
343695736
616450867
863807824
161235175
766359041
166749926
345968273
129029135
24602675
999652757
208681692
164946661
568709935
494764433
773924950
750671473
29688826
307023157
698682836
893315808
259205106
506782305
303409624
517651279
699647572
941102983
916308320
25767400
83470802
828120401
495045467
965258387
862971252
369239931
79546571
866901483
40087861
909819472
56638264
757772525
666254108
54888178
271032958
242769219
615633141
67196984
847600124
933464655
22216592
771978235
281790867
998856915
695783563
261975639
900667469
291502015
783893275
271433616
793887428
436647926
431261688
365408622
253823962
724692188
351478001
488386648
514093067
553328991
561629245
12300283
980532329
605673522
835927791
594296364
286574145
28222804
495205524
791674935
649935967
489554247
537014661
878371747
535962670
828459704
515457596
579503864
528500347
185144676
421686926
760732280
335188032
766769742
910361498
827780791
656891120
787108338
71602963
929975064
266952125
270490027
390591680
11216259
548813401
281900024
847040960
768401032
578885562
998026421
556568063
226430331
739762934
607268024
277136492
201850783
928000654
288436101
115319027
153068792
538691430
198738407
730394455
994722019
828645109
299905573
63053506
995326951
618099978
527914387
980145449
434436993
461578178
962252318
725277285
668325952
894210235
961327066
303083102
570900777
192700238
27181287
805000052
211350829
371364980
737732377
225833530
436091095
327102454
451442181
648584042
480208840
254982895
40856781
428953977
562419854
621781423
736636317
728007347
243477360
69586315
518572013
340422367
911000740
719459980
995832383
328343470
879138088
350021763
462384703
76117091
550821409
798100680
54741130
888115445
942369081
546567729
752296829
103308380
331446511
162970692
79854207
148939919
927899346
944840176
862975906
996294261
536895860
753091084
758273887
67393113
649577548
262214246
362036025
768518671
735533922
781023831
121315744
844333771
70227647
748908805
922431014
452088828
875141886
665623941
271341027
261074581
710588675
83120063
730996863
590148007
942684727
214464071
907681135
732674151
381828843
493220712
153079116
435407862
343601149
166888114
382577305
105634998
489292006
896151976
21249078
31485621
615185828
952245286
610503186
146400888
851596433
921907183
635300648
196457494
693403502
194681515
462968214
674793681
566904696
943595910
43888829
517234392
573085493
945424236
510175944
801795794
257822458
788698675
399629818
914718198
413303147
334496714
617763544
59448131
272253587
148613676
457779043
747850454
72958914
890015432
884765329
617059823
23600179
913058787
891052009
630888557
963283631
157207884
907835480
149626889
948699872
964781022
915840970
457764172
82782425
604631378
282194909
274542004
70671094
521708403
314463843
556099453
239544037
448152201
616920354
651525049
32836987
521472608
978091651
964492168
589206751
615267742
857396738
900892096
380517426
99275880
244203822
754321221
861579364
646114352
593683583
298104501
911915322
313696642
405923396
342289480
407341529
382559013
609060861
213421527
135356625
767396299
162439805
627942315
784338159
118852654
287532773
630421991
867174586
173529456
659895752
355715718
41008696
537250686
500381952
199873790
153510225
857268814
461601566
850116531
214895975
477919771
490358295
156970002
970591650
967945916
564896388
583651254
139919179
430801796
746681738
479818462
979922443
995303646
574307871
267511667
119834344
32424357
670497706
457345760
444111353
554822362
766094365
701754173
511118337
446017519
43864631
212005326
149479858
516476858
793115459
569238684
627842516
75597108
650379311
895974434
244693872
465180038
281997920
106772213
413901327
189539223
208017655
215977960
639650660
2825354
805852631
319785421
623743029
474188632
291497205
972496297
381987512
825568146
831971713
849037548
525714764
18211120
317509919
807188712
421568781
821664691
7351137
497661174
368382465
305871214
679388126
4064486
413183900
803014679
227418379
181256453
114883128
457302447
187459206
132627389
592273428
149897665
76767067
93873633
10515692
542675999
681915615
968266133
149257184
447755219
164459917
86519446
216512061
98964336
563664062
906684572
262159002
906094606
453564980
371587409
17298630
188477050
963949299
102681049
862799965
141351811
751600042
449303714
619096298
740547062
100218268
77577870
637169184
176739298
119951928
622504520
673393730
926166380
986642990
396963893
251445628
871942679
151608813
414541032
883554809
138817674
194753509
199141620
784063405
373772942
737325640
48538663
243807377
442965269
859880974
60600730
962020370
204011185
304914062
151679680
969340590
783682220
176865403
20835827
146018996
569487324
871914927
309471784
321555949
650605962
230258017
922683657
130944380
649405434
876705148
153333145
711578978
408531538
299452955
634307490
911722375
537557717
349748895
840452649
59374828
607629734
212580060
369838480
850224795
192238538
606028631
478829710
130556452
122837626
645250962
742928917
634759340
955245181
314515454
713556681
96691757
576385803
607236407
719867821
802024393
189451844
766703133
459295863
151045468
840255538
204781746
915755147
770513079
648380751
953747182
284951889
718777077
838159307
704248449
268832913
906517743
290523121
703460884
25861489
739927059
962609005
812220077
519901353
755994576
453435991
709209610
950608115
419151245
604983606
315762794
331872504
591408675
974521770
193215355
896889142
163747157
273939254
453226769
35039274
860019698
352004591
647147735
886993431
371355740
835035629
281870447
295820225
970259965
819722131
580649368
394471620
359604014
15097729
969189051
839146694
352611670
739736321
913022004
363556550
611919131
375426901
662419494
748700530
283411994
584271714
587049570
305192916
637956410
197352643
51010474
486317703
620074784
801958332
731648975
295651613
612677276
851321403
884045172
329881686
742565165
391587169
632831144
771323442
298449103
218419921
11650479
45221777
146994029
250078667
268706954
593927878
125377375
248301977
825459131
914432253
470180876
44285528
382432231
616812120
334200064
608642355
230397542
134788153
71661101
764974435
485149629
848368139
102396131
801462679
236500320
877880968
587526306
756039759
875165864
779694684
198415686
154770959
927812107
393870884
937323906
405055972
729016525
11899730
135135567
467992659
349043939
638519200
793119131
36468712
220601809
727652937
398690460
515974386
844131917
517662908
566036413
479727338
107776123
585033217
651839326
971419191
16962228
279173745
465724605
423870085
481127021
608949436
390052158
90373813
276025145
500731712
150429195
655851104
56838781
360130326
662084458
825110918
736969183
144396813
393558206
166530677
195374072
100095723
307502686
548353411
953112527
819071464
919731176
842773094
47011193
822291182
241124387
944131373
864531664
866800161
54464626
882346811
221229918
581673372
317619067
312873050
187025545
867297525
449790727
283816727
201650589
682197627
198848685
95752332
105854778
128679147
826480136
173320883
317664468
883328001
97566782
67311348
565596636
893176410
469787875
500323567
465395719
421038165
373690709
452989455
428815355
9216124
566309703
303192693
604124801
293739940
120579824
582174310
400433412
377630680
599776385
919913341
602499835
692699269
289106291
183760683
716111484
670584897
649385438
656022356
81603104
414224156
470028399
222320998
52114610
307674569
294901765
283341704
378746404
920162360
661360613
58025227
756250159
531775895
474644816
836263451
360964180
561336612
505824377
405203752
919060871
723532499
771162525
1805555
672990703
104105005
789631534
464185141
614832863
37105820
859105370
952831714
496627169
3148887
523704796
226348504
264710461
46513950
47468485
775780794
841943342
44717653
835998328
148039704
117737204
635658201
867694761
540763456
945332559
808918337
668177574
386289217
551682480
531796035
179113712
655930780
891742768
165830998
762482099
831633914
805479451
846812497
730341405
899299378
262810394
407132750
37817694
935965896
840843852
557252734
925265925
727638870
907087794
733307900
68790810
581704896
698134465
331337296
615362545
363972291
931396368
536138302
945467794
627969732
106504782
315107680
368545087
354303199
606503134
604756373
68237399
694512630
676803177
763451877
492287069
973979999
676800662
923662741
393262724
699087431
429725888
428259608
111058488
332760518
742812072
977533926
480848802
704798344
882513506
183115986
722461861
539551342
76446340
874591478
369602211
345485742
300519251
211059161
982812749
189042929
476858491
735435887
860231745
576666759
515349867
482655921
415014686
654765194
1018471
925100115
241410682
29087809
721291374
560127032
259012535
7059799
397252095
104541738
167780146
606178943
63926336
856031369
212811630
663410936
791864152
461538474
104805784
460520675
423514755
745810596
652968204
368236936
279376505
723803180
224354213
754233616
612824779
958031942
625111068
13895787
239935418
898665825
576246228
719010864
507167173
410300731
727318114
353939866
244759097
245201055
977824085
119884058
329270129
864981088
884304076
888454116
459818883
639781397
70944119
322833753
387548169
814393682
457539821
366210799
676412473
1608053
545176094
743345229
334258986
383080534
906987873
190674355
293328909
268838721
287038966
820860007
208739276
989895517
571507966
671611255
859067430
250887876
93735066
101807748
148148398
787180577
419137981
22691719
551150404
393432712
442195179
96166888
124192333
430770603
629445835
783789307
3757732
649272034
932192166
407926494
228717672
226368282
846326800
401078126
447299252
676204740
890721708
695902655
116247355
134152650
145505595
118007943
7079890
355223405
679607302
431397927
600417976
19612507
442527427
326892918
56859661
967123370
995107517
769221728
798050173
492991954
724760084
535188427
230609043
931851117
105827358
797490330
364657595
545638813
965930233
859598708
349416717
680716793
560322419
913858178
210801631
345071049
813198948
581534246
321985959
922537351
897272307
844168206
823054606
530500839
665815334
900269037
99107094
52469532
700065616
168297169
486081655
717928988
562893048
526598216
592264015
56812585
923950475
111463451
564084248
864586179
892320585
552237184
520212913
922063943
137678344
940202690
172167558
715027036
22621618
887647370
999492534
161180381
653974021
790050158
5895176
880711522
647439636
568464950
268988257
761874773
400171974
358544459
107493276
305435163
234234393
995207752
736251008
83416912
111015919
146470286
263337120
917896341
27549764
556623377
651243206
247580655
887532267
581120743
58578291
79779134
730792612
971283081
391240207
623862880
424326295
282278355
255161437
459182871
536160399
247440341
839985707
770581791
379871743
139831109
632489434
125813729
593215520
466224430
968313233
234288388
307691569
904123232
900001627
857008696
119500717
793859700
829747719
611390210
310989290
367546910
323010261
153623557
393852767
311723686
144066404
281356579
737220937
420537584
601558702
26064127
655448937
886147609
527708974
157271374
411608622
607274382
185818978
225671926
524608427
341683927
373569344
870069595
261094500
211842796
624020209
861039688
342706361
413522332
116601364
38863195
592268555
750393548
175497726
99282186
261285513
322471393
93603744
791066821
177843999
53803721
596520207
585263451
945522114
50355089
854899774
940697587
893650512
861278369
647137774
209544394
391560463
776187586
505195041
832750175
375225715
163720900
71065539
902886507
557616636
535985388
466930854
95480947
905575500
698224950
537913766
602249332
655412626
954621976
960699988
409094083
388058501
663858724
168724206
621237628
171871410
479503884
225531747
712352587
687964757
801320227
793459933
825364353
678388542
869318115
454607913
216631023
313454592
713565685
518848228
344605809
935233540
898703674
785054746
85169219
531111626
795104653
214982004
837017662
457487697
31488094
328743950
994152988
585825283
617488265
500328574
604073660
186511516
218376868
674060171
488611941
495112879
628711122
335800070
287131884
189894695
41873385
926659798
607621859
671287419
686137408
548749571
571211698
168545285
547595246
618267867
213839239
615509612
798105996
699440696
429286861
900695484
884942271
312351037
248684602
808786802
257005380
354857620
966500885
847059114
323250428
779025388
114222039
552652233
362229843
699480662
551341833
728182249
24961576
740001917
105815168
538338302
741343662
831393822
262327578
874024943
465845838
465055444
559216542
951333762
187484115
738681307
709867446
297121814
448861697
79657765
748831703
627087055
992303855
798716828
282330295
559458858
484253482
199165614
784666016
191492287
479565059
71788579
84936645
986942994
320078322
103124417
585115669
540593006
868680792
785855027
229698717
605585118
417719444
731618287
308971000
980407512
640790188
897897437
745670950
558638886
333663976
29016637
36559485
786475541
701520463
828000366
232813077
740467245
327458694
22614148
826384677
688683946
165012741
936020517
8409121
660009491
332752577
192749577
782063511
923475991
278838187
871237278
703348840
689967715
968118733
217777626
963657826
829915601
887347854
487274993
101138409
645481511
535356224
970662148
709588860
451890363
282489960
645709938
228046269
692649864
55327393
137235388
932187321
707123466
308034810
943448033
628708869
505381347
201423041
681601787
962399435
536502161
782835642
116958001
239934280
653983862
82778601
402324807
500014753
443480077
753155968
200115133
724723465
728310008
564720936
906367909
74845100
168966043
270629860
404403447
534759395
457037759
347760194
917168241
698537831
261901991
636739212
507710419
314476285
25961157
335306415
903137302
288179904
220042328
167246535
396313982
225017060
3517544
429978318
225799294
447408261
775050985
866751782
870549666
518375059
8051240
502044287
701480174
928151846
937090634
953679659
889981922
914909990
939314800
254298133
907263449
80726106
226563689
410233811
703087834
341191081
442398983
106490622
464375658
426329007
337998191
594327112
995300407
824710327
582491096
225077602
363699757
20326634
317073061
673352757
481228323
127710926
932206772
344645996
373588114
337070742
217944708
192378538
652205695
165451378
916104702
523226670
908426367
880264020
579618444
747667330
125383799
127007177
882153243
190664227
98155896
955465082
525616890
418926215
776363536
292446139
356351696
34318570
210201347
862190360
995342166
981268178
269190634
856345847
152332898
331126582
166911778
382227614
43324170
548086079
257872429
910915447
519945545
569838390
194218034
306111618
929071416
964455670
944909070
358271891
359773553
155601606
443971588
617266259
191405200
907305947
548785137
43463329
855583642
562219097
687585099
649340742
632750824
168102859
436921501
382150599
771008640
476991271
527432389
543866487
229036016
763756161
160371010
507075014
52363436
36607096
622068375
606362788
476762041
454856343
421936108
656610080
234947684
820478405
37808798
280070672
439988412
480411344
52856474
932116766
871069940
964382815
841671838
796491796
165461480
608029565
593562234
306071760
451200357
835372455
853590130
81076837
868524051
507965221
664325735
130615309
643337177
69032763
739352560
624645614
791494244
5203464
686295359
692519337
598374665
980773973
10055050
921816037
310185284
660625014
850636180
997715432
410553547
916350757
687696881
487138620
457392213
410415237
727979201
828540176
621880567
35677121
940502389
823254140
160207575
951264525
673622883
726998288
303115844
431045748
270109723
553282677
163941990
392321199
154562612
276109679
736740174
374401054
371020645
35822617
949930354
122638447
293320406
727018288
354199190
636694898
747238183
212613666
904425943
471608787
854674809
37740934
827170455
189645088
83756952
995911377
976296361
638852617
274782404
630109136
922921198
93141097
556169166
56546843
657252353
128965872
86762206
169718121
349835641
522457454
248718352
783258698
185832703
452599733
882766656
372551666
416625680
560225350
551422604
565648738
939945722
177553373
858200753
2068432
366866990
827562331
253285171
609979006
752229781
501866521
464262344
637883476
647868699
281539067
108157258
691549628
682936307
447912815
569957680
581802429
798374695
951180907
525307452
798540613
2266190
644038905
626911571
302916061
506454131
811692889
868532916
792901903
871075899
113253896
882585729
326676557
857313202
615113564
469637920
928958370
587854888
277152184
657568271
782325630
132420492
453166477
995341507
480548347
659578109
669898052
404245937
756274219
415249273
601186509
617487266
662143387
812603977
491044087
74591246
329642073
496478595
997157261
962598003
509539727
774150437
688111756
681406064
949388450
323969578
343528257
551247817
725166176
192463023
312889963
96491248
820773768
183555440
675547230
774532411
979005273
519835761
909203165
667716312
534019185
525269971
666898097
832760872
87711049
311461591
804519600
2058371
125974888
848521557
602165393
101211767
157738960
251361689
413859461
934082051
200892092
348858185
155671857
656512924
429219082
652579382
258251405
203070079
972694599
14585008
888441585
539584158
296229902
749973270
157458193
973615421
772414862
289570482
441537926
604698515
660240194
276028191
214147770
143101191
696947655
643771526
794862135
407172679
96815101
434494382
269473397
796417893
884012233
398966078
534676582
567620863
20053871
64387252
532333717
706899401
17931460
795167069
818105717
992594127
931618110
8442910
585140005
498060523
246128969
261903590
578510980
98583904
822750173
32639418
838020905
250663607
841438659
927051667
347203843
50315288
325450729
875851469
322433054
266397286
772077229
103427694
475006388
35786351
155237102
438435691
523484365
111193455
392360639
199537566
87352846
683762939
440582856
626392971
369286138
125952027
33613128
644328850
777555935
601885102
231311899
408572255
871620181
340532635
222200393
436415440
863198238
942054757
632627256
515823004
742896107
84377010
850520490
256723651
295260915
499148404
151112593
993374500
288523612
645793248
679120425
495681566
112409570
900848329
975381057
703244102
876609640
648542552
972364094
418058940
575576202
949222117
747498689
263125872
255867514
710390311
452622048
799255236
849064027
457780716
395406496
504547936
907490488
886109194
893053452
998841382
576510863
818541668
6396962
485887939
344685742
190147741
309407506
180974825
725259169
182592143
932625773
138158195
478070236
128378027
538010518
559941758
157089659
952335894
819431157
862915921
387222833
166146213
494274358
517108185
676536292
888691225
415036074
948373053
249087607
330682635
83669346
807794558
30420285
308612975
233826730
746813178
661965776
270180894
186932145
971671784
954832893
84712392
457633949
674592487
492191804
257511594
905524407
189910189
423506655
188890856
194798050
234078406
155655775
387893616
621586968
377703203
228163198
610339906
707270178
670070560
317129416
714436980
830971802
342956139
731990356
692727899
34826724
926384194
618752338
728226627
135327745
214363090
27610984
692827675
641325672
813402753
988550136
619878760
673967564
927613889
808743727
717736735
672789174
634256626
597041605
502032166
894709736
495601598
414188782
518675394
642998768
171794230
448695734
32509877
838349056
269442436
801710271
736394376
328270055
700585498
570017369
163653154
708695713
427531526
6631896
727637719
595699734
455721241
673579774
112750131
443840130
473213310
109325377
753680796
589458553
221927409
874657249
495187788
217098895
864394821
338558688
772012770
140375708
344417014
534266521
409844400
563897538
95984380
54082896
265788236
649865108
436429046
261902553
836272082
348726234
130138822
144786330
716654022
37927093
390857536
571605387
535880241
802316866
668897503
114766266
844542681
794400889
184350948
984007847
208684583
493040579
890192732
145191760
579240725
997961804
334452674
943110532
371691427
119443257
971107975
845087409
977604425
312080912
149387774
593005218
158788282
239572876
874897046
143731698
686181561
753532913
760992047
610944850
9737918
521538428
870550720
818817692
678090396
880015997
152675310
477926400
909497525
836516573
658122190
876048992
824698346
154169862
708811479
368130378
346375422
239560604
105875259
922867594
945958508
701331638
23407322
695035390
221157971
870983120
687445390
349066110
99343588
592885989
595233627
283145337
543312103
833465721
515901472
887410775
689051721
913444096
889533201
490308617
86542453
282771373
562942067
772379530
271804460
946010558
116248463
786048315
747914284
783721994
954656681
221813193
520810531
157020810
436127201
810972285
48990777
473088827
56371932
952006854
861966141
686074723
738241774
526575922
821704879
112776665
816234771
947351168
736787165
503307522
285227830
988801602
426582356
8144296
189265650
94878415
228008748
971036649
838139250
481138889
191239958
420504433
250166667
700500989
727258829
290587055
585048615
77068246
753622534
587928841
910504698
603597071
570110094
41092037
512350018
31366485
470323860
195618414
513295962
846363557
546429835
577513953
617740472
285737197
864422400
761016483
863303080
682793773
790437521
82787130
848549457
311825046
502256469
982430673
926565248
273287237
972812915
69352844
181414657
71251410
328042549
686509876
467996913
69292625
22805331
19555612
726122410
477918083
12578633
151383700
46963520
314927982
30820452
526304541
869187222
878383594
657420660
389670262
876639927
414327943
367084523
447124165
320943256
110672205
450857898
857686353
832076687
916443366
649616104
824648852
866666733
287406644
549213960
932305158
606301262
960741441
962148073
8837717
921561298
567259491
965803513
280428704
910277330
563772498
869338575
421488925
707905734
981014524
76872406
217392972
828607709
169177568
379470468
567754258
261784751
754062078
624242030
334993982
617461335
23063367
551865940
98397125
479195642
451201948
411425821
144276061
68478609
521866854
99419432
460405659
323675804
6195161
248989633
267200473
514510314
987463863
675663015
403736611
639290053
894830717
820208431
147612976
248681268
985140705
855189643
625084891
429738624
680286949
657729138
774616085
755153468
37522008
951521509
433615816
540571517
973134577
345793005
767637956
75755209
864470809
602230170
25544387
946935780
26479637
526277769
170446318
368543206
244904102
799593613
400715073
684398195
281365782
883624193
994703505
315524051
948082364
408697788
903510838
638199720
861738270
771626241
414944152
705816831
215477628
883639738
233640108
838392838
352031559
876643721
885617258
915439995
219040412
256148899
549373020
790931688
957559063
791019737
175685826
702499935
165614438
756739128
765590326
734963985
823504239
495119409
392375907
225264459
998523926
132701311
71447354
426173503
736025958
769776439
607205733
877043228
968804189
800106914
379615099
42626093
645883926
38082572
937343003
749597252
726504742
988193449
156098111
479206061
417418639
917963095
419807646
683644754
565648213
296580802
678053906
690517343
279718457
234797995
251303958
818237594
172933738
365091904
147670800
432934965
64411560
160619185
646625012
887781254
384572254
941686174
368000972
319122408
600332995
218273141
660735939
602810853
745150412
425618423
54196845
101885556
599454431
716913853
445485032
332215432
423403861
463869386
788443220
395880381
214740317
290985255
126593546
782080355
82238417
318974103
257840873
46617133
575105242
356734569
920379135
290985715
331588143
176973259
349000041
528152935
191779849
258086458
413791682
967378119
158830016
995761419
625041855
527839158
141433447
132892634
350834303
453516208
882937034
266957012
720845314
684020846
739476044
922796270
849256050
570594374
538643845
901080917
104497876
602145218
463273988
567643388
983289873
163347841
222344903
587351669
134871937
874681056
300355735
395452814
678384617
388889321
738649378
436546351
996869258
13396390
718815842
249342119
69209036
243165057
249171915
90599101
921424563
237070289
889702274
754730024
490066445
666150871
540555606
670600097
369975185
195776656
610145520
661953005
859744213
745316335
685107062
884182349
422599293
764308359
531684130
939087939
6898163
998405903
186209826
16726692
932081881
278155527
653735994
788533054
88547749
355029218
448955682
414912919
508203639
369708482
292575240
87060681
843458924
567426818
764168744
244278956
460343406
251661
636740076
311725419
398662709
616248784
184644341
465592303
816595612
449694776
561114633
919292841
652866488
428834431
696956290
35279673
494579020
654760863
126888651
462484030
175193794
93308544
128097687
428179257
41849913
116239178
986327283
993907885
544762520
856350952
190582066
506794939
122589252
490387814
784303008
11286160
385497576
455226314
800122936
821695545
549585829
453304955
957256294
207320492
896482770
789690280
427920643
407826771
304635082
826468470
386261137
732034266
714649456
537262036
558365620
535402015
53823990
75777817
333207969
682812074
882638196
181975257
314105679
776268192
59354588
893089585
842601569
461081175
528781779
946798123
248622488
825157669
705982809
227091212
594281228
715459548
164251915
569239607
41980118
770946142
792006920
858950404
22249033
991347772
990420115
425944427
212304546
455321932
309634038
979026622
241457007
438085754
235312240
455422503
326701090
398510914
371790242
560156805
549969134
693003695
950026251
679815580
267735923
798739584
403018634
307014061
514179144
965108494
234931673
547943235
934507501
348849238
240286097
339640967
91659108
532921093
20005049
417958535
279747474
118708291
81036508
618258673
38620285
556182630
981589275
985681874
155421246
662438866
361327669
661248291
866113553
677068142
627573088
753220531
736860651
601196774
131227067
564068008
515000364
163025198
295695564
883743751
202811618
701901015
856474883
549248176
126598433
113371172
759730429
864155551
513953328
849975914
97854159
879848765
361883416
558245313
968108303
675196117
465986592
18250557
212663276
417138059
763947196
195208758
84400224
569131928
948012169
738541793
919512445
188418220
693837781
707763347
460981541
935821094
515595838
203295807
168550051
265478528
463742027
73891929
854192460
398438763
804006156
727358221
161853168
155663693
956169405
881202981
572058239
909764955
313044080
812246824
828370994
218699639
545917459
783459280
925025247
445982721
494926814
475839053
491203634
658023910
407533244
780939497
569201356
430419126
962606930
928218652
797287659
304507705
26782340
224716488
211866819
979301940
918136763
625146959
379056330
320479547
217351248
988441179
745530865
941158302
783561619
171087859
709964670
154208391
564235646
353708216
511303332
564365987
987665561
574787906
265902634
712085522
55531386
955424555
203565769
298716731
89054703
750191939
970191088
589322020
622013170
311312561
194266511
350178808
953230028
520660274
100190995
242284910
122385310
47153945
612192078
181707213
357522825
143221402
463136260
699100673
915387653
101800376
730322989
690194684
555207493
283232773
752562710
989453248
869367642
884932866
280727081
164858747
992957772
625817878
661542377
701674547
478857648
567508670
68525519
934327431
218294840
384801206
497185702
651680040
923573670
107733185
734441360
653278700
409519477
860028409
89321108
648436786
106666202
325577920
203073510
320874211
146676560
455584455
958474106
863059526
427435475
625495471
887635788
689918864
432072526
48496845
732908354
273296410
554074739
726760619
730043006
328178534
359428722
856177440
787898119
883579814
831115959
661511123
460943302
482127967
262430911
596307234
966929746
406659957
250531803
141907123
138925738
154351722
646173483
101160126
410025097
152880291
759664757
366418985
567188682
709914773
117340244
490165377
567305267
345493698
689221562
980551009
663421859
986475367
499847172
79564191
477888308
485320339
818495253
987859117
932678180
85535177
784613640
337023023
136143806
603475145
52823992
201021902
141865603
218355428
676717705
880894221
291464318
375346826
964899684
946739932
806678171
43366887
153549939
179838216
518644369
201567649
594898387
363719872
532564871
402012067
71210130
465509011
938843764
728574633
633562137
752364346
480118908
511486370
375212509
974665699
516458143
468802426
747260029
64674025
600783533
133517380
669037682
598401547
436236466
322161947
285983324
781952973
931106404
826567741
16183923
913683597
957250485
881771754
145136333
909029683
644096305
794935606
948821179
524148202
715807206
826028138
432987786
219815836
609995131
792187722
112486597
815458888
656937408
402569820
354691077
914147160
69035140
779672424
982737820
828745692
927197961
172533030
32688811
331169532
917663161
201693223
564511018
73089657
101160864
307503942
323423854
785367391
595460887
565170285
569378100
31602228
404613532
628003330
107987963
999827866
964863588
195633125
749493330
629738583
891373479
686640525
575050924
112166695
425163071
119009440
384353384
468549068
606728690
618676391
132709129
21105143
132414331
751677227
537794823
870875524
67834322
556694884
615574743
565609327
58171332
307649040
539386689
714771845
763614980
477629147
626745512
998896729
912513241
516510787
158736986
691843692
399143145
213868052
42682281
411878134
795617203
477868035
46251527
546769638
285464555
483992819
196528614
239285498
656619058
760428486
119842458
599326973
817046177
70550514
937981284
257386068
32452762
835946943
227819086
630193480
760585244
426295770
49862210
397681943
848698173
311376041
332578454
816660361
596313433
304700213
787603565
768680669
688385964
336353049
969858715
546804297
752631449
409253414
177672008
873949794
707794578
291983914
936118339
631792427
23454516
575211822
718381823
228087762
355465161
381767995
77168082
632255054
466139968
889129295
996336465
136014602
819492115
702966823
133687313
626299634
679238456
540245652
952123503
525579027
583951676
434525466
459652702
201268192
248509506
1870138
239756301
516814825
146826297
968011825
62821071
608129372
463912178
396914004
319828144
540360354
331064947
166297966
6923106
417433917
74383752
545907240
643450523
614495862
808029756
242434190
7362557
547032543
303558811
344815552
430742142
202963566
865443704
720989233
521685694
686018864
738442665
157216289
266088632
683394441
491145577
152887249
235249289
23566044
562473910
580387458
937516791
809435954
856927839
700743867
873218835
661958973
111934859
69803211
793122089
921019885
508730092
438370984
830546808
56595443
205218747
146524976
848323519
170000683
766246388
161852671
294929447
202946758
397886201
92396778
285718608
85353178
409314045
464936135
777107040
55061472
539968122
165432548
842678714
586019245
425791300
46954610
262986655
897141665
945645143
395272741
527799604
435614287
8560085
346659161
447914563
345649738
39638191
317694868
295524781
863487852
908789271
843399908
154785155
736544243
548913994
570261052
829917411
885519006
525447818
613907430
595345510
519159846
406038448
506314401
934964533
704563172
914890089
136444786
903102703
6130119
912513760
451165019
527586595
64163798
436658146
3001215
633215409
393176336
258754865
496070393
361527659
53050365
133390100
801254378
932450131
874684011
287458268
532482646
536840603
754791368
270467205
197127486
664512583
522876386
114757812
479055716
999518197
88373989
380082671
100234433
744511894
209042533
661907053
507470483
888963802
766597193
33446930
468498358
879661898
85705628
536079094
944786412
123989957
620875519
447043928
756034427
679198911
402062667
695231735
183313491
435203065
544959495
318892198
824304440
745408388
587183819
825951430
306109599
48693306
241320938
112498917
551648310
571474718
875825340
201561756
918572461
840143957
46570229
59739741
18909320
986857190
424545473
935119550
923448256
389102931
611312428
897063875
246777617
992467629
884078761
692521626
808776236
210164962
920537189
55087951
927733185
96406655
349453990
299073082
52153064
825406211
740717061
634665050
39371405
428998052
415163375
430597616
593900944
440766867
392526096
104246516
327355219
756005028
693406425
632654687
794550503
388595891
96858694
411219724
634963779
551188503
226936793
259970117
3745237
910029363
713697623
815107591
495829562
539006139
716553837
57259404
222801131
373586999
900199993
899401435
728508490
30386372
131827815
582458280
93810160
242864191
48279883
211400192
70713236
201530661
973053986
470165340
322878760
337965278
491922166
267897359
78752513
624965544
912342286
441723687
833414023
665670681
142868059
517461146
655908795
901118886
610158709
294943079
729817741
663403816
306258789
333358166
533253672
797283526
854732589
921969385
661085489
934851733
79062388
23898866
64459836
588075140
868845275
311572620
246760408
687267036
904763464
823473540
748990844
680556700
271000126
732273690
353444847
795955228
170757205
70060477
223668513
977603693
167880055
764954994
735450911
76335521
658571212
709336383
950703476
439073720
880198499
453304574
143124573
348667596
545992535
927187752
261318735
855188761
438667363
980627626
945257
116735772
895172570
165108571
607612415
101645958
44351297
250368962
351840422
957545466
513664914
481052878
519344449
687436492
639604055
270994981
277414839
303999300
534410674
85082953
274908555
642507337
535426689
641192357
761417390
731223710
954321289
563398764
482511520
589740256
419478319
236290552
581986835
877795150
355017560
840356553
811951772
785191360
247006119
10512713
718453216
679126710
151965624
505682533
687714709
72039805
580246712
240808964
74715772
218265817
606501497
577956969
336401808
116449798
662634975
204505789
602091317
419394042
915814124
706102601
817812980
251275922
786713549
775692718
607893417
615676197
824202698
218938820
112310267
547225358
46817776
283478640
374135584
290617426
539118582
306071151
190334113
599681873
858951261
234172184
643628732
353582295
912461072
497614879
958950187
590171970
604950648
986616964
464052184
872832579
253974028
503658093
466968572
481582879
757719760
903010314
308591209
849382038
255070188
418039163
714879853
323221572
72059684
958043874
223339537
379522359
432762862
937085276
784682157
893206735
238086173
881616222
368336363
105849484
724632409
538926949
205008177
492489301
220696127
547167310
923331748
877673307
296993989
77749952
637688418
290118801
986485889
625058527
799852924
28241345
796090448
603922401
220819692
759674513
757069544
384053614
631243116
158669812
788921139
653027353
656982625
1405360
678475799
2488182
481041533
34315356
964061753
635320184
404289965
513337547
641597003
905809302
330340185
670931424
966664132
689673542
126448335
968570407
949623270
931181248
652505847
956365471
733613350
301920039
974137753
392599152
481432258
302725156
753465852
994298846
402842554
338730304
314174108
109528625
447368538
446458601
156521031
382147542
378564682
174805517
995057162
987651250
914272697
244196660
459984699
467863089
264575929
25942664
915321326
706124713
551884149
6330641
756085530
568223516
42968805
214085806
92179476
414577156
184002683
718714032
19665212
490603349
370458424
144095780
688988414
946883230
615827225
42693071
780482965
841162184
935547714
858765941
473490384
381626029
950021227
89722447
96986002
408460393
577592994
195557366
715368903
811356207
228590228
897144368
160521111
912575569
565721165
987461941
402120693
677299740
893721761
848450320
769928631
741418897
824173436
248322002
75678295
917918925
132657258
832408394
879687422
915350242
21361689
595449098
519958456
736890292
507770700
564142934
243160721
251627973
680113360
692811906
470981960
825504586
963260578
10918852
494582703
670319558
724805228
2398451
525947400
836775059
455198576
665502889
907872844
679767615
198898049
623028382
712314576
725062285
278101541
466157460
338369093
21969956
949716156
770577181
928396526
737427681
373783723
807891968
400983893
641272804
287542003
527895219
331923806
968062025
898371525
105785254
578733100
130352840
722185179
311849361
251413098
471467001
129764953
937566097
862838209
233243124
263724357
287677616
985053279
433409862
895781327
347402505
543410919
996299302
901829987
147811667
719004940
949895556
821857224
968823365
490259082
46036820
133942805
230327931
66985589
586929036
289751087
660350933
251315281
681844320
152417904
24584001
959071958
805367861
92228120
866580315
23633866
41204013
334184948
730987000
847549874
426818996
38427571
286586743
146574570
890921835
86959417
3520901
45893291
771147107
203140303
307278274
995814383
681446958
826225411
27323720
103608664
634860826
77859222
487431428
730516549
212991712
391828181
730358466
715803076
989257006
85965283
706005527
385929046
298359572
448339583
852738121
124060824
219628486
817508860
744461172
269331639
495734647
454458316
515246101
222392945
703489449
708561080
79950132
238859702
537888128
268983045
650782829
445360722
798028825
684996811
45382472
745042491
312073003
158395393
607539338
19728679
141662003
583575553
84937143
743791429
770247844
547522194
382644309
564765613
691481454
763493719
755587254
885396674
705756394
74311438
269039215
427363068
236421233
592791582
950534037
572716517
301077028
117879332
618170150
920666431
569147231
756594745
884751236
535834106
406164560
155195814
42908059
593679984
159572813
29153901
276110139
444150013
561244137
670465186
36049782
64929993
600728236
368978887
559012366
190776316
656145773
870824092
760221561
731415363
186057587
907190782
414805164
286897157
39846771
833371605
332666865
149644160
346106909
210150161
651115748
212566069
243039982
261830126
759514392
710693122
73925843
725780246
647524895
739030847
45522679
995055456
378954180
526093697
439307539
607136930
42977257
527666887
387301572
228770621
3098949
602069715
135617687
364076771
347056373
32389594
765698376
233095248
247244612
481119394
950028083
815500838
208329539
419311986
259706222
236016194
222942097
186719412
118249102
876759187
985177594
539064130
577010995
660662850
710218910
555499662
616339832
13109022
194866423
486485708
254275811
116279035
59405080
939753980
999552807
227897794
85195121
465996447
873018026
772657200
275630030
637913630
138731167
934159424
252066253
964602609
966368843
519531768
438282663
333737074
429017337
207440950
173226863
427786008
301910571
349993688
126539291
67208698
487677335
183548237
956720966
930230931
524916772
799637832
514855667
659183957
981749241
647483847
376320494
548226061
239240753
170763879
932827314
119619383
789624969
76199949
47009662
895773630
186750647
452113614
124448579
780988063
644087179
235322764
580959339
657418316
173898248
777015005
482421368
40106025
160999031
189934029
888370614
768486402
160355110
410343052
945393927
812693306
870551474
421614189
662633181
28516465
559003337
341882935
946810737
939949822
691978097
688902416
329399245
428634375
99769369
26376280
944169307
24850925
950098015
38982175
988379382
326439410
469591205
65234171
850017172
809534662
418446322
480621657
548123348
599908851
700688091
6863960
938630736
453614611
310193266
907536062
322036811
220588126
678303320
254358723
380255412
508126398
934563444
680176528
965277522
661245902
756076924
605473269
244243047
176138659
349038114
162811541
140067349
144949777
380737245
437761607
734677269
52446775
439319811
256588758
570530439
878913468
797091612
765374701
470469439
483879934
653626092
542573265
983774664
499086460
558802037
284011665
789639639
200563956
296322179
243002427
701439470
856352830
553987901
279815565
803558659
21069011
938028218
639348364
913984333
706779902
377388727
278798506
626158595
62809276
520786213
390438117
964979961
610586926
345097980
583028423
203493134
139644058
972369281
310286883
78715487
458664369
390617024
640994363
547007016
933527436
799302429
350123489
43227072
214175833
601331020
985799346
577271839
935527705
285068873
207445348
482498225
539011639
707518945
81631071
530442916
676509050
663116088
123293552
108749654
822355863
497017982
71065121
307870692
522790625
757478942
579126167
359358277
931162133
803012647
619898128
344088603
58291132
125098693
539490041
322793144
606019792
931731127
71877299
373614916
203798009
175698025
357501938
978102695
406297042
304531513
162004912
956465223
44973391
695312947
294793539
288865351
59256422
925655167
319177850
633995733
515893027
611217607
270853280
147016928
747822181
271279762
380675195
442524321
108993174
880264144
248538545
373381949
331069658
606367370
746933346
558797781
168227388
394256729
935824991
377666630
47344879
309101001
832860201
222580637
267711313
761195397
446734411
808520146
905612462
763494675
561167210
55998196
473684539
723413209
922945932
313208801
204784412
564365127
767312666
737365593
480577359
561637886
521787721
905456173
560835743
651322209
236839408
819673497
869258518
161149829
250682767
670741905
718148881
887781699
722009651
19201824
353557530
612789905
804825721
797416374
557837706
772598672
471175014
78621054
572167610
943033859
720559000
461526123
484751411
329675048
402171076
799137923
200055352
290674319
970962696
264869311
191209805
351783404
381751859
518115490
525263068
740822370
807708179
736937274
679529157
838784723
433452892
496958743
790247639
822536206
107111051
169293834
643979798
196354970
708087746
234558855
97191604
414008644
75884904
271333353
505506541
941021713
91492853
934646222
853732229
751875633
549205055
652149739
349198940
391593764
358037293
431717625
126399791
649900723
91799633
41396597
321805782
357657678
623924212
192828756
121330304
860955740
428174126
658730586
179364858
715895759
561496265
982749246
941663017
755942358
4273678
762143843
466886816
792018400
173701357
550643030
484424955
532145760
724797879
94055501
42025645
964425678
703406148
467143995
148055868
765553688
502122318
297471070
765780527
470294924
834093878
630167974
77420421
529140527
241493514
407918275
569118794
801197380
363291295
347677310
228855219
752650164
551048971
925777008
371194348
1571228
406796426
260592095
447447669
103612626
16762370
654386322
763071585
20983938
662454126
481710128
416060262
813686227
36381398
747629892
96801666
897054437
692684780
140368289
216127420
914226500
577553179
419436630
708485246
159081247
337023223
135698776
703093602
687577071
738701460
923523180
907919717
472545941
525178448
286440519
454135577
229982773
167289350
118918186
269662384
194439751
895307426
359553230
560267238
19211856
180291993
190134364
993713945
356913
650099949
866861721
930829565
74385958
331560602
794288881
977393609
728786381
23488432
943756003
663318862
933512852
476304473
48255021
612906226
872310342
109394715
70781153
293459102
824196374
437582743
389872320
993849464
957223326
706574238
496688774
66451486
815640539
502820820
71907093
741142224
43938853
754392017
683732845
202446560
369176304
983980348
978542724
871211934
234562938
905179065
891118711
36027647
807456007
1678670
938324868
87019995
912887819
869936128
168670368
185765941
945681992
799387050
914870797
688209973
295179091
876859712
25655308
713534402
509741966
30453940
292405845
690956384
607344356
255367684
83172725
471773998
739111270
520782658
121295838
855651768
843530082
650282710
636393904
229454254
391618223
585326458
848727458
5626413
492623891
151805001
400318024
841955220
227160749
23957559
742788487
862046934
971346848
46928873
495994783
706043157
321763331
219439245
714565436
790594169
475724559
54639838
817736556
46894332
710710931
749555069
182093449
667324295
461979159
978440318
419038723
215918819
49938535
67747193
490253300
585820487
610537315
347843876
110666957
623322333
496953305
823101419
147016101
926854004
534566710
307877793
885425848
374118766
863006295
803185088
615995600
30972916
664559034
898233872
945216433
206599199
969721897
510789714
897659974
501176641
901642528
652913954
725517048
882120520
10971082
180865861
905096098
881144211
548810350
943853724
775194198
911081272
415408337
57177107
35813972
829356696
482915523
81086342
653704044
120442386
780249201
559544871
478911731
157596198
455436284
873576419
977381088
660720245
895679909
547500339
191326906
80977813
249627768
662999574
758136180
973932251
512944165
127209038
740601655
841054435
980997811
815535063
345198745
875506733
814731974
73843750
3627472
579036693
932857253
498694123
672917078
743538737
630810774
160316476
637981529
435984307
658528815
485861424
921811004
834403742
340025433
863596646
907430032
708074707
527743734
409195005
452063462
1378569
807069845
683496519
176217493
705343875
628564817
234393211
699185310
631012798
913563497
513302730
164042023
708229907
257654399
665688926
707433657
611450762
639887171
14344766
139998584
258935761
293620437
128557526
215920641
270542953
648958774
748957393
738255944
974711553
689898066
608189846
862188280
619053801
947856611
137817592
125342062
759071701
31225793
733403805
215987576
694994223
722704283
895371418
531865498
581015332
960941051
638871295
713050861
826804604
340664077
36709033
277053408
362691052
320896912
328984375
791520810
19060842
768053256
285394409
235464325
815776475
522026213
325491560
303118118
47101909
510712767
772290223
784706513
65673685
301361971
806131075
105029560
668957244
724664481
715802538
190993562
630694593
756372215
235258732
883104760
124141313
671812470
51725119
293151077
261075767
728150173
917060552
250266858
781506119
196065526
67733612
443309430
493479117
150125889
883523521
89357787
191428119
190123841
638223030
735780383
661549681
241091673
478030864
593430855
817331567
974156927
504214715
779845156
914231479
925748670
139319309
451733407
627802849
194122887
555805213
792509682
141922475
435542275
594360425
563704661
964589409
729598079
10785926
340281626
429568509
241804010
555406739
313257488
151508883
212029162
265362318
90003631
518430107
234121228
936837273
996168313
535364514
555699392
860847944
258451741
189525295
888513413
43866565
749867314
25178292
506276395
871950389
564151588
418835565
109437370
361591691
965686662
513884048
235444926
54325672
285231020
495827526
911172709
509763780
160689899
849683575
441345616
747470800
261764827
873690974
688263397
910904911
265150655
915036210
774997319
455778593
20492428
391202571
382196791
64769250
950993873
676375153
890716844
601588609
775004798
429589338
49501252
529816467
413976815
919632902
435154686
665690281
847648999
469584056
473083542
407311055
544507367
115264979
429642934
690774166
86774325
464269030
228593764
423718070
376503487
176790277
270617963
520230685
594594400
603577764
826544436
715482757
65581356
855914044
110688095
673735639
62713685
194176217
452563347
924268055
601549723
890592521
259757457
10062693
717454550
198126073
45779987
585146016
201966012
994029400
570256113
617339510
14401737
211144769
648848118
645607358
85306765
754754348
243807914
913667843
331768737
687329495
419614415
670603978
317395922
286402721
126283243
545865744
604292414
261590471
296488304
104608012
709241229
303484268
547569244
997701452
898311167
659378205
112972653
755389772
134813920
167974150
178223382
106142278
59735848
924181554
322354748
600460417
522481716
413360512
837112128
280478810
400479795
712994483
248195786
590952573
938918588
730941579
121971480
532713209
771109331
999457056
716827510
855589876
915772477
22714806
517547325
767111142
886539332
205385807
278518084
553184238
776220821
116854661
58086899
804929802
467367277
964419553
862855043
535706810
491436542
192699930
519676586
847369127
822155615
163311487
881806983
726282166
68739358
205131818
433897313
362081935
453305939
180342673
550035973
100737861
71164519
778317804
535801741
793329797
301821446
390653453
45615330
39378843
862215533
219666236
727741450
464289713
87461283
605619380
380849671
639460585
141387621
453600307
849571268
566591485
818275877
443846969
648970454
160188699
12553862
754901351
936704506
829249579
276284046
790152999
968379864
790357084
362441262
659989784
863222151
269144842
730516886
588636516
722714210
550501569
90429760
490583734
434994697
690488668
987007498
356240109
702009384
334927808
547386237
468802383
201274396
962571055
455260273
407200188
270906706
628290872
708402842
59335167
275741004
509028507
800377886
503762117
812925200
893780331
521712358
400927247
305073098
868237724
55098116
663873387
456255482
370660507
22260705
812011482
292561204
945913638
640060902
523224376
617500651
810371014
493610906
180003910
41966985
495428226
617241064
108165343
735169233
693637057
968017326
710108869
416770653
594726820
365826880
922085420
863099819
182518771
580413468
948092870
737165500
194032173
90872501
499365172
153111362
345131512
518755014
84465344
679637327
139765046
103761989
356210827
438365376
291877644
259165946
994015418
809906466
867786302
477341968
580450259
989607424
668755276
59662844
308483152
912102250
949254019
211795807
557370558
211186964
785442400
450930769
308608135
516782932
349469267
820709596
607489709
839894111
163740975
270915447
2857396
315595944
765669742
737214802
674356744
780456233
766579189
526983457
542531222
541268053
990075391
386393735
857315282
780069538
9375939
818100856
643085340
140353846
995875634
700768669
395510493
155959895
478182033
87669995
136722669
904787032
367317334
738331443
110960671
249043572
354897664
222309791
500563999
185312497
715785033
97125292
594550403
963477796
701126148
958410223
586659112
473975602
101036399
669296225
215725685
227624642
803643896
497772875
690990749
522613088
710899055
996765419
486058613
241134509
95334224
808787628
610232923
729191272
729299137
151963168
27001205
61430437
299490003
639567633
597926972
967481700
372674597
504684386
888039966
698687136
144034057
41928657
93369384
619477720
824131958
253504627
652969291
9793428
592431373
272727285
960808653
512571156
714667725
283526608
27970696
238287192
695795792
236354553
124860886
549575273
877513407
711672177
41573293
834515191
803110364
45875932
919753150
885769016
904204386
587882973
257039273
721698604
991134968
28321461
740516083
684424764
773811679
201888591
422925868
967205868
916777122
746476133
687715367
95691601
273994497
526932972
800748838
281868214
868186853
194873987
878888852
526650231
343273467
811203575
806616425
918980040
377125681
747549939
9534538
833701796
201118892
798911323
549522364
590011105
647161533
417066058
9083122
757603029
360828777
609155003
778373711
963319957
638764512
600144817
68561636
315906431
746118282
849484787
41810996
345231788
272154027
273714764
299901548
433880422
911349981
378390757
485584581
652320166
428967807
24515239
449420830
11942259
715195684
820560915
781299439
378807021
622365090
546591794
573843223
358052250
336908675
499188624
888690585
281777491
820684721
650349183
913648598
482642544
967845371
318218363
610520287
397576491
549091907
387216482
616084355
594354192
918294092
887666177
949767927
976460961
7206825
367887775
321804699
118742589
431916948
399665186
895851553
635038692
940017221
201799948
710468740
798285708
86174974
947973626
186300557
449082743
824390904
693089572
231415252
698307603
452008824
269147201
256080719
217236323
941459508
769243770
445557453
305290926
922316531
762627375
83893868
844808780
632489600
287363983
934647288
927422113
207228480
849886721
727210613
893109563
692734675
708254314
664060222
531083813
299962240
841399897
684464986
671418998
867099752
999522560
786626912
157039798
309842289
69552823
614827601
119427923
807165052
573863016
652737330
77969925
740209084
519780905
547160707
654541688
611538598
264191273
712286998
204512862
168750219
566367046
476074842
636148938
487399072
478980907
705593206
496697603
24324341
886792854
194271144
896485170
879846862
261290796
322485951
361720598
935217193
287312984
865720149
25770587
366572347
19371596
649290737
847490685
158869481
787123441
290107106
422070271
660013781
395941638
965614289
791212977
118815245
764426011
601496549
508864807
146836656
874155882
72218601
264320978
17611665
231666745
625157635
49967242
160394212
326460867
940404701
743852005
798481078
745814816
266165546
580406931
894207363
240554436
262099821
707741149
903971581
39905308
180322116
26319149
136491366
203202724
372271389
654524137
994281184
851011020
816240656
795702415
330034087
944237811
288490087
263359680
341679472
997544894
762316033
696811364
683144744
162241976
109085596
766052054
592543644
908020349
338267432
429014017
318480701
885540170
172437095
438641889
345142613
599111314
767641795
218324233
916804224
933094035
913845562
531846500
112204861
846054506
43111362
603485705
866717176
710675814
54202351
578881088
353371829
470934161
110963755
987800147
941108574
851025738
459627348
446882797
916429875
165379583
549476477
239349797
640020888
628695090
830583803
224947614
994303004
426892774
550732033
491047070
310795368
764331072
794727343
708700572
998151842
439701852
983245910
562566974
218037075
536358739
461717702
773960839
318473859
177536760
696039614
160690401
494850261
172832906
688866516
245890624
26915117
671895512
982594766
132134009
896911966
624466629
963796043
706945413
583037284
719010060
648627922
58335635
490357639
867646393
23551371
744889043
302904239
559681945
48944903
630925479
204627672
144902615
447968895
541724173
102228496
788235968
401495179
495192238
999596752
963966533
419829552
867719750
401427685
103381426
168374604
923610053
814585715
494689845
899905717
961671245
904897009
489366155
540673108
978765148
984596931
498702785
451210452
880796616
411421804
334583524
811349791
209237022
15345008
794853616
