10000
916806476
563163628
484464381
810892109
246317063
302373238
600394549
607045265
346537745
3586642
500927107
694642541
562377926
234911984
647161629
4182392
461485053
995039892
617880188
928907553
165438887
847732341
38685578
411453769
970201344
717981266
374673928
329266083
938147672
878918581
7342498
466457193
385206550
200646146
124122478
78740230
870138819
28216685
263187452
330462865
647682572
331982028
74917787
112715972
711439076
960931822
432106516
113339748
402533201
80207477
391062248
765410443
484703713
903139235
324446356
526082846
552143418
856837947
92744864
751839750
951523796
627533849
435052384
82317481
326784140
775558921
64840076
540927731
174678048
536386400
302802029
229959271
485039896
844918600
390178015
912096463
656736408
628442604
896150808
611519052
609763585
9862379
375612893
415257329
504567004
911920961
679712653
655229388
749412247
849519716
760393206
464423652
167463335
784322924
778646395
163381251
554258727
563849304
940574275
314781086
7451255
492519376
942545827
911860754
470243097
343335695
309704344
423219448
487119081
754965076
298718614
874365281
249101171
265219034
687548395
677714086
562627779
215368679
576280220
298396252
937863929
511234846
975894035
559583466
404801785
904488200
311996195
440594058
424788420
974001484
504918902
52029155
525268743
548495101
112958327
930339851
30409342
430999555
614322579
921043529
473108764
907766861
656380979
541783911
185294103
561739065
844913265
980950334
403302140
380867816
253833038
364667062
43276065
253850761
771172043
195030813
320791171
365759973
785600708
697638218
697246715
515533745
772134232
507016718
671984119
118885271
829702625
296839499
890216773
663010643
80407568
557813723
818694219
862609700
362825376
663216295
588488727
869302266
762135498
669879868
50159440
582312802
124937281
128475096
678268402
794774802
22711780
166648635
237604149
467004719
111765209
819250944
558207840
577551928
488562059
220817241
819001498
3388536
224749786
263569855
352693082
964461051
243943273
705979118
737283570
994616785
542406898
955716132
374250226
798771155
870552398
981537825
450044939
547369909
763918218
433340122
682514695
931045377
855811291
741770791
280962537
24945059
415677762
915188651
376270249
665955655
892415270
647058960
822548155
837536195
243898494
429024217
51123577
20555965
840861725
380771615
648948907
187958273
370440598
821403529
763601241
787306020
487093450
12135825
552864293
750573940
593246275
190794277
530513527
333927385
909506094
610968512
220958493
476272330
232527290
174668363
613437276
495595778
131506567
908351129
681914029
636227390
70372927
258357000
715476078
75870736
7893778
30239792
723832433
949264281
461481461
35449802
136249614
468080109
946832045
160033958
56015804
316078149
605840814
698590634
540787901
891347147
929747589
465295063
154939318
357345096
203602742
967156041
573034619
421926636
28507729
465120725
163178012
532569795
42549842
702757792
559128819
104054335
697114754
834797880
46695338
462942354
949437931
57431501
528472619
429382922
921728951
354942090
145049282
455644230
879524481
583259290
788903108
514253952
148757534
929805034
656106916
728838496
891844022
428965159
570078952
223595468
898689378
922628052
486709754
812334044
934607688
135450468
797083956
392629029
434359456
917902513
641245360
25981944
965322465
380091197
684125618
654672188
227345804
817668813
438632115
830936083
196040489
807616589
972334390
970308970
178478026
499212214
468409271
942072425
597833521
870890073
654452321
274863736
858541410
301790619
25655340
705676039
869660694
96816798
541298868
898827660
328807143
566494692
161652659
733830184
516042146
668969762
666938325
58876617
236895343
939395996
862457834
271312880
401560860
239822024
494586666
889117987
599214791
849544504
475160171
243278846
662263683
599511440
510021945
740496089
323615346
521026353
329870531
784727967
324509581
983560172
710053433
993790054
987870851
890477739
764720059
914906655
745185721
314042759
394812454
778579848
601183925
231443
784099400
122578254
492354601
211764407
141120761
581352125
313810920
790134805
549860938
856129771
491145792
975281899
354017796
290565706
536538213
356346267
644348081
351511027
697688238
127300705
741667277
153558744
2555228
740847410
518070911
195879796
204639387
380814277
905790104
392681371
161979408
582450198
974647656
152489799
624719758
427492307
928831707
880517570
933445832
346064397
828241753
804011754
958927156
673652081
916786077
623757393
468960477
272885328
276693137
373586896
658983013
77128592
959311881
978754121
488429509
4385719
848908823
349018620
698209484
797039778
51269877
199674954
284538137
452581294
633763284
968524823
719043271
552133393
303659127
95983378
589656978
953725601
663417433
939151729
654316264
208372842
619094105
248670766
383459017
990701477
47444934
570843577
332950213
471889248
334127710
925017104
889066925
564870580
824879459
473529172
834063836
84688101
275082175
821236364
214288138
406781535
34792554
872659081
230050066
307787121
776400025
289760590
40125438
556327562
817955980
425694993
154304659
147004097
445681691
335353276
867789802
889477847
754701705
609112718
475284203
630532714
672632867
794815152
542580607
489438585
934360431
795104256
273803662
381978278
539242975
820067457
592770977
391840098
927901331
831665385
50920924
233833019
956847332
656860477
727411875
363359298
33064843
176558091
462580436
494651235
445491691
499180385
784474533
39527098
3153785
18668311
994868024
671680687
763165414
810374688
985934279
285555195
621486994
765996904
250528258
406407961
127207
940924515
337906124
789400903
425767978
709634187
796513156
219184180
5890581
768158991
136056482
55479005
797009055
233768269
172597917
580784649
850736332
4899753
947465543
667109727
948840972
202392235
276271094
486681271
841192309
716938991
493694435
264258834
898836116
339051160
1089543
142783809
645325807
293306873
584655422
54670450
808514316
31592344
948353928
26579721
406325233
436190217
77966614
730938413
443754926
922749949
371012825
837678807
718880995
844160670
701493158
657721811
112137171
967634765
913098227
717653391
550928238
997331537
551373289
604193756
463987513
319894657
434823084
233037160
406509506
564245261
88350706
372508157
541126687
655264412
305715687
587875496
458615111
278402317
343765450
870174042
190887691
990313067
237556063
496098880
713913278
431553306
373910245
938154835
98183961
954386921
749586354
95004863
554529522
534852010
276371964
449657835
530811568
2781392
22250063
417616041
8580554
224112225
845383567
450998345
785135058
467264935
991426182
76529044
180555575
561691623
936528486
670157392
847676111
410883272
627488697
506964016
996565894
414705288
442280250
843483543
400954671
394046038
451476750
134886822
686731070
496805966
106564726
638513576
833305234
763282950
119843584
611602527
698791754
378121156
411113788
409606278
90604111
575472808
66445093
435775898
390785110
201354280
443320820
280822129
596362983
397405261
847623542
505140238
817502115
138328332
864986205
303827520
589492380
2980006
333139887
924263933
394208057
282793873
579684967
969097649
394709934
938528219
877368815
860312892
382773211
657001240
300180542
241489106
437111501
159323259
339367659
653326376
780290020
163998580
33044398
918126666
71812058
197764581
59720280
155752964
768930557
988926740
800396209
943109976
991566080
626195890
153587560
918324460
860771947
529133096
954528395
80046570
209066862
649088319
681772439
204968431
378992190
531854828
707826194
152672277
197583206
131561195
381190420
482485165
884326434
179088588
212679802
645745260
501432393
866021990
903544781
984142498
938022200
329543791
915054204
226614304
329415097
636605929
980809247
208537412
110563979
550523957
119520771
374484894
375749370
920225715
325600243
246202276
280804443
89169119
107736854
311303223
844239679
353478436
245486879
509992010
910182735
25059515
404338991
269486784
22184771
373305502
956318015
870025295
818055040
893412578
797999690
330469207
686126035
351331469
843852564
296675520
172334522
521364469
396055693
464684863
693619512
612631226
330210765
628765580
190042335
90002860
729793099
874400762
520385463
43716207
685079762
296214369
82233885
417586206
576092855
605496594
971216543
753088296
559144606
440410058
791783224
713153939
250548518
655311773
169147902
656657810
626598491
485432945
13287124
340113786
413216396
471513594
357337923
467822169
661218663
560462701
795599716
401036490
198342736
587731312
248901577
670288902
198633021
213509863
217136469
898256592
963052043
157795480
182253935
881043790
862554433
962830984
116758730
328355238
916366630
286564627
920616624
694047337
293049670
351470057
565008214
429838839
641257952
66119558
541264104
38462698
621986057
439113329
18806960
825035803
964951642
43176702
594278867
234217942
628691287
173210649
770772410
288747076
185227361
765083900
442874788
330635138
820685248
40394095
89857264
160877854
662371203
424541827
678207273
93217085
698509482
274318514
51513592
439290168
820296097
289384986
230935615
348569331
788769792
47747138
568576490
722737116
14475706
205872132
268056364
797493416
608368257
66965364
241725989
929138190
106112754
808448841
341021175
607960062
18214481
295437164
317689607
339572935
593898391
26751846
379685409
521611739
852066062
880767110
7695884
108424004
927308633
970809706
886064342
452599055
105898735
330019625
256852881
920695368
496078140
153979787
507001126
884184160
990788526
78978002
873360610
417609153
131490626
61232861
512444304
356676190
637026703
909533754
33695380
704453336
895805367
630959836
592586531
906830294
313565982
927621378
162238468
741734954
285406230
783871161
2866750
732533524
896689402
849120345
752181074
187237297
329735572
917963946
505789223
110982869
168961957
840151550
349079298
86651365
519555435
141265888
329094901
808789939
724525606
845832018
234637388
734776551
26687497
266826570
533577499
243085969
817691543
429386275
494121828
523609844
642050867
732318496
67122765
851131402
161297441
493839178
246745493
600537653
78115678
594166143
669094222
446610361
1553886
466268530
728130664
332498914
831592423
408426131
855529989
834514028
938417863
312649856
822801715
618281176
243026521
427916782
978929835
774035731
666641878
79511293
700288060
269363885
978151347
808081753
589246958
908047697
989187666
573704272
737148958
404976408
413884572
485213867
990655114
58098578
384833145
984731542
580132817
22394144
375445740
639256819
175196947
530802666
652880307
535870583
328205357
398837824
323746
699435350
786339301
919864870
92594524
336317444
430608719
355377766
64563080
391856427
657259866
459721967
681901793
990877510
104122235
843499010
92872362
18628893
845832187
532777884
540654737
72501901
15766332
215051500
514990587
531069984
302029155
74002503
102735183
299149203
815973769
820746074
725830280
297239425
599261793
664209001
530125534
864349884
944697367
319725064
582296007
946588984
498866775
89943388
142890548
842161561
179788316
534564192
664202309
786201759
470441232
902113576
752805397
395879719
353315318
43656536
643043378
26179766
515747361
752925052
364025968
489194095
540064710
530792243
966432785
727389666
780255924
196048581
215542445
804739206
314283953
689064165
317441666
858303034
505931150
37705924
322803988
220064223
454385073
930275716
667928680
725300089
827611016
178945324
210603145
308667641
225657150
931124494
577849800
212040109
758355440
4459698
807386218
466418406
774630001
718097053
187620559
332121297
614056076
411048989
781666918
81628936
605016889
650119061
3232908
381832272
298848400
775335883
706184946
155863259
568369463
192379384
584188615
179008832
837045325
285833039
110257893
69590114
751104513
473058993
851821531
68133448
537176817
902840548
605681191
627568585
644489120
4956969
681671207
748861310
620583299
681974493
174360030
257939474
832322832
496961790
652180723
915177653
366940618
478843172
796680341
563478661
341148841
262140968
395425455
134141113
262249244
484325673
912629519
90381357
982771754
326247718
704082964
979107223
418448670
454048670
354079946
84632158
210672355
602944453
467843645
762397680
572367372
22654723
35107530
570119333
87090840
695390773
931974332
212322832
143527284
761134963
223447816
145874342
747532890
390317961
221982971
118440960
902239007
485797936
13486106
325516807
779375142
749060623
91140242
686112351
345334596
292538111
423586817
394798224
648018228
112107636
534421479
407870089
664330346
962448884
171287027
792139880
951695291
51944780
252936231
120208797
758099205
2765114
428130012
271691192
410088663
95635669
998264790
787678830
255034102
718522232
266290177
158595725
244858806
993062216
374542626
13809582
375180428
254775610
205878118
938880905
938604688
941360514
802563007
104434472
176374473
611267609
278403998
378053903
710051106
414682930
45760946
495006955
756463387
804624783
678818228
500532209
155586899
592056770
381484877
155217447
926931813
405135439
540210994
323687571
252996734
690832454
929772992
139947850
614360937
733760333
261411227
446596140
652678759
581463601
747911169
494166882
740981005
934047129
724016596
567866250
720492600
547252260
260015558
164495915
839156249
85140782
127451065
409811660
834803579
252248952
722376041
393890242
133904535
439700975
748483309
660621902
601433411
982812712
256519832
891275246
840453188
731132294
130810360
573482143
104481720
302015557
587994893
947758843
313552835
445663812
132150045
772245574
52387440
396380850
86369998
303772563
864320790
991581944
4246458
866709454
43047213
487129007
861452040
828496850
272660536
594852049
346259436
394185035
345402497
864336887
642935121
590937389
504944914
540676105
815715113
829272918
668552475
963670225
365190721
278332186
952708080
153496460
199820269
601672460
28068196
869217426
851409521
984031064
809247207
103166131
703408355
1279860
465403430
528478583
442827268
62763938
413467977
377975228
166963429
700193513
622231753
487190263
228728631
412287138
205592182
361771995
433508611
161163520
649196594
304355990
433457832
271714963
280363694
961604987
666392884
226974672
422506668
631641771
37425144
954885668
549676486
95612344
287520299
165397901
52175631
36671835
803047401
690120996
714391781
345710684
448075170
258189963
750581150
617763839
284343485
403020647
849270121
413289088
507666111
331086906
138365447
163324360
436375158
15019306
172931368
926264555
116454581
598988203
460047689
39786510
608308257
911192003
316052685
252740436
792215742
470103429
123229158
417352053
786069376
944208047
749180201
485879888
301258466
346460834
422649028
779084593
201682886
175450760
943241462
196565496
817738830
197434294
250883178
67411077
390984829
900154496
678514090
907684391
846941136
490724472
224336597
379596195
461669212
544718320
248123135
779605601
256156274
73700474
352925515
833418389
225680242
440827183
313192551
599557629
580386358
334950459
402064048
709660515
130149812
241580690
545277209
336685505
654804300
459448903
89122891
168127632
332356586
325398624
29885522
94247163
212665327
825475387
236880019
261480198
380578974
953349944
228683507
177556838
948687116
279366143
136228992
394324335
60692995
388917943
361261487
615218152
193290468
857401001
562877516
801878468
611102755
343546532
57567504
734231271
950937688
491983428
224879386
754128194
323979231
290645288
49541451
728820086
16030052
193899586
356741944
727141845
27122861
819096213
608085165
808505355
59332201
775934018
619434444
228178167
190636175
650046443
43329876
63953595
618151157
26868132
497551409
208646277
22889881
194609879
17944093
288232389
441475888
102836858
124218075
394190707
404135592
672824559
182360020
284726138
841277406
90036584
511656602
756430326
233241096
709747617
90232478
780486731
644573444
211041105
710245541
380511230
802592698
618398676
927185533
574727213
175554910
822393358
770333124
953998942
276105451
81990484
471027583
328150255
519750209
81431704
333140951
25570980
967092921
370304910
290238214
38012393
631671159
727832335
509513188
528896497
633849033
61260345
51182706
111987996
350826310
362574543
890533818
424994887
676160669
125174699
758522234
1181587
633205979
852176329
750413871
669271052
924745395
720422582
480650577
690298332
565779534
156264272
44990331
547938549
315888721
519428245
228173230
52784141
703529385
392822233
454012969
279664507
591445821
218011070
856566503
555608104
16778655
63708864
302995589
798823082
640579746
933938589
491538538
278892933
493132727
46627941
538879625
83949095
945735192
183820169
997821719
132825296
758343288
250832388
423308489
830755820
292683651
734446765
193269952
990379890
882625989
159782911
688847968
770510041
511370558
777268323
736587958
290285018
195407557
885105962
934950796
853806129
48263859
443641900
861847366
177311951
3645631
618256049
538745290
421650599
705612360
523732815
27713528
188219482
167399486
244299977
153354922
202024453
891282048
551000232
123889658
901630224
894929306
97034127
748654679
648299398
458883138
21658800
8661742
395790461
328064154
318968293
484856914
498058575
545452221
419410723
447724187
727590839
744179587
437695889
725630962
539543170
540458386
644570803
771961483
427967472
936358012
604812853
58360534
271861241
346208876
837876332
668651819
58266907
775397331
807838707
58848357
594870773
156992651
35447207
690049905
358200702
12981946
827245750
876414793
825534225
307884934
675865665
501807637
887618972
676413977
420871393
674746333
369439660
806741249
917259370
687909120
428423162
249870905
872195468
724501737
945696406
350186326
12316703
205790040
465135960
318583320
188774001
571774273
446227456
675530737
707033359
366217913
85675342
798728074
478494254
811889664
437045559
69929014
802590920
987078716
354037171
525568819
597193530
99068599
424020082
373892658
451191310
483937356
457115313
757053241
685331023
438776500
121723710
342249275
165915710
832794241
901435766
151288553
114737214
767692466
19865531
311357318
501143062
532420980
750788842
119660995
812588041
784952477
940094089
960739767
404866309
585848348
2219320
148575280
451668
454602846
916633711
527052531
226355119
566011471
987334456
597318972
921256173
567240662
59372731
522134764
703897165
253413645
926880146
136751842
104836612
990021301
260714124
954401912
989372165
219954361
159616476
807194150
23968930
744657846
981644790
621434544
160129710
186802755
744349448
409789597
214546075
718784674
364060003
625789641
273792526
946686782
459931146
383635651
410702923
349796463
724177553
495707089
121248858
514881403
510201013
738543291
493924966
576085252
57989884
391642924
732129800
272156212
415052832
893775952
991410374
557079824
856940086
80620823
52281726
102189524
763279766
247623376
404407917
706119606
589164254
581347614
235298969
715211998
806195742
51928961
603249223
603661009
385300776
315631002
909135780
632852144
910124791
50834425
235688458
477298670
679954016
321541695
883969705
619529270
876686105
1314539
958153968
728689316
686090402
839921018
229999083
963611427
893057494
13354710
699735300
337817146
377055384
619015274
277212741
429807663
740407200
180350749
427236886
359405194
973234714
439348359
792727990
652156249
196806806
711505318
647652753
929743792
224965841
224019317
56219902
247080755
402154581
869777589
689275300
352177115
243723653
879124683
412752012
312494281
278094034
34586170
480354672
629840129
689573207
442337397
853805278
660263010
341023846
369644759
273337601
356707949
503727695
685665869
103407701
332192643
554169136
501706916
654801292
932455006
535673721
839041366
13238971
964313148
143568214
642913539
177713935
587416675
572052599
676083961
661677427
597314217
710184623
340477419
731330034
820824417
306210879
977560232
992592680
382970553
648283909
306982942
166989298
341898710
89496871
716789480
717665817
993886785
30101165
825577425
411280827
353339396
737971348
27810093
165850305
125810220
295711029
382068708
929585267
6253515
796979313
106812507
712772443
416395723
588612610
788614181
538547435
61362554
442526207
453366200
406203648
694450346
339168800
922146358
301459683
105767759
407117683
899499441
182718960
346313467
220584148
9690081
788932791
642190367
732332501
57817364
461248311
320731998
214551868
862352455
288158004
340574811
475504492
467946337
791519151
897034670
188423157
471215560
762428897
541354704
617147159
834920230
432250603
882087933
60682737
244520955
612057061
341899636
667718008
265584996
488506383
642566160
537492518
580251232
309721968
386518745
814053474
558125518
544683286
417181104
49942746
435942708
554003423
520312732
952974977
476959956
569887070
793102498
225536136
628314016
643695692
157854261
96095290
983423412
291839076
617496930
855956994
247868201
19568415
770460525
386722179
525275143
10068111
158134617
305973467
686528913
412448629
739709411
739103921
811863303
411064304
782399218
423303386
318495068
462906609
557411820
863295314
919074969
733570669
307858460
100032043
646926706
382704869
567325434
341412001
161771384
978012667
978228500
75551611
14491407
574283847
988031030
489420395
885327880
62985410
464017606
624086109
240081092
671103329
913940894
650952446
883770657
116621301
930974264
691110559
279827168
103630132
635335982
524540213
306769466
645893974
781233252
977730094
731417299
56178029
390295885
283312912
222307665
774463862
388896046
845999324
194401078
516745530
758516172
381826659
496096371
75280786
669483780
706317449
94496339
336758109
261717452
48093774
356327896
632312463
46099934
369960295
657146871
839543815
858374590
785123670
782279996
313596715
952283112
40292210
994412806
310070531
1264516
157432515
164020394
598319494
287552422
393901076
485220051
514946654
185722070
808138527
41005471
777284465
90784123
610405192
916928070
684215021
972440715
100724218
66110393
240620556
243614027
817874885
805353069
775558572
871381628
680679021
648925118
601331190
700711603
575078102
855851194
210453842
41869785
668086
875866830
965140374
873802575
530640430
338070672
328258981
145418278
12070884
7249607
377135305
400593627
960703318
954692357
728339414
182832344
202987539
981078981
855546446
247442782
257534175
506768059
911367006
893109285
558438894
796388544
631882312
161727284
754706663
865989287
146674530
165482595
877731445
645001197
677372450
941048889
16732564
667116812
87319828
822894426
942613864
94474202
645099049
28444417
986848170
910286002
961970608
960989695
516742009
31279755
182061249
518470474
169595066
934198155
337743608
346668954
822523356
469031804
817069450
486148834
601037210
133003951
423490393
862097459
961750994
335364291
432397901
819167760
321578380
918455388
401553004
542800971
630772660
729082397
293336292
274040908
104948093
946486899
475327653
858205681
222381713
104648667
743043964
842938015
273049632
754671038
525506441
824642279
824626673
692328765
663939727
653048826
901560174
957943001
338113657
657601603
346401077
89925711
826471194
538996874
656224537
977099587
784477071
594366937
686517172
498643010
871787241
696969248
317403132
911052783
382567095
655637416
230346360
779619557
880298515
797715588
198978363
408967390
248505480
293329005
464117473
62266956
436666952
565578728
827060895
929292272
826860302
798941086
924848150
519953602
24670877
61879423
791173395
232752436
279455252
317502697
69333850
216248983
482055397
635938893
12330372
204768549
873604603
572439640
341938231
584884345
456902471
821304187
847686021
275595807
577806080
925649733
578392316
499640457
419699798
564027372
323057484
937822026
854666123
229556510
417074964
374064884
967444987
543511779
682414937
794616301
499023860
640888584
989023422
917785902
832053014
247362417
641227543
934920176
775376647
106173284
349610962
548295517
905180326
898031658
247495993
645642860
316879185
234804943
119128374
192686679
931709289
969765131
79653854
517862717
68636508
809512802
60601711
821704412
829738479
273542329
375059917
420934113
711553748
324184703
560225482
473626529
792387819
642027287
903490642
507083237
564733752
237769761
565913023
272419414
469277054
116229678
662490491
558825706
989670506
513989172
439006189
611656692
839459023
222067638
297023182
397705292
380716012
375165949
679032823
307042907
593013306
292929658
21392187
611236558
81112728
641005553
925215103
96515321
762438950
690257819
195808588
599833552
274446869
670299603
227961804
136932185
687758878
997650901
893075967
788540
932663337
639457629
743519614
278747879
497454205
778401284
500954118
384649445
575178129
21524106
963547201
330606020
43525931
543613969
748737457
712467408
778146603
837445572
982796353
255761257
485631052
301220147
693881271
414344952
171625865
68116116
314381030
250695744
936414748
644723647
744671482
518274883
998405225
7350753
92824497
474787
16069852
254628883
73471529
281910180
711423312
780132366
24819084
564641885
570036053
724117629
17359775
235206472
334889925
965503315
806407802
562632269
617816190
526711297
5466589
505568867
604551651
185569449
942142275
499534132
197604842
330975061
827690705
698453617
698417736
182059139
906529848
395348031
342613344
139086287
850268649
676907868
721752592
44368816
79890252
753197914
976151993
907075030
798638691
381669053
24327735
879768098
998690212
965513255
941958817
137061297
557297739
297665312
519270203
616292378
548794609
954655956
971027041
576490319
25254964
768749999
359439794
201681040
753389741
602857766
205025524
526018292
376840106
258631681
189070863
857298149
111769924
425257086
86597062
516380798
970948000
721985933
51325348
478925057
276362052
353830086
704025237
56504056
997970061
688518757
291357537
125929295
286967200
394388363
736399781
732824706
410445219
513940079
226654525
364652675
868731426
710607594
519916764
910813114
524518358
511624373
174144167
693114966
73276530
985247904
140859074
150562710
185005700
528819344
336184133
856012144
906124937
771703129
84954061
659442660
204187505
616253758
929617097
962335938
41288753
160139175
116933907
62037153
153152342
835914321
349867094
191546507
613091785
929710162
763088065
485363627
766300160
492522027
517296814
361015769
645532822
424590070
289427589
566396154
137570214
233341671
516394452
239849108
325017099
458198553
692362546
431344507
765799594
814185739
31112551
829698875
174052011
344589697
29173063
268106559
328323416
349451543
756477218
826782556
64332419
410302212
614982342
242073239
696330856
503323867
943624142
829433287
538219650
180370722
222435771
404172038
304632906
666605569
359015006
893381848
115836575
380622720
974345355
926444394
416027417
784842313
402206782
229075063
201074895
167999630
511192378
409172563
699083412
682082124
569837944
775678095
714449190
565862707
952172944
472534467
141269332
301278622
355343103
842654261
914972239
765716155
681117408
581088517
278030079
75736681
831927966
447745039
469569420
613070685
447212198
409506806
628588051
488715686
883105787
480649011
693877737
261222724
348511869
184613710
857306911
602974646
82109241
897753900
390870602
857953417
977981907
72543518
895249223
465451229
13328170
3130853
719465652
685207033
447222990
301287759
80422640
513338255
198739576
349494688
632626358
728340354
162359877
360788877
367101147
715913842
294803961
198629569
284903979
141976912
199776820
145785334
552358013
109625373
996645293
713073085
848567416
930703731
426907652
543818252
685304609
746456417
651875106
786345445
818017295
842541797
562204980
786976330
697872047
587975579
585205037
309727168
145920612
139509435
516627104
187391264
500750645
703420572
263882169
586315059
879174567
939307654
939913090
811552899
554170840
42632591
731939460
850875148
262612052
574856604
195999510
181036959
912100844
57008336
856377754
810514731
264937647
684583330
481259407
173364173
103413292
28826102
787035229
652626877
906988530
317368215
427459173
266348209
560549960
358701700
424371557
498510666
173744516
623258694
163904639
541117037
929658657
91371056
795030588
716086836
423434798
988645519
385334651
723717238
922204139
164014141
440577173
728522843
174984964
895189184
636562045
341866865
544297389
780703073
705673050
578999002
101605622
274177973
205333790
925520938
827605061
656688970
323030083
581208787
341903585
756783883
665976028
965123166
927738350
90230108
48925826
697552913
970994411
805075455
890069737
586669850
688677144
229952192
268820305
748187957
585069384
744726407
283013215
193140660
944952302
719887305
158159362
153433526
471391556
676968012
22749170
111047939
150411080
463144690
759094935
101421434
473964292
861429133
98068324
481691197
207075344
469589180
296513419
692217334
293449072
904667902
162787999
81614327
576364869
188630040
564026011
935067716
812806988
223506720
171500732
751646635
847999113
392829895
878886788
590348872
541964967
681590473
252931762
815463920
716905906
543940917
812612291
811753970
572860311
225301405
23333468
715831991
919541378
437292261
221379396
61129473
884032508
326258164
342902638
379231727
209198949
829680383
669550332
238378041
467831336
583344539
463819281
242846426
762406495
759337302
804132716
214028436
482813741
706767975
940767182
351447644
840429338
18034080
601874388
120118560
998003619
712641873
894155504
821911329
276798728
517808666
441413526
323473463
252017500
765455667
215995707
877785497
520749265
563293512
690878825
93304795
60359806
359570045
580981364
406002234
806080776
218857212
625538076
924412331
988194327
393498247
89939661
485944474
424102805
121571470
835867081
86752848
491942274
788560942
135279751
489946418
445449942
440864659
511207625
626135458
958637475
232891545
742506284
126800014
853469560
367184280
250981354
914779750
853381457
519757045
74673863
874374144
112901817
656654079
964875456
907121800
111925454
293166973
179679357
135161616
697522734
321216393
140062408
904405793
826544970
823582793
892450824
235195140
91955422
91456841
9448698
930962901
564115091
828056065
899612334
169014194
705396456
617613889
413435737
888541288
894788559
163698029
308396583
496246246
337838459
315008420
576734265
513994712
201189563
125659571
409925012
251227069
626079139
345935471
473160158
427663317
534680226
447573551
884395230
805435654
139931510
980939503
976604962
716372325
676656026
504392913
758169034
890201885
921530388
122150196
757994153
740972673
84336720
558721420
727861462
900569968
493128669
78039795
210082739
975153408
168407443
189250498
439381863
88196735
736987897
905668551
551696074
851795565
103304430
598826816
797777869
543397228
633815926
331313857
338228255
819938606
379255570
435831415
768073943
426023151
847811362
974539120
578595506
470282667
368475614
469449847
260728289
719072882
896560370
533969024
615354571
153758152
716859126
576404284
800710202
548883318
183692854
596018758
699616577
542188976
448762303
212660608
840025534
793738672
923739427
836822320
502060454
841428049
552669094
742516771
603225679
491789892
560773258
761455221
651017031
373615731
513420564
735281903
354857482
704380415
571193653
381051590
35900371
113110856
186789832
308281971
939745107
520659870
484879152
924888860
26771003
111117406
103487613
347048128
534051974
690207532
638191327
743211761
552972661
615748707
692639048
564446439
325121476
826409146
661422415
580957507
175907844
707273209
612609482
607731731
413822064
127086008
968143869
534243136
28945899
190135661
615188897
26336464
873399667
37970937
157376069
194000861
536029995
277418709
21361792
497311940
883361889
934100483
233607537
603063006
474460247
376700495
872257919
801076245
351153474
743275067
960741651
297917219
853069005
587897951
761838738
938053559
653646818
446651764
949102981
432198555
491126295
952576691
183835289
789861680
30750482
967333831
832059421
145440062
196122366
254249066
964316287
834237617
281481129
559366634
315823803
513176767
48941919
850702224
76279049
154955645
335442302
960927191
317994120
864653864
709317587
164115059
439998445
253464220
678658741
889052316
792755769
9324267
141194280
424224507
779237198
505799190
534767170
140504682
964429012
561831069
830325431
296120331
200188381
306372196
80635496
869332043
76088719
623745357
694738894
191827322
354591710
739567712
421339356
136924978
390303903
374723468
93349450
621096764
592131074
104123796
459565703
994954412
156413299
298478738
357349093
574706849
908035445
118613835
135038174
616158269
622859366
738855490
940593220
144288890
510533063
353870175
7378281
288405234
793659072
303890228
943199367
772818353
670462585
70786561
119683533
785073738
167384908
280472524
942932867
297006009
660345552
328364022
272039064
155391926
92799642
243198815
797672285
342949661
952512658
546791093
446308398
339599780
874888322
205138288
102176075
736572689
733499551
941124632
37684003
808414477
873069
880527974
855414574
777028131
365228216
917717939
95874946
284428311
554175260
38843483
123578733
65733420
346019287
923180123
166224636
423348335
242695661
663004405
756662041
386548993
527669736
142149329
909285362
346108392
998570601
445398159
267503008
55388951
457803361
837737218
292025492
872932501
536023275
28976762
503222722
667855708
663347872
214178430
143220469
917463907
466217857
473730276
111088872
759139506
543801119
622653735
319563082
611563714
109249024
395102408
93121429
98631187
957742969
772991351
653846564
884390242
856736542
233315525
974401062
539592037
769237555
778231756
919496009
333866637
705752675
382787611
941434689
213999189
851169294
481691407
459171513
831844148
845593681
427181981
250650600
15542092
537142034
416530727
531731596
463862719
88413122
736556507
756856735
192165886
54949773
495950592
304770658
432682236
273691693
68065287
471239627
467234990
285231070
343940012
319931715
255000689
146046592
186781356
697525052
180396004
439590699
836935277
741203121
732272640
858514301
208847218
396808756
264563642
795221198
780687363
547314942
615883373
593969608
188073907
966674644
343048423
491906514
377237885
151691156
747214060
397156272
785928661
601831779
222701338
640984817
742476447
543643219
479632033
281830556
306614148
772714052
703451554
412424954
34577537
338143008
448965259
358480455
156709470
369594191
860232526
797110659
134554743
465162141
881212654
485069283
450883754
779676684
259038395
567057679
267861493
211813116
228399139
270713253
497679947
566270722
797244622
43072241
470473448
314269754
25849381
435781232
389695692
224919982
694853522
856224688
810639270
301726924
910051510
977600172
206881125
276160834
808838150
865653797
424971325
9170861
978314042
827238846
136357468
858939182
394557493
237937618
151039550
838369422
23656292
479481580
51870241
883312960
664706606
658790641
361056941
75476815
328430901
715878655
267091469
68136216
597698134
938464618
892033364
966491427
734590583
10086630
310158982
876549261
701033490
781222723
316436473
968130802
683874854
349883314
157527419
985628873
956511921
145826942
178860710
821479007
244092007
729689815
3494641
980359637
568790325
580782770
398479912
250246443
932715505
773260695
281911258
394809086
446489031
826449434
674410875
619239969
779747427
270871061
735237615
331028463
592776885
762089277
369412980
468140207
161672659
740295132
555010704
206354077
96167961
623053753
818733470
559439425
463926450
603939778
4589268
676884433
502442639
52006600
772908597
755356717
353158274
540773168
180478584
11319362
58111537
722211602
164144182
14967583
440635059
294683761
555511661
453038246
73561076
207402505
731858390
58995760
243542572
21601360
248932980
590444586
484431517
101305670
383227823
145189326
462847029
338636982
742836755
290760025
503209401
91508269
826535570
314783847
186135642
376615382
943654501
382420515
119939695
830230265
268339300
189671260
293315166
304750683
939948764
492111830
121237066
957259145
353169761
948607758
696865915
491954695
224927022
511664247
68410629
361373600
634195076
973267508
990439460
697585419
317535189
165827641
202943983
797900398
221863349
798095934
306923229
656520240
896807862
686190541
299378083
429462690
735226328
804372863
808308086
712351293
363264456
398188046
758883055
970056508
549473949
990046999
518828226
868983559
554253630
320558973
661749676
334521604
105993114
884492459
54973690
690892017
299923843
253557385
45103875
498825226
346840823
131228188
634355703
630241193
172738624
585198903
736940834
401651027
302787126
58469008
318244865
502864985
386608547
381155795
915255588
445906612
114340197
7868499
42997544
415615073
834481636
724389174
766033416
686734769
381463173
339450185
816891221
206561418
788653474
752736370
99785747
438509375
30249573
328395526
36615902
391766143
502798551
958921081
425353045
208832887
722034675
550883941
585659916
709709445
276249548
945684982
879002100
387902383
218814127
184358444
64016934
450224695
153874358
668803590
113669963
188098224
945058384
668412290
999522285
376150281
957350702
368929790
727967715
713061743
479719984
448698289
368275996
709904221
563714513
178660851
815755470
587421422
422444374
365797759
147785235
331612847
791856345
6155772
308432081
828605566
821419588
97490209
643063506
907036199
732785217
877313600
205224122
888520787
944125491
818676651
901513565
555118251
261700961
506069145
982972502
690835184
191333547
607945037
253606236
418785118
507499522
744814527
133820030
665363737
822345187
462155536
183995045
342614916
628530105
454703308
361572711
475117817
181552190
963215392
168836970
214623583
416690309
902337286
425908251
543257923
361276071
190787379
515844099
392586411
440245563
512093425
436480632
83771241
327935810
785498264
237972370
341140134
723492798
623896343
69582464
435072546
117581433
528711340
318936006
981232719
337231882
111958359
907240190
499794214
359899020
375644976
168179564
751784587
960624674
579997072
350744746
718381116
484156120
125930549
477804935
610843538
773507125
330404134
833541644
253071431
687647903
628901982
156501222
838076233
529154838
406179827
586133607
878524326
403959969
928307216
931260380
689504940
958059967
843349518
485434172
837108779
811168184
631127789
942183006
500560776
313132344
659780873
323708834
728541384
450398459
640892089
650499623
907472877
40215542
648354472
466958477
619222777
549607803
654928842
136453101
195304350
298107631
297757010
456578035
123481520
545070176
980992873
182190384
831783761
177874534
906642605
212717233
841832338
860236292
422233887
796855933
904761117
356267169
993984363
756722919
550023915
704964491
564090316
71251342
977039268
778175007
693817737
759799495
877989131
168138419
410904273
290245800
250284964
932226632
614060319
511333129
134904905
655863666
740616167
667915371
302406942
935129561
313948925
388921389
703080340
381717021
859241929
548087444
608497182
197637507
33949570
861741317
942777408
841402461
328039607
433333007
398677707
78008533
971861621
276029575
186472320
866092224
132572508
764668187
354836000
549979296
609970098
629509508
678891759
69401153
587058917
162363563
232384286
131232090
708214296
173778943
824886170
80105390
259204249
957482821
715371244
307273456
913198960
250588475
690012508
532216715
138800699
128466658
9524236
900948882
801715176
335069951
819468592
206407159
91318310
283345284
318623323
243300304
458808021
37633213
276015894
897042113
777517453
610019688
420859037
537173722
857830085
915474097
285141506
876343847
743787029
932923743
727686709
718693897
169774232
274085667
941880305
869066313
226106462
410471099
134374286
804254155
380061830
809907981
115902447
602565002
254727267
753226010
663412848
595895736
526282266
271645715
55059077
34205421
983475738
67151290
553212424
951498927
718532617
966987640
83812723
144394376
836474078
657444671
202030669
738653132
13069689
542867892
507793412
485609560
574423321
474066387
56279549
311842071
579494594
842689095
117231990
282372278
384781858
909798794
999676471
310507732
492036464
804549428
683303738
487462113
614854868
564209908
433815141
523819572
759372392
86688141
737501672
790800048
623516981
123108203
772950874
699166046
326029547
422256306
408774701
183063967
98387978
629203642
472934236
237709509
176257047
401924926
278285872
436458803
691588542
193006600
794282546
322140932
835277272
898981027
764169401
893055505
341087448
972274756
623486844
733250845
87261900
989309180
343820481
875679042
434442377
960853841
764190126
485908255
89923147
993053874
661655369
418932815
551344228
23924259
414088706
611371058
252338422
481032609
494114744
234989276
805839987
740840281
249855186
543484248
824156720
950051336
20703648
879695096
448489911
990221433
216521910
351166699
723206534
670942441
822002937
763433211
748528153
904453534
35885886
489574628
781667080
835476484
705291327
408134426
96866981
246713491
401391639
45144669
288902880
834657501
440992171
781614048
219928629
230576245
279509200
25014804
37059042
260378163
551215560
382046662
79829259
233131736
500322640
363976742
52965727
512384313
714828447
550156239
257136771
686058907
590338223
179991374
532118737
462161541
910902872
931706543
570330232
653445393
641493586
115922053
581342675
623712642
774912949
608442201
20884027
101532112
638460265
26201681
798645332
526780225
755915108
282203614
953794917
917991206
207360366
109700425
215623532
149715313
563607687
230448407
89838823
68242301
884858248
684593881
500505356
415602194
542852684
797120182
433565214
729030982
326987775
723728791
613709757
335838149
868526050
926229080
645582715
486486502
609456576
514475265
383774961
791749014
751573052
223125516
189046182
795370139
743602889
129216593
627780234
172298571
549577924
823444074
60539922
801699363
638768958
724962226
466651464
893447043
43247968
914672438
892060057
277116574
747625570
241481512
886778932
72351744
689428268
833978053
407430940
365459126
668497872
576794827
913952401
991567770
260594717
825866331
927318170
961899640
396649819
608360631
616313375
209301781
436542736
175923187
310921113
158800066
380070332
406998466
690239926
774193611
882009146
202178338
43667469
857577037
48442949
522154742
751499547
185926734
239791944
754372111
79335665
312670479
668771435
209454168
445261655
78476218
499472100
859651768
944689511
61613490
980264785
273156171
712060787
997105704
128076389
88929556
683417954
64863669
748809299
141944427
115373804
681071539
893386820
54761243
262417007
995085238
606211831
513860530
826482421
545232966
223129613
267953821
834263501
960376262
65455728
168319553
459539105
855216980
890980587
197573846
719849235
904864958
278186026
843747979
824645347
847397658
432224061
647447365
232719399
160718839
569395487
633748293
692030996
66980317
978586016
979107753
517371844
473029595
953808389
451566301
415830636
800455472
194374366
841330743
714443228
877354917
142595451
85622893
830053822
241092288
166281302
40655122
189997874
858547652
705705936
974819219
688546476
348530257
418221307
972689085
329063512
754868372
600259273
790830149
447294367
46702461
363065573
725079649
248642659
883919727
94236057
85435529
211939206
636524252
531730653
85142934
973818460
280130864
232469268
477917986
109590562
955302177
694393481
671361875
509677424
118545797
852461789
905625304
970230929
279601752
728728834
319149174
256333450
446088331
430144384
674278368
647196042
3419931
381202700
710718171
924628978
894189265
185884653
983000703
561164972
177459679
168022064
173501438
196913535
36109538
356535396
649441517
697099131
878111208
415711151
265945564
642944324
186070608
175412916
4887782
909835124
183426817
167050807
432103680
600635255
619818549
412077731
933203272
364447119
135840468
719077096
57284118
150642369
209288314
717278321
944787809
694313641
223760082
249755051
561738778
210290045
639842340
901426852
457599010
65502128
853754818
293034289
279485374
687658435
573981568
274596471
547709858
194717006
439635488
103436005
267811936
939910363
646685665
935028893
479732848
481133484
569948256
643483380
943954265
617091165
574488662
773240016
909737837
386566408
203337899
201726521
111620646
437270156
942061884
74805322
507235954
680253791
232500702
828781626
97797321
399084998
699767003
454015536
190712895
14125236
595905668
122398519
797512757
332281249
13327653
453544131
247565218
489444150
75478461
188976734
942913028
286455188
545329989
867462274
115255322
947304835
701915742
599934624
937950741
963635968
804288993
973957041
668318680
475987021
784306264
726668186
824066453
999980855
903111484
768813486
922786840
593808626
464118835
854691001
519915926
569094780
64645113
170627888
664116690
209046517
980389405
260413945
999967924
998456149
801688804
948385423
321322992
166758509
690528607
708534923
602855611
820560952
906079311
244796377
968058344
304588684
734825684
433035829
595244090
931841521
768450951
419615090
589106569
94565030
789066544
753246944
469513269
599685888
979049180
448874800
641605884
905470814
102976247
167818892
583937204
102032502
696607122
953582960
554131858
737537276
95101061
822803159
996011769
188213283
256657691
390112479
138841838
456546615
895479848
500119747
823551576
356401469
526343489
721764075
942734016
873878669
791225628
472887007
573057610
824768013
526563575
900458736
886196552
642741726
6311418
547449253
2779288
561468785
757064362
651695760
318189618
826199648
249594515
952213125
998368858
864767747
806372296
251462134
687176734
632532875
801953617
586903840
425502911
121540658
410738703
621587382
958395764
799504159
815803156
869289377
291932662
466595347
195318029
199196531
710045343
714589604
339640087
821471396
473533850
578606533
37319284
266346711
916520326
115623957
9174593
323521650
628994142
104272056
826232685
907760488
155310580
724038578
313452504
416284609
622248910
201217333
72610957
377296537
232493345
723346499
325368336
781572811
973768700
68671949
747319249
460605972
29454469
862368116
898276643
495293201
422636876
460880614
176108281
284265956
184316347
891504851
724785471
642343155
873352640
640070505
23201420
658579661
268861867
287877221
834524361
938246906
145694689
758525965
38590985
567942420
887271418
84098999
976263452
912850044
812930103
336110600
822699513
188226980
341134170
496262272
733628045
584684260
869812005
717568425
340663484
529223086
530604462
664242156
20956057
846538627
862645112
152443544
183291670
601009029
587608185
542582503
44789804
97475662
273199644
316746046
540276012
292509950
428072760
415834588
828756124
961815742
289380990
138359318
933765536
205185926
465182233
583493323
258464367
753040090
997161113
29688563
903790807
162146096
789496621
746397276
920078852
976268475
535583465
300139611
929500714
479601433
616909480
928214155
639167076
368492108
636914579
982897879
835142850
591487518
983360538
843332816
971936564
635626066
938200669
563102713
24038179
710318507
436080301
827153837
132471687
970850827
113779997
735174040
660345921
694586731
207781501
279460076
889552064
581836522
247028837
295008472
34779654
638651810
541770054
558090791
91381036
193949084
850772895
502391765
339558352
573498030
538415003
407924964
548720138
469338332
943699323
254401385
439249798
510405115
459612866
897005218
7673042
892550494
358236555
638068280
508109097
635635136
390901611
451882055
925401590
448178152
379729358
226169312
842756574
284900131
653873674
378087981
892956990
194571232
644698094
560067078
637138565
849048474
761837677
915761507
420963701
592418185
186817191
755161486
437074912
661708215
156637657
820711887
883292321
371246027
264253483
338111352
7028874
899247826
595122321
957920902
165701947
456949196
782789003
889553922
55419279
239890468
656106746
851746911
110811755
708045037
740178163
885551852
23744540
539383828
29473735
274681896
955970777
785472991
303478430
187585313
240341580
953643419
522587331
634905698
432594542
179722558
995127569
150823457
752537777
796839507
405382398
57654969
802887336
870474377
613631116
683829086
371950363
11466418
306628071
29983912
406182417
628931546
339933280
676015258
457778874
744229664
993965461
444862608
731565687
45945387
794480060
252892313
835606714
464242736
349806952
888872636
144475675
336340663
59323747
793791921
587322540
334191404
935545795
867257205
502169081
802936249
157213974
700424601
8054187
191542272
253079986
976861301
446788119
845055973
610871403
901486527
17909814
985026707
462796417
863009783
435086301
355469611
627723132
190089139
415284769
465427284
209516168
481483558
244170581
230629381
345240968
393461076
685148977
950453322
272830578
815523828
249145769
792626089
21552879
911557077
759894213
624371751
646166098
359320640
823234560
21462281
228375909
162071414
700187032
26565316
454802594
800146361
744967012
869906881
526873753
390547122
656027563
407115442
93492200
173701536
130319319
533865872
794211607
588336207
654236852
528916266
244289454
507872790
135970866
761665014
323145042
681733865
587140706
4582627
348663555
926126314
920254109
258238559
220730655
49931871
454711112
856133986
811909191
910278577
885309330
698756594
332670787
726549402
869595404
217435743
894574058
974078439
725196707
496767072
325005807
958180626
846924966
764085463
214365962
178750652
564287801
971237084
809416808
237567939
26496750
39166078
247003101
244941906
863902212
40666658
718682652
905660148
664481452
423366820
797361014
575809670
562986215
941627961
273051304
631685769
206838644
110065520
12142928
552569034
352181050
718982642
901646832
523086020
199171581
889008066
239867847
511413863
879761618
940226678
407802428
937069213
381903330
296022340
205241589
932672248
127924382
317899954
874863131
931215023
938564700
927533198
851125139
303892394
120134534
457069146
293786500
138786059
136132593
195058278
481097760
605819184
170319852
929289024
866990227
283837904
129938225
227058314
486186668
698271067
702343092
490458019
84670903
574994127
664481444
362031518
75542875
751083737
656844649
113544984
965346244
43473513
602553407
23630474
330928844
966254184
23716170
461570334
844591908
246494392
738044557
213685180
87416889
476548175
814333805
598622028
452095141
873001841
918817772
489412291
91390851
754674396
593654006
718871950
969467989
71835032
877561907
967300255
641729628
35231949
721662
300524277
696657097
298278270
357733543
653826106
933432449
108314750
416335012
694586863
506650583
626300705
367941556
382368408
966065509
997857163
707374783
537660902
450735645
316937544
360459153
615967172
636313767
799176360
224769121
538112495
424205523
301038886
210971388
294928524
232656151
149095064
285456471
768433924
415328344
975457212
488655393
893679382
291842071
481102265
279375910
316787899
303265551
678686107
196441478
892192861
580875952
616802965
435389497
19208489
658202059
864417846
37401184
301362967
606278593
424158498
63585559
651689681
874888583
250576699
613569944
649992819
465822345
550731675
791238481
758582661
706321892
388404851
672679545
454158469
485728317
69735785
923526796
23000461
719074038
536222689
102268992
749645521
90911613
153992742
267210035
592136850
951703849
111610029
910243094
268652746
636416511
417792395
233049416
248666804
362256815
170339622
176949839
835275252
528000604
921300033
167535500
257189055
91815953
630897764
109427618
530285258
588009390
236266780
59512498
48222943
621297027
715011122
330682814
100276592
369641049
544092421
574365829
397910828
986018832
613667432
332665124
942908438
512522089
742635162
801255140
899785422
304995834
537438263
848323404
917699482
28816525
999043893
207545225
557813822
359326899
389537549
991640926
31764857
330692591
132879762
801576503
982275140
61496946
404747584
555293224
615887633
56046733
893540830
173729101
738727707
974962424
131576210
830128371
53527361
558956637
471613362
543981286
529736581
544959012
255358212
578505940
454904892
929721643
325337621
854629281
91356632
794346561
832223060
911377189
99505805
375312120
291862086
884905841
231291311
910656999
361396403
205442896
639700001
620013351
767086476
666496505
65980684
709401228
662236761
726553277
211103378
379018273
41732639
952486490
809892178
832142711
204702087
808910800
741204932
240993771
586697803
426605744
209755303
939853790
264855940
137803898
753549683
718091800
335733872
591955610
338942947
767424063
504200192
567972600
326570047
344840943
263371927
172819668
199127247
851884448
622467462
511000349
957128092
63009449
914979071
996777716
430663746
707725516
404411238
724096287
475635034
619821971
550040902
42345061
423254092
78954707
3816610
652476795
692680091
664938507
494409182
128857267
708167703
586012530
630805059
171089587
543624070
282731895
255382975
456994943
664773563
859083837
648324345
903570120
170798968
413912290
56899416
610006813
97637632
197387359
773113266
1738560
760552606
630577396
853625372
626150683
503253549
747798813
787502932
555226162
640241903
722796353
877837131
600542611
178456321
423550525
838732784
432089784
144425189
80183023
739221533
630968851
251642907
819472467
136401503
911953010
625334460
608765260
382000149
913784973
723955261
262663564
838947267
162395834
664607185
226448311
952955804
532126032
685020467
135269914
79077182
534175124
821087187
749471927
203759496
810177861
54769149
267420808
850992953
961380715
507800577
566103664
558291919
72178260
201164646
135689313
811846454
108438946
726306840
120381822
36506107
680437358
19477380
658964426
997653963
738694288
57459242
688021480
396705731
445983633
760278436
127207731
85117172
999739492
133924575
465841301
737572775
947522229
348831243
185185903
371484429
480814591
940267033
672378834
995626668
773192553
126182190
296774962
217028949
825229640
405648714
349492208
527421044
32153282
907171232
403604158
722767751
331157848
369792650
635593225
31723886
765626294
236990144
532452041
105090431
10827639
910210528
67216016
526891189
920747930
225523879
421704556
589921720
810854330
503759904
305424221
974864431
352943934
866245113
882329239
883541894
351513897
262724296
940121638
648167821
233278361
788874949
334667
869446094
515194498
177234955
661445066
751184449
353415056
993531565
755021630
988009366
783338207
688068464
27324459
118526314
597239915
106656841
380704489
924423492
89688771
728884626
378879997
823220175
391104038
372514174
728981689
483904156
74027656
438210980
507736639
230988163
497628300
481815129
957278227
730044584
121260721
116265348
994640357
846175484
925100402
386960756
357000612
833289793
13456566
909745187
921594839
609299799
122229730
212899736
596919602
5760194
48008106
710832058
155754674
667631917
102418514
930461986
213791204
259941770
344217249
434420880
619863540
717264496
406512034
99313407
201734997
170817572
593624265
446880053
723452596
218497673
610787065
408098337
548545538
803187269
447238757
944017580
563998319
899885004
97369550
890507810
942292148
366128005
936637415
259354749
904222456
415443506
281424377
465528387
3619830
655013223
924775564
496258517
377086310
873219025
64983367
816947947
216933603
684402924
452998789
369964351
470113483
962796068
948653348
456466829
623011079
604544286
797396557
282072446
780063817
25434171
976337581
372049897
109239423
632646432
430616647
285959773
225062794
537909302
48981891
606517780
330949454
937096873
68316885
586818322
179202597
979711207
45238267
522590916
911432653
262541669
802769064
921409859
213905237
154862097
329769705
317526332
119178502
651614129
504623932
379822281
867090800
282391141
837712747
409011026
122867711
330033877
765536885
899863240
700902067
175088515
695126526
942798518
588906121
2683976
14690553
185303874
310336954
280505735
787169857
686747010
897342901
751591483
206549026
136347700
750979983
903871299
5733754
909168964
626372982
189939992
848220010
589466401
708647744
985847473
384350739
152745810
683808099
91929678
84628781
349119541
131451260
338833375
947252322
121075933
978692226
895824876
976594535
877155391
593091263
974570721
735411
965173247
993493618
16346043
406825096
595268308
5610159
67858728
663920452
805693474
239820935
953113335
391340806
939149308
198345393
900099768
609519716
399911642
169169796
386238295
179002934
482424340
529377562
813542183
923699649
55252168
432779543
800014991
329675117
411217826
187384913
700271128
647105334
81119147
907519072
792525860
8098421
979738733
87708001
177146168
271668340
50587836
638388095
897118951
450231655
932973450
440588976
27899075
506032183
217600670
260113582
85635602
874289454
211369000
989051676
108481197
535606335
90499382
290585383
834309745
775389515
345181100
704754349
385216274
986248059
565218155
672399503
668438937
844253904
634995463
193705398
563454366
75095310
787338667
290795648
812233756
52178046
346786186
891855774
490004498
969399263
292589059
667072312
364637598
886268438
10478342
102594065
211159830
946730214
509253894
974611491
186502994
240788032
278932462
36229375
193945944
480390789
154994913
328859162
291341489
816248734
234673964
604534603
218809323
759423217
488263943
792071418
833574965
902470085
84103193
443445850
619213753
956759374
945086192
625154836
163770778
216977430
200936086
993818436
274242031
330903728
76545668
79324965
91881405
253472458
431966988
352187862
771765269
231974154
33089983
147556560
223607516
59333522
395850711
826589085
402602148
68481441
840961055
577770377
287595352
45708241
885114343
888974981
510602437
343851102
30690908
611015475
420229556
384132775
618484752
609734724
150289764
999294183
308851366
596967892
797025156
263286364
867918279
686814111
76651153
862217252
744714595
103776871
447621352
860673044
34599655
450543276
854970591
925187030
127262232
328363184
161268322
181241849
808349275
285225342
390591915
302070163
583165619
974988314
202576845
991264842
388017939
922892701
607645422
757011431
422782576
301833305
628733422
419104257
342713150
483857555
118217135
909648230
277045456
674957993
573121154
517890620
395862073
788533721
64986918
130715477
842169683
495507242
972853325
820272086
208926572
602240977
217250601
181599035
487026080
933221711
32213832
666824498
786101533
497624299
76370611
53597688
85313459
627012592
262943609
991299506
25968775
790833922
343663776
722899889
47872659
772773857
925260234
264099391
764708026
241075021
10560590
320110121
252266856
28844624
327968740
837579251
701624730
116133858
856772690
871097709
912356318
743830495
290215676
914805238
241854851
620938117
632994475
845350554
319209525
488501686
4912561
349800261
814719007
801450104
849020637
905994955
411665389
400455216
403940460
458458449
837419698
873512783
327093198
574898423
787015981
431283724
72438092
544721786
496507579
635487673
11423291
329931950
712278729
140144467
327336778
380373679
104754108
13617642
96099819
188428309
871130189
794776672
543134798
768421074
637156084
186608267
180421545
627413569
28005622
75598158
837851665
454843503
86330989
472206299
340290632
744762234
114453590
422692296
515622071
968427668
595166377
350791798
337846187
282987849
529334253
493010257
413391544
498503784
64934116
438285467
792569856
799917189
848642240
714490780
857285351
785179082
679329789
516556263
862823005
269881810
461239544
814356949
395981696
840758509
884981849
793421609
817110285
175722896
542412699
408866735
719509196
79155326
913023216
254046291
813464575
940294291
121305692
909837916
891188181
294777343
727841739
347971096
60954856
356605636
911411380
66380282
993143742
45764029
966322325
324908503
482189545
784946308
442798884
708820487
806629538
463639995
524471587
459069195
103391203
384835382
672495669
422442491
637395783
67850240
119912594
33166304
614488288
97721780
416637137
533885327
379471610
242641499
123643801
575487510
551196685
24402691
215167488
588751411
8128077
691662385
439309715
995682672
359514402
547357997
673823849
349847540
809108183
65228257
684878270
115280842
153678088
433499796
752961299
128786503
811284353
882697291
888905493
315210452
838652997
901750880
967727618
595422311
272235261
397063352
397114674
867649
40828740
179312749
662741403
821914235
372880912
43327280
156743812
64606340
805462973
373687898
210906464
139807622
658490179
853595975
678846318
441485901
741296362
378969940
896452001
498497359
282333637
930590854
451628869
347176175
573564766
258290128
588139636
692026971
964874322
300968375
840399399
58964962
795197639
438651952
432912492
690631837
185482290
122236160
825734430
228212182
399342766
75761374
216730429
495010877
661487656
377140092
447244890
487610255
521045102
587009040
843684964
894973868
463269290
495610875
904470735
177511721
454450492
550985530
843710274
111886434
91704987
307522301
374790945
488254881
166109935
887395630
32820232
720498621
224328263
19187029
828758638
751605612
543250533
300805182
114600336
251940956
660353978
832314645
742377885
176844258
365812826
735616140
344278545
294472998
69491652
514097488
991340066
594076975
480240968
667121496
210695818
57580028
311684973
810390644
385357891
992754277
26350355
222398394
753190681
602308673
780814118
981277502
981343750
978187961
902122949
769133473
535133067
461630775
455821923
298024579
851368143
489495034
511615259
255699032
702013217
867669809
591967819
51179737
191445769
705667026
844330924
444530247
442863295
276859540
40536111
37177690
831174613
307708835
381276921
10114854
167786544
361464863
27653230
946395223
461302717
297036132
692092852
839826271
71121069
3203624
658838126
482115962
403548230
151181774
787125734
547748610
145886948
208279382
654896666
775420134
172914092
481270787
684321900
750838709
677501406
89503729
963083695
653436685
364287553
666920590
38844617
7733104
352718631
395650479
748598274
442333029
583620223
751326627
233840571
114468635
687556954
757392412
606860465
856609570
38522546
175563295
325735421
504621495
57364842
471947988
28938948
660313943
557991665
169190377
989963249
19019428
36506043
444824679
121168849
469225480
125941404
220545185
981506376
130460685
253811823
826382119
385677887
472176295
396672642
75448861
574025229
322154092
624064335
603548610
930365132
644048438
363953797
708535537
782214785
464459240
43281574
115753264
102512009
482565804
988425573
86695334
534779331
647278775
92337718
835047273
641908384
125908964
77715132
825493558
833797013
359845641
805724061
600145501
838322439
139036843
680620921
834587309
642783719
364119520
243359153
64534267
639497528
980285413
54356822
217582747
784758210
975109139
26510321
338552393
815454745
364225742
395872509
337414553
754541177
685990887
73871125
163798405
181675067
77027148
580795373
592981930
900866264
651255804
381756156
836356410
772917922
363259226
854646720
392721199
380265318
945747758
978567009
459629815
221348912
476155259
104377812
521067606
857040660
87562266
487846887
425639764
374686228
478410892
549738589
691660129
840538251
408846676
77923734
797986380
935092444
640675388
666084608
150447377
974329875
243235429
162155383
725701553
877083957
692589421
732725937
434687698
861646193
238818493
67277183
195220723
705847345
52271812
82554654
893051339
328045021
735957288
340724911
749206738
976361247
352083297
676856671
961625355
73972931
251532335
904019468
685350411
40295540
831320356
339397938
299607072
776840238
423632110
966312746
636987278
871396368
164292902
887619204
793468187
882062950
676480280
842372383
953580304
300722647
995758656
872419133
785236579
110113430
614320506
704027815
803967826
753751739
565400365
192819141
906856337
918955073
843791296
499050358
686643933
593131139
604302344
281370293
523789220
28658732
896168238
263774809
630533273
759620114
495259684
217753605
210556289
634647756
301596857
703972003
813154308
653039186
943288160
168757191
745494340
973726819
915959573
947126469
206690710
930922888
50441002
955410142
748640906
47181452
837773793
114079560
689995477
361418908
475769607
509216356
822408611
708414
890595491
214313399
822642935
682636180
127010089
13367249
411881291
87033097
140027537
256072575
528082998
781431668
150938448
4852160
716346089
999101993
185827004
718474029
622785991
656317153
476607363
896835201
689514231
109999348
937926219
212337638
170598190
945605116
822320264
922062692
73119210
576682557
130024638
720674719
307561560
316877977
702064226
807262186
110288279
14579628
147170358
572642961
89098983
741125405
302366910
804719307
126358885
543501996
544498889
850967015
253457704
694287773
522605036
765954775
104609073
558683120
923698966
225791608
812806652
388361516
98812893
283220395
946855062
760956786
962779979
47930819
832540053
60983908
604210851
166453007
855366523
766298735
12906846
442935381
622594101
824683827
74889319
90213910
166988725
203574985
852972021
221555614
200090110
526497762
236194683
209828428
324947279
105592565
112935298
891407438
752453015
194572865
789912254
285030111
31269463
343755887
634043480
433686958
494445870
115768789
534835938
980099105
706340126
135779858
717770208
481277617
969634148
241433392
831886532
878270091
87456644
830762424
193482105
754924509
479184164
602734987
950201083
577590615
594701320
113091401
949053342
256284703
406067429
477489612
448407338
291076129
775748308
145287654
858173672
940466230
536437630
1966086
228169322
370089435
96464863
33536787
917593964
249460125
337155688
483166171
56705856
984205420
424176579
101567264
925355609
513808826
212175265
216846189
468393485
813038647
585283127
239419537
744044457
854907488
613874335
289468226
400296180
261121254
818553882
574523995
886692200
336941973
322028701
978558630
405540466
594138429
886850597
482418844
554222669
14298731
316638686
88400193
106137115
674936071
332898
819244523
181551086
507849491
177751984
657027616
234839195
614850775
966489675
293768872
595131915
52353155
549853892
129391296
783064819
293161011
291077581
903207589
578559939
261773103
682377205
847399369
180326507
876413609
386550121
498547130
348669143
645574559
250256937
42191983
575588703
756687507
50490877
127326714
523116243
267143703
223363658
863983669
437053986
749477252
292825106
322823701
667549634
679515868
259281186
843578410
324458747
528847179
357051790
949598070
933257782
17476927
861601354
75832560
760578129
952848785
867884219
888281177
453207945
476576441
255993757
526307223
127728594
869811993
537665875
930601119
696778889
33897331
893078436
107395617
47276672
722005462
602041881
755803064
711702499
908570652
976244240
493807888
894167120
982590486
855863828
566638927
456315612
314565564
14671069
39751251
683559175
577814570
806993383
30024063
609939338
494385076
825199780
313293883
737247824
492432557
175809738
609026239
544386247
306879659
475620882
222936843
246790578
21662135
837514739
644527493
400673024
491821638
514207108
476330950
392939064
20222755
31157493
445888378
543553999
731531306
347677972
944289110
679205319
787463725
662024910
551707571
866246934
678555950
183674341
177243362
625762684
410693235
852349815
653266883
610019427
40899862
673812908
992881295
690134575
371179034
313615359
52693589
909520912
906584904
501416009
222072196
993667649
403170408
750952710
96992047
732118010
834930878
480697388
983308945
131325708
329820466
723172751
413833563
887426562
943329632
597245949
215965317
397597688
643428018
911567633
416758738
988676581
322583450
367618118
202589803
292441808
945100998
379206484
427135689
579249461
940295654
747307060
534212680
777804019
624826775
774332989
221486170
458126585
966033529
995680205
883194323
171339266
493592803
757071566
932975694
766233983
25577301
737703738
789543482
846978169
237145039
472056171
80768917
990866433
983109853
280114612
898171096
379114055
72681287
170822257
224871586
162070175
74431495
749646128
897805178
185671146
583259139
39991325
71915014
518246435
704213030
425115460
190793458
263862561
189823161
858657595
640252570
46524644
456288770
791224755
476430585
947841839
551658368
428983232
332689459
333927352
735464716
353316784
443344421
935516554
321047540
913997218
385918294
274248328
248459238
215318300
642518972
874049742
27036459
445396996
225990288
98332901
364224909
728628646
41720644
763520660
581411087
343518706
493693090
320225793
488240901
341911597
65423369
258296051
912270207
318134446
982308992
225006302
188174166
757034850
814633878
934002248
135662242
457857804
82471278
171972098
277830222
780039046
488691993
795714857
267980507
24956111
954695961
454260489
58282169
195314167
704607514
449245024
546380400
554951654
216510606
497433234
794053399
572835693
181307290
63257126
572323123
716459972
193191022
369387212
450498541
70818953
129493483
568717478
17236748
827214434
835793980
195838876
910655494
439600271
407045988
139775236
142337390
132540815
892308372
952498741
563048697
196327362
436501306
419588278
248417692
434528583
373253697
30033536
135734403
63427444
842137849
618170388
375618457
204974904
370128017
733065418
517494616
312209595
927513815
844795455
781429406
861676102
241670313
224622520
404361224
47943006
856372982
214635219
346142880
37250856
67329933
639331521
660954119
312733613
62831171
983845304
344544966
474829244
921097255
928982773
688245190
1709306
212241419
216429038
515023976
98062249
524062202
334869318
691165513
910284290
419005496
403251731
627514791
525334017
236233431
694494529
870229291
250973589
168795661
836806115
578295293
405638131
142115872
706849191
855699009
191056619
767782095
257599726
366763060
954995414
643311629
634688820
35904553
652216627
903803655
744663220
800601514
275590371
889003371
311699517
903084640
187278430
348502890
834817009
562526059
261342080
163386343
570923009
571534302
133549159
698120363
811926015
558469204
75260158
771932997
500155618
372794179
593650509
247649929
746754410
146076571
254685574
758668980
95259616
901940340
329152877
38537161
364375721
936083810
786474695
212220073
967869283
332529232
479014074
805072895
230744698
204079163
569137686
46599718
872141579
679091339
405201661
868209380
683122146
379665152
569965114
862667896
408556644
865068756
115261323
698293976
636593508
655794147
971827612
856301498
839691340
47455505
499627559
350959253
949904744
813714384
48412158
616091312
860086965
955861894
883717730
116382701
438527488
902339843
986664591
79043587
303388888
49542749
706019836
830143873
68413895
242072927
915747202
184431082
836321497
447955205
23294231
886021927
249576606
422780981
643610519
849815162
361079987
958980330
690477662
319869668
206729071
96313366
567648583
518840241
553218511
740947817
502928519
889789199
701024459
716427617
808576189
474242835
452771458
989079518
454224620
609493991
825110443
387787877
52002068
648410739
451982614
634758549
482919894
441798836
993920781
868782680
638421300
113411129
33810714
686052534
81282318
674989452
524585955
206369780
185445475
837222498
295795199
516999186
689395216
920203342
64347913
532347267
385896262
72484422
231462286
647461576
458091535
840613739
528777526
641111225
221358912
858333901
100106596
147258780
180384218
182149752
26085498
579769259
977685118
360083983
423384131
106699375
403363478
426905092
826210854
819022881
437476981
367423635
269184875
296072650
527979876
835934950
573544382
95424770
74840187
532083350
133759226
552938294
914414154
722419955
528587285
335507086
321420184
44026900
237722364
351693800
701901391
267568172
210885785
842045475
967374396
787379785
289765384
792068866
464837690
782383047
997971567
265071824
501710939
148321289
6231626
813012280
607318475
167921823
826923204
623140045
917169400
881446341
137875953
562657127
170408214
960136708
306876103
343682456
364059761
288951547
453543456
227134611
298405925
952649708
766358121
356306827
620934696
308837034
402154169
167825440
427685385
446480889
564192113
783251478
572238439
969029593
291168984
619358298
720684935
887523948
603885398
434190394
374175260
462618511
55782109
703430216
208468500
356834623
952573820
18451912
152649023
710703208
901492900
166630230
902443990
398066076
443926544
667056437
864347899
981869351
143089622
873371122
549736007
675177209
808685336
800361058
7506114
798526731
604620101
570442195
538190771
826904989
163473864
961389325
863008802
813833021
561534122
829624268
614945323
537445899
776395824
175674713
290161814
286079725
896380422
533979282
674336574
136902953
665040994
417212874
900223542
224686391
297289313
471867819
447063420
903448783
720024565
456974390
6451441
727950307
863648749
155707960
714090721
872692752
359661120
159319085
402778677
542863886
332499726
283995318
205195849
18422347
145514212
329622779
841184560
583242624
36640279
490401117
743370346
735476671
315374860
884338674
769353146
387414404
395912888
454850377
916722348
516095903
370558095
946972096
182770949
895555790
581489614
750306622
329360379
151409679
761402437
176183698
654925978
152824849
167338296
99259351
12438625
450955904
228214961
810206861
358013535
669681078
741989179
505624726
258789213
79759651
296883438
574268152
458301870
139651641
416321601
540663367
225398775
702809808
795841817
857993101
34358030
991959187
608551348
782670288
5532358
372483797
758239523
219442780
78003416
363148136
804104971
371682005
980688942
514686062
646992564
296363831
96509149
695165825
873572100
128462203
817989328
181753577
646558759
773708153
652537122
165040033
631594102
191600046
93186991
326054003
807945462
945296088
64017054
59907306
500394763
174104419
288126210
23412662
98567056
890214347
164050260
900199916
26570589
706405251
554034057
273358451
40316769
170064696
651593315
39639691
180579681
730189037
478167493
660986182
659225670
407770832
841760683
317461267
590184202
34292252
928857576
857768633
914763983
325534754
439392696
526872535
599118707
335288108
73929714
157172115
651345010
311452850
671826512
108290156
285639568
619008020
933931546
10570002
820398491
106079593
295557644
891337921
882791434
890427116
267139561
519035700
326356577
926425982
246817795
148179596
950749453
58486758
127788040
146686504
917949203
965144398
341255561
503102354
124510903
855206765
57372682
912809958
136546976
937666518
489269242
758967325
883965943
705598065
25349350
806152296
889475162
337180841
537286630
737691821
497079504
601116510
231885856
975146964
7220189
102745691
459169437
615869957
390034228
445206283
111006941
738300894
769941443
266033764
602756705
213800972
651424508
882520099
975658415
86221066
102962907
383722849
182257385
703265404
661008186
572785575
143060393
417644236
372176008
900145870
593129167
270365811
892291431
453327337
150057720
801787996
233806046
739722473
325214610
622189367
559816348
785840466
900129356
254253562
447233656
964285336
312044716
808078203
548663175
684698992
848028916
516400307
214565592
856741505
688647814
313649699
751642528
90550695
416811305
394486429
71969714
564870307
168657225
735168142
502572163
994997679
865544023
406240981
237872052
137359680
44479487
469526163
151157932
592839584
369166714
907305515
10263194
73508581
279949907
629621264
845958551
674179836
538400193
784132229
212754169
344423763
225377342
614292718
248230567
889251284
820483965
843743253
680240699
179385582
203538901
717376091
619612522
843768958
554617807
126982800
757861518
962715561
116757638
377927001
978529836
487280623
660338216
716744575
264905348
527214013
735401701
826477317
896438991
448514922
216648758
402203985
369836766
730351682
143948723
708872448
352814840
548851794
179011503
697055307
607332199
75901876
645005440
526142853
903588555
499927042
953000154
261559872
803003762
331947480
843392026
64607651
45182180
836125520
441891256
267864376
37224240
57586940
283858698
438668584
83182803
908737741
752355063
620256256
856413739
473381028
664222645
65335515
866835968
221932794
682750805
678386750
313960192
690226536
903936808
749248136
190298281
70218552
89714328
664458207
323212598
666657010
757164684
894407935
42542116
113510323
439015719
5955641
397114969
500539828
507953132
759969654
71245957
670488988
918733393
434222135
345831148
67051076
634150680
241047067
721041828
48617118
836262443
555670578
55788194
136023832
636658457
132989374
536592430
106890701
960668232
17297842
295279481
893139152
613707236
805087201
244566376
843999084
559966904
158221839
52402856
475719433
271028196
748687081
511130204
171264392
602514103
703001281
791980429
933897950
244514943
299298936
176210451
596950252
883959371
411589834
698334611
363294913
788312185
528932305
462659624
174704798
206032872
444241293
239468536
767103434
668129353
21577813
881554816
603342667
14927283
483050641
592461233
125202078
552523379
860939131
862455488
597786144
13941556
196389063
895639522
402251356
781309580
263657409
494523907
795743514
232980553
770554850
640025964
938801558
391201433
352026110
966608211
664321939
682758975
146985080
943913075
176909983
79300733
822331539
564659358
211096293
737845671
159244937
83587399
874053996
717820786
603718993
26580938
765706109
347178096
785629391
855549205
897712978
549936871
365087297
661669170
209052477
912771080
963187758
999174457
743631148
786772627
387777329
150377040
833730524
798994856
875809
727628114
77586760
2196456
922114078
589137666
267313694
143834841
322383490
622840647
886434409
44894765
618162714
838693021
31214648
968024244
35046048
558842697
153297687
127076423
290457391
118051162
160596223
782380466
286001298
320809050
649953198
237320073
352749389
844353490
791441815
221355630
550492093
128152197
144671738
582823685
646167896
807048068
586104137
996200603
843725926
56624197
51416426
641823568
657141652
936286039
437856971
586430370
652280492
361578874
580961317
195682883
800187318
987427022
473906386
51440010
28545641
45916791
463893456
972019661
138829824
448117092
345189250
7417260
626737406
975383713
290634659
339738973
3343080
219980124
959281763
803336091
62304181
460371073
852904545
796701881
960819895
522722899
896444255
983369380
792791589
623686908
158451445
195497876
363149614
601224213
808087382
986751677
191215294
345570401
290043318
371021658
626485397
522314791
850511854
218597007
833374258
76823640
853026730
994679582
740650714
7887496
53891311
597064772
369714070
768527872
122418251
942187908
876466622
510374834
862095340
405529503
896467672
507165442
241886810
519200726
382658565
695017936
132723269
982850135
398059409
175320220
605030737
269090677
920663122
504596902
211815769
974588279
544217927
728219000
122327164
985674680
94723317
727456200
331418977
920898421
186207013
107157679
991191500
763712183
489023767
933705149
199965691
142077990
578473055
796542553
885767793
827431824
573271921
396918224
388352209
327318173
385710503
427095855
240884112
762955385
636770037
575598504
607246398
334430984
778901374
872998114
388857127
150040977
467074077
101374666
983592944
970335320
328788750
511991657
110781480
110794720
836763204
994141499
486001786
829746327
731374503
334504343
120039421
880176233
217603442
891443451
620749667
867826967
21325669
338039700
591853437
282722273
984815562
640070674
582380709
349468669
154244733
459761841
614872248
100995588
908722187
215379659
601460019
415016997
436892320
609870061
86797230
903378700
162082568
359614609
232136565
574357109
513600560
800666848
532892453
184334001
760247418
728019995
297517154
55320268
896819419
604531837
785138050
166739464
157952258
586947015
216447083
299076242
26701102
622015849
128645489
135342200
678470878
417909329
364054955
253175851
498163925
593900339
262833889
725308378
316204802
998303055
936958239
130891360
710375936
730064711
659826076
879562073
247054330
83270640
530184202
212745488
706371399
534488380
976444071
996974139
363602965
94864408
686492637
477747156
819816570
548294522
263792702
86871279
419972207
156965189
26743337
509423639
519676068
236204914
82395467
429685231
807068260
305061822
924708609
54578590
181690804
501427923
322073598
958926296
553168911
718146662
224786620
67700652
425402064
347459702
763690864
16334019
717703208
10641002
739682950
502699833
381050318
326751438
191206300
495174657
915653088
905353134
294308355
94636253
755613679
272874812
634127027
961351377
42475951
297240621
469502908
156152498
643684665
352664985
666112281
286272303
3446119
139767563
626508855
397920453
436417387
376176661
486364381
15003729
690093065
167948080
207818971
685138714
577424635
875283481
350647088
392787550
927104685
199052015
553263214
854289869
464831921
4718014
873602701
12249462
849898365
726643983
575840753
449750212
694396001
930161735
525434317
25019963
928255859
657503139
404261252
188898228
928010206
374802517
179767115
696802243
450805981
688052056
635201915
188237475
287327963
253692696
91134455
973852262
140997420
471865964
449389225
435274942
174476389
196915935
75655626
881190029
626273428
531877700
624262249
897697362
668144354
722992482
428342916
210606375
559445883
314727956
202925854
767176409
376820960
722263147
948939551
444171854
492519869
281416796
286358246
407314173
793091646
33459056
47534111
274662294
58900155
845489296
915424856
361118271
739472413
924942832
886783474
658615284
24421932
297626974
38979755
881690922
989007099
969669611
489319490
690646262
556194416
35909898
263877446
732836340
489507019
388903129
748895530
880929826
190145446
547149762
462485183
427592006
831464302
911910054
844446186
905705727
170983206
252634621
751299356
989237866
909954617
837636795
161405580
373680957
493134098
119935373
944917363
708828207
957090618
755662683
236292417
851413868
505524021
624350492
500969973
112183208
86920414
385442125
400113941
117052184
360866637
61104329
326000768
327635864
855172043
983441675
29224418
882497353
401591706
622630260
220777784
748425731
509751757
53681524
34950053
411985715
579207493
129480661
985751359
208578103
169727888
880221246
670657999
453660428
747104517
981663902
972078386
137763456
987257602
479133521
122658128
30184150
564817330
383348664
899014876
248935972
347074910
758632800
822821981
494942138
429216981
929155332
653558933
167215051
924882433
703452532
203727067
390008640
60454706
294729357
484915376
414298544
724027052
457391959
659436195
155248629
107186314
299062323
1476694
547638709
469524186
493226408
276808538
626257789
581080809
551700031
473448266
524999539
531985642
516134074
177796540
17510832
202145667
65602640
656240426
327121803
13754897
667817285
664034762
315345759
58584003
722853132
502603414
416085783
229363403
596044242
785150913
831113956
811756068
453598380
749188201
306243225
110315174
776126946
853885755
52045358
726261352
595496177
302080917
452687441
908911155
567044119
954243978
751768605
895839149
382192283
425952517
905081077
430794839
471004918
653236224
319791144
510122726
875466065
415782695
411628640
148478840
357670033
574213276
24736498
956373747
938502354
177365069
525844744
5270865
298682224
93129060
245979554
35586941
149146015
983753662
507725933
480017018
795574170
175086373
732272995
550397060
420667001
777213854
450429209
92302444
564179787
774791228
363722817
489229129
921501781
52464219
560641419
361593482
713480373
579834814
966249166
122504784
493843687
485917287
412235077
172955597
150039599
662203062
174979778
366129294
513101276
815803578
401656279
647279132
976440243
608829509
575760266
117797550
528386561
535728272
605092530
397477857
643647725
6030073
759841988
886572494
573312610
184246444
959089485
604084798
112078167
250372442
144661763
575263792
4221108
855330458
413728970
509347049
975563050
931722932
13816569
596924417
277052044
246162836
414170614
556387874
110360159
746496044
787934938
433297207
408397726
927458063
740525182
823450202
941783970
442894887
66679379
89955370
60652538
622930418
57028177
703703088
874513355
848400200
940134147
931759766
613562688
369525223
251437204
585745879
316509863
194137735
715916714
519570607
558380019
652924627
497888521
690821012
738003629
93655849
652849454
367409094
689261449
21298483
389545357
468687605
362277301
504872544
998688260
780161419
192918992
181564698
21763471
272772408
897948590
434191543
409804839
493205842
942485836
766898114
271953266
282982997
54415674
406941321
659672040
23466251
946166952
847167716
71838078
696781289
835592378
568403190
599750923
431757615
159677393
434093177
809051653
146931467
976909744
843503149
866783742
415418312
615773926
795486887
921247797
874628056
946674760
226555944
227120681
558968147
78375659
239412949
207536914
265125604
457323132
636298675
419065487
170513200
108496473
146387756
552333744
761901855
981474440
131938152
87418753
235981327
282659581
720826746
22312937
135965413
257793326
951374044
362116119
274397356
107562812
874591902
999027894
646137502
831048372
342023577
121602134
148602216
765707012
284484116
913788425
94069709
800383388
832788204
635227777
725233406
138466065
218058934
430566774
413999973
141234692
81950524
620623734
232119228
330304264
987039503
591236781
158831498
839361903
572619523
299646477
663073761
303922674
927156411
577904104
230607240
179281667
766215348
974235858
204779776
627766441
592859504
223222341
477202285
234197256
417033287
429869735
63604522
833461889
3796266
993550130
590204713
33953733
144520834
158008947
946356123
540157428
327840143
661618021
348073340
218158784
949045277
393605458
824057964
209105250
112880483
462925851
353554231
761548317
818258939
92741415
72141461
66074224
911642698
861807232
54117088
402673216
120722580
68879952
345107179
107559586
487637726
23724453
979570927
422969398
523104712
172722511
463237157
431050878
678728760
439027573
255336214
482413161
460653871
250901355
737087039
115188478
17564322
400476267
352221011
334364861
891189192
484280878
437713638
623646917
554173192
385351606
797110738
169440748
334879339
808966872
74395539
366236260
197628103
321501624
680281340
191066017
891570280
160277179
988008133
652204653
944385068
99226271
60455402
89832016
292925104
258296561
637251381
707808509
380153659
674371663
414036978
342321027
281935513
274836106
466264920
702600004
748624665
865462080
303225741
955657935
69256235
463636834
210472130
486318456
202031222
870049204
305087593
816756143
493573787
658928267
958803289
336497711
172097324
262761757
647076016
775484188
455653679
531616511
563563162
567956504
212204224
456198245
675762303
227286275
596078419
316527597
428143453
714524208
554363557
847417413
177668730
293074105
298191188
821280721
543082879
806683
385642798
168253092
928588967
353881185
649747656
845093589
276272190
20601291
590621584
196256109
405214324
261552783
42869781
839126061
499821954
460634127
938924562
821164720
490056164
995720215
292094387
102107668
917053301
486872825
983231617
833263940
658791772
121643767
126029456
809536805
427173972
947814435
837070630
138547130
513489432
262421696
164496087
862097681
705979
336216601
316682114
394394484
970184040
9191558
197311016
482802693
387779842
390294161
855308503
885140415
84070501
474603579
672069763
723456759
177523073
164458954
268089837
999863386
475901323
415185193
314689089
133451537
257283312
496910731
513048871
996297424
746259221
383814291
422636017
43508131
683032104
951168280
262992964
444067962
218188718
570455604
465957527
290959241
748987934
956535107
686284847
664900034
221021622
853841448
242179675
350724819
548322324
295942596
92966167
374675132
967992181
616294672
245690092
81635178
216385110
525836039
778613460
857117346
202652059
141738707
884369620
522286665
543645378
484086153
132756396
70548081
999936065
115752517
882638948
767168028
555273899
404995479
998639197
232021562
55557846
787134565
179375947
235713760
323473331
661531427
492896140
448966575
99941769
612686313
23388582
565712460
538441827
466992169
499761281
172095057
118255909
859430386
904563483
7006351
184472564
209866314
263743042
962095802
192409704
39308615
779230855
47702964
467761985
249193987
532366416
341239311
875720366
591480343
771527252
370470956
403230390
445167412
295905984
741486322
475122357
139201111
395474857
454192591
826788857
591679424
68228734
942599458
197669007
319239057
454110050
29036631
851871519
525500022
396358420
580282800
518374951
375722230
722637889
521474515
168510691
867088651
113552950
578632032
862077680
776646545
93899062
465880999
71010886
645325875
636818319
631465638
758284896
26937050
542265166
310849908
695543291
922372373
942722288
375932277
394515581
386869033
289971993
441825247
592799282
993169675
226527759
138785747
669230129
292885874
129948157
293705669
593045669
382883369
372342743
112084447
816146313
244073656
490294781
585652309
641611443
559223225
277739285
333478698
955254145
694988381
975166989
503026065
204383335
217361794
865263258
162011974
415321036
924094040
50305760
548221607
297299837
93603980
301112574
173044146
103025035
606567343
835778373
695195479
632487900
893434824
967848862
479419551
436293485
47060070
300671757
79779202
94274316
311677831
955195969
8902981
92655580
661848681
411186905
474923688
112678501
941456538
925634305
531611745
851102373
98395241
45087979
705984063
909114121
277757573
962518254
751021585
974456862
72595854
82793852
815456519
730062539
356782498
56577721
811189204
414353139
205524453
906444520
484555960
519337275
946705216
911648215
506739096
254062449
507520956
721863839
168763531
39390904
201644495
159655683
933425813
921327665
642133812
437187400
616669735
289044479
689749259
965440566
706268306
92122521
152958648
492523561
989642530
523751457
238849728
19522897
617977008
787361188
226980295
266429574
838478090
453298177
417031414
108561857
576023470
321588168
963146832
733943611
781665932
766542721
50090884
834552390
94747080
889637090
907449017
177477248
160292356
176697976
489294675
219373544
538061918
574840446
487909396
771515265
359840877
663004687
340310572
242977759
865162545
169118040
658209230
476238925
602204158
863164837
61962429
346659425
266317506
436284738
179819871
580084989
822689544
224814116
914765695
194702472
109000611
906851027
73109553
916001089
379917091
947858672
444126602
441023508
250771638
619170198
566536924
113254597
760088797
849408799
829512973
583616091
31347963
720261179
90763070
222463770
256757687
226811816
253833497
550415396
820899125
723280603
106887964
350448551
178423150
565185221
451378779
437217621
51326572
333485964
472981
867488220
633480422
39221073
273587208
840254726
613607837
785939937
826192963
786153246
116927960
816292890
841685284
562606714
348847745
959816220
471653676
738531926
328730919
220068108
70083243
163120193
790606285
373183592
390279276
906188646
533101818
611451532
617127220
602846023
191657345
409953162
111029143
15777274
896206233
378597963
958513883
472427778
587458397
569473318
480678108
299164370
111181685
699600027
719131823
762547709
759807238
111171024
176585276
610444244
998006460
199931480
625904671
772056221
814982729
908266551
935100761
714304554
595620698
635934406
432306748
914980327
610461244
194823386
233756870
574183843
461396906
780810289
465719853
848037878
274666457
129960121
984934864
168675057
608459138
77578387
13552109
666226853
94536482
345877758
9410170
568201557
694600667
163605366
766005914
567763164
180758628
252930216
592200685
757760289
702635838
337820614
896594536
325171389
795569949
248452867
178969389
460902189
402451018
776390721
993679110
478941684
963165977
793708124
564458884
758426895
34766624
819359644
422554664
820833455
290705829
245648792
375261515
805837113
426769873
10774154
542389613
676936275
402341354
843933453
550243649
467917072
410201770
758520372
662755403
370626820
919793983
73576288
194853560
590702173
660415596
29571472
895019939
315959490
708688616
630370662
367349183
379798013
96142628
916506784
496795642
930035404
628990851
632134942
529460077
160600330
70438992
188251122
596137527
66268093
497766361
440456502
584234069
802565063
461719265
469448957
277237935
979912647
816963389
729228188
126480469
538315321
242659784
783311629
836380328
60508046
177698145
382178091
919877001
254388486
38557964
401540872
826479104
989024894
292327881
741944350
743806058
409750196
959826463
454114970
122940341
463911192
439265860
891715035
706081886
981693203
987833753
553879336
81820985
977026881
592908272
562447128
763310156
368717993
136227539
60414223
456123890
313176756
816120806
681471477
938919497
567414173
182438221
378147208
911933102
501523825
669783486
55210360
483814416
899141031
619469178
433438888
831838551
687033678
636202540
363747511
282410976
816400386
203451168
728517536
593936389
150990075
228648883
810745142
585715095
752952167
574121328
50689093
465881010
999089682
399859011
306751879
77418532
604203747
767346036
195830364
271944992
882018376
226486982
539797128
30854024
76310389
80684341
805697557
908186401
147987662
968910900
252085055
691590790
843920269
779853922
681332545
210875004
666830287
75981526
20352664
771257292
991857400
335147306
676538859
825248470
10786245
5623597
617893565
761024047
979573974
987310299
824552720
89391195
747828567
366860907
543172901
692040944
789232552
374016767
246460312
853678825
130876819
724488888
21760854
218453918
761881829
296209425
324248011
295298157
810270876
135093554
934653760
258980355
561796140
757442472
676646191
488022626
760338906
278118274
185639688
158598113
25339179
801483289
272202541
292897005
606184150
146058179
801710849
790975401
195311986
584648728
957072624
193730007
129475541
306518442
42338753
78568676
37426741
956561767
592919872
690977904
510628000
412534992
246413818
651656193
575605034
943053753
914487832
347292862
553902466
779362579
783651488
615743762
144326849
640597365
551795882
221490991
773972537
594692725
297345607
744706831
506549085
500765797
960641879
628277082
555395780
802943128
698766883
137239296
640939131
401059403
995103570
631629596
174685945
596805429
237023201
366649065
335522006
616162821
134588791
392120617
599220115
83293846
733028489
395002089
415134761
388026500
780210384
820238194
414771296
434894195
317849999
633758654
164057490
122405584
511138121
246168016
936802055
115447836
868709902
894369555
216589580
901419821
467896233
794929594
55231152
283743
200423175
275780767
681595327
462738093
551251530
587510534
772532448
497816177
478404108
490582841
960859742
639609135
716900817
586098488
123463255
271223065
543409053
964598738
630186175
261516598
97583219
728744726
918450704
725359610
641512981
718619631
197060903
575911717
425694700
754620398
819015522
985797336
672876505
766283997
809442863
351626685
581111517
715292850
112334379
178626681
620630180
765541947
334049507
253718331
308373866
321038661
288978608
138935489
802303154
320246346
326588005
92535513
198455014
71552837
756980605
968510100
362897228
940453466
661687971
45031265
152268569
795843353
868490295
873250724
422626127
718798366
421033615
371824141
598858426
827493667
340808153
739820995
5041549
467217790
757609098
380631789
938000918
599977205
705333853
72811290
429540189
760741826
118695914
641178467
899863368
378054895
471929504
268392849
345163373
358688415
788422379
25247849
433874215
731712920
139573530
168998788
58482786
646750151
690954624
401695059
60688646
570973817
336426183
336674914
923469714
868532966
489046052
675236202
279573517
431748034
84122421
914097053
601006126
242053033
217012509
685801507
181548557
527014573
692384679
605303974
437036868
227241191
893902927
960790826
47868640
516357306
627869274
112658945
256925708
479012232
665887138
620402406
967686160
387358610
493872196
921613491
872951205
202051276
126139068
634171854
355298439
12909611
126853010
209971050
623323554
345294380
931810224
859333109
750120960
294987571
864785921
218301060
262872183
320398733
688429067
171828062
179775991
542384068
706056478
719651441
643457596
845592780
73956285
804986072
931450045
952972514
420758868
404088346
808643795
250818333
316879711
582778124
494120554
240176082
109738091
168016550
928207720
221481997
984787015
83467539
893879118
622049890
629085874
765742163
205079493
840325507
236143607
182527640
510615864
833720640
781243338
490023938
72312970
586190571
673400133
247332539
533088582
344151013
911145151
229550071
79571031
439980874
719444498
227136847
891388246
815481885
782140052
691936043
906617784
810214150
845934094
896191065
528891553
258221347
130795284
678309089
844187000
137398210
262657548
111830534
180996949
669974248
70719377
732667763
654049508
26409398
36847132
71247076
971802152
623221957
838700145
720588411
25105267
766928572
709321397
227680878
463379247
646350787
154351692
776231285
802502630
91861487
667171380
48925187
168465914
853585662
315255206
526889247
152051667
3287137
486074539
472239406
527471812
311820168
361572213
65652664
907432512
20558548
133809088
526326573
500327548
595471675
524253957
420552902
179106690
999269237
461865523
567337501
756756837
913689452
631521441
713580820
314985842
601969383
881026378
232313904
149149119
630773857
2743203
996931600
339009304
984213816
279214233
227857261
779161239
967959876
796695456
588185007
152777580
951134776
703019252
483207705
53918301
762744175
409366556
285683528
177724507
85578974
697796137
609344258
483152588
146654586
217669129
70984424
568350142
299390445
919077440
72339767
5255759
555858144
969741164
893662450
965395278
853561387
857367009
610979883
567836133
704548319
853015182
716118280
228640483
806086255
117890988
201596503
654834895
136805501
623738109
263329747
353866393
621123414
286356352
287067242
336779439
565943674
645380611
71112892
697725229
230662871
218012247
702048725
872192475
121578989
122437392
743972563
50185858
245175176
532245075
123883896
805752530
90576816
921578750
733415474
224533323
948489925
581573187
177393882
15792444
980582197
939290215
807058574
523620844
293279975
28377675
809420486
347451284
23301641
739519824
54604847
300420015
377670153
649773609
599882149
26422322
480172653
520363679
718390982
533965554
316126783
251393240
565817751
115372946
41288000
567380865
452641988
462451415
746017035
723961532
37672185
121653877
663166498
263977089
759006964
540698957
897994718
30452416
481592284
827577604
709100514
154365413
552968692
634607260
336267851
280010693
365629027
652776025
516949775
218267953
38574195
135128880
362625793
101807850
839154592
356768031
996987849
766628019
107443228
221815469
235739504
59916950
190672112
589751697
94839037
849625915
831692063
703694428
27737194
977553265
265438535
500113515
145635466
82830897
465380017
560133196
92767969
113123652
369232333
378115974
675549608
433656285
13430216
635530941
30862718
764430310
689249979
933688458
576213334
917124433
601459022
199450845
892601792
719407651
802527041
204664485
384293997
468706421
294125540
185214692
528940926
758276245
833445761
865696106
644662548
705503524
745609662
858236318
532928644
837359672
440688390
229829092
946734447
29933952
347379731
294438910
305962976
882995936
369619076
371503086
566884302
47084586
93546577
139030261
151121797
373259305
512808935
162702076
524076454
835853974
43676782
936809564
625320983
313259159
902166127
384928991
630352786
391659642
597909828
28749709
936111078
573846335
915285520
765478090
246427558
747626285
39737508
647554139
997115753
541723205
744969775
704589713
288337002
848352221
280765285
882264711
912039890
263021201
393650808
727660076
448880083
15174010
775715889
918615060
840805835
739725280
626784675
272946174
509401811
739827482
964040870
357649637
253163608
979287680
466431776
590302093
201580133
896142223
626222618
214166856
47555969
225881090
564338323
113015700
214852453
975350834
823614195
453493491
295775120
115352669
178107667
88058351
170662485
436771896
310554094
387363224
922967143
559487472
396431695
836789735
220722020
49792877
220319802
877037539
702329102
289781508
965677619
574598471
953625428
574111036
459299215
574538069
921423832
242980694
6219940
66587441
525388703
324927711
467737549
444334140
148534209
281930671
470158139
873191657
350672932
829704348
695428801
77095190
659038805
201561127
322257509
357021053
319804561
888583514
928103137
102337197
588986237
356012605
553675841
114210901
792455809
55041287
270080119
726860664
610990366
15127500
659406660
97883685
744932889
966964916
286544102
447796107
735319005
269081355
919580425
697036561
355671351
614376780
195806366
394170859
964824897
765006987
914635773
389097028
