10000
172796583
953149342
602947617
894175350
793038190
380404211
768828972
389565135
762362076
944503381
83044306
319472770
573065235
352904213
493837883
652570585
202367476
600040411
371499283
300728993
548780101
218904796
906196872
197748769
979451015
577045708
309865516
873448726
187018569
969210439
435146854
747165894
815276552
269026638
20714171
601141811
726612356
175436584
964852232
6480516
729364532
803332344
355418638
16732051
627100103
141566288
775852983
47499085
589685998
116263729
285717317
570040525
748260916
988241351
871351717
177069517
405809186
846895852
894738703
262226839
307284642
818135360
393650473
333433807
777118226
812792143
176783289
874408690
474624551
308732978
956818332
571496984
381598869
714202226
160485617
232284551
548153887
51542970
422174255
802914538
898382887
749898525
193973506
691315071
48400812
781942824
569125617
185975949
542854166
16184996
7805354
430237672
647199845
733172731
500823014
741395986
896071261
506858666
786850788
626133154
610561420
188765490
594977682
913614873
821491219
573122644
695907573
799224647
817910844
145114901
7417376
817926995
763455639
995925403
175918427
680776144
848504928
602647703
417132707
880220572
826808594
374343378
999468719
625634360
443065874
257783396
527376206
694644331
191401039
44289438
969579321
58945957
573893720
135736513
481888849
480727046
579492628
690487304
10636348
749068542
370273956
606867746
723973590
938233190
594151750
426193218
205232722
290549643
917860097
50565287
82959404
678505388
229805054
994445738
628174336
389254511
908622409
923888532
876495005
326584348
988729128
249771512
623257518
958796930
736456370
743447348
555518708
745756640
381458734
518337962
795853474
368220048
971554065
510180940
228614744
677676020
396055567
386662687
511355917
42853651
191154326
816528492
84580997
713728343
810888814
102237412
494957317
244407523
119141541
447780847
703119314
155478019
886738415
89806210
7221037
800473401
686022036
74586912
820647868
27483761
833370359
275906906
337480425
62349953
2922320
924532640
387412678
643580655
699412449
13080817
506261611
601910790
441656350
801037463
915482554
549451516
622149137
624087457
234024317
974899241
476070942
995670066
322616815
133944425
970749194
474446423
813948347
38898030
447364833
306357696
488270968
947673798
317129632
24575249
319992097
922634871
726150235
200336479
785548587
651957144
562629306
324973435
447238785
932397817
340915761
468747285
112942063
451121526
550135007
15716075
772998534
998075962
955848610
199364338
227628925
137667487
621983649
981780840
791648275
697526606
298947573
413612449
939377872
429153270
121731271
145093862
333690235
413790109
571758667
35002047
95985515
397596359
996881915
957521661
220462199
878934983
762346946
525348976
706310788
346193489
340299647
229285392
518011119
375424383
620505492
956129042
961987183
79437672
814234802
688394978
362070778
260242468
386264822
589336022
966476213
144633257
863292891
262441665
649139319
26926010
196490761
140561497
508940216
686518225
590658313
621955448
328888069
525138319
200681656
245338787
752909571
251096037
768475298
285003681
600245257
383242911
759374747
266641007
539310151
849849219
832346436
326593231
851083269
312766822
492184176
440070526
723881849
563458797
642811022
361943226
907739235
777538382
835507087
697797168
285902957
880056845
2476479
990396668
930551535
421320464
77876620
32794243
177862262
958751078
139601542
68722057
356504690
417536585
946556359
822159308
766162990
825173121
198395744
350829376
84154714
854734029
594018580
54894894
848166075
485260865
61141361
275457594
405726546
932667525
595719662
18942775
481167384
852118634
982213361
440178780
60456751
598564753
201813631
207382330
385062957
66167116
532382503
969875100
162641155
584329888
195349372
730092277
497350695
731970044
951347725
52607221
536450528
228751218
267495763
599100620
113812422
439095200
837243433
685880607
463505334
625750886
77245102
889782859
561188808
298229352
981212903
743455804
886752998
217781690
869152130
383882811
301376506
505618238
579839047
268968967
467636772
146794522
816133718
211039175
215213796
909757250
671503359
798183244
268001614
913400694
28131441
558506296
350339477
367142447
358563058
408422594
62823585
570155531
974990571
689252440
96406045
343443253
970326281
420288545
152055857
885031902
443354094
478328902
672585209
108286277
283189123
897835411
493703630
208418531
825372049
876323203
748627322
884751454
150863961
558746171
859839673
694354603
527213623
826151590
647803645
486970406
285959163
582855407
859453432
872320444
221292056
798895521
617168464
457558326
272402281
634467723
582410826
109610112
795465302
478900502
268769096
1413650
255107368
882905471
781808945
418177628
469451607
942242473
34159871
967796725
449606218
927140006
87289535
184820692
819157648
268442859
888037890
870355167
952310793
676834226
492678967
819705022
1741634
592656567
25491568
975590306
674686145
818540270
909623925
962917370
525358614
274417563
858832645
970797904
796111367
54050652
35072650
82400325
31259326
39240741
997378237
776751217
168372897
387401508
712170400
530317162
161320957
399198003
680777769
667562405
589111119
858510740
776494040
153939967
402019309
214833247
665220209
862290708
504584925
766150373
738104705
569289500
740354496
991632211
81748961
905192791
298619558
205383433
390679374
855731687
898857869
186391430
479885810
253309199
44124468
422621441
825802180
94501316
743541316
474700412
793722171
177637882
973238970
36584053
699465030
338751948
839895460
298758015
597416367
554091448
599931717
54773507
147213281
527433560
520842136
135154044
386989050
627879817
396689327
110585638
161344808
365180561
72630617
426228796
553845730
931385858
857515481
873450316
810657968
596175831
650068946
684171392
190997230
522109099
66239482
46302402
712058448
702466446
716124348
173393604
866475016
92850938
470870030
154201491
721106721
148832665
625250579
278850809
695134160
80371975
538655875
233494243
251978734
898907375
327349993
931540365
643344722
133574856
5826091
176557225
511368324
866564339
608158767
356817816
547020770
508640752
743960542
876275606
649892620
282269453
54317495
187003168
562174905
369267393
838032158
357312661
315841103
675338093
179256187
889236685
571794679
141734290
770086761
851541234
687440365
775239983
960736425
974554245
426072170
894565704
663999318
359401343
796877697
844060873
237511752
701106742
22560730
953647572
687898487
881083801
62776324
721893333
729098337
370457912
602799689
68092495
480482007
173136648
495879160
470518423
259013167
893513883
602424545
369397259
812238468
53852518
502376389
623285553
305409600
540368267
295330584
232872412
461056361
596005553
344494398
890518546
932169458
9745242
321128748
291596085
434090091
265745317
9732738
48523808
690161787
608838446
205550421
398337834
619468546
400936765
125044432
873940126
687169838
913934211
306679713
489318082
495990397
402993681
388796974
492296107
86741426
29976886
560591802
446699197
143824358
684646302
982718874
906133648
221801165
321175354
879164307
473403311
882541777
916069765
930977025
491711050
335358582
679962160
54184976
529849754
526965650
273021766
728870614
789634464
222421748
115297653
713698112
161423558
877148741
372196473
321592948
676622267
606401586
756152539
260125679
881546028
976966725
636729254
680391819
141289984
614857936
936382952
49710533
528527170
143388296
159662205
745815536
445608245
546005592
758987735
482735658
387287456
352147389
425095482
724088111
836263803
90558361
65926655
634056307
126433687
843278735
729183633
737989680
603598797
447207442
60932536
521549996
466482701
90110782
329780478
770497151
662281918
492197378
869473570
887210580
265536214
329261071
21343179
574766549
690104394
996407434
263495647
103605960
883776857
685063186
154640280
30967482
94144612
181706127
679353064
669669971
971228501
877840844
607287186
825140700
495554267
929545978
799052548
561169816
444540375
227108457
700337220
179689673
406105870
441027697
186462420
273350499
28866407
425760044
232334390
45556958
410702416
958936403
112274193
220175803
301290815
406906641
637691885
568287817
629267583
838629388
17776707
553071781
586398400
593173129
473841164
732272849
220051430
111792881
747408784
669316286
164833941
639359399
460916143
942923861
722595097
930874126
438749005
918682116
291856167
178518376
50871786
706420790
134883320
326723509
847060197
243013837
586146509
607686656
497419954
249211441
222835065
753898390
204973812
583644188
455776794
277580185
729934931
856785487
235755131
323205436
553588351
655307933
735890845
731205752
929306083
365179705
951386786
438690396
319935866
967474106
684736256
410656571
347083750
915407832
324717442
876934828
439112738
632923871
803432624
601459137
14705038
940194111
34706846
360571263
351114103
665922028
13211304
570488354
99776895
529003927
461509949
372403029
607485530
381159129
153559185
180004266
150168726
380006524
786060989
154732878
675664463
90357815
711706352
100904080
58697969
335945049
325795794
396011314
251036618
997178467
502403271
244539901
857609413
850423492
531237918
656568661
621696172
964912012
55547943
44772367
888180195
525409049
386452615
15651026
956145618
192818449
842980698
736833888
766747394
830093354
229307757
438897144
712602166
975548244
477741870
833076632
594512083
172353855
479573693
520981913
973018738
608271689
189808454
289635088
13530980
722134089
707544308
576594471
746912734
567741909
222276961
206987344
783753093
529194885
340439737
171480502
449083312
874277421
929848368
943726242
729280112
338235287
746083022
497832613
709807699
914413618
381801617
793329685
96091760
300850398
320355025
918068152
852468139
534143842
189346036
297686182
994738738
223660548
617766046
502138707
747915681
550059389
240682224
192262204
623514838
198747203
460536957
566331521
800259529
12099582
305702205
360635516
278858815
33323880
274098043
580211387
316278301
294256420
219610662
753505868
336245404
381825821
857770640
245549470
94148800
167531380
85962226
176209512
89647304
751372087
331445329
459774716
552200311
691781515
534910598
300569110
50907287
729027477
554451400
396213084
396491167
293702350
358687175
737489319
464227389
816261484
516864347
720460753
872354821
996585719
104338055
549611073
932651216
321303271
441701521
683250590
896866730
974609411
516443955
617741537
938815394
79493614
748827664
513119994
613722104
375024306
556469237
75927554
367294932
168277008
689880483
219034332
280553203
739178252
50110862
77569821
651526570
354932159
464681089
940745350
439847563
32796863
255716665
823635626
349905017
184860761
368764145
928995984
198695773
396743510
103097209
308766604
252951807
719330326
240517188
543361554
936318342
883412300
338796319
364618852
983934207
118817673
439603865
701522928
996748010
302825461
24952241
135102154
257787252
951812443
628714553
363813653
778195841
564579482
104390071
660316493
598255376
407728119
995786752
505396309
29512739
305327733
343949823
833887538
170396648
171391474
517881788
618523801
284923891
989192721
96959525
337989287
630471972
887096833
46255763
788100773
205967237
911558435
974149103
170065722
790798231
746392820
667263801
655167875
374653709
841101786
361018450
956817373
503982505
974385327
668339238
289403511
787718097
356338417
386123952
691422542
56019429
537745590
209280754
124618789
427394282
305234754
853193573
607286916
6943977
81064776
791430200
91586247
628745350
637414788
191761910
60982539
374224733
26249599
815852824
402387084
160380208
115559031
654565040
951267774
794378305
479980446
343467670
532740201
301860415
657333173
355383375
71596657
241856766
249953398
112323392
975222181
320296372
487255314
940492304
671751499
137963469
179759986
483393610
99009560
439448779
987717543
549452870
504018929
587804973
14000987
641061694
975947995
984921497
412581609
466682615
301793976
878623122
916874302
674334146
234988657
364664512
510225773
68564010
53459045
357581599
572048267
320671316
180980746
888231743
856460137
257259730
939539914
195830518
99145284
153945501
920629351
687769487
23960189
643465365
924273256
275702127
577277189
173574978
555072708
966452761
703697316
309696945
293720569
456924971
861944929
644352279
903740041
186483905
126114930
130245799
823830079
644291135
516201343
172019736
800268676
767781241
798591912
606468138
273394587
583270778
676482937
239994160
545889588
833684663
197986519
144357194
902028676
906893279
340208472
941620107
229849554
169150211
465266323
859272446
854411563
810217121
277111502
684179306
357022138
169629261
299633219
84744135
615923602
182091486
488644315
470312769
235202418
908710441
462253195
466766129
968629635
666537010
238617065
326106257
627738781
726476003
924508399
100292560
290926659
564671489
770712712
524877665
364392146
296115723
657854429
738288456
469039654
196749770
666753426
143126926
948964473
306781718
718230345
701991882
203526717
839283877
331957012
662615091
441901708
695016828
969266779
641591122
572108432
969498703
226898811
767940659
146271269
499292701
46609029
894644819
694444813
912118383
762412885
336533648
829439533
967443283
829306885
999192269
819831492
520119882
309765713
102793965
482746134
192758677
537642945
685001509
304367
50568300
741299088
465241844
572676769
689989204
516391537
536701921
93847111
783088700
875551301
890874471
19483600
394334613
509667141
856226291
534577032
647841872
518514615
785329544
111930678
831227150
960470098
768851066
832134674
651594675
572907511
457903138
187373128
948904902
685342224
148176084
117305739
652777869
117886792
820879108
36228139
84384114
324371306
381142927
990679687
337059878
948158332
65778012
443856952
704759965
735649222
470936266
75178986
209199030
971954270
94766276
979898892
103790269
842942296
997422704
588644434
218490277
74874360
319299136
32051883
873564725
933656194
887380522
848215427
36978514
448868402
918341147
366203280
184382707
439029936
313628465
578403174
146163432
906323536
937222093
570800836
851728446
316948829
117685780
26636477
861996062
966731696
203899990
636150751
47998695
565204444
6538135
176417537
729104476
563088405
619095739
837877937
894216964
862504674
245385033
32399109
540861856
945514777
787602199
722338873
325770392
493624762
902788787
884222093
845786634
543623441
668061917
541345777
909227304
104265629
128579115
324597054
212351293
287414974
478975345
615047049
593094216
999249049
461079232
8005570
203669847
688241493
998220998
259731057
585957983
348975187
755318054
498295695
487547747
698273274
796511004
607432707
987065687
834430268
560664804
609556378
334625316
157013307
303450245
972854008
501976693
390447730
282107847
344075588
751743889
877213273
70614557
799264487
822812236
403980176
339060689
322967318
130700873
950057232
412611356
752295582
435207975
56361252
310205412
721394790
211508633
837303069
1889880
750850692
349974551
82383366
130130954
654034597
410961271
28479776
364668137
679147280
896694629
756066149
961278106
52508644
88968119
900678495
115595030
538588068
257908977
204398259
829930922
242583040
399789971
185195054
672157804
717957018
784039632
585809815
235569584
572803451
663292212
986804744
350052556
191639091
826072103
671218068
788442367
850032050
883481143
370913151
65529061
140349894
957199897
628611723
707151768
559163254
470793193
113961044
725907057
238518376
568871537
454535285
225308522
255599341
815471531
122498919
155105480
987800339
763346457
283069067
521123236
161256095
486890851
322424420
117213187
478592840
805296471
116682837
603140032
276702564
65354638
189949901
484252565
95421069
637832605
56255220
320666291
918814755
745568635
585464231
894377209
472775133
928495070
374675272
652604353
413158819
595130482
856493826
577693838
99199912
482453692
204414346
127260560
526705473
531306207
5184764
910179483
160243184
963596080
535650157
887007709
123804128
587862829
146743311
861004814
302448793
631951099
199807488
768559259
395416070
47508285
432177616
423086769
57140774
536212949
209112544
135415215
485155825
619885811
883019847
122839352
270909904
975446472
286707961
900396005
648567561
669265122
512244526
781216290
789730254
198609249
367432880
206568457
688822946
991569708
640292641
672047448
159920722
921045990
641464011
136591933
708773946
429621257
33114634
221907993
200070093
280543657
571389370
763709227
535456154
704516556
352537587
551976051
106497349
30542245
739659446
304445780
682865001
521440436
525612004
950629968
990290727
812868289
793556737
149354709
308069328
915841699
718382226
77569234
772964733
744923492
554026282
569985302
681361411
674174011
90632829
253899839
225064468
432659199
611024001
958020484
998910082
601579681
727948525
649773311
703611828
390954327
474118014
465450018
889900790
522162919
844938129
641477956
809738926
375077452
918676182
57666423
320375836
39178926
208885217
124755958
68936624
745468725
891734279
36943033
966430119
979072048
528879143
34829877
351107438
393582230
920312204
968649338
648912513
286262883
943773525
268681684
908419271
284450283
775287517
227369944
99487856
138640720
331574009
100185449
144802429
839815912
664505099
646325477
991663434
360349337
683656222
566425849
41670957
728585932
26587309
114472821
238602315
894220854
9606642
781724441
168999127
50590489
512693394
268383698
625976867
509643948
122891338
236204964
984966234
535766345
382071399
374467124
47229551
477403218
226035415
102650716
942064890
748333693
278951006
601339936
685310182
580776494
494432521
155733928
934964722
270056464
683317099
29579128
421867216
457100935
550168776
352599934
910313460
110989601
3737269
682541391
84512272
482562342
639565436
239767407
948407499
661086495
355121987
189027286
893550276
272524638
846947459
75054880
171534454
675421170
311692814
580947485
30065380
458061120
887456059
410684929
350610074
578924191
749581735
944757557
925980062
309529821
643147493
839947907
261391990
450611490
668676853
882211297
535297165
662660763
628541336
384845467
101802264
856622756
622429112
131467779
504500698
901128522
374800908
185998310
914250067
725118560
874198889
968023991
743813273
50181330
983169905
867881781
894075743
809495816
13114699
300954261
950890487
329385435
352148302
379871229
364519176
66504739
455905988
397686966
561785010
912751245
171476777
119659723
504603282
396403676
202409464
364926625
755743741
654951593
767711257
212218082
962722314
941022910
617086795
671054977
732776336
289649740
883184057
662258032
735667901
167376664
514033296
121839639
853462591
937087907
601481724
476229578
990715935
892002981
142729757
681443464
452451748
311143325
775378702
527588343
773163962
142966216
103999802
461283788
817600546
588482478
740989428
369439462
130619514
755940632
853494023
612859005
87051033
485111588
81725123
472258096
819919246
429110086
345257335
298606352
384265856
714919861
921459143
326607125
389423824
114435933
139786038
1226864
281253435
164194526
147354867
295805380
346471758
106141350
12160968
478825328
27171695
82183373
900276893
998839666
158327603
357868951
215315709
525843711
214724534
978812182
230719103
350712592
813504120
665684441
88743488
915043550
669283354
303473075
803886987
210283020
100816628
759603042
340353829
243862828
988503770
198381321
384792606
124591341
667549877
483630138
310639229
834859565
755577723
922709760
451511056
413479331
785601122
537611240
975057586
936197466
59277216
777099626
994020846
39195300
779204345
77294207
916212518
503601561
514905724
874609851
330087059
586259630
632756267
331956960
492583591
304714896
730830540
315832015
148618590
614921071
425329791
354670607
350675017
511168192
289057750
971810465
802731600
57404556
819688951
512857987
76984439
658132379
656542963
651606926
792152499
888399268
324895442
993295506
48091199
403664441
216820248
600583274
215641547
714309330
29834385
856249691
825376424
11820869
348465304
455028498
702389530
26140584
465270501
609022752
945374114
161261889
326177838
488827561
120710372
270445634
374177790
915318212
859609834
990481298
364789288
591823911
612719356
708442531
951661615
514545701
934472979
138627686
665508203
544413538
864372547
620403321
765590784
532190101
230186354
393389996
590628789
782932654
405336686
495621673
835082279
449464679
229301028
124417444
141998473
637339094
301212568
100519575
961775314
392348396
283743967
322953945
431814237
323123251
940392535
608739886
248107142
602581145
103773498
647277729
846576806
958477560
683834104
216893266
753721550
819617097
650780317
554523763
134640000
976293276
75416062
584580192
905902801
852243468
374543064
306399715
211275677
797575023
182120804
602823035
768931867
633847416
844775978
909484156
46273381
758898488
813649475
63609884
150664906
684956236
315260621
999540408
399143076
109328014
678517291
937976978
237891604
814299012
816678164
294186449
597885777
931942561
613283642
223656365
857544836
965502733
634115135
17034542
311812051
467167028
700721670
524908298
83337006
424596147
792251897
68911519
827754997
60438647
158796098
606047028
525912885
669299354
158587203
346298821
791903391
892973031
447482531
563298021
741045406
142260710
119774033
190888417
408382770
53043681
949311556
42914155
936251411
136423499
356907806
875025849
94727953
419370522
557853151
184811663
421102963
646640751
672456326
874707255
232642836
172943205
388051195
815884180
973964762
39538851
332948957
584075340
515059755
655487539
69465950
656774702
664527791
547268050
751644167
697317359
107074704
351524169
523358640
623633588
443255834
693616213
681478147
652235380
444040891
614716189
988139775
372047790
846113556
773724160
241965283
561426056
207854130
751788294
462036654
820705039
737199488
285122431
789882436
615314104
141334422
557119862
56573059
622816192
743688283
364123383
966702441
615205317
570811395
260322070
417913444
863030911
809898636
535297832
905560991
555178437
768336139
23742787
985934170
764330654
19103053
712671283
897552753
16522364
793196978
975513285
3402428
492481609
422213600
183975880
559333949
844868321
293859165
886470548
631171507
623347778
457443574
91971098
213871515
189345640
396161513
662302607
294600644
940063789
317487298
285765390
349177067
539505690
43197218
93474968
257426678
727719524
162571625
924472717
269471046
295426787
384038374
567207709
354173608
386338418
223477936
388544805
30663465
454654703
62149434
267938885
943792435
687528050
237522324
128739041
404540142
347661439
372399718
331806110
520184193
82632860
789143444
150913224
896405183
939253113
350396108
954811167
204944945
594508677
929300083
374540601
730017375
289781427
122918294
818194596
464776417
277708266
242453197
685139533
662930105
486369876
67030132
635894599
6358469
163635228
160051289
509734740
987352410
618710586
733480126
517375821
712673538
192176943
461979471
486933241
670420463
149501491
536333379
515521755
795203426
961963211
799212003
727155476
539378277
89641348
97115825
538436409
287460979
81045446
12205181
597803656
712542179
717840886
592483810
605593608
49770319
213861981
947603517
873472942
816008583
689000281
565505711
759286750
814361492
448422642
280044592
35584321
518230203
563335692
154196162
442710480
716631910
63293867
366009781
473594622
156315633
18442289
108286484
670087752
778512347
118593344
689984357
556893493
608218536
532635762
109711452
241309445
543154208
231921288
520049860
625292060
641714389
646059191
682944116
206486815
106868434
488501373
772924158
304438525
953730416
675902563
17864330
906872077
37085777
916017302
839407982
358329095
908800707
235217361
425624913
703264376
137483327
250636894
792702165
683242398
523307144
502366143
217583530
883672346
520291085
402746731
288387086
659978820
947200349
82966480
23158764
493968170
748577598
391870819
886830722
809695549
206917326
44848650
608039253
703897282
808835170
775242500
862773748
14649080
215819540
357103135
579793341
163356314
286890664
994758797
833745310
751672822
199194744
122368320
141152415
438379357
802173061
58355571
824298672
940430398
165476010
480743207
838873554
574932449
703839055
655981023
330595629
144250906
139592861
535809137
858055376
672394668
433812013
891701188
233081670
848610897
983737258
580544515
834092345
816317055
862121801
160525916
148490841
935210465
456263271
684744657
891635840
978621140
124577472
696861777
110958821
68450295
202161900
904252353
26392779
19793852
63120444
67548391
764704486
977861032
912219407
42289002
840716074
510915434
833435078
65827947
411754488
962332338
960018564
473360146
156896169
488009799
861618198
265532204
289017273
905723081
259263842
980526714
356040616
636495467
76828585
798000399
45559959
129320267
218873793
987033371
163727586
692930852
69006345
116134001
481683131
551993929
823813935
551097980
80014910
507326344
328893801
792857446
454497982
841311943
171163475
864662436
318320841
208965030
58567753
665943143
715988467
488277043
1438601
236110496
158009005
268106928
408408751
977711533
931726765
180749282
668282144
11114008
517961715
704786929
483405616
975918814
474051378
9890754
719467466
789010513
847920670
131292219
357003430
393568089
959249573
931550671
26878219
956365840
297685039
431560278
681067459
320825333
439232608
939947267
867141739
638044879
567954771
416750877
953684940
107477145
869060144
734769434
680993283
7990598
623691890
960062868
816833826
636279982
221929767
212712061
356372749
903077147
654854303
999659997
340872669
749232135
150349902
179074880
108210694
616146075
182979370
878444734
533247111
558428142
642673388
676315482
134288099
815568427
573717051
760409047
661161769
274422155
542046991
59045659
49127877
660472090
74316045
988977655
269696368
500425058
758509086
312554473
80502454
20535954
618194759
457432024
494731385
668962452
82644644
671735415
201432315
261626354
557190743
495907564
847361857
1472930
412360305
248255629
609778982
29850229
634261867
524372730
532169120
686575294
179206818
217832753
740873550
663222119
709898754
841654665
266696513
775089253
865739605
578944147
683456395
132111505
484011881
207873483
943760463
161286180
488050167
510180347
528094471
749965219
261740915
208573275
311624413
459253229
934612567
20545005
577689515
744062463
859135107
298255727
655469475
150280873
979964616
684200163
929752773
653819012
906169163
477590717
430059915
302155814
226319106
469887182
709578750
660215586
258944277
259568069
854506126
658391397
560404011
130225920
362678900
334033977
766655014
502380398
494077640
438963557
268693266
846235229
944234151
49996080
760428002
280868322
88495640
275636253
187268645
600415156
679791409
433147579
175996696
503926608
827247932
519825947
995553694
138968468
529455433
624542279
368389287
969194467
671398155
785505787
951319487
409458287
415843033
183242010
194970495
411941694
593100567
174390827
892397132
295820866
808534909
708483057
737150250
975518510
460539004
297968800
776971701
986554401
988981219
660356081
444740205
199985299
137781002
49571307
314033027
874110239
24754575
509433849
560890994
331585907
84366873
762987465
880859970
559709257
992943197
700781849
311276972
16397554
953918915
400274176
732037034
350303254
759517644
311504041
913990845
789974612
341535281
320384828
262616786
318824083
504249389
147613142
637254250
715178412
244376017
541716840
579235215
242172160
288855802
112863973
857029297
488604769
933279342
430500805
385369857
948485919
897690645
33787330
966526061
775907620
131452010
298466523
761612176
470779484
829445884
401862026
890901342
711676347
684669580
399167707
782841222
176659316
137847195
226885706
27530729
60127104
3308313
585613005
773577560
824550900
441921167
352895843
675357375
136214892
3296934
11122524
639723499
876201709
300537292
393357871
269661033
866726556
147320175
812786347
665778381
857008294
887684413
346450565
170887932
14904961
659165152
790863082
782322309
195821361
949075424
368704529
519068355
91723097
384663554
75410849
209265981
413568159
739251625
745733084
473446177
804140234
935565077
110363968
447536006
409241566
416115348
157781170
115734152
157258836
192105668
560914069
926989782
35213680
882022727
293477022
508266418
203735788
295305532
334544298
385801909
849385658
901972863
188078975
931656867
76157244
293345830
276564508
397097150
973631715
105351162
803191494
192067982
175540552
79595343
358240546
251536853
608594083
834093798
147140122
577735947
515596367
56831018
293704068
654867859
934864866
741600322
765156294
100992039
676549708
232244186
148854315
277885959
922139117
676058543
386575723
171787501
909907169
356197446
850846212
465688423
374848843
464732592
835263867
812022389
486516654
308292464
91898954
778481167
556497792
710890123
176551487
606779346
534285668
286450552
582058266
545133006
647825179
89973413
760630520
656163636
809504366
325759169
369071813
612189588
762865712
933605580
427438992
142739707
978618802
587824460
626895898
447121566
564859589
637524326
227111068
893132909
230757391
916333207
516179442
169269222
106853817
930600764
846865166
993686892
695754052
322905337
929757517
868349299
287361077
131821290
548903278
752163336
245931722
28469640
353158107
758266960
660306942
531458347
739672123
274324012
894512529
989613475
42222238
806415438
666492411
782029922
824689133
402055336
618422341
455130007
473278506
610395002
741363246
323638618
285027894
176882305
692398128
731259356
226445032
258677165
550414884
412473763
880029330
275639221
563193077
108314820
602275301
24689267
282271221
61611263
102106860
436907245
171823006
338867966
336894737
888786900
836924004
463419122
809754055
148764449
931115412
387707341
57859992
359989478
347121704
712441579
659115471
445087978
549000300
55146049
268075744
933087331
916502065
990157594
564560739
141487029
891195366
954689410
540535601
882879318
833314381
755172583
209650707
321186284
379379237
189533871
93147805
61385599
948946823
340387179
502962666
224294489
95713217
560032898
150245181
287716095
551877455
835605338
742926176
667235711
897665092
528490732
241936661
356662427
883983952
888696395
364750314
924682793
618595262
102677947
627254311
283726711
980642178
539876780
694830822
293284216
160681218
72797206
446872183
310459302
647364730
320506621
607725825
212957340
318578383
485324134
406462777
419420602
732443500
272803448
153298139
494098310
849354710
553100491
238126546
374993683
268166726
650508709
721006839
466116938
996859146
699284248
229586185
688513320
14027089
442877141
951368412
670863627
185779712
331767586
44326143
687157943
708420342
82789565
25077864
634803076
269807103
459889052
830187326
372021602
165607932
246166142
278254339
880715748
717251482
917692463
927932655
91453029
134996727
886760553
750542211
515277661
814820639
572238172
882103288
649625813
234154863
873817808
893927311
17376766
652281323
682377099
726690125
606153849
560317366
757564803
120981389
550763900
987385146
379449938
336191956
953110546
626718249
810642386
413951023
581227400
68936289
88542755
480372064
784837702
281544031
341630215
277024896
384715534
338649302
793382254
449866531
439392194
699625767
842555088
143053547
670829917
615711881
737250851
203568806
770188156
702600972
444926212
966336605
44420220
740013310
849671129
552825624
519923944
595661655
865808376
942808569
340796297
173434547
283278550
211227593
306942985
893453074
574989561
725078623
577899868
153254285
118578451
450395423
527325899
266239233
168706401
32012652
469359986
113523197
495750781
599572019
200208677
655032503
538531970
383982318
293560873
239726858
634746747
428398365
456999348
872721538
233994793
499080941
467733120
761718930
332502828
755154111
724539351
319469363
800648453
578140184
739468328
341489782
662098489
743571818
194564326
108674360
95294563
385351393
474631934
979168145
569385515
736333188
539762471
697081942
146980852
82455652
571887378
442273770
677974745
445124869
433090087
631494436
598549397
945683993
234241571
151963611
925900516
47469053
212822987
805593715
133405525
79938287
572315971
663420087
977089
579037763
35114184
108909464
118149722
453777681
785184466
874473601
947953421
501155745
91397394
665239451
91443534
505329362
912629680
777457986
223632799
82440082
683117249
712028938
201354986
474969655
643592109
293106780
673766499
356454371
599691852
253345177
543724551
871661867
355754582
227524333
341298462
156715358
35984217
977415450
353656634
103058325
832377372
657823525
824536570
923900358
429592615
153384725
57525396
809324160
337504985
576227848
684896973
228428121
684423338
367214295
835886883
934465045
414572153
736058192
926662944
428697680
582848414
598270816
805250364
902759943
47345985
933726777
430594264
990601650
927342247
712819729
71669011
284925142
569063502
543498560
602645199
762690650
292466081
721452475
438890546
131688309
780541070
775041820
75948346
147125995
691841293
532039949
361265467
585026875
31437976
802361489
55062302
178257563
218649346
196795046
436502609
405213423
826576985
556559122
775725731
503464183
362787011
832132654
412324848
847560691
744190897
160113444
509017927
536126508
318296172
55847027
453736030
906333721
459624469
474796265
849117960
160859058
690640990
24371536
806921690
951370832
30288086
279472074
917238953
696816469
299169101
737265003
977042820
673347000
317373505
911801188
999785337
706404684
884053250
6085637
407189066
571292372
448707586
15340170
162924531
985341672
648261713
430997989
819473388
258052556
256231098
244459042
117290352
366856876
629176890
474897285
555138661
233827052
566682933
496657970
32369608
787042551
869978091
801483205
789570820
756098377
757867003
19604806
324394642
333190610
456715892
722544521
838109600
609386656
539483862
611883314
296283505
771195856
460654497
511015883
274575322
101754329
951572026
521819161
53902261
366540391
220671224
38415053
207227221
794486314
75822604
394330423
418836453
449812268
726243301
436986263
749251601
421546111
353651219
331971483
33223002
389562202
272039347
537964635
198907051
792342844
190173911
454631823
910991432
658138419
224233635
489779245
480890978
72638302
158414462
694995432
613293669
552250710
3333112
992703818
401936453
575404280
329032295
400690758
395146103
496729229
843074296
342971929
229873947
920208018
283841446
680979540
446655094
607157004
692900645
261871617
335479075
685465329
759390434
780949643
232913152
326950877
369008759
293230885
757943099
614237587
828637842
453832569
624238868
8820593
733993527
971804436
876610234
952523075
22631806
853042646
461333385
797502288
470684457
495016844
332755154
379262931
467743660
737372990
674043609
240802852
714386185
674763674
42148368
152034342
413551615
982697182
182802973
100015019
95009639
603143338
674058451
989938665
296020396
26293728
161050256
607771466
70086440
470054711
864823267
299145425
487635101
893381096
41885284
69085666
187939189
134048641
80644745
812456567
390054484
47441249
995465015
91155266
330418491
391570985
320709471
365146699
926335593
69765149
189354641
102684149
902703361
545732261
755573646
478231476
569078602
855010407
151106440
812313807
238626805
621987509
642721974
784199295
542989794
253708375
329619104
249776682
573004926
922932795
569382671
752343347
992654687
140379118
246721624
831510295
804878976
642233555
45970819
848129870
906434961
756156185
638975782
765591866
232344701
757727130
846476180
726347742
533985649
861796611
232913783
261179972
428762542
746683255
318678508
717662953
728442621
576357676
199998551
395879358
418460555
40641152
776749775
35623760
767587419
826310219
13791546
242925332
574778455
494382382
446199956
803865928
766757626
274043663
512232393
180500050
514074169
528461098
657765011
114559928
887506425
543002555
194032837
930363584
309634088
678339458
736876027
126159274
165995541
800067034
542012524
983117522
642529309
729408003
527250375
622181886
450055356
421167122
12855726
467182338
815756095
841660356
574598039
271069219
994088637
746910200
4047754
387407542
312568057
218609011
697442705
260777374
957136537
151928875
389347473
439647528
210753657
23467623
585519567
796290130
698375741
224353035
873741609
486936133
242140431
270524251
112266617
539218822
18908569
911014917
141216232
110597831
446044138
579060029
444166300
360702197
30153488
347213672
290398755
121797589
911001505
279307732
683085995
236793278
656096919
328303062
725002
714890082
830033405
152026666
467283726
712879976
80302808
57090973
864507226
160143672
535012248
561269008
475174484
11694094
777760357
437809730
893742504
374055050
586361147
924805461
715188027
15484365
700048476
993444642
647633989
221160903
505180979
291535847
352993027
386414114
531754514
151788799
537237115
861438814
623124985
30805445
24880773
364658629
387071527
12760843
631367854
215260499
912044794
943945422
379623783
244992134
826919872
67069885
203136297
137493819
605582676
160552030
186374634
370034384
734190742
739794736
523648492
212556444
461981497
437575932
985731039
109060772
641918432
102876418
46352738
45456958
763788842
871495811
331636619
247982150
946510959
546795836
151384719
349421836
660455251
362973620
413102729
985692104
951149500
617347331
526579620
625048531
242445901
114396554
119180815
978569796
116848333
57367351
390259192
718493223
730459030
991977609
555282009
176085864
341043227
745212103
796697470
96798560
512610991
752919897
857879986
15386669
725551288
30279647
755458836
968127534
852717328
515082128
85208266
574844993
198429935
218043722
759928334
801191777
160348111
521413660
818205280
540720156
481349679
365435127
758201495
466763367
9827319
128153150
344920457
287560547
204543162
685057676
521270500
924667776
270692578
40782697
667908217
621725400
734311295
698355728
922825402
704037135
130415928
240002328
277934309
56959104
43892667
878737447
917490354
797974001
421929770
269526554
501291874
539037614
930744783
211581432
438066256
428573402
727218016
980800207
196910306
334674031
782556678
578807589
464134253
881887824
714161988
115810547
484848889
84628056
208453848
112103759
83147937
302752226
993964450
826265971
112112425
422205127
891448551
839515740
957004951
98195025
353817170
872712723
676369550
974676472
352618337
728756975
418830836
98103166
121544868
684934271
437817970
308358600
599275560
193993952
60821625
844283277
283722052
197428757
969898085
68428243
260160162
115421737
77416967
123046244
893962702
4068928
13177466
47141796
87476927
938996136
855507618
570609496
569301447
855230401
904487318
972925184
66463341
50893876
858424065
948094989
450373184
258160170
97038927
307517516
930948911
901844243
703728548
56482132
177425047
813009135
26866675
456391354
937629225
389311302
812588277
329236004
486414910
514330313
489401763
218319839
302409939
88179063
656827411
324025910
918225459
31454326
967219474
25245930
984746324
353825843
16690373
365446143
110629760
455030530
451145011
314848674
991606214
344077168
46579652
698317205
310152744
131538818
351412243
797549248
981471680
307987301
789878968
230951559
87491218
184353459
667683148
621336879
585083516
674197320
287806444
778623787
600127126
652953953
853396017
964828763
79918647
355237053
673270915
741549523
372411241
960042200
169416073
376624723
247623833
766217995
204170963
660905622
80501545
895206851
643792920
923245618
867873422
531690191
271219567
260602325
961960096
546239697
77698175
772823323
611623482
866726510
189871038
38777871
250681123
130821146
448906405
179637948
779328083
281822710
923128536
710122401
35738854
836215719
336510434
72525694
259761089
155870358
762527154
484643070
434537742
60531334
605469069
381824070
615202273
460880123
867642808
561645175
598828557
55427782
982645021
8207570
743107359
518334653
587359482
915179822
521987348
994522054
501275782
754093027
696257635
621950128
355963212
968307280
827499809
609359295
536181248
140055893
16348449
895024371
9799786
674228964
897901552
337138072
601958907
26279060
804804543
907618133
590334014
631496864
668986253
36189090
854124002
924788327
26770290
657189040
47509920
115914928
859142653
153874983
769424732
484071907
492255818
781703025
237874275
557147554
292798135
225544513
200390627
741302975
892954089
682462846
842371904
583390840
98827723
169814964
331122358
229849189
328211442
193678609
248650112
846824104
79357705
410608246
400693902
866294049
190801860
404697236
684658440
350699049
834409927
712126703
546769802
507086478
395324135
378556198
101990392
31120517
589824666
597763923
407928511
13868369
845803343
47119402
990378591
950264258
495360441
577875666
210926346
395358617
620047883
165856166
111603647
537277145
494705608
727736182
107203760
838460334
71355790
76024977
788167127
3202268
591659667
615641919
773112759
961445457
837336093
66347267
929173086
178169151
743207565
964382816
424022069
858973791
804360019
261036090
1622846
781891622
939104855
448453957
428899860
726885801
829970467
748241870
246796695
575011620
772098616
46175759
833973643
153000998
204102898
583953051
259631847
638598811
405767960
202725804
442898292
111854979
726515167
232930205
183822793
110628903
563931487
403225876
339401764
995496949
456407632
925908399
331228180
560060696
481334199
998723319
764209370
199273868
986232533
391995704
483531125
548976190
790847163
610611666
541424664
725218995
214211877
852801169
824218173
522751949
782047429
758867753
833802103
245047731
9675274
336460212
425956361
261762728
999418724
792313686
255006883
580800464
889524280
912501982
372294609
536630846
495308527
716099334
357456417
840397970
397547947
505271865
431660782
455085917
877957957
219502285
630276627
76804343
16693172
648301311
484017790
28131025
239586575
645319977
127708119
774801474
484542814
638687652
814795783
722676278
439038308
46115558
153208397
926427949
397098962
589444026
352858904
192174668
681868984
707235560
620637808
488419290
193388149
102136841
106031708
43568824
594385677
741839986
852852223
493940958
804916203
697363220
17356484
473036178
709850802
798640995
317473701
248811647
839633243
946271072
187039796
19736116
632138818
810962050
167874974
592400330
429072744
192673045
878962468
468155538
69668446
481561507
847961160
249270448
598042272
664018191
845167289
180633986
748944238
758109956
784932116
875937687
175492460
334579120
985191166
982996047
593329805
617819098
633499756
411313450
365976653
769721055
229011322
336317727
76558971
640775258
618732726
440756315
142100839
557327585
199474553
469113866
779061549
887658345
502896513
498164917
480240965
109085
822786659
668605972
767448363
654481938
55675482
175864129
572306808
664036218
558608077
300392557
705277372
324297176
414500489
478758212
701864227
807216417
556389923
597182126
442694497
156866047
315452115
37087671
299288531
758591346
203303109
481517077
739171261
706553250
47666075
603245723
328975859
422808838
371279627
233705832
656389234
728503667
474396301
414132760
959966666
330722683
195970644
195124236
210545009
766523836
622503955
791851219
395124026
650475196
145707712
256748439
637967616
678422950
180974203
696893862
283020632
811071425
154119597
62474576
633407589
186400071
973384616
682166200
267837824
751353618
623105396
287700091
434262664
326865306
619315687
333454432
807159698
476516767
385723469
958950112
325589723
978460272
725566001
974020609
367232017
95628003
42662007
480610269
676629305
406460508
985742229
160168975
950858867
341844274
804221233
435387538
354880045
531682386
421476315
475175179
81204969
789859109
541482768
721860893
593684037
877975156
200536686
833061370
712290775
341795516
944311752
7845154
773803715
143385439
415254543
870318127
553734288
368914745
188751660
885163976
747784392
444552547
994879758
25153136
223846094
794110525
918466990
741809541
353432371
993330899
956460744
546179528
405338561
22012886
813494285
916850896
118180846
879660192
806290610
566103398
164882553
741127364
173738179
601905440
307947477
559086937
554066876
212313080
678155791
41082568
240178234
261900850
914187469
719397531
214570606
754714378
593400751
847972938
887796974
625464489
896068631
114879109
145386988
42761811
367644546
161808027
602382762
898723090
138098933
960128376
464126946
564375437
980302442
577217348
739966225
972307208
479267468
641162064
701974711
694957291
571801768
160652902
190000068
145449799
479884323
813178662
489860381
965921417
640653400
587560778
116114872
933054471
790472565
408294455
628907353
502889596
660774300
745232062
177859703
394018285
31280701
21887895
18682194
113391868
110974851
423670951
417998296
865208466
395828843
737270073
9631630
114079875
878444066
266128949
602550760
748747168
963080662
654143140
301420498
907012184
607551383
531478397
604198691
287352592
446149449
991699470
98510395
744370095
530300764
713805081
143601147
559936968
618301647
332331566
644488884
569127292
950295030
81624834
254388704
791400193
445723191
989699252
271398618
580261203
108962730
128428657
142119453
2625474
348028924
405820979
872734896
171596734
631335872
978510419
468485622
877508071
166095746
392389632
994150002
523574225
409681003
137864413
957548239
578895673
615067567
945779576
923319193
929926334
50713326
178564746
510938845
908528521
369985700
249116108
462176719
267087968
125396368
586342628
747945982
157562769
280850344
512723094
915042494
555039056
899721146
84981918
551938362
786115643
741906067
409304094
681402226
589859092
379792812
48279842
985433190
740048344
178467556
259565877
864561930
523014224
66636246
74035392
922491236
547813157
999286447
229743502
287635144
35177546
988830009
954431804
442044202
978080566
926739998
258118003
934014780
40443562
358031912
832700147
34933332
864792941
494552402
691656866
813941017
152314205
85974793
18936278
493412980
888568835
505024722
603383214
46159123
90008927
340700561
82288831
47366483
774154363
240992375
322507576
526075904
327804673
894543852
330967965
371674042
531749288
537793359
808037562
794928480
993294738
600577542
328710634
281585975
746444844
441598649
610379818
111587936
691817797
328150328
358059351
977216274
461071863
781514306
876521530
86695571
635459370
816717408
907371884
606225757
435151479
600213167
906725974
396098137
745335612
731246263
252007081
797751688
751021832
94405174
606488860
399720246
283492839
543272251
290895991
792016823
443697995
442313648
515678870
362561186
486584606
210668248
384625849
286153456
405768967
306177410
924185605
70978621
504602284
669522935
163156074
696233006
16369134
934343988
117274749
908394420
450282691
249268603
818522972
241002624
971179418
66116920
65746873
120312407
963012399
131166621
757084883
312770286
458207411
820736993
357218775
458874448
331977631
889826783
148463401
947785929
457523524
695437741
92202973
361913491
486523474
976816134
945211650
425490406
440517610
705469809
903947979
696243635
644912864
185358839
685252388
515451196
10853173
981626137
127896008
31664559
339894159
424990890
852908819
759427399
223239036
971523811
193754850
41416282
773280993
172776215
442290193
469912759
175021349
133256030
65117134
709034756
155250996
295631281
178287912
211798252
164627497
255638073
232378798
11369041
155191468
749263889
425024774
394103895
718781023
657496792
951289756
111450949
123642792
690250796
954672734
101058044
152369335
422499284
51115596
744809240
892594400
370874840
975735460
92771120
523432162
221282212
913812768
395341769
422744282
446539880
128074938
332206649
160235190
443280608
711626398
695707808
22718940
255976895
103119032
363240688
92887537
263234677
975378517
606711731
387512948
50657457
300872779
107654946
88415615
948135213
104122898
158675244
409401807
618511930
593612865
913037237
484294587
419982408
294371765
256408203
826742547
406017109
574419233
525092406
786052823
388565769
699831546
405464652
386091613
504732230
30837896
246605651
799919241
828441199
181315373
587299299
489457052
552849157
491096384
158199578
568036105
879413741
533051381
629577287
643661478
877208056
765627194
271561266
392874780
269540944
357368471
177447457
600284873
137146403
826060209
319635797
14521216
722615158
745528352
410480080
492374235
933346243
67715223
273449335
317166472
802043686
320088410
341576092
771839915
771741565
465087502
547199792
215103410
183719857
484081533
343674934
718691353
515932551
275737842
617574696
253342321
186030166
180995602
322415049
94145348
496076970
216726978
699735546
55706127
679967591
726631085
974972476
404610400
248869404
264789623
78942591
520177032
313939028
389180565
108720249
28206518
25901765
641860270
121940257
51431115
651162788
503471952
843766627
234983843
758345428
216008575
544304971
750995168
352929788
433556363
728627626
362141906
711270998
775899422
509993807
83293613
242032238
857603313
462734496
601013116
752717951
982931353
596235727
204643303
889469633
667539346
359262512
116023352
196952201
725706217
654050189
78765393
464460838
860510715
593687297
454919701
109233021
300183265
801220915
469460066
95499497
668253531
200065603
607855187
700331135
739792684
718219016
389045249
289604954
382483465
676479232
739618212
970330901
595410641
88486045
776591076
970629035
703132422
666288697
233621073
986884642
793666280
333616906
175973023
909141457
6975060
494330060
684797122
118126644
747592044
281282205
739574835
615169246
488019392
822201518
953688964
320363075
284528002
332137939
718646764
977584020
966772885
765330154
287494744
954184458
536116950
709526105
389409070
646500115
51831361
512727712
150774440
268944518
60889711
497832276
995152705
183857675
696519813
132619626
387850901
658337658
416019424
594354099
536948007
151313051
195669480
963735207
642480351
44452730
958458587
785217367
89979252
431873328
937455773
554338290
983733625
768356382
683250697
129966785
173115332
803940270
264101325
71048441
817074881
212835323
873843922
494633722
366894053
761445300
337240788
945190095
700152193
24243057
627918954
747230365
570480006
432139496
920813831
997327748
668423574
913064274
820724606
132550061
691748868
347952490
633630190
417313715
670933705
461487455
23734669
978950866
229880243
502107404
741163519
574746744
208981103
541139471
102803167
570154199
503721906
640326743
569519801
902112930
969357015
293670139
471246259
381565827
704933800
484506245
23667908
121416250
195434093
442318288
65470188
902037461
669506553
606217125
154516396
144789453
814893222
493104355
555612231
93376012
588115765
526863164
452756392
926382919
199917473
996030330
82824312
996433551
35519196
845385368
980882813
191586025
376648734
826615153
288391151
481149532
565074550
54932253
199074032
788031479
14185935
350961699
422880507
956420575
409468258
372753992
579964229
358532609
619600595
297760234
832946214
995089601
640790919
22106427
92519532
528597643
761360298
134278951
863015830
659667732
672470301
770490596
642064653
599008243
515415370
393645225
634194520
380258850
104876150
911218825
99789591
416236893
284589954
104702235
857336549
970018660
674909498
947383843
236582868
403591930
469420020
518514045
216289942
409735120
533494149
27345551
44288224
230037204
328823236
742188875
795356566
719977105
163333042
844449733
840847693
729820287
359257840
718438746
665018840
881891084
158128001
110960163
714283321
171129422
625632658
97049463
672925952
531887348
66719257
454758073
135654917
563902277
326251610
48602107
564682735
390106900
236525612
854037175
296794245
929166054
257615447
645094742
599975044
825035088
573534434
398482735
603736003
629986988
138779986
717372140
210214256
146075567
180535678
787505477
945763721
45409784
580826256
104557736
672142158
448998519
825183819
361862971
27913463
242024112
803479850
429951070
970372897
731731195
726379584
848022081
860013703
661325086
688519422
842199130
402780697
955611896
508211313
822703834
36452308
919081045
512910659
442831976
273818750
348159199
95442558
250799880
571886065
446144275
159224040
144691793
693967643
804686078
70118403
101929048
667349505
760188218
196983797
31328435
286853615
457513921
930199350
479033956
485147607
531568570
771963368
447346683
793403876
511182698
127002664
951652235
224939962
876594890
464503352
905437289
689244505
396821856
116470478
344667626
229730252
27868643
135974696
82750682
349366105
845918198
205694214
446746308
994576021
134496408
227327118
449506117
897681706
161296991
403121231
6955438
395282468
704572450
936049797
889951544
169426602
3161433
437336889
773851217
486710072
14711768
610449444
43797843
813418869
954870968
797852462
469601181
399339522
442334792
732298734
473423020
327844526
911464346
150381067
156481887
612934596
674507087
478136645
57669101
851392597
164961956
909002272
422422887
460599349
644275332
466031447
950987369
788225506
73071681
103231675
795601789
421589596
904533888
963859590
978634475
68056867
541479680
452395690
870041664
915996545
213344130
417825644
221057979
626907271
769008189
533250659
107042979
186757982
485836430
379209687
695511178
489172557
822994196
697241276
212174921
706268664
548954694
902703317
974797105
970843102
689783669
468828906
458270861
550191365
630630394
225604330
611919790
102554223
635158076
322065826
641513072
573599663
659203243
985800355
313077951
383882738
187990448
458883177
874892787
135000991
590955804
325188416
280457698
810670089
741569528
972215370
348689925
993746089
474070246
355603748
419136450
319094764
580758114
251377514
457973886
267111055
243693246
604919257
949656015
374072191
747128873
380727792
131933803
442789555
915101788
279191474
632609704
626795757
282944454
617554993
317975780
724214890
220121295
1742368
656056449
866663500
559342439
484332947
33951885
880955234
225774869
873805673
297815810
429172654
26217113
49162007
191705553
554106655
896050882
927490346
333381868
46735494
823158851
133038140
563095833
591244376
685393850
831279092
178433027
715341358
243035408
754157978
947607377
354621234
487371612
306802756
41157198
445817826
71480511
762450594
650569330
506341346
591892771
881509548
905318759
239318443
240921096
389985691
717086712
243735341
189321537
52089837
518514296
984992456
214241799
334240414
192870865
712464877
782041863
552481197
384497920
394175847
447038625
86483073
491968266
324569071
713920387
362317249
718923998
881425917
922503269
215644459
623736727
702909658
801552824
871363341
443282359
124340462
387360591
169112742
348088989
919371267
21269532
412211701
793327975
105863067
448960731
511507256
711896656
2237413
273604577
665374677
547571200
442051655
570559821
638139366
945072417
293153654
948330949
47139132
221046056
161355974
609649895
593731654
526248620
253952150
68039886
426319283
713909405
585651130
253431029
846198257
297346755
722547475
85917262
438643815
147075523
47368228
776480181
340482501
579508943
761843416
232362220
430252146
967917042
88721375
464943775
118910435
610173177
659265984
208972575
845038865
674020713
259370551
748445041
116108252
741925191
144490752
79870846
970781802
500130771
586485931
320257928
680888859
251582360
139027825
677361077
814972985
668061063
940380601
408402310
451592505
719642389
396991849
342491089
289439139
799667809
50937542
224860491
206041497
640495761
596048982
236448183
730717878
416113050
879963257
415136186
589730682
636064706
935991574
307137986
474069107
790670297
86232958
485988448
744032732
431711114
975266189
566276287
452731723
949177539
634788481
308131654
55807494
209109472
814428326
339182838
324601936
812047066
754867092
364634931
473759906
623139215
331883173
713755309
418002109
888897096
236037941
664449685
500659454
734617472
260313613
766304500
655495249
82164530
588980064
822019489
706054454
536401293
190620896
898989277
706227617
140849551
549236932
462985401
772966406
808667692
99110593
97701453
891368072
343955716
560610857
723349958
272373378
305477466
659775772
210995786
387828803
543378774
873920473
956623244
389110874
553149171
686259531
643797273
750019615
507774836
306393382
706470934
875696208
343791336
105095612
702965897
585646557
403786132
943130915
239320880
772180971
496163000
852634557
503725376
669752689
220408087
419532911
114927085
174947699
803594541
26222875
992097763
381612046
522578465
724392135
681856746
183118201
461070612
246755771
991722733
933056589
700149006
754198014
943197804
42681471
785095898
531279109
648145764
791543146
671152016
229135539
85014949
278663278
446139850
574534042
971095057
631774110
944317723
305865630
426633619
404105727
670864821
470843854
847911651
260602677
584723381
458128679
900880670
378597636
760837944
53529121
232594794
470909445
488475757
922864019
903142361
801572262
436062995
727900843
85543640
295049300
247579656
25512642
577875800
272592469
185896041
37052789
999511019
833952933
900606902
194248450
655626514
192972882
733825824
333818858
83987704
115792892
179383620
464505072
39265915
672255326
434921630
425078906
301777529
912854255
79784180
659055004
920909803
658511560
192434260
536651838
65478542
982849843
22322974
646509417
967890116
917805348
290537628
521638781
717277093
983336399
406797091
246360687
854087682
707415781
70674192
418056506
137652898
174814305
661393099
401410493
556957030
529169063
449102802
513854845
952501432
945802467
910697998
531454277
895358804
323319190
623485809
137785928
481513577
717640014
439024739
28422925
505328571
644712259
425390084
231409023
442371006
634111703
176396718
943737860
895518842
452013517
51245430
36877620
593174253
368348619
583700942
281804347
115428355
517429554
155267518
217106379
79332580
49393016
638072685
99196329
763474956
563717721
751256671
870402792
635954667
68754326
616109195
732701955
972346164
983968386
730879045
363198299
661319290
635612655
267568881
337239347
629737359
355670831
88953879
5036727
892317863
990316698
239599325
985969767
16906528
632340101
433514862
255925369
527630729
918597251
916536297
779326507
668271622
307906165
750975826
975189361
385231819
504023042
471666595
861879344
293266886
113984911
39881672
728735631
329094848
948764553
833595520
136386506
81041660
124660640
415555351
888782126
619788628
89737370
389416701
836037388
924918118
362110454
528935458
510279940
5108333
655831234
831779923
256133906
550402101
939712916
405619167
842926333
796268990
865667821
104074721
43548781
440486658
895996069
550510648
78204894
665777305
315917122
666999041
569679409
180212277
503864387
8970958
229246278
5519664
931939958
746713715
442104289
590547860
829476505
309618910
509961857
530440197
856005031
771735061
972739796
398956083
965546166
677242644
164258524
824971849
475206545
991468704
332267885
449109572
405184372
354564329
83698399
742421643
978986554
708198167
735547118
563835057
784278531
993486408
737186876
927338124
581697965
120454171
361528052
79504273
969432083
593947010
419123567
572843465
893549869
874565639
370935800
989352488
45715612
244265191
554457853
947333800
518794370
770583700
179009156
911318496
803090552
704029191
619381124
113715637
702710171
350892631
650209965
591919959
89867773
693466217
207181679
925982158
746889756
825636235
87312975
86804096
573762874
258692080
331693016
935479718
961923516
522028666
724273895
231231727
987480699
978116204
365265364
387067928
658144961
715112546
388385252
584798273
293366553
4040702
223570287
89052636
375235030
798956021
9095961
200636134
226674611
899710571
201423431
981614344
153101586
423349800
969660829
526048735
656678791
318285399
564660964
356407665
65652070
612301689
181447839
15908403
801554672
136579823
574677662
291638013
273700029
673850409
973899255
726536027
875381056
117443744
187069537
363875113
974263823
404820785
936571046
905834181
90654378
778373019
156597748
104273957
492707653
972635959
474855309
491916974
343044275
367647780
844781602
545685400
742278942
115405199
259357944
321158042
729445102
800982330
273309668
161675697
994747280
615087042
389159728
86783481
410014746
362813363
326783218
355116804
741026298
303001723
130040866
762828168
218235987
619196998
229563452
449927787
806655793
783937384
481488600
555202661
804295199
698201812
829481604
193114487
612479213
991253925
616577122
735249118
745680759
843332874
235436112
358869312
433962775
421160002
519357448
231196327
2809987
494633670
457181335
295061949
618173914
939444329
433572347
274877552
878724009
29370617
614962450
298981453
420167936
440275739
991076758
577987871
845916273
863668512
296690246
260135718
372528402
445985824
725756492
568794293
247519931
411803446
400065648
614423714
946647083
419306044
104388497
875313701
33683734
129846733
206816755
736042091
38138595
163960836
104019034
394740583
697643191
956351278
607093450
969179405
121103190
642774374
664274534
581238079
878768883
281640767
659185078
987665605
868044931
756797348
408908676
945905060
423900328
247564491
561033714
37429185
933521750
106034281
732752755
18955540
510198899
432158846
654937560
708464254
135804827
370854333
25351343
117522592
32422433
407491050
615601171
466959826
212115393
273418023
842769821
358045921
431760335
157625161
969274315
714153989
269747008
452505081
918642219
118651209
311506326
250846619
572485173
197797454
877401625
40381602
956543372
646814323
589033148
687767841
512065956
120170263
533943019
482174659
904965161
470673191
404120047
347933406
415344108
23992636
481077523
708788739
655796837
513867088
778874396
770895613
818079181
133986591
59743924
827165363
5308675
980131709
651484360
328595348
322283025
64093460
845463596
871614534
823886781
512599176
612009887
972520449
66542797
187760876
365925053
724224610
434327631
161235607
688092683
307455473
7678255
143883498
409909793
250859434
604171985
330980027
914444717
777123028
747031799
541418207
91988658
732606242
394301989
178844437
687231620
626443984
399241340
761674922
151269756
454381294
793038512
383215250
909761767
353730526
436767312
636149161
698019001
742275147
424169104
341957599
801666652
99588719
849472303
731293583
606275650
8007993
647856303
434084603
555974584
714991449
71422162
611601694
447546663
983925176
401542560
43099339
797973757
13713352
478714891
120627951
519866767
446927874
196784847
929851138
215429653
731229057
751779651
541949095
243263886
514278832
812712445
58560619
973911829
724134491
187146348
199887653
651164039
646211130
683182608
275541166
752361832
856901545
614508146
406004546
710435109
217139447
480186996
365314957
742417043
313784042
632406311
534856933
443932684
285592498
377207892
502594413
577059773
529866993
657203046
723356430
95240602
545804304
388883304
696079638
989742469
434959185
446555658
606820493
92032835
980958093
127331465
407518068
593558405
533019212
355462271
425246331
492073086
673957492
166533482
706521382
968050641
666398264
834613917
29142685
327930171
287735830
869212517
424021246
964309707
502872131
984683792
494774012
940554980
286742477
636783463
774626290
557714677
873186988
622852003
782563245
58005861
696796836
433077776
507638253
378926068
236627247
639050855
326139475
994785289
355092710
545446185
231137358
678429132
305939813
913093749
783224538
873004562
437134316
665174771
311920543
127146197
991970935
411574018
828772778
208358354
313407543
237470963
523760193
341844750
200250994
918117757
150322399
381387393
692635530
558935614
808359764
33803459
479128680
400350614
238574281
953215698
627134441
983783064
898574759
297355495
47634645
754764850
974492122
959199052
928842594
996420997
619348328
298116388
141886362
588328088
177457334
141021711
483545062
135396349
457911314
725459399
399390884
5854828
161872442
153171457
676547211
471859502
253269509
51464700
669308552
163915583
971655330
13434336
496044430
543660547
346107596
616006307
409337254
29399043
434613687
132627254
360757196
669658210
64477888
634118754
636577025
699167601
632934043
826739345
308408789
164670663
625240907
31188357
521087179
91054429
793594298
344613098
950116974
655185107
813341782
149774703
150513336
834766265
493979491
582723223
658168690
500806622
986482328
125033523
982990443
15776196
525389566
162333224
955212396
19757929
359121794
652255404
56986954
366921263
800055278
413425630
817898879
338674754
144875314
560420820
507663568
225005448
363668386
384622326
468254457
350282744
36149778
174136714
164407449
356708291
14741359
337801200
437524424
929173930
603490865
677202995
92139178
444767794
675027156
959806731
569309328
766456744
343021028
386304128
194271082
908948081
861890587
936454874
571153536
619689393
947419550
76990973
653242233
459146686
74906709
632975868
521251564
173999100
579624475
513439389
311599899
523574730
332692400
613517996
119261285
455854406
354100760
992044702
327916629
241636078
407917397
192173809
584549160
943944857
852313835
279713147
62422743
584765465
510297998
280360731
929316556
4423236
70530406
668291251
360123198
329187906
866427264
139604565
917781801
736383705
20193765
55649508
402716583
420291195
980899065
860137498
890746142
630651925
981118499
724132949
951585401
986893878
252850506
552809711
152272007
750863852
230261084
323061374
902982831
996569079
547846459
395426953
367382839
762007013
418795786
213749079
73645817
596869136
447845397
223038870
998329302
572023105
402367077
29229902
420928515
543612638
582820156
2961204
937349182
680988022
34243542
415472784
574415728
98973730
159759499
331181892
800171518
762804420
49911897
801377536
864139723
505997752
292591971
74833648
780745025
181071199
290585731
262494965
610333594
499069488
353986147
511701045
662604513
828484099
209262267
210990074
914471597
596938951
180571572
402654971
909118810
872675526
377057494
500980759
774968629
794514903
699141537
458866491
908516034
424123177
941060657
61459352
52711322
717213794
764838080
877809381
451474521
879901735
296939571
869401841
193517230
446945520
769071502
155238281
258273694
957331772
491501713
609138198
303833330
549397951
160696952
852719542
24284867
80099882
390046569
895061220
160694562
437227210
471630226
325205761
74664597
979231758
787879121
970091276
838405243
765843325
207003595
784882006
457702416
433382655
318176448
897443403
677595665
722655031
784247357
567085909
1095560
797488480
476752656
632711423
703059095
616849765
804881844
687446212
496267124
571016579
378654648
698395374
667302758
618646176
51392853
770663664
823225389
325278057
506130872
480417967
889841268
361852075
996943120
287522337
736570474
842128615
832041460
110123472
720035440
363472664
133374566
818713738
822247355
584261804
525201329
599918251
280728305
158788585
478390235
309319660
647390225
770930717
869151748
318122116
571463629
498580746
430886158
907864179
456712050
936143635
399625302
288770305
936597888
567018338
57680954
101970717
126151621
943191270
824823654
139834278
844569210
643133636
476402946
446542498
345873873
796154103
521737939
336143675
159671699
853104649
618816097
165175126
866395490
415760184
776577306
722570702
345647977
381771520
832188504
962662114
345558418
250184376
16294777
233139328
556512691
98926816
209629933
950016569
538778836
686733679
777530070
999305250
867632917
745121848
352361890
825023756
548913509
400169328
538842073
959790256
796684769
699075489
383492856
362952672
583708759
360429709
388887917
755393788
666512300
691369582
854906300
518205681
939952039
392090575
917210677
488316414
388634240
150600285
820838791
48015450
199505903
826378971
138672706
919824067
544894535
100584921
978389645
259498875
390003789
801562537
803753622
592910464
102374448
117860035
475594240
729911419
162543462
20656239
953847688
174876110
33965918
656953848
708687382
665418226
729718307
857661081
905459689
549367046
644552310
737146798
998722773
958664091
537085561
113635298
547542084
763288968
194774283
472680510
652709222
126847079
888078163
71445671
389187378
9035122
735933473
922953754
271646338
236014665
896225176
145874271
949682432
7149306
658914472
668658030
775322812
92457464
938597032
879722031
290209941
736847859
446530262
10075533
126603214
44822926
771245438
544241783
613127883
398212890
184720876
453620619
89734570
875121393
299792688
283751400
920980044
565007880
240108008
722020783
897277625
517711951
466906122
941305358
942450230
555716481
372834662
731003796
698713121
786385399
991469320
371423225
335705443
393081507
225541487
153644829
237224156
875882923
102752974
161712593
231360697
898655439
69549471
91548692
678942392
811499845
256279272
974531508
233089541
765995095
240035869
956040378
633620169
88944282
185472266
11515909
164331291
298685609
173887989
649464773
36022322
21984978
505913417
684461985
466957847
337016948
901107285
174687287
694383870
394955990
859035934
345398768
236548491
569772110
586224996
475354463
582421998
853537293
48131829
396148407
573776258
28497515
774803762
437295227
437234342
200464504
694443311
130295595
756131959
910356656
517700411
352930388
772748619
442604790
131460503
136668708
774164326
346977373
452560483
70527098
544783552
858582011
407994147
517636347
205252103
858670252
925394415
485619666
138028200
205539316
494468210
776866596
306402493
95605232
306613596
116785628
513608105
450210017
580238799
438757493
496403678
348968356
94025353
953209655
204466839
614483315
57978633
641886969
755468990
344733455
934914753
441991774
842559622
844676584
254999978
393564980
884004201
120884249
101350439
549763611
477019561
611236670
114758457
64210756
214549308
144455424
428854608
639556957
753539072
19737456
476635491
415844750
275321043
324947047
893716044
723365580
681613694
334564843
243178301
758131523
20947648
192828011
350804633
714356670
994610904
826396305
431888098
664876508
703073417
793540816
575345585
514209207
124205916
539606710
316906227
162586196
294843166
329222033
484457041
994196999
239454786
697888992
927783716
370313391
807861217
253745653
838734604
334972067
978079812
711824371
526375323
239912810
626023999
706220070
127162755
429130887
997568776
392599174
927066850
93658575
322540357
709768375
220875522
436030294
156685772
811326073
404993643
670485077
907993425
857706471
510051548
397598447
612306565
368629485
397937680
546469136
107326411
597502716
921955339
820307217
35545065
790432528
851487216
474377585
987879677
269242400
22730629
376769218
874245605
380550869
905343720
598365762
559431535
252838117
456296793
297537525
884725381
374577079
186027540
489647464
996405676
48291599
385355722
713973902
737679585
549532823
163206610
998544088
756110720
152748979
604307800
703579559
213175646
679583905
761834396
675916560
550426606
653740324
80072076
827256018
261024996
582297551
895061953
718542903
30118082
947930355
877912920
934711231
677546535
981326315
803172687
860577235
548316364
512012074
624808862
416927160
700601688
131666701
911275108
834856552
514755109
357711615
891505812
190950680
572161900
61968570
914938081
790073462
816648647
995241169
464419370
218841665
162054183
390342807
208662126
733351765
166532709
310156235
164722595
777721516
253881849
373034764
135721696
280541276
833577356
598343018
709580589
790897547
67530292
219119074
33024323
682307249
195822519
328897010
212485626
403604875
927379374
718836807
42298431
383035168
850068792
829161097
754398487
504038562
186829277
808669033
567731738
589474068
293833906
912907057
784699816
400029091
107458268
55769254
189739874
355421879
372613658
388898575
550889966
700008051
113057903
545572632
807068289
964382954
845340008
350924859
672504754
991736583
849992774
524758166
490842349
929740433
769641401
504758363
836646010
325298779
248914997
536948252
312085021
243750595
915617810
109774520
826541156
203049489
536994380
969228707
77662753
971937637
768386468
349649496
414313521
528763429
47028910
727281728
276148202
587777338
258039939
475416263
225494498
130292788
958728009
653768217
453703945
542172308
419722934
162128575
883547544
994836169
460659218
503077495
578570334
614245815
129317697
927763881
292327886
149853808
980379135
359293644
89878349
790376619
672095190
811477303
447561620
368363927
580681561
837595699
489742033
431869402
563926744
9992799
486735488
271703295
552540434
90447414
944854878
48506028
362826833
64733761
552108001
917136408
250824068
13290000
664145013
47813141
41251945
125424985
826612457
70422067
709526801
894312951
365981686
881141313
102535351
609067798
367728427
291779720
296154161
337273949
143803340
589335054
630567059
825698143
44828461
769422286
550308833
211272113
959817881
184074859
23358373
858273524
310827118
727827229
550458295
739253469
253889698
825473364
555029737
464643511
136634433
345265880
435954943
716640649
657662617
160161320
114884845
552177180
749406184
800270092
132196008
471032381
38435231
435275431
621794281
256395184
475794456
732305940
789181254
217611503
689753637
662402375
237588729
451807958
780536058
197552190
607619263
180585885
249318353
733243436
751163931
942201021
660832463
20301966
772491509
672463155
86729837
931055466
307848264
947936147
156318375
437413447
906545475
942051284
596154620
368521861
97251561
995418246
532220543
808945530
931775685
364498228
36129105
488570798
791258729
239123810
298990682
326029391
720708658
709339506
768317864
39896448
930578842
806718297
748960406
977931848
636170448
83657535
49238377
786049846
136858976
982525083
659437213
538817269
897764466
877897709
252486796
435842796
614743690
43540674
907367230
315273019
823755051
419945361
155655867
131402269
212054403
335978924
872778193
649191496
160997404
5519134
977841663
248970290
805144786
831860544
209205068
772831043
807268653
343729345
72448967
64569158
342695174
439342512
12744063
318028172
64925585
54160065
25904562
154454962
418363016
163421833
78728848
278824410
237545431
710389137
919999800
853901366
893368525
246228613
398548065
458826143
607143246
261905760
244029486
71124233
579099648
443317339
578321575
40947850
742045476
632888650
975781981
820876333
125713689
433617133
31670062
540525623
561545559
850661059
692822672
212971404
63634015
92332264
963908020
591299402
785408567
455250961
215856087
483863545
345600824
528945425
524715034
4121401
359367152
779875874
146997282
394794977
833548302
599291421
392161145
694771500
600322078
733818984
412088473
52003098
424935471
218775763
53371219
81636087
665531889
830072091
52492259
622643996
415750355
550370614
342752047
254154042
522658829
855942822
699826076
475197900
827019413
772737033
2972156
235481433
614818591
209899402
648405978
613621769
670960767
521104652
980023758
220691931
38938560
367406628
455083320
490879989
854051622
317727049
731325913
866119304
868130658
592763120
168353906
449058587
174689821
181385839
9173393
954168854
190756530
525606915
464759954
529809360
812870570
818705525
641374349
761297765
793386363
268511954
339484787
230827219
89142434
72150030
157277483
669287623
638338862
610786809
162656992
467625991
557922126
244602048
749818151
589223629
143998509
521248613
307152889
141499723
766734970
328397332
612021185
926593374
434632354
977012248
980714083
979157030
773068510
157200593
61801983
179231821
13925853
997725738
224179139
237536937
72729133
740424149
981563243
994575995
10014519
301276253
113091795
662141597
954626305
999838793
23964038
607836490
138350112
893352891
401946094
575129550
632601332
986909085
951168750
838276452
616593555
863377686
240675580
566405901
884138327
731541909
710316573
71292419
994652384
294373314
143441990
283953955
871074970
707899905
956682347
374945672
887178819
687513508
671238588
854365641
528781094
113754472
16295484
504865253
274902071
407401195
391307670
101836216
554354707
581953363
278177656
747413861
343706165
424159030
859797153
361037599
139692883
577670098
88489797
819723909
319616895
948917559
372306296
943557301
9283736
358188209
30179403
27827143
628679677
458352067
950115964
996725410
267414777
893892184
464935993
202946374
915090527
9048624
211104911
567214528
149244939
794414314
849624156
107587296
319460688
186944299
838932244
590891013
272791330
950027538
121458459
122245735
175686147
942485469
46359018
809536641
841883068
518934026
462658727
467051387
861655770
339269966
505275365
845071637
728660335
118029438
828004767
7276884
587245058
855527840
203683025
850367286
346166997
187128769
313129665
846168702
633037986
516121045
614755479
892417989
784360134
636704708
979574593
543579241
864193146
579164365
972016915
954514703
305307253
456075759
554066750
753984840
38574396
268931248
351205028
825446932
277865448
871717139
987049517
659026403
694273618
144013152
994698177
550020956
535679412
663700073
914357908
249665702
639702650
570009446
923592203
888164535
113468195
683267192
974217025
25094563
441876131
657775847
846637343
394889350
715287373
668523273
86931305
76032608
413761322
488536240
195101643
463219135
362339498
864419135
625833659
719993251
292834672
946483335
474766371
925266511
833868681
546127640
815898655
245826817
595444684
412362840
44016576
969798624
174814813
158504300
564880707
87657185
175160637
587243307
949367817
578564636
25294219
129195665
740032786
682602498
619593632
243913998
55125734
556846658
296304993
137162625
145662268
530603814
996791287
235780038
466374355
35532897
6342951
795902071
780305563
532686129
128190251
436728558
968769392
612386766
891604684
182600296
476686573
492523201
757019180
911380646
355563024
709473372
250055856
78455770
952162555
26299516
866894870
155084364
883079609
625715643
775705977
104886210
556635121
706355913
319888916
630372719
85410849
574087723
821865617
686323849
93530141
342984378
966283594
36904299
587527196
624150951
656933466
808409556
358910036
794261342
457854858
401525452
952305468
898389296
700107381
453503888
455793403
524289178
443966858
424673955
552868295
150800913
123527727
27385528
608715345
134295237
287686304
275306413
6153364
902827861
547613528
881884142
640037219
673566350
749988318
78982843
273312300
249204556
297078482
375584737
473032217
972684098
938196742
971945548
278712063
875575495
244596000
679482398
771201404
707505285
492645029
366695765
83067680
814021757
801742373
674728845
374690775
101598642
831071041
215309621
676760928
834694346
572028336
502060240
351095519
794235164
673649292
314514645
90287308
391868231
444702023
789088793
778554321
372657175
154822152
284153787
429773708
255655782
986003873
245416773
987748826
151980067
474098873
672478370
539478837
402474589
75146171
676124253
267556977
243718525
701083240
616273482
216685183
568749647
483136884
957177414
947886219
528450170
232491373
778256606
8926870
303988081
883384910
799329118
506539717
798678865
743025190
651357964
310720545
623418408
72710456
820653800
584530795
519392912
494735517
918701866
562313909
565760427
977096920
694086574
478678145
757286809
654096519
908708403
851172628
279692679
374600322
518289726
585549907
241802420
690603775
814157241
705399864
460678976
884595151
331039729
333306147
879080068
581119895
69992601
630222091
258237922
328125272
287094387
616139582
557948592
312299036
995029832
679990458
458573936
371370826
425163793
724892950
630401821
681440865
696875325
462094009
96556825
144133501
387625808
79712081
462258051
764737622
803036679
524362167
288317648
824631057
881984640
288948208
299202769
2581605
810333757
556533101
810747069
70956905
676392358
448935358
578462206
798029071
200701846
439143315
173613470
644993428
87211448
106353323
898728700
464321748
23456837
9726388
692321840
512926521
728677998
127523933
532071078
148978442
298397036
181686980
565339744
157179292
700189131
968038498
150267900
228514915
109533992
500411492
876345703
913181009
588662681
354858184
371770334
27607971
827894383
809527444
465606936
415014361
367673099
78808636
192069656
707996790
417353626
257838968
577509709
397227898
22227428
490864832
300596148
605272185
213685560
915973021
492432202
155115171
113032251
928855840
441604434
67121097
184193910
147572492
245276439
472673024
361652239
869977193
578185909
112765043
437552565
864125085
645605725
332002141
418300214
708192810
521430902
907705596
864006464
29321263
527687084
677398261
712280335
354176891
514271157
400368317
613469532
845792303
824760325
145648527
809408604
293912299
375832805
851349696
536584711
169976761
391696898
946832130
383583296
660978645
145598513
329089953
908125179
914377838
579136063
721785798
7626925
581552606
354013264
557782688
51693948
942658888
81048891
688288680
738007738
662601625
972741512
249647221
136203002
489770018
231928615
925517321
881844199
474170403
604922265
386203821
357549089
5548258
533779451
533367157
652870200
226203923
224911369
517919037
898644035
721076554
174403285
481489670
451430701
400273983
146552955
127259718
587039057
880654910
732139169
397866038
117465445
84009253
780327035
496898324
649382750
953884788
79273179
180780207
690746067
337988825
588895360
378612575
80348066
579867547
950262524
995722568
416774079
231978622
243101259
306505407
470432552
612795651
611209965
497366694
212219036
714741206
616254412
745478726
271533130
773504357
635167978
805691551
76486801
821281183
443028911
997066474
76523502
666582568
51604190
218643597
841380515
983820530
97362560
437897106
434261986
681285092
310080014
966483377
710443527
890416031
974117038
170431935
598348742
439458197
472625498
43896859
148463944
145522829
296421210
940521424
405476237
320201714
153885168
796988907
722853441
427136892
720035766
145027373
540060354
766077955
292959455
903707970
939404791
483405057
427080278
216815800
146237060
845733383
231682735
953409175
936757024
139412670
920159393
698318401
410337050
99703309
49543452
278154577
870652353
316339325
749624973
953328794
585990070
880179740
865020939
849254467
189598919
408900875
342625889
223051062
405894726
412816208
471750295
17377521
353208213
39086208
836475236
455961561
772941142
435208435
837207007
510344716
549664443
54605278
883314886
115273100
930868478
719909180
825969881
951076256
564656979
81654976
759629466
106072657
821533829
537631798
717949164
598708473
336266487
773657797
972100059
199835944
96622929
568580045
680642661
643995952
487034908
878528705
873571546
446550365
645135945
713498527
12424053
925707428
647138914
403774300
26265940
186864268
247521214
451544180
767055618
358550134
600427387
802951186
995063849
176314328
491104312
89924939
933409006
471628715
449438152
996887162
547823169
66522748
528577039
110337857
626276781
832040936
52781735
958635176
274052466
187494305
925963964
682395465
577519054
48577346
718358815
706623630
632107015
804102054
241992962
601043545
476229692
97943157
574240384
975788736
396900145
45248081
165728025
218054798
658419665
287793913
425339085
23926202
131819622
387535054
919940618
137029557
923506170
162502345
25244062
817818732
665701977
346784707
418481530
794358161
232390067
710199323
719051213
625470557
629390241
977407765
324333879
536154572
816998162
253913968
460307149
587642115
757541646
65250629
216263245
986061776
825818893
193195478
923279550
216944363
118868840
210637096
660768343
468833925
503894387
802184423
799622266
283125061
3918763
261949480
95078883
277848805
981854009
391525506
467331506
492863301
261300036
969176075
929567672
976156621
13782918
316113012
527315851
869265754
56117631
788654801
366361246
764653737
416727516
779866715
477909626
127090710
867716162
583571112
27729378
915073902
33482177
644502287
446099708
79496492
982515415
198680933
585914890
96833749
647265029
921466630
707322883
331756945
849068119
704874576
325886739
867804973
211588997
630505833
304538358
565478993
900788589
613834133
887725910
741687505
839475482
439207420
60174686
491666880
382557977
87712016
824343402
522273465
664212028
817175851
764076727
357126439
861815567
243575253
117653108
74608646
276791741
371204706
397211242
991020181
180827382
759898893
531748925
232479924
299856311
916360754
607735435
404376825
77448228
536846751
722253581
185079343
529608551
121742262
944839491
269660641
988721697
639258099
218524814
95683436
114199314
77283048
753242872
756979640
452510335
469655525
188014565
18210811
987191366
613835234
873267207
913297566
513038871
826317317
35342585
25178364
617752980
895054577
284449194
611289071
352862629
268117897
392133737
787291206
309149066
20293485
639634874
983380269
219355990
256214798
501265036
782320279
236504220
730885175
602696378
946703683
805142924
953936530
218323169
817587231
365619601
364263604
313320065
896600580
761992887
633332457
256049186
901194995
891762185
643220107
495817082
153117791
272490230
675814832
758882446
524594665
136265395
978234611
587007285
186982165
794416105
39288310
951447278
667311086
430312706
183604023
270572731
346389402
830028009
684594626
34989978
68492265
911446994
974487941
655719791
938633082
936908502
313292163
478077122
63297121
438568789
289256145
815980428
908480330
365478274
433450045
790360872
834940163
409330002
929796185
57451778
159396083
741098763
565723665
928688778
765634571
201260756
980553160
201334566
971953669
952226124
594990189
354148953
333289780
585869143
833684607
242384344
938850653
184109546
893069401
795044974
609654323
751750497
341899898
427166604
811562049
717166766
817584930
170779608
543872172
470761404
560287638
781060019
235472939
923359397
546543981
355819759
753823529
502441424
568801691
26070048
287029407
43959750
811182971
61897980
198743216
376627959
185845672
184592190
841732951
566697691
985515246
262569129
872290945
781529538
141858751
897653815
684686411
148406545
869886034
203498038
162278381
52250013
31536369
802515794
294463237
514330154
418008497
844269470
375999625
815397652
991212518
295819919
923472109
372870500
235292955
287027222
597273665
174090426
309968038
815269294
228119766
678824264
370628469
402568315
468921544
756222369
995376866
771059996
227361030
759659927
193587923
406127068
593601824
722784025
974727425
445287738
995434994
887703645
546865077
356489821
622572413
286550609
575055679
506830052
297285618
946722884
438651370
679692743
518486270
242923034
684941376
414331350
327502732
928620283
965999154
649720134
904233838
883178035
227739103
976829810
49197118
827592537
860998295
908259919
879592654
637027314
582078824
782950893
694935534
891976083
927547849
283621547
935547273
795751433
985524471
914317240
459414281
521677698
546538831
44306461
480662839
599336824
590764031
262409893
644113590
653782104
202254317
476843518
329121923
906786574
109188052
935886496
815538655
58304159
490996647
551619140
785031287
781173531
898448029
214809712
640910790
511809702
972109610
778123306
149503709
469147838
664757153
955039240
348771551
466488439
925039045
569547655
321135997
62621205
167963164
143508482
634610313
349929425
441585765
256987845
554078756
475574573
664463597
460524256
658826906
73989733
446416961
568406574
355842768
335499395
741019068
426646584
324361455
345816274
742705956
111005849
46506980
291100255
164513244
475045199
934158007
799477956
428228416
143413532
782727481
958413825
438509663
298413039
161636688
594431850
66755252
587501729
524311548
213681134
659515749
328070336
558629178
527470347
747899128
641051020
462750394
187786827
176785899
840523131
187979125
786604643
701472873
233151992
485384841
413267861
681624490
549561087
149945099
691748446
290125235
100808197
932764313
842895497
719021566
150840614
921064572
533275698
249800942
810369025
856105524
683357935
472713352
516213339
804532124
237223162
928492481
510788455
862750048
57528556
221847176
166695239
524396805
125672909
405810230
330803916
887528131
689360114
552509733
580320510
782402738
363384410
612437282
480475121
568253732
277894900
95573508
665222420
13419091
869399928
366245051
429433322
400589517
793182881
656833587
445465550
641089440
879108127
146043970
263916732
46205970
848645665
457173975
454676856
445547513
499393613
205611906
479864253
415818585
866719440
978874935
969165833
652570820
897383694
475773041
195144496
583916342
168579182
439152816
482429054
805562058
299988339
249720465
204690778
853810067
780231349
598759439
789677049
790687449
310761908
563241890
287523751
172053887
787660181
724180772
829075286
493990624
403020016
800399198
682286637
245632192
160282388
753006500
769341511
172889159
815103131
134700974
202102329
358240953
487666393
346758220
511412193
90823817
140442145
67074429
522297907
367604464
433840974
961881572
956284051
584436708
188971396
569991
362850298
382529785
600887210
677119841
207471876
40738799
68243403
946093113
512891200
571598802
569217389
217105360
392879509
648848553
490478788
574671028
414758543
854292837
56939224
294130404
285831603
362886439
899760261
505443985
100365355
439428938
733606044
553473779
167219897
819517740
526026802
708911749
218342354
418552062
507912991
720776319
421792328
703191637
20305180
825494281
142107403
855005196
621996440
189536684
123029206
878004720
811629325
65496977
200342926
998478737
247684683
186512659
436180478
337678633
339765835
82719411
161036957
69061643
105888236
691145979
898276649
522000902
106261021
176770906
717891651
242709682
552368774
144583649
894900530
143426201
914459110
382976672
847038229
370418226
871463382
484949364
253509439
41143858
127988905
729836727
200267975
641975239
797892457
618609508
185238491
785121332
153849103
418021111
44686634
281003777
541132877
333890929
586579287
833666791
335732719
877336352
518122378
263129944
315981676
688562363
696826804
940097610
498003133
426329353
782066779
10198577
830845215
382065694
397103130
873676076
754034715
673076828
251933423
817267548
420339061
69426811
691941194
155634741
939525225
763742512
884671852
697757698
512075822
505296348
673567827
854469197
380755635
143932198
958774818
642701184
460572243
273578748
872593180
746795025
625572793
424530479
302581992
179587633
197833412
425728922
927288862
475947017
10498456
452696269
689988139
127041808
765909437
490704878
502084178
3557724
231103921
613057953
166686926
501176461
706025328
816744899
635767601
534428501
786517982
123532929
733991118
827246151
482230544
469063238
600239697
729347014
571343372
525365284
156668699
55039248
600346723
561936297
55540005
247083025
64750621
884530993
212995660
652983485
750962189
941760722
868861113
527243706
514853450
117972700
571211766
10227265
925817512
460119653
605013250
270624823
439578588
884884707
8603087
118725498
135623797
874596661
781973201
555688213
364868733
186662842
27286746
882446277
130925745
766412850
715213528
150429477
554588617
397725327
948350152
557222680
354542323
214606598
222212023
718868152
961277452
693212758
91385598
696716961
991025657
142236199
272818815
150934213
569743017
384091030
867654477
983885073
22137144
626684984
455805425
767803636
410634982
102245337
182097230
491296430
912718118
977029535
404269429
38569287
581585749
440585388
718776788
729068990
723991682
428258353
784940667
58952756
154298799
835932955
216021990
93739296
749597907
87771466
762335496
938240145
563202704
381184634
443247371
884275268
571280109
284259187
189502194
765270975
852741846
171543522
746133088
381735852
170997605
168845473
373611475
194565075
493308739
3829344
989296986
817350278
934740331
582778275
764373980
273580426
41404833
565703455
199777358
301602794
229766559
450369531
793850226
930343445
895745955
601427833
809287376
306752050
86578576
103144751
835638241
595047030
285502622
156284996
677543226
74731401
224817954
520883955
870179707
370087988
644617372
138689038
822139891
457732027
63796360
733863236
591227732
420983910
140467356
637475130
442939204
779600010
643619228
983814660
782486205
400206282
896480563
298274238
475830580
313186027
17892822
671514983
908443454
454358199
70018566
540213017
774401228
165821462
458824278
699380453
556122321
779099770
742773315
547695832
16486533
808359222
317401392
796879315
99894144
21512746
184982761
356276331
118804195
505217800
760562029
19413703
690589564
474253974
944809010
275243184
564316483
438375712
55122387
996747320
757673889
267185835
113510225
139973069
681560077
813131417
461173827
388361352
484137687
325554274
50310526
878731413
609742174
313570707
943960954
966817460
696483765
213500621
196719751
659169966
590270325
278164246
422739805
131907434
129647634
952655431
196187599
958084791
832724712
117741803
359390565
989701166
211322503
998612603
305175502
488192788
193348279
750601606
977485930
91404039
51240623
67319943
200350123
892176295
471148201
670118190
706643729
981698191
534311273
448537111
17131646
366701547
461542002
730796522
908964303
412526909
125248425
44958793
188188248
254139323
606779716
234686802
374293820
177788989
151239546
540915608
22320201
181067594
22704100
328753295
317823832
6612153
532248812
495628391
608708381
291460126
849146579
865714449
451339367
526418031
882177235
995058381
377564039
963683449
892462306
177511714
11284748
469416221
800263016
385213261
829654027
33478149
965229604
811395879
528729252
507468497
27599621
510603090
802883776
701854059
290348275
733090984
56467643
483329449
269962929
149235104
67688597
381365775
217048385
891484843
611266517
894290185
543939988
186172519
494096544
754126978
934875459
843882682
563370089
380096323
66183775
758289354
36258892
372077810
514870101
613807127
487963568
747871726
259382443
625143391
16587595
589494104
293414458
479465624
915059985
179910155
301620678
840081048
390877562
745884468
516454220
276975996
8751882
820344050
531119161
857653611
656222018
598769780
431545969
516247917
266317559
712935755
2336916
138233218
919972424
161916662
585675708
854646408
933354884
790036457
208714589
86840049
231503018
488591636
523202332
186161819
76672921
786189864
302832280
964743394
928409222
621725665
76122236
662069519
519295969
156107527
718045218
604194975
915416512
585429246
450698529
851889194
897376613
389522412
117272823
497660346
951658365
719086159
596041997
923686472
463803454
776761439
260670550
51547947
428556656
915731783
12560574
262957241
891153996
504033588
277501326
393081921
102320704
28952742
943307172
87215779
274386754
763213103
383840310
938201921
966344760
498270055
291463604
217524130
373632162
760111096
469381221
819438206
153246478
426660809
234992586
354186940
331817211
329840094
772391675
79679596
493404558
443603167
160174526
978005136
6354366
650735243
949480568
565973081
348519371
607407109
596560219
699900978
84008915
826820180
532976148
667612851
162284200
437410976
412781971
425652173
977731607
797716159
985444163
911611475
595394651
223122957
167234964
131849790
532517996
924402985
997486446
55409128
440786300
387040625
539523008
995992840
315110133
447739916
476201758
370542056
35343094
85482324
921172485
888261618
259754596
413148450
349845826
799854158
573348122
557256519
801220676
811769605
869684243
753541078
617578982
955638026
853177867
626323474
372905571
733832618
545763673
751747690
932902770
851184265
965619834
796987131
785659342
569124969
484272139
385194359
394816722
335343336
640795656
619379743
269968604
725913348
634701698
135497337
606818459
757988789
425220778
890420918
852975
503248439
413106285
931081330
866574585
144668675
951618995
630755117
47450428
380823089
183672367
591574926
252353964
434024199
697140142
609879319
213781545
998365122
596348502
876220181
437461153
919964918
870640345
255862609
518777300
575181821
50489877
236445503
210613219
427102563
360131302
544904240
963204713
815688885
69951536
406815576
821792831
908734280
895630975
517648785
844642859
624787663
854199144
343198540
200505662
842699265
713704345
935761536
41283731
532553659
428315252
713027419
483312290
753286494
22084017
475798005
290995523
216206182
332099176
233539843
305407234
975836812
935784747
752187083
922636778
440557714
177348255
508008060
540838357
859772199
216609442
67673680
46001329
555222256
614995919
874674192
187448809
281701105
3620422
884514256
784016556
66310976
971032772
756562127
104790316
168775925
449330559
761270004
186905944
113310231
564964409
900512933
241146742
599973263
532319180
470056118
548488049
14057523
106729392
627178011
314143781
199725664
150351620
509575527
477288709
199785516
853764672
108344573
487188419
393813439
208718450
591432863
783198990
226716986
674278021
876793127
807263015
171768661
576546808
501780126
397513618
631951390
773750237
10600926
718256486
844284471
160227890
566660362
196454045
254892571
470621758
824233261
352788086
948321730
898740354
177941317
68010238
813580973
901297779
140491378
598659738
991495045
263334699
485054490
755049168
90358917
588681354
627901162
808454036
497773112
832770829
94178557
328167670
530454256
690597692
247707864
491332191
651815900
311832326
15361194
735286685
994095031
280211605
139323132
172107771
985589139
895251293
315677376
870283792
273043645
794580447
560247705
306656473
329803726
468815039
826404506
282395117
487768453
197046022
451220882
886174091
96400507
890962002
278748791
275889725
207987056
110830306
169532667
928309828
530544307
451702273
704773023
590633140
442817127
191503435
636693388
994112357
851022697
733469108
658763245
768935079
404525367
728021658
864466781
879754881
925169280
597568448
118533661
899341859
776747948
215138420
845687663
200020484
219553651
559456791
458494497
995000643
820758036
933590601
741180353
928003957
120452930
84451490
52112497
368831443
894513717
288113590
232436643
415115330
519269694
444850493
731374498
373648040
861122551
554748334
648047363
88151123
905264092
890689541
626270632
655807575
281187720
589391242
725687317
934577453
814935279
795297012
670998257
579758617
917618287
193570706
906186474
43058052
435780606
283154895
443413815
211398870
594167559
705709783
684131255
80756380
721502662
521987200
557933264
789427574
38608594
871134993
291985070
707504793
751721621
8611146
223968641
748382812
318268451
961603242
928421281
595288382
748125490
861258879
47915496
84821387
71222790
826843669
525278918
967428517
868960588
897241440
50727802
260850905
993082521
468309712
479938536
888920586
792210492
639626114
58503035
437715244
900042151
834700660
958647649
904951793
665700051
319031116
736588800
23278924
426912173
777031054
955542055
77134697
520232827
509381824
622351480
416339803
522010222
252149391
826794812
844195871
276961031
283113390
399836107
727125273
183806232
492439106
150149556
939881283
904392945
417059150
330212978
883912881
257337545
125413537
925998558
396543188
32929315
518999375
840609515
639471177
982868496
819157538
152836243
689672154
410065578
803009643
709718727
779761296
724392349
981750129
308461539
903489408
507738923
951346178
423314360
967959138
90255917
581742099
500141334
161655045
963346585
613217112
870396559
52389408
810247077
760518049
754996144
626510303
154719529
262431418
587592949
359997863
96548755
369108777
694925196
330009871
260369625
951203340
431557016
784061009
726619372
9180814
674724359
820175950
421958840
798058141
515058244
912763262
910682636
504991311
422850161
65407336
977755859
867242536
681508143
132502560
263399166
549776877
901797752
269635615
242870410
853834256
214625968
63423174
589561532
954315596
278140943
650942309
612663333
496722112
176381236
856807639
141796449
858628016
718458994
901762047
486580710
410952467
942351844
873680017
409844056
141792559
201572812
673573374
915454716
341861874
607153510
918230130
694419813
3605731
813216119
432622248
361592019
729251344
153129834
666253389
568004802
555808669
541094397
495086085
532235420
143071763
392370586
645636372
670097330
456334757
995134031
317030342
892755971
843247916
526419579
185439712
532490964
271330824
800799219
520026020
491408280
435795823
717637459
829710506
944137329
747011866
598702666
903344973
492175918
793372681
396436898
902964456
541334967
946520937
49476200
436927980
921171552
5348667
852025531
674753535
376734278
11670884
378903573
48862416
246343846
423845497
812610890
521868694
717801189
815895499
493711704
718977403
989751377
35916369
318304434
486597293
756039092
12904764
33883749
590465040
982747710
905536616
602779024
51752387
422177858
212485516
835430005
197595273
873092951
546032559
667338472
679063008
179961682
434463593
986791562
251305733
741602847
112753797
67426119
327078494
694085292
36177224
299101991
259576996
646384746
238139871
621716308
968012288
