100
100
638958684 46849728 675683975 497925327 57913886 676926281 899312729 775607534 989915577 709234060 120727275 969084326 594685559 643043253 714652054 212723009 677326721 393880211 278446548 980452418 836474955 663747161 823472764 722269573 561547808 34822332 77404789 67610194 955273234 645371297 305642548 79405139 841296069 132823843 628631996 648150970 313184565 854568480 84540921 176105259 766790405 567556193 300849735 387520065 488083629 585013059 559791745 832624290 203007218 888188398 26744496 579115495 630105760 274939018 876316955 956429907 296556709 184837255 962413669 337706416 188180065 885719697 703972986 899419867 906126724 382975171 194942475 625475414 38869413 414419313 600921639 44297797 515346151 400799013 149999816 784969900 127074360 447315426 712911696 961051815 264853528 634230158 350030652 190894545 456758870 480754708 945319276 183465889 5600671 629756344 975901816 659012232 439610435 255713668 830148013 364069132 253304765 569735343 167696957 855103947
100
1 2 3 4 5 6 7 8 9 10 11 12 13 14 15 16 17 18 19 20 21 22 23 24 25 26 27 28 29 30 31 32 33 34 35 36 37 38 39 40 41 42 43 44 45 46 47 48 49 50 51 52 53 54 55 56 57 58 59 60 61 62 63 64 65 66 67 68 69 70 71 72 73 74 75 76 77 78 79 80 81 82 83 84 85 86 87 88 89 90 91 92 93 94 95 96 97 98 99 100
100
348019459 562265646 393328520 849950135 177668717 277251685 395599403 286681781 561404322 471579908 344640337 613886057 407168159 110372504 978225022 968987493 71090695 111380814 671654230 810705845 427934539 826462170 700607653 287499825 6253228 408968382 464894115 880796784 696498437 891739790 72092201 518233640 724216595 26416277 507432246 55762122 764576209 805976698 47778688 894991525 454884141 813661487 796488063 169699749 855207834 424847126 597963573 669140845 46605426 683145467 485456890 533318901 302583546 317735635 613249716 340072607 388060356 399323286 645276937 249759923 598549431 479985163 990708977 727777291 225510099 718994833 358622658 334509017 312469714 246556082 981771139 241597151 508566120 128932409 516071096 488044970 678595177 618455832 106564222 846448292 213370211 978529300 821972524 920045709 826371299 980041603 347969631 916329880 750364647 67317181 655715825 836313203 3911484 1135651 904558377 81418455 360962738 377058266 620341105 775912679
100
975523039 676150965 343545209 643740865 138091224 352600665 906061164 584796793 23810076 13447055 855651782 947969431 360782195 701757618 835659496 592906537 216650287 189110110 57666321 633327425 865652508 499034821 89527546 965225252 688100977 53035266 240170109 743953244 676018284 637987390 24652078 916522948 211023651 152097521 213237127 589647735 999523821 388137187 517687052 852096027 806100500 3542719 789316184 473712366 849062029 292281375 240730717 812108051 616885889 784353893 937176053 68587517 11673687 84087618 533118051 448158971 878503343 440025903 525350761 513362509 939594191 504168226 259168377 278195336 241433220 720765001 670317198 69048169 522908543 747346031 517003687 446876573 51520813 18082375 442634478 370881860 619203253 855697042 857681339 304458025 370208379 32263862 899198677 990648611 340513845 288099483 349036562 40242536 717557003 47229912 786846483 483853949 158243036 165875235 115430125 826690398 753314806 475980826 671814982 259040080
100
487751327 621907456 433866796 943532471 545687976 180812212 862978811 805429472 597696862 316509099 56503545 28339545 527648045 847518981 33759547 388555556 863079074 897753914 585156360 295531194 804851541 632315243 882823741 140548034 890770966 638171149 930550224 464787293 695347975 670137182 877921957 713854051 637073572 475350919 947427593 632371571 235261205 220015383 601134366 726513904 919197894 928130601 490655385 481869841 813942222 432744411 509443882 168525447 360849484 449250583 758528563 476436465 897905974 401083859 583995918 329510692 859532964 896019442 529917091 302834354 492028668 953102983 166640750 826188802 947359286 877507044 405025980 845521030 870611435 324949247 991558004 511995912 725455765 951299016 447758780 628213011 891847576 932312505 299724860 165330852 966479567 673598179 362780764 203609034 207710369 635533447 294110727 744475007 552284598 895515403 895839601 818485982 304108472 880032485 138410444 777380852 820768119 438441194 642333764 941988638
100
830986396 504274171 383200634 22166149 538324897 182735014 234483454 31207702 406283605 961715479 226820611 645590320 78951398 600098162 748089993 741772064 195890062 231687918 35975615 741057638 737042169 548378251 177639978 366025870 850546386 495538263 550738770 80324693 789374649 406761993 932760432 413443037 837653403 15644304 293954350 410274760 140833083 706643083 776871362 631283550 592550014 993792887 871669469 60047075 766041024 929145209 852458923 558641488 94051990 868163346 345423543 463274964 67800203 196563655 333065406 377558183 399172573 923759767 2635586 769224464 397075680 331307225 961687675 198156578 903020510 215475925 32984976 121335541 505993515 91769108 310390408 287536313 396076209 536774465 797436559 631493188 528391279 26602798 475258028 993313044 950218236 668880896 136639763 873639537 297866987 975252467 945009598 610155880 833106858 433172908 131261003 601627945 720490167 624898975 493126332 441543548 158219555 354482326 208120005 269684046
100
382040492 946424722 517300017 790675285 804837217 937802603 62469344 871210119 43299361 536573140 956582414 627177194 7465080 420253533 278123012 305890639 949428241 221999821 128942905 264806742 901596018 147419282 752405695 431647922 771655259 287546294 127974542 834337317 133702331 329670980 757377225 725311174 945483031 498434678 423407623 290291314 188001610 982054837 755276589 530902520 371766140 521204008 995445463 60855692 844307926 477375862 210177097 712566936 752802433 84711573 904812831 388591712 979252496 324831629 979668054 651619201 2876654 861958704 254035878 790418931 228506288 456559585 277261991 863910461 481420832 775574101 431533944 869661404 988030087 319434308 414541201 594747272 584337770 486740529 522487799 375650857 271972250 77779190 452957034 471684325 64210236 434861810 633114777 707641790 920519745 762050732 203108923 610737370 432603842 359913321 551479656 688774094 432842094 553367637 418560436 910271478 459159041 318044481 312977837 175554097
100
394887303 442939014 559756107 16176284 478435439 914008641 978191290 601056906 894441113 278879886 775073484 308123660 883556515 523521416 379850696 372697942 684781180 723635441 195591862 488893211 137516067 165939358 184825320 140636312 966477761 448671389 547274380 738159457 475021758 147693800 746449648 618763875 532105161 597034892 473863019 448795390 873931967 808546136 663166724 916880039 131107565 739539103 204948029 36877801 501668522 319887886 350298471 242494086 254574045 376554653 691353747 719289913 901720096 900508712 505442968 277723637 97254678 763600516 335941710 502457511 938704058 875974898 232378904 856510428 167813142 367860330 339520801 251329311 727576020 647510255 487792690 617651864 481541917 13961651 199628319 894631771 207246095 713928898 244036140 138324204 934098160 773944753 256770453 194244146 753758635 677372197 868555929 411602570 400182479 446949926 565261534 743306978 60979315 761958716 289969897 28007783 573205005 261395069 775181135 394056752
100
334922112 977857129 942154425 914262719 875005308 502899021 933249502 542606086 781358230 122774466 971074222 426090167 571900935 908661777 435612664 600486894 836812632 300533942 483166306 561440967 438612043 849834197 990907749 129172435 760403096 506040369 584828579 690669807 748923443 829228661 457955019 207329685 332533899 246880401 188614259 364472881 83684296 67756646 866230750 399798507 144104922 160570344 171846906 75574764 772171739 898075626 557377466 914131693 252732706 254720250 22931345 987818692 997640250 346426639 665663174 767247399 742622192 933181845 890232224 544653239 295559947 725142541 174998453 758520048 951643652 2852542 471794570 432154327 420601688 64188489 390862141 6041311 472964266 297656455 102375930 156881864 106949752 467138262 726510993 888632889 704844115 242667432 268951974 442982407 690206960 2325337 766361244 643170120 387192175 720654666 429541073 836436855 993776476 338653559 980028523 598135786 266326082 655127862 651340539 81795391
100
600038195 76718741 844360305 85362058 879248771 668409231 968093710 636228070 479611036 453712831 352015718 430025897 364669712 111488495 957475136 939323372 132279460 721851446 506291051 418049807 668035361 446972417 58388597 898432509 986555590 197646820 419810350 259107243 235310210 976266159 768094632 347690798 309081188 162849498 768212482 964506268 593313657 93868378 702401998 983577860 259020994 375437195 303679788 744823857 538764041 540430039 628663492 592363425 696588077 825880379 778499286 529115075 597232479 500821824 7895685 856967062 780864231 2188612 914944340 442673984 601414968 820816360 692074349 672436744 394358062 632090388 581988272 422429215 792851325 659871074 448245924 690698346 286479998 371032598 825771973 627526328 666629463 854427210 256800591 633447225 680816322 758214139 950571387 968084798 337011081 458208028 1156001 278353140 651564003 553090925 851340866 835944849 662772824 924670967 160627456 247525470 883338368 656060721 731622915 809028932
100
960020945 99182949 955781667 708922167 200479328 365486469 913218755 650845290 894866463 987645048 171155601 143793504 940499840 838905577 160076107 140647130 946024053 43078271 592046192 616256161 68452704 265104571 83944038 613076006 905161669 424035965 127795423 69402763 658243781 395616289 521368529 298509975 640183711 62463734 984709952 956421484 13763159 254318124 474833073 225687591 439083623 324962965 699183634 145745222 3714471 482510360 981321893 205925345 269423441 672925454 284437774 173560579 557763270 640870793 853190302 226099573 142617636 943933320 363995891 762242871 894360855 689850357 503799193 992506043 207102576 840386322 410623816 544803788 604032770 289793241 948037202 908225005 271043945 447316464 246384677 939972755 166576298 609363858 173820843 817957298 937500 872745400 691352899 483160743 852595939 218359609 67847826 205916930 52740267 467454192 526030516 957673155 341496881 620463228 824324699 896892788 115379070 755815635 998834787 335435523
100
642724099 677685124 719753720 322760304 677244772 131756877 661164951 96772742 241443410 495174503 898279407 406614198 630991261 114516904 220555079 245144648 77393871 743298227 969761041 363160945 556250805 427333505 110592321 888635274 419049537 160411258 406564705 805665232 395808618 10618111 425976986 352330291 827291526 509190392 671409015 91667908 991161031 680541007 864897557 641439283 125909386 313217730 561573842 522768013 623709946 628686947 921071160 605001410 548326636 781079193 497022489 569167242 535491587 130489565 300004988 818199481 319119647 321010059 878422725 965916974 873620532 489998531 112532382 304833364 706518078 45393558 996423571 695394208 763434439 136912070 723658380 616736513 501172040 286059837 131304839 964543648 300466159 122563666 599969017 381090726 60766859 546525293 770316718 811075291 379572646 910121677 996877862 303870516 53115097 21500076 173997537 257663816 464890497 381157583 555753792 84966124 894105428 113173202 624464310 229555306
100
778060836 864295269 368743697 503422468 950311709 95263454 796682997 186754182 295167511 808957407 971980439 774239690 782768051 572268939 760860186 448403976 460716398 964781319 429681095 930627509 52410395 43899029 494575394 30650589 224784152 144618677 523543930 681692846 32057795 3400314 416990837 258827807 87623988 178890888 378380006 380678407 122969730 885968718 237515535 634366483 96476964 912991629 298653220 855050713 857560634 833179547 467573832 782056217 687437890 5382033 67395621 532923215 756544425 208673738 130210145 619002394 730362345 517951287 401822152 485044200 828451820 755476147 959781677 376750193 396757269 495990967 188019765 428857451 315756850 265216581 32145470 623790325 118250198 835487990 148259635 302823806 144816813 19669324 615525224 17542372 176969731 86507856 457003669 230569990 277125007 522839037 14647854 61075447 286237296 286762714 991839207 469671366 596895259 73120192 90740290 326236653 127825072 372380525 367658220 341048643
100
306157322 291216409 171813764 316069351 821938240 680506964 281326632 632940221 883995231 5336760 392024771 745252060 818925920 368830683 597092897 364129351 392624607 466848171 418281501 121580052 574671349 560499826 907392739 414919740 895724130 790937312 6989078 641956902 660315640 533562055 857189130 191461126 925540265 13151038 638458167 960544923 813797284 141671163 80942027 181338517 23517397 838758251 616339031 681709349 648072969 123554816 712958029 302432875 444996729 820716040 502515866 934076662 207043049 112398606 934044102 92477471 331402962 944200719 485531286 354290098 725340190 473211948 777087888 294938809 653065590 810035098 44024765 733508045 54247254 389923819 940175632 101982364 86212597 950664169 894140241 126114856 765341820 789459989 87597213 128358102 781808200 365724308 654570201 6664123 40599204 778232292 265652673 753613731 921235010 577720660 627780185 3760386 995346411 804817897 190674159 883819183 483540971 851097223 536410384 888712886
100
379530052 894930034 257903113 662119537 916983494 571368216 159136782 545558571 97526553 510199575 4279911 592836993 78749884 123689268 156143042 657380204 372255828 45792184 440629654 886211499 552799941 102067052 419645278 827819340 470320652 408101708 578206912 638568965 977769528 708739568 818215594 703168125 823676701 465507879 507608623 410964269 23256421 778523365 87611557 33957150 878220442 499334300 450186187 21807841 256232881 555807529 908889144 140602882 784753551 230309524 22524673 919048789 672173567 388300176 983881183 539980286 544715386 455953650 365034295 972202845 64449110 315965436 792524817 372307636 207812419 320943029 926021737 99222833 662047064 563020504 264141410 340694277 810613663 474566692 988300548 854211885 938929263 551180287 410630208 732205308 330509965 997843563 324667395 724853721 932590770 663160188 165406534 907767671 979476260 295563697 123538653 404315307 24569693 444114549 5648547 500288068 124313382 774326464 429278013 452473136
100
201871621 362756725 108437191 943224629 878997296 400420199 596705978 152006757 992429231 880605577 717799003 183723570 814801301 838571937 204115145 91486245 848812437 308722372 852794910 833982053 581055873 28856362 956496135 626701126 483291705 491008514 324781844 729555906 556804741 517355591 577746201 117777011 71424459 468518186 582062960 194268283 629304439 748508295 310535833 390192658 310797215 59843950 298520806 78428993 104375068 234522272 429170683 97604656 600187640 385466893 643410709 538427024 474365613 789576454 125922856 713583508 54394093 187015841 742809987 953690963 404838001 738880013 307553157 213510572 173181075 759806362 5332829 538450314 41559637 101236277 401221965 309676745 398287479 224119358 418726643 559221486 928104763 539768630 579910540 104020714 586920224 636579861 573412421 622971524 309724992 900005213 461484121 513271078 173698534 685536662 640751143 367056570 945188481 397976796 404683715 67101606 619822620 195747317 849010220 637321582
100
813159307 137120325 182266745 180562408 208986028 336233041 222726461 657754513 204763874 743352551 169988063 863312291 75317351 777237420 407965580 648806795 101312626 320717394 608878397 828830090 161864030 913560645 878447297 911485256 349510606 833525993 789572106 678243919 12994060 383321882 321949818 709068788 239290751 326086592 72279215 808656849 575594188 138540362 181820622 735064931 839822916 868463377 319638436 890736997 743039243 468655068 370629553 501916493 899505397 945844420 741834756 910157527 465142319 948323156 477708498 361330444 246830081 82758976 90597410 637834392 967635599 321012626 72679319 196673746 293871113 873783443 178847610 801133076 524767839 135552078 902813075 57736883 195650282 887782389 558965481 418001301 409244822 924809725 823679371 810804926 124728123 48129422 335586867 66809792 671875964 675785656 783758902 462563322 134503699 167795650 118591296 187774282 595355312 410011580 174425803 885381960 638215150 863088214 385580068 848062900
100
563549076 555375771 312363485 741651248 139590783 143065531 827128869 517343943 98665002 145056716 573355028 924708288 796125143 196667424 83624481 249290287 42477611 9442856 215084693 215243509 318399817 21191507 521892499 581910650 854951442 770242429 317042289 823103623 884250766 456988113 398555274 645954375 399021911 402040594 1194016 952172122 364466860 682456807 818817043 239161826 694666953 401418643 623021105 643317202 216384475 834555917 209148171 977559833 404694277 235638113 135876447 21032023 15248850 868929889 27794509 961839052 55096494 979759796 550183404 315769735 520390788 803842559 719723986 381071855 810998428 994195212 542488214 764990134 501043008 987863456 21512747 29289568 167568405 928678853 944985876 382550509 461552621 883091029 191118661 58803481 743136119 693514075 904329950 1287471 417035187 748950996 628775279 478301755 189349947 908747172 890621866 670941235 779423622 204144118 771792666 678137673 267180115 68645258 554862745 428637842
100
128555992 504396918 595799138 246733169 901259611 870002901 598988842 358590887 479213231 349706576 444880556 52382532 917172888 154800851 669104833 254845173 232780044 701065614 386069062 16028390 927467479 716860144 143175128 772164006 326719682 951186178 394208230 220691346 189279263 367814792 900188887 258860344 282323431 463612739 63878925 908828049 412884485 140966879 806850375 968287888 270155235 819011530 239301497 780460981 388963742 322796892 936104410 407419299 447456858 941548965 297212080 199680940 977890418 189246579 685825974 902603817 358780138 944104618 551849008 353584248 933277815 343139665 244510896 700239822 549145700 705773453 501282695 430988201 903355538 890582312 126659401 228666082 37144802 320038549 348883280 276982891 943979578 630681619 362429180 412346978 364332893 765959020 544088419 929779502 913526668 40516981 729418299 693778612 915990295 402037689 45718791 801595772 906646295 71331010 723345152 787089836 585697890 991461237 675503667 396784831
100
128600046 420582676 54440138 764551744 929250065 408211124 321894278 916413285 578458149 37581492 141306358 631389884 949417698 336276171 855990882 275626241 577205950 294874168 162888583 874122836 776350475 355686957 318384264 516871076 213561931 365957842 176096336 485521914 191873541 355502146 354951564 520790411 785324832 916959656 130387033 385357884 405645245 922767398 801275427 401483921 584311152 565928221 346340511 852029635 432724987 195974674 345086883 428338858 634680942 359377901 407042239 211414231 934749620 602667956 344645070 502728685 681760085 496866873 53366144 624646135 344463843 134813295 488148105 190721099 488302165 309468561 370475122 508341726 977417266 840045182 254408282 359496350 438484115 774707878 708511544 176652597 685179059 306170801 301087539 764649357 486400972 670703352 108621879 145690631 130496671 88220779 405156298 413186392 21263568 193519818 634951290 598744369 180834774 37943666 974044127 549835552 77876919 385203870 238957383 785844928
100
533237444 374705389 217282318 474555827 301426380 690192168 810047685 111672424 458723736 313373323 657093629 77420230 462845089 46378673 11742826 744946201 789436705 357667396 626939747 927261640 590847622 912033875 338182091 202136328 612832245 960615886 822432300 809765370 162139244 96586845 841583334 882655279 439327070 190547712 482171219 870873195 595551668 42374753 194260629 183868690 571847463 245194570 235095711 203106007 908514247 795677356 436611189 827422843 997585829 779399191 506797630 300004630 794421570 403671848 984279152 440877455 261995940 405924543 461601135 70676072 687066077 736916657 865531943 779732114 103441419 387718392 958491284 551436429 122048741 795986847 960420412 685426119 567934896 385278774 856194442 259050967 977358428 869760577 695264841 443901197 962376661 106794411 817822715 618347068 136406812 926727596 357237474 245816803 994785976 224082259 211124608 390660311 595524924 728912832 92518984 358215597 175432693 700509963 978359123 587344625
100
626765675 846332455 95411710 70213961 276727060 939221159 622579388 21555205 613592823 191246443 750513961 911802209 170695937 171131438 57814067 942453346 553810861 934370602 939331473 474883744 159968158 133738229 316176152 754514021 718336589 126715405 880395557 2068571 104117514 791155904 397866774 289460633 351231756 240354788 712460312 875034495 856777832 40960536 908756384 571509558 872329846 358312766 273443644 846472529 56115856 771341140 688302386 92938641 193360030 16017061 476358011 236298227 849028708 88818163 821622563 107797543 92944486 993548199 233444785 670104765 943755516 156117845 816273653 606943851 634091908 118910997 630011383 510077224 415873826 851043207 802422529 732735160 885736451 169212277 579137843 269375124 645346953 42864810 292409414 516913190 29314429 638516067 642928198 919182867 195321542 831232180 244372422 126875313 123238176 80943463 281809773 550226629 809139769 613840182 268103983 286024986 654352042 642633896 843098138 990213323
100
787712270 154178270 915263221 831695900 194322187 689719386 343437482 805837344 922997178 172319491 661060866 493014023 753108306 434196348 933932106 525197444 142206777 916236312 876211759 438409621 699767185 530564318 366756609 112760363 231970692 634206849 206416611 869916926 340011239 433226249 723766156 825462867 463544440 591915825 755224348 131661146 554460289 599358882 801980303 805351010 920623607 349378551 894222520 57631473 650745595 450706848 400646761 262507201 773495274 994070730 533927482 233766422 347809703 831569038 182302697 80116181 916439431 857441634 233181881 587167119 443075126 612205969 872437121 770276297 578762642 939059003 52884641 887514792 917364338 214322496 631269502 522196067 588503050 13293978 427735137 30433351 552161629 119738996 356323147 445680698 885738326 589926966 474227419 598796775 574113596 144873930 461741118 551788814 536389309 962042535 203858777 87436924 871056865 975143723 669562159 72536420 366031951 306501473 736983469 309380062
100
756136115 690190668 590153242 42709785 361490326 123918683 126635780 71883313 418271051 322531607 629451481 145380606 417755956 930247422 33004370 534328905 888964053 569066078 849868552 554597991 198679209 782163837 795283916 121899298 436190423 383368923 224250024 118868707 541330404 379151372 953149687 107762089 464479005 89195131 806636437 20229025 675093016 81279416 518030937 750400234 506597210 795248718 623026049 492178884 461254924 33713046 131120082 169828844 845404930 754170220 531548946 581835915 175803888 571599627 111084610 745135270 758746816 878041384 859615542 58173127 991914114 352570029 711144618 320968208 499318484 164488548 342654015 562333936 194760484 595234635 45166346 861948451 803049998 838146007 380417419 502041663 403709369 227842484 953572203 946117887 106561081 883686980 424442663 877977593 580145438 124927768 74211294 891593905 648750044 278284958 15486690 6666112 887644411 439242251 63297626 161070472 581957431 118064545 419081936 412127928
100
541870237 110740891 533498996 953283820 445662521 373603603 230992597 481465197 136281385 122270941 231154744 498833922 88294999 410088012 769603187 394767842 606571599 917199647 977475862 37562976 368565504 404039814 497810504 731374544 545483863 823518347 695429604 225054361 8057109 346320284 865347785 965653287 416118889 826038420 265619969 391039050 700715365 119023547 532427661 846585078 987180108 410584554 520391688 195683838 106734537 259264634 978265037 518325756 110197423 127241313 188580062 993196890 728134984 492399691 44525695 676860560 352035695 427454096 978749156 855003085 818300389 145621592 315706745 543771653 32654053 118154440 219264783 911302906 823917681 931014688 864314950 501891259 23711705 35000291 791003822 386786320 593245300 196945519 970031630 979786869 754499080 959058624 139873747 52060369 66155987 777102980 266623070 313423151 907573106 507261434 869267562 126860486 741066129 512084931 444339493 989489641 536662006 157532765 948675315 189602103
100
640850708 266570741 811667402 655074590 8037632 284989998 73338122 260478339 7587668 907042666 284205114 835183527 864655559 168148857 293680806 326431837 925673814 45441231 60310618 18301804 136732605 537467317 136723459 451057024 254996590 373233855 621401434 783716082 57855090 724950866 431764955 343813387 194845543 621400804 856503907 378585249 583896041 758801946 288703493 384107613 637784290 523029211 404492102 695846325 368420316 845296886 275610949 796749929 640380641 235564951 550663128 520066685 794834128 800527832 431092125 242230044 179525685 84420900 387503298 592833597 195567387 320042590 583572007 559520749 362125278 872002018 780466784 655885587 437598150 892638565 123091729 848489012 391097477 859580677 804187459 106076903 860956007 227243527 151407575 614488133 101727470 23191932 264714634 814737980 31120281 37072588 992548234 611853284 577013991 909943603 893563369 822497858 163912928 227616145 498255602 246617966 434111347 300593887 165284350 695952974
100
840530655 251821100 119096586 426822682 818177705 838933766 444414184 499596769 573495829 425316911 812353110 190358385 402674940 186395565 576006986 670871662 578546310 241784946 990698133 488832055 641788135 404827468 344508515 189069215 494033178 625143320 254970356 626191763 771256027 243196029 820003697 982976376 118464357 96386344 970058447 26233471 888060336 336068307 172321415 955704901 849135629 875939528 247282798 37991681 466487511 754803088 753188088 162001681 484510592 481308612 476952901 134806318 802886717 719508925 272637577 255320631 168265821 325297141 65116453 325371540 223547293 205739415 649562127 566631909 464000635 265719407 312939424 590486274 215716678 196862818 955525314 17177047 928821964 549131650 620495330 304345678 380768036 232509556 637689003 274383637 183398704 979388587 105177767 586786512 227955433 721705547 804733089 621521119 831796701 750736258 39537 777667673 517145722 297422182 209533927 732831439 304115287 953647241 273583782 327258717
100
329861708 370809101 599934404 887780072 955315037 590334201 687333437 166761663 676151075 558945177 795153713 475889219 163847511 467827659 373026783 33101479 959494661 719995975 614726951 416130110 365833553 221762567 705531807 821038573 241368863 222382420 251328524 760407209 686425739 761729441 639800804 240861156 189177019 944453315 836394295 235106846 629960137 845135976 88424297 992483251 185301224 389515520 7751138 822495879 542737092 766672508 472717639 691209506 127362728 990934786 31045018 106954134 711272545 794583654 837648602 932954268 874994080 20964646 544908109 758792568 825379288 95613174 727865219 276986227 326445544 14558751 918664700 82836456 533938645 453487612 996222075 184764438 822471610 224576965 101824800 963647847 384617361 707151994 693893767 804759862 31942654 90577284 335624031 776744667 985579223 977152654 890701209 271774354 620988091 913655009 310703825 174383167 329979312 959569813 613582107 724061219 535003940 361733670 17477605 738966404
100
526001585 738498018 717139235 104101539 594466970 448371622 57875348 672904219 559602551 79669875 150733512 714314157 122150627 228953416 87814860 286082189 72367424 621725633 626456119 952759945 815823013 431213738 253797005 868742039 332030557 522845414 91668006 538365827 559397722 681448289 160454027 368127647 608688219 542005876 560244372 788324967 974370883 16150326 187908248 639815149 930314879 892016144 883165162 151864024 94707165 870410281 772553337 312785076 437142276 278030582 106120676 582328832 794635930 540026757 959177903 145558853 282689709 428458214 571357158 934248296 345619064 531300769 98903882 732352480 455825072 28419418 134060730 679187113 926706438 49846365 353100492 668330685 746641027 49977831 498074549 486861419 39214514 406421640 309300585 816810423 986169330 201909126 879163059 401330479 188698605 503141939 583020054 717380030 763580278 308970415 827449537 804163332 756256568 447500459 152268807 701173363 391643985 33873433 299961420 258168843
100
418089121 122004208 382759596 608355906 535295439 374594412 610499587 553562983 265573681 681744336 108849634 573149055 750741493 872794386 218489878 476811323 394623473 912934526 552837631 205182045 754342406 196153191 95447148 663083865 873114923 950769408 205205068 983318881 670314877 606583396 71293742 685937223 827376324 63011381 159602869 609538511 115472000 487917809 968391259 478055361 507228489 515187461 193563569 662863312 864344493 447773951 872713420 581205742 941561045 627451088 991964206 256674346 589252935 865691741 621399395 488584648 121275097 770500189 920992274 945247422 53657114 967226308 323258002 120570761 646041772 587113180 358875547 193269703 620685207 563361594 125460115 169440843 354255484 45485608 227058507 901794004 760351265 685821496 897949611 364875076 640653057 979931239 594304478 276801190 876582364 81587960 583583800 722752562 665223351 687789161 112496302 224319913 173014008 856328710 981925564 325739669 329752614 889332690 636720247 576115868
100
764518056 38903356 873256497 819363186 97962793 562273035 875144705 562051680 40084098 341939844 419015599 407284321 910982561 348983359 390837439 375586851 869077403 760689227 533153999 939617634 937022645 924843879 196106559 504913084 805846336 553322928 151304612 755277444 353116857 867564726 960591741 891125886 170871467 781572210 806842279 433818594 539241359 806994100 443755317 945563804 710543045 325756920 100844309 833060497 500626566 354788777 624144705 911809675 12363409 920960623 646869446 896491413 428619549 13663559 439263645 839237010 905764729 254265760 910963367 246381024 696462790 506440571 738693226 2695349 450585908 778147011 592123792 380544825 103736509 451569128 630031647 590831155 11654115 587577773 391607927 637102509 962224450 625173275 172913093 26845071 913533278 67714288 544472736 335315736 383213376 898056985 164270711 680661121 14599416 683635355 716968183 892298789 504563731 321381130 844514478 210913379 519962921 307417073 693373273 814470628
100
931883894 233020680 709748396 439773641 502496182 246195669 697296283 690475396 731426258 104360064 200061262 248027594 531025187 413990182 191865208 58349098 175281304 947599514 670036661 535242740 825237958 989313736 206768203 495052841 76568435 71487756 171172949 791773310 156306337 756794489 85822645 376324623 930710974 711150123 822734322 626309567 298316152 243465279 925414979 92821004 677584132 560134455 91676004 629939014 901522174 98255179 829445834 802669835 441796334 191874242 339286063 571265419 37837081 68326157 954418812 183579560 126353860 164086243 420389261 985563628 184943824 406973042 810047458 540913707 435879438 283576030 268923478 582499162 45070174 698766149 759296935 727900836 942362181 810090091 28593052 332247189 911737597 657401229 871286960 817201566 83929021 639529821 446880369 29792927 341949123 15978791 172023401 463236412 693619578 404532252 217424470 168227076 967553610 402352407 370996241 421683805 210545355 971950546 696004517 193142908
100
631773595 940735896 525878041 303426403 246089296 726277774 585296517 224199682 278882160 740992589 378485428 718334775 189444755 926762874 82483077 486855934 619068107 569261144 453435597 465398026 34796380 93254265 177326550 49775078 238141888 312047354 16707574 95099872 630337242 167052527 873235180 420820619 487191586 838906135 920562553 964389541 804565891 339060032 553000580 370307457 459725314 657039965 708426139 921190971 475315112 188614634 105016734 627717350 920507841 184186034 823324751 311401641 409718902 700681746 387904337 135313536 511082451 308640003 919730870 93293010 266841632 228295903 678476659 447906570 886907455 467383439 219833084 386420979 192345862 374081723 595064465 230899568 943980439 871881632 227266207 846430295 66166034 324874479 823384346 898771815 258299145 611017705 261649425 22020688 258378865 110824797 492949607 233526417 361645954 760878354 336457733 300362728 41715734 343781267 545558256 723964774 851364173 757552173 484468787 338159685
100
795940774 855604797 672762208 159940141 930277037 203464482 133200616 727140500 333150199 655341137 114662215 692773161 726946413 64698036 984538861 462053619 303772946 536372463 512312852 827766731 297998563 912232965 964665847 142653306 934950948 641051130 214536416 169743582 656452493 473246164 413767789 997538787 897440848 189981595 908740061 691832325 236761962 298685227 162888516 904490230 178816140 787442490 147430075 213615851 203748386 216304238 63090963 274266735 163398307 847840801 890928866 195124107 280920402 88417956 56246001 950643936 882844298 817888973 652591282 263164055 166026150 890357868 344980183 992557470 506142008 862854712 996118348 632594341 900804524 899211331 16152071 68237042 357468943 63215076 986303424 197793764 156111737 572124781 685450400 733265575 506577415 76778197 58502839 983439631 973975961 708257107 168767868 201838781 4357692 427591717 704603821 992676835 584623170 371715640 267748455 652624493 721255690 52887547 652266690 322649916
100
495645710 116429766 260596637 881383227 372960561 102222068 672531130 680208561 670831138 831140514 102017531 877609604 367520799 310434533 130152516 777436870 352310606 561702819 969322152 954073283 114070537 974097127 946166780 125908492 772266687 281779474 334334794 350389882 843515420 720103223 174725188 844926736 790646187 986375539 469227328 556530772 927665996 251263766 335651204 738938776 440468962 187581399 14735326 26662181 515130585 827189536 130577603 260431381 555149372 584989013 551568296 759445451 30209011 294596842 358657105 516660011 57837206 9377894 18658473 904942180 584423385 476244530 449596549 945454559 689639055 552884772 132492638 23768436 245852005 262869167 821002402 644152948 63609178 692341655 622982825 664047139 348373198 453121264 674659197 711986587 474898685 575856237 904482395 715878995 95862658 947641718 701894174 217146292 792034098 360250327 251837947 447935968 219214567 545533565 255508926 473054808 361455396 836090562 149976735 539194882
100
362675163 340147465 534229849 548336966 490254677 734687018 267377804 248234043 316525053 762659453 125226879 778583448 114151318 527808064 90440486 122181986 399522644 916314031 190583492 302999770 588172090 456326782 632317062 450907522 984834875 941829568 201862134 172270859 505180662 344281641 467940656 972750961 833803992 243399793 308999525 101822285 328900051 108408135 941548550 337814361 249617467 402747180 37394920 451928492 117763884 866820511 626966346 553547338 898711771 60378800 138751963 687866421 20555043 776232340 506209684 292224734 451683720 569394648 543137162 718686743 409421331 108428558 875946982 644176022 597419925 21342940 476844636 127781547 868664826 782456197 368635642 792566544 931284201 87404919 949901797 54484629 650601896 471990040 630842923 557093155 745619617 989677829 26500850 289706017 426975126 380067258 258290000 108243049 923041431 394182597 191382017 139407371 423576297 831472677 588613125 455479686 24865128 411506722 326278348 916143196
100
217864756 927404508 522704885 827157295 940506978 662411929 489629318 467578181 99870731 733086308 787253152 166216253 639962368 667364122 983596092 467681763 297237620 622994245 595825553 622041296 903359263 33303509 607189173 629322654 680603532 219685420 371805546 173792322 721476907 465200786 672156789 119280901 655108783 138727855 195859801 816589583 326307258 225513899 14957141 14883685 853190580 644713255 958821714 230206175 865511376 887514778 293594102 903745967 935041331 441240295 789846628 538053762 154702653 907055509 370817429 764631796 747002582 777445691 185850607 379468760 911747434 644117747 858758827 573087219 757641896 941554443 871136940 917330973 315125261 32016590 407844431 706162511 17447470 902903208 971030095 247758539 715768936 450139421 369399776 400941963 975241472 185795344 497743019 378562329 102511968 383641316 905336528 825512670 639185044 783603804 334807567 31559930 193686914 351443290 892479984 351410725 555135594 589468593 473266078 181492449
100
495667830 356220018 10678788 380991594 394386155 148962764 317815266 40772937 452643932 914504443 518523232 71004794 439624338 84128818 662301814 825846925 738750917 327537940 468973972 19122831 275581136 227693361 336086210 688241743 698098773 512171838 136507218 339633251 785300855 533247732 641296559 461375534 898459252 287856775 767186815 797772404 824713258 177575516 49603892 899330354 650128444 581829659 671543789 246260937 802134126 375837892 418901542 610708557 955813328 746461049 521440129 283332594 138595395 788579094 680349453 570586128 575105604 419224070 400790510 553779545 112288278 19273084 925830315 201733259 103803570 398985142 23827760 102532370 974940176 770352201 534230131 508712389 903285231 930162764 62959914 380113831 264226820 980001101 652065297 516153758 542655204 646274834 248882791 743875475 752706390 781150546 157889393 649524642 342433073 804253156 341437388 578594333 474907486 583422611 548740502 614973300 839567352 907929810 320285176 162335534
100
674086617 824504541 568608986 109411949 623296816 872352589 702681371 812550457 900539030 980557068 816698286 982542744 108339194 796592370 797672954 196399503 719966464 629238511 434803583 573338267 972403105 289762194 734581270 123102895 923632398 797819885 652850959 683653002 603981510 647616764 107453355 815200170 921127404 247415135 597256101 570500930 6877875 96404331 569575016 546026650 487816178 393590219 492058698 741968211 199181639 837671305 714105946 745197799 545654463 472286269 987964309 792976160 929308624 118350044 185158108 298505784 169683124 449278516 979630929 503277121 124740709 922599391 203847812 856360196 801574844 925005064 679960693 680551309 44014745 825174977 921207284 886972434 892695627 874477733 643375299 203763742 261727992 650984266 285472484 689422399 606733255 610215335 867415628 239161420 36694645 839358438 543125951 57316494 957427513 856343187 20687443 317856699 64494613 373889887 480891728 259657299 386172567 921280469 114674628 426326660
100
173045804 745817098 101550802 564786758 635047280 635865086 535609597 512577843 311443362 583320016 24943237 994881083 115438203 552058668 134900498 199613501 816868466 494943596 6354559 625359814 381124973 130434620 518029683 621045569 641528157 96527834 223207244 547449272 998643738 72378564 367038707 782755780 649897705 719520994 898004091 589565328 479414731 584573270 694572731 574379992 796446641 429476192 428451184 966903347 698882019 376174374 479892747 449997633 804889912 482106748 636711480 764906488 322529683 484797417 875450820 554927102 636780789 574797325 500586571 669068085 281067964 615023581 318955952 747473524 584723479 712728323 771771428 895002466 706718302 558476229 255022698 674025841 909703371 887921848 478510289 638663770 151549653 87906401 811064853 281159902 380871038 437544666 561119840 769528833 108079807 704191403 428923876 81699002 897186653 304872950 984472284 787420584 32050347 887775390 796380978 993142767 114018065 819221101 650641180 805311021
100
179629313 190723304 853747429 131019924 611230062 472429097 219164563 188601796 377815471 28682988 609086388 757921480 114534820 542427689 220951818 820229721 428341181 595857316 273636215 234243231 580401458 897580492 440175024 798517417 475493724 566834143 606916521 597926593 971907789 252565769 345255319 924223088 762725895 563552589 60707748 560625074 664515075 932777095 72965291 195143636 968266290 957143219 621020029 540039260 681197856 267554454 690757020 506787067 778280596 822139546 880446478 312933651 804089074 656099331 673478821 887814810 484071683 516879448 533666788 215325650 528919145 75161100 913526701 984840165 165697548 611719976 905585553 794333803 499363924 919535916 92161200 660677239 603652301 737777034 965719773 477589057 128266720 635194860 943128932 287031485 751874690 336650597 941882638 679850001 856191232 880990351 703651030 716174534 166082207 526507743 416632654 216164507 347918704 948464780 140966326 402536156 313999708 475528582 479528726 246504312
100
267347591 358625759 780240396 803885661 984437246 11719422 546131347 958770814 638919683 49007271 950848554 133498998 851239576 772780403 987210077 368881942 443268166 31026235 371365996 245427256 181902236 432839434 529055159 591731923 712180178 734567751 713290852 28183552 475525623 705214207 752015758 207788790 33251039 983562369 786998702 746556480 28343876 302219168 930819553 710768998 262910826 146088741 290011241 796754461 802788339 120082165 299807259 397209675 806452225 690404416 69041330 805132159 128391673 446020577 301721555 965494402 101902177 382099048 534351610 896022751 761895458 922608689 245945413 294158192 506568223 514753160 727530476 239833014 514296081 356206540 385572990 472907572 591707166 108386664 354651354 114103553 111378666 494260487 932831125 866471687 418630190 624213539 490544606 114319504 454017701 288090874 852965186 48134474 481412059 744213491 402447605 555304050 386565590 889858855 102309309 51174726 694445043 760455753 847722881 559169152
100
433097563 736825397 918921385 593596838 216747374 776106132 529346124 938518420 595911424 309729924 124061772 247388519 362159156 772047216 263053913 472154088 732464397 758573449 124447007 987117329 836537824 176357587 378155720 586589161 30648807 935896296 64624572 346171503 891350684 797417543 180941720 723787010 629759845 307361729 817241688 361901635 581249103 777365390 137265104 727512196 265469231 724377798 757175730 124480621 77567984 95496175 931064323 20102674 376475313 743156804 780173187 766128356 807973046 29281614 313054166 535595133 357500786 245020686 170079658 202358641 690249283 855432815 811774113 860934972 673554060 102073549 342756833 46880261 529458781 779355525 237481500 858568499 734170619 370162417 999274746 64231717 968974464 931418489 437023063 733467409 985027233 172521165 334166260 702356052 564196980 925007976 90422624 886430050 692159314 793818411 390396377 302276317 639997027 254691000 395103589 64458628 105108906 247614136 918988991 948685053
100
5296210 499205532 853210461 442311738 434049670 819281400 450026638 242295847 221645298 94665210 49779639 367778321 188210911 441096427 985482192 507951011 228953530 593624250 283348286 976044268 497498081 331425548 280047318 80884097 985071679 686547363 660052904 494453276 946055083 627995002 67479388 647305455 231584746 813337550 315751848 613192228 773567359 430834608 748113010 380229567 308369326 963412785 545774548 654993731 354823649 858294772 604759943 990191103 513913336 892656229 987689267 464553713 557725915 901995168 105721285 75841372 895987645 954558787 333418238 394968776 913760069 392431111 677421438 398731541 108949608 221674652 237251171 9016985 530005057 56335119 139271198 54289485 394061378 195556182 583631188 691734750 741026536 58948569 815036578 634099629 641211791 460247550 474082555 958228362 970715845 929686601 244001403 254354438 54031081 650552180 468600446 726407726 469072325 852129649 654896685 75529848 689522667 547162949 352947749 470012434
100
674949265 52781871 111296991 740542594 164216670 652964732 361939928 247299393 132229316 957605597 794741830 691016156 599959150 318778293 535275034 715166195 389438679 609788747 122510977 137719537 905323695 585500142 719555393 697969637 133921448 836712307 925065729 870980802 698341343 61519254 72345728 791039967 464106933 405161920 11493142 477837494 150952003 288307464 224221926 793397426 555822900 664930099 288430922 46358519 485080826 223492301 720613824 692762865 212482603 266354921 506099874 22635803 594836295 601128747 154209640 474946543 495740025 891102231 411920485 503861256 685892271 978211838 407027298 810222839 106683934 601300944 950864724 907991257 839065340 475842179 753816898 518642704 749658017 899906535 339593847 224709352 322140507 198845703 810813649 412345045 393305873 155854032 779362831 820512079 401414906 167227681 309032851 713650891 470266884 514126845 201556828 923208124 488552694 67347020 471249553 482532073 162118700 739273706 616709244 949158837
100
779637061 314812391 530496172 568321541 445054153 824864169 685413872 73032788 267191867 537358172 605563569 684316234 923643061 929997503 291987868 355509123 801076423 112884317 910320528 95518696 481309653 712055106 135797001 350813930 336384743 732605592 921808996 671249389 292308565 211206099 342081016 953233524 991705188 674596397 588579790 179544195 756881800 887262848 200767937 295029745 670768265 587830309 673193780 540182299 849639221 132068774 690854711 855614087 219880776 159576453 222180757 994755127 25042390 726393900 235072223 771843025 107587390 214415203 340310232 409021078 780205929 949840987 576101019 892146351 125316136 304790678 620699140 991474155 666979648 53649257 214949394 435141586 183381509 58277305 946309742 796855147 615997205 74185252 601919065 248171435 958598882 823800782 281734816 461961485 809982972 645980161 590101860 937121221 922494730 112857617 82069913 854115848 288909599 618946236 94670491 47408585 818223707 560061744 765815273 1633135
100
893733742 206088653 376420838 915843461 114878922 112993705 257897341 108357693 268574720 930632074 946768388 87394136 268380951 914934559 251757684 643609316 462983806 91661673 219839832 981459384 95033842 713259689 923309805 90403649 429589640 74226008 138546772 462237467 806783474 886093242 549308650 139529455 68360287 481650305 524092995 852932545 395459086 707739355 439547180 119299888 322794365 883710119 291347026 934780073 945902721 665685696 618360140 353873506 84587300 765580990 782384899 488081908 103013688 160808631 748174077 79765572 941806439 69051674 56514975 87724643 946365879 499737378 236887237 6954454 245940498 960299979 170845597 546485745 688508194 19805146 886550145 860470304 591787871 565099903 94874835 978838204 718681920 161768178 885680023 210135059 810172864 859218059 803606355 354038820 368940529 737590340 416211567 829920934 963318134 397097572 44266029 854329592 286767787 53157326 652170447 332502307 795391178 215773480 760379065 176943542
100
510325201 209834768 685501872 625144640 650341741 104796662 559868120 54430126 151767308 307099395 45754896 576910878 39004953 499224894 601838313 337816880 748564958 963296667 6464931 480249205 150488192 434855942 953311070 524335575 869694730 353710626 551663375 859033422 697701536 330676750 288408512 849926847 378225759 537993594 796417153 987378527 570518719 3521827 507875141 394381388 12154363 3844066 476463881 379359845 548298893 692316844 759370790 635339141 205656438 522895412 577261746 662150121 435458952 113013911 457658496 551714913 514536786 961529981 481598048 396921612 371983929 377804420 331247871 891392460 775972283 630377674 567438116 712333096 65262240 711944738 896824680 145901829 96057532 293539336 344033489 151817030 984652265 231631847 803035986 997729377 405707505 401579052 543517525 110888711 601397348 225072614 301250607 733391942 410387793 801570486 765578166 238762821 362021988 74314455 985353314 544361891 307429283 218554267 252845542 723592039
100
869844712 200595908 195056131 480447145 532572046 758580683 432238946 787104206 879605939 313372413 39412330 24886157 835175830 182577437 997859639 573973000 92042481 82366959 919836270 793656146 900258165 243254118 797678746 998097139 1767873 280785850 823917512 514311762 838584048 534567050 391955230 753767500 115805765 773813846 136340490 222519303 764912321 489622575 145393987 114112551 343600610 169507248 165715773 786185578 684749181 350796261 767545042 557368339 154835685 437659901 953438372 266710077 229253324 407718922 875435162 480967095 962083998 288852045 217582164 776628937 654318925 277548547 903060064 963240195 915836771 579267962 189978084 642447721 601924573 43119171 208180123 71494359 6435910 30260836 109762229 494852804 692165463 431401222 865626199 904263088 136533416 676147936 403270481 373381436 998941394 25708093 637990436 670814591 71620394 26808525 55124927 997646070 754168093 246295533 809964454 320099882 228287377 786747076 915342270 440128314
100
423135881 187765353 353262578 979833252 72408138 473227905 629486681 496352584 182342721 668549239 916121485 306177686 283553946 634496114 609827651 413483037 150535559 680735729 323971382 780394406 571202889 897766143 677440015 872294679 462799871 553565159 953783402 814560075 415963333 179494844 388996525 800889460 694501432 510337329 309018650 676415499 638436889 489970250 12583093 942223593 404920629 151782026 337753051 213210178 523096806 811506279 293368029 18854270 423876623 738889938 827534955 921810184 347966970 695542540 906104034 425439430 555791629 870244614 311060393 566684199 843941703 674380437 395760679 536474556 170617332 106053277 459968817 195204419 606260498 499872113 285768250 462546249 179686705 473332006 136545112 164600263 940851062 770595466 760592767 81274551 154015953 748221294 499269089 731215303 53859618 834016933 957000435 909604403 719853166 397977506 720062876 949928775 914833968 835532674 241497679 908590122 778696520 217352484 427137130 560606264
100
526593003 612445700 845595744 737207519 726904226 74465143 185172727 297117091 228329778 696409205 133878087 849753570 888371410 298938681 332915505 290296097 176550616 951120642 58230555 936679772 350210524 95579857 610507791 417587352 619455585 882106974 853350333 72207429 981751195 289256187 370842797 198984172 991145972 780531415 392746492 297599233 823471454 976172105 408666253 46837153 460070358 158697057 958587030 203808457 775813376 89460021 481356388 358970499 777539601 432303440 38132532 529498375 279957265 125074863 729170956 337130078 686091296 120441791 612788232 834477239 823201070 364859724 53226524 588551496 148383243 735772194 444975993 658735311 829249341 34004643 91158949 822895576 899602238 460479822 347913551 626683972 866064910 960311423 540005610 199943579 535871148 160345624 36529210 583520469 491742798 516458659 493881494 594319996 172097800 819054373 744798765 679260973 399481292 959631220 684334397 851725407 158152570 823974142 902481407 673098247
100
298327190 890218144 255900308 964154703 339957120 497793335 774930472 687695471 290925396 88492150 608994963 901642047 725184333 473003444 463837547 129827250 845559084 844682832 144487822 973941467 543217548 207836449 128266920 841822322 72319425 949367645 112785860 336022538 239078926 615300513 531399433 685330799 713061931 185244040 339100540 373662188 80740849 810424726 147455197 760427182 179739656 680402039 102857938 367556710 276727404 961604836 600682622 255003939 649386025 136362647 480971933 635157517 633416958 490771651 153227600 310375763 350409790 517710472 205878779 330316209 523479060 42222075 440222325 366663969 634735406 833509639 877651070 503652437 762593712 845609067 428914996 10333954 31034600 297023644 670572053 635483953 316643239 373790001 332052537 882412239 255921290 99117359 779794125 871613894 726422868 384163334 998625106 602697478 787144418 741909 925386475 986536970 402666490 127093351 971860558 997146987 68653682 713664955 795730783 341474248
100
301226102 217113218 356470183 658766170 140989102 891455172 103991537 646535511 699217812 284787822 832878565 510935397 215788096 446598793 846364553 182612987 767818841 675593194 766592590 160023932 970613326 85970808 864156961 233464731 435189376 283950163 86722349 357214039 842848763 729577571 375492916 370159874 182319754 478144656 834568542 841038407 30084004 759591561 272996219 694725372 484511074 470893691 15468968 999670691 421476897 664120880 48576808 18132420 605999480 67742605 760216375 842691811 397692599 1239709 716026209 681517352 855191026 731867646 383759678 329174582 68977908 222258751 981589537 19833505 355749475 254838109 682436744 513650939 687146492 426522044 920161847 803746719 136240743 160607758 199000234 392269236 198440489 981558312 445074404 668504508 766136133 589421635 137537583 353637542 360247360 579195815 50396334 984629543 921542548 908154077 36164348 826814229 557682698 917801284 134049955 357579026 761136849 305111696 845683750 264419279
100
916703689 886675853 50471890 121453496 395345990 783105597 220552265 247798462 247845444 689851826 734914138 661060286 753153110 153088254 55624946 222835172 138212397 190279248 175420649 664075574 661604783 366400940 688259235 383033277 492709607 596448841 837907265 426785306 965027431 865801155 644594905 507861068 299561984 895394478 750577643 176458049 443662615 857311917 937198342 13062831 29985996 632790412 475363015 912169387 387144310 235539799 125087050 117893523 154283136 932150095 311344139 520581470 63530520 642561835 783752131 452297151 655311402 569419 946747436 235189225 972699467 624945648 783152549 963342218 61775798 904301192 381424007 399331156 924351292 440573356 685106515 687577291 849490830 884575960 309106439 561194758 695820551 970115706 286434777 905133031 753546224 18012521 93079200 184194486 555502487 496259383 459583580 982820641 6313007 620225055 886151632 80789760 436831042 260084720 999020151 347471121 183850311 747157170 876841121 487404306
100
19471175 160912091 682177052 536264713 430822618 619502125 726246516 886834191 702498554 154698952 614239866 447379103 521914365 78495899 500393321 50888833 1238101 218253231 143499571 907740557 629595474 603732724 634685529 756132623 292804830 177170107 702387461 942707929 807708584 266873142 539101714 89448340 977842422 213147403 294137982 998018964 45684650 527824324 518937649 3632736 553093600 67131967 547767156 517575670 102706413 347032176 18300295 438536891 471275720 404399159 649171583 398268667 591476081 797587565 835168406 346515336 223437452 159745895 800204347 924326401 957913507 189904012 70469057 985632961 443954013 426917993 776492257 989559252 241551991 866154532 465947548 267369660 281631636 125733489 488801898 467350347 879373733 2107828 50648249 827075202 900819620 428101253 758169325 436561241 248706234 994821100 487162363 250553996 690476901 680787552 76219988 824100282 789022831 514688598 478127845 831483332 356413863 46290074 12500256 852845309
100
744849498 150552333 278145344 33383200 746470418 859645810 50028385 386611784 733206531 620592582 353576093 462913098 234164368 696563204 727764009 44752550 411458299 629250510 544325470 739854391 583038231 476953742 183489308 195117707 481179689 319029741 975606704 440331080 564198494 523044188 633655209 251975074 945814007 293752925 839269933 386721239 556586839 302078734 269100351 145167742 654031287 390393912 562567170 244049565 771839839 873611969 386618060 793503433 558994725 970175369 991272383 868425829 529747070 4795795 660983257 540809491 236698616 379537604 671070639 304059750 940159027 920797298 88893061 147393680 424559201 916197800 374521224 61771662 249584021 446914071 397572866 997214947 448359186 707996605 901888452 41369859 309289967 506351360 825837541 516062803 811087599 625677388 68153102 13445835 829069168 665616080 685576978 788960601 230668357 564497225 790239767 441136029 320954099 791779254 383436626 490613719 959381690 377040039 672423834 213090649
100
787011449 839149677 104113099 498593929 815097192 925878214 825509939 940460059 466716265 883460318 598463818 29157939 242805227 297821518 536464812 907708960 680376789 191856958 603624648 922960554 713781855 819038934 724313928 379180981 988138754 836899594 820043181 892673902 115747302 703877294 714858147 837513500 649997427 505135194 373791615 358063951 687305783 618970520 687411186 941496259 811275863 517341950 461365316 48853533 823753536 74982241 604299565 203274185 380026495 293646444 191287030 951151616 798309395 601438048 216150027 932281839 173887764 64423946 570542110 23655953 450332179 179097954 650721042 386522589 426073637 863162427 197514600 205178378 60725951 657139959 972049437 999127533 676726961 21026074 959338663 468741345 976137084 252791453 647564907 273067673 267550978 791621688 545986986 345796435 252305345 150175103 228863799 332200420 521786811 487824619 1171567 19178229 563478447 611679336 349776636 446252080 22696645 867434279 960665151 435804010
100
493969015 241645900 44336630 398565437 564977436 392918224 238402603 852880050 862958833 230476020 898897666 107247462 390997790 637000469 285294048 252798903 889523842 289882734 896389003 530718592 896167077 537202705 414196572 547032139 6230878 766606512 74351673 509135161 553411144 58209298 622170359 949892771 139092931 154415959 482911283 825137559 416469508 741004284 689844333 183892470 802324003 145236300 242012508 233098505 190652208 890067442 620866257 766878729 634202380 120702979 744743964 612849657 797614808 820365623 193330730 636654365 997944760 474380250 608793051 527393803 688828120 658240369 862843072 123756904 635618318 6224640 504946719 93918952 675739950 723682453 222866004 613302122 291124743 521824207 635782572 390948864 990589003 468416792 518460783 504042232 418898924 760428920 13592900 129130072 469956584 697749051 634807318 627473774 932678938 227954293 51092540 444291034 166798340 993980680 260540095 834471009 108835579 977956388 252541164 252022712
100
719149712 759557021 466735161 520497207 601760993 449710039 890665931 618414856 572082361 141909356 160365948 904175963 335530250 889078062 589271 47037123 463711611 319754697 177107201 883648371 90565492 728854061 979661604 538606319 818686757 525280885 922828541 955956744 412236306 14965588 161549541 4529729 909432000 724216381 652248542 444895546 913192445 843849890 76620765 632703455 921831965 848817935 712075202 511704205 188183464 3049295 47196596 818055134 254889514 347682978 605793268 161463045 974544192 330035370 210039110 974022770 835373275 162337944 645902380 819300987 884000907 731252631 327339037 439118775 694220209 850122737 188565052 612379601 979381595 791585908 575505063 418522023 961112875 463909784 827828903 489353261 361272877 627863216 1032834 684987675 856334232 483162070 927041497 118146741 246492659 130944117 263467851 568506641 363341686 509270516 860377264 716947226 993840368 831993850 181795217 792860595 221672950 442376348 757767768 645209254
100
262075544 313807798 851404532 742961950 718408225 38725842 798958408 176826489 485096741 927171560 934606644 203778326 922560591 238253550 642472830 70786215 342943155 477690882 861718986 686210221 932130260 225537939 450264045 383860128 47978617 253034587 903054261 914012603 976570015 421894639 73942306 626268164 800831754 886115208 468103859 994826698 148312735 23611469 107426781 20797914 300652805 635446813 306868730 182829677 954686367 565846207 539786133 978565877 673669929 206951697 745013364 112264207 835112181 453087938 645271871 178850047 619390581 690022421 992116548 201394735 419926130 455135686 636545380 366341463 308248581 240023231 708732232 277112132 878620303 17799260 849591569 120876507 769300664 55589736 225774626 374719368 435951070 529706561 784163236 721216299 415937509 853792467 52090250 169523943 239338636 641921928 149512904 622285167 404316917 772739182 20752760 362826157 933078219 284620397 220216874 172038301 460999982 838701404 66384429 343618366
100
898096555 799785846 737137879 909177296 836590010 532135735 798577500 335431359 412784995 366484473 482760623 252136262 767916554 172316771 136001050 191800689 354842903 810232796 213759245 245266373 605651504 763439202 306473158 190215282 460559357 143446426 581417252 877861257 355190571 804178849 752687710 595770657 459138099 926349797 559896530 599804517 199381578 708353730 28755199 678551362 628363486 96637267 806757488 112026277 217095320 441102799 587989654 862741343 313404999 612472196 345116588 972677819 106616116 980291753 64445056 418811 463810772 599049875 15761790 555570610 52556997 159220564 820034057 517337950 257027698 771726974 982064837 115168061 334542816 132356881 917428431 396382256 697893649 993816898 236810974 401420902 851863032 709201914 741219941 625964215 455124835 640368885 908408088 46177070 866279514 403710504 343566354 964020821 49661426 393638583 971671187 44713578 920078976 564924413 226353914 121040938 831761522 66482909 164294208 695160283
100
236825893 556068680 101246343 504062630 826300727 256244468 487491226 764926663 941975115 53834672 475844492 428389277 807288882 874262644 696916901 877941047 181432012 991740377 959980403 705116398 646496107 692861289 305654185 422589531 787229156 441281828 798567512 779997987 492061898 19662632 144104733 995986541 153328352 530037705 845675364 208444077 691203078 393548701 231844309 807044700 376942955 280227717 60460022 662446249 657987275 785854601 956550839 303188048 834314932 964282818 702973435 860900683 251116095 565440381 877702825 927970945 629685368 617949961 129993175 532833128 773423572 117971878 872810709 848829942 151511472 845170452 560646460 567339396 794145529 480588904 76408853 259633934 906251467 612109968 736042717 440144967 48909147 571082635 130812575 300206239 35225116 644612117 670821452 991796023 199773813 350899868 23235199 85827357 86407576 505305154 238511644 839655446 47374344 77658893 216955291 323892687 127438682 766098374 443035380 600114144
100
553991478 468447709 997535700 429786586 550702600 142197012 670018240 265595669 308049780 310277960 580570841 337848125 533319377 627362444 41218186 506756074 234615446 167747186 680986411 616985508 32348154 331389279 925816290 223988985 2886402 957302282 599249600 697855581 282763727 431145447 743448828 399724079 112665231 5153560 502592610 520566784 550903442 434107391 61637114 751778439 753314265 723074475 488724872 799150692 801469930 64895403 272264522 234370498 819982997 447188569 907452094 252948103 841212261 863215590 877863058 409991056 155366075 319981254 168856223 176528605 818007067 980812340 930625403 609826949 846064189 311487565 503637783 762482372 437789389 100998879 682327642 297445790 943512348 592292881 513146257 867783583 457080141 546375049 482284024 49687012 461426257 699514673 918851574 464274296 133565373 659264279 406556516 303898719 801237052 440688958 985046141 404514744 973132461 585513237 306356758 941894548 762579122 809412937 568032999 772630382
100
692917369 441892822 618878936 420651776 890809848 815037785 760962464 557404061 701786375 370035661 604320791 430037605 321995725 825740238 57138689 196982664 131277064 323630198 673956369 883447147 8395672 520350541 687157644 706699280 374889249 781146126 176046591 75350188 178904302 794500314 601937832 831635716 590259324 381010010 85177904 921730826 977024893 854451414 604354641 662208014 960543444 19774514 606051149 97795875 223935638 839788343 749200373 983285488 235983419 159751175 774617866 654852862 990898741 628546323 830282198 832429848 780184833 150896351 387486454 563466336 328848938 466061138 343987372 322983084 509094203 428132920 162761504 823581159 566250867 700553430 538084540 665270179 915419807 731991835 50861358 892843115 584328186 349575682 751397279 24668801 835750615 719323607 50862504 908855556 866827474 578867412 877039829 681625528 816400145 837953765 938954323 2084575 623186419 652722661 15489917 95981356 152538128 937609809 884687750 240799240
100
716930138 787245535 435873913 704381690 428917806 167234736 951850595 331293326 658152204 357662150 4387001 296465331 805674282 343157039 730784714 86874823 756959912 767541438 497094926 905511939 340393384 921588670 738606447 657908977 771163688 698028177 977256378 756301419 929868199 191748506 302557236 744960062 706781461 150568595 670447792 565899151 169325878 704526454 586140305 728173925 727997638 374467190 994502661 304133793 282607987 613753476 789986682 342997005 234808997 774446666 326225441 603332820 663756389 628955490 673983609 29542485 637340306 87044957 767951531 517070345 694912006 854810387 135152992 614144435 285519462 13614801 944661835 803277432 816281946 247715485 16015682 397132100 745144792 948446000 504270695 241483409 839815053 98762359 622078924 583452513 359188324 893555630 774717191 924173496 294413847 461338949 699996227 345915950 38039107 82491927 728257208 899208003 878896663 911724348 548545101 332739685 166907295 694649987 216625582 73373046
100
47314988 713103898 607047776 106648179 813985459 857286091 786194306 13008581 771854150 13587339 673723659 896332906 351205936 953709315 101634755 561451462 786937559 28687624 601471551 910524911 426062573 380236006 87976974 815629 623703301 410597768 296941792 440319049 231378778 651867279 162141515 570165966 557467998 884284769 104916317 173121775 213655035 509150240 593980112 535913385 886090638 457469523 412972885 25599954 485881224 9934049 798424938 892841247 658716728 54966378 165663760 722411217 248083629 175068169 642676752 239176551 161564723 720908023 19198993 915569606 918262026 890133199 328968621 659108101 491619848 571537084 274522150 658190489 348793338 437051217 866570982 673043460 200391053 125239757 512921388 282103590 801448334 400225316 555772700 118480852 944831989 607310970 582862550 582643357 996251505 321925031 145060166 149074817 10687422 888812793 265817568 101510735 727271469 565316169 310550300 750731699 720336475 629127057 953973195 606291037
100
971268061 141942149 680176581 363132885 656719393 413149407 304488404 62039911 738400936 103726998 975903396 126804787 421996497 417701116 921746563 411082907 652605614 177178828 196657674 577636956 972725143 776082479 278459291 554267396 388725765 284891960 639573746 940509308 798127168 252897108 830748279 988735579 342365649 245362127 558376686 873639553 925435093 675339121 892361097 110538150 644382278 18202439 772878675 521689186 854323315 168904171 784382980 381119743 134188819 241788685 166456443 116363079 833277518 622769782 189947775 626787008 754283135 775517184 300347981 317815305 541548364 683917105 26519330 904904137 672098283 507737302 760036066 599974652 676107046 170134786 427355656 891007169 173757834 501255390 917165997 503649048 360632365 766670613 292487202 511674245 626313777 22564518 190262105 733003840 997955461 174255125 720892756 195304465 692452024 719233668 586019856 505851402 147171704 600624004 730317190 805392964 206154613 39169356 194632136 290396383
100
57245549 506726473 920613038 859487341 900704818 274429401 811095715 985064844 153437786 707339292 415249521 119122970 885163874 242333125 314822768 894231911 415585175 454485611 824048689 593243071 482630818 535119053 269624030 703723203 453473931 648363565 510356018 69441645 429298257 311219991 420242617 622491222 404102221 222344972 561439672 19966806 319195961 18819787 843105153 708142630 734883851 89909038 498472157 272277187 309220132 252112497 722463072 616001474 780974117 965033889 861216466 520083122 923577894 110019219 363126037 160794952 771748128 716786287 162388255 957811333 400966551 26693564 957502648 75025002 943192973 599080943 203044389 925077436 499094459 828464265 376164889 628637492 978226500 609319862 163935173 288563767 374900562 382617417 116091449 974386578 651125360 348378917 11136731 603451530 218363743 397252378 417475808 878283258 530104006 215121810 288346111 954196952 844343006 339989084 511040997 692022499 536733653 856040701 929330370 817754414
100
594511641 401044218 523708800 127721404 768260297 815169568 48739064 693442618 696558895 655837022 457258297 768695984 440199840 637714325 302280419 859155212 708778324 667212567 603164719 261168741 616990260 55400197 299666262 424475622 139418259 374023301 355714743 36324436 863622334 861600921 179156404 195632637 66994277 520924707 588807978 73795849 148436060 544461188 531033292 499756628 162933990 883298397 534634924 780891619 99791348 663882308 116895801 705509854 540662638 841268831 977448599 521553256 52775596 74497718 542127491 689224695 421553056 873665304 389370947 987473196 143101740 112118342 197548365 597517265 49029248 312567901 81910792 716256892 656740819 273494973 759961794 772995611 554641234 292506257 615503389 485318914 481005206 350664472 531684272 480726034 21011519 712420103 334581756 336073756 106732849 824992250 774196801 982924864 571700682 683878596 989437634 653202461 217132592 374611205 320736897 570842563 864205680 265295928 290839503 909099189
100
388389020 843114704 782562593 240880168 294308753 773000146 653860635 27267686 791577251 728931696 861703324 542838327 712018861 578222247 223985258 83385498 905094670 672418481 771729769 836692142 634426550 442069972 460992418 977549982 824650124 608143046 662587948 414154374 646189866 544902237 679155372 642501203 920334033 669143722 320524370 489644168 159776930 853006606 7449331 328966177 679561715 569550213 82966434 833290355 341936041 815897315 713956410 289711736 548290502 254394328 172465910 635852042 542879640 889644912 466226116 411641710 837653347 67587409 248247878 702929356 561018232 287293964 899202726 764926380 459877528 997834867 219053129 137816733 138342896 304508792 312140475 983767476 453625871 989738632 974516758 402107358 107258319 308061236 230219162 992912303 464065348 104332116 717402675 222241487 686869601 617071816 769264287 135226461 701466174 141983386 490134933 184976305 579661170 709213721 273713894 118951440 764913441 53681814 546868722 652744428
100
556192512 792657966 174315175 960380060 57684639 855883767 480687862 145805886 302249292 755754089 374185699 757816311 54093385 538718081 359093540 953428868 717545677 140469839 89694919 89454407 960272950 581724220 69437384 551953146 422205920 763035666 971471656 842937295 766315005 410779583 962274269 994987657 825584028 744078387 942428024 759149647 276945255 810134999 802027864 506835258 636420830 985109698 748263344 970198568 174407813 99202323 13938831 879536285 685557613 711603045 808155966 644444917 188348412 274727875 371847454 530169501 823369125 542375788 928354776 586238946 15690699 105358445 665213524 552978065 454184458 271476091 28990181 118968263 890868050 892686211 843536796 861397945 885935214 536749089 127812491 311176933 558334203 300762284 723403308 154323015 555519192 73474501 528708247 832497398 439596415 192823903 873636628 745270470 406335199 392509001 498624558 635542174 615245097 543644797 147255775 590025925 456857519 119995409 60933171 170799550
100
687658364 881640856 547333775 807310880 899692261 664438498 598754884 191047586 196638507 748344410 338533093 545506973 529732157 939160530 308069820 105822222 396457248 794455547 583112803 198923934 717419954 166958959 764476163 417498937 676234222 628035217 165273312 624196340 329978751 556347399 985999560 820559347 927941548 498719560 619188603 160117123 661322818 910015399 125409735 31839813 43988219 223708601 17095428 473571943 388869542 210772206 703868981 762657492 435765201 727181212 818606576 707696234 761131742 765560505 798393164 544717646 875507319 865633287 817886586 370133140 672670060 733517915 692568810 748640475 802909732 937232501 982694469 617530563 784173514 255637732 306366893 794409783 989542290 487078028 286550659 474456425 893622067 925519769 353329119 673881716 804282386 978078213 811358961 510929641 283730874 840153460 466717486 812849808 33882333 342017566 981752909 695867394 686295941 585027076 799840554 33110150 15662901 640231507 793704361 849291953
100
221642822 346200006 616204490 918968518 109423492 64721724 745649079 307701208 326151187 675955474 484047045 616507281 983627543 62501270 835697652 402507609 644277440 800760784 800317545 561374840 493690201 248280642 335627451 274313078 175984580 331560408 816856066 599860897 60021829 95359493 96746841 464797847 150166853 640895435 878229107 389541595 759575864 838005782 738642841 232705578 287229011 539520420 864863726 383113343 92797023 824703323 324333889 461059116 276951867 963475533 369387177 121125833 965468664 598744524 433016188 597738242 825126475 662620764 362325239 491278845 733616164 58755096 373314800 685145111 570583420 689099568 761652705 56733014 557430557 26826609 771401954 644424778 583682870 878039741 650248029 378897560 746437325 33254065 652244321 451129680 784529859 815526976 722691278 483167313 835613501 546081130 673059230 511972438 958023037 523176645 938783866 203867698 114841100 338069394 638820999 565473916 573375432 622275935 766082817 715313348
100
408753660 135113212 74217628 700623537 28978724 407575879 8697340 176680200 46272929 244395472 473725146 973359054 795759786 48929336 775761869 116758682 61328905 485936782 526337751 600002353 143917330 64501291 867576445 822083484 275039066 770268108 55400610 743942719 716172128 560048348 673929109 990885006 518966213 328569677 241342980 230989490 709516927 356903571 303231302 181591500 902754611 171900520 767397032 111479673 234106341 323249745 836437528 405601731 271574835 371271740 900808754 710963680 39706361 463975299 54941571 596175801 97518584 931993268 990555669 403995986 606311848 740283311 754077570 870721215 746798221 594736943 128194160 544796613 959227796 937385430 682395045 283466593 580388567 21211906 362153543 534211513 875544388 719939180 483333459 939455747 912356993 348070113 527164875 441352615 6396303 879838866 35446081 846443422 658862640 813021559 624923658 638796605 907755170 338016804 676449769 144947943 936660603 988585043 842907127 87680929
100
109022518 503932665 89486610 6947737 461747114 734937578 622239529 699491117 266432822 462754254 978466112 220932084 352600187 356361423 200687348 620374076 265731858 841837110 216140440 429976802 517638925 600780482 51460511 883238029 672212543 796148919 982574803 180465044 598849303 571989777 390038212 345517055 450292321 338751482 796600746 546699765 174764859 592007116 172824153 128484600 528538617 632514494 21265858 702856512 330575721 863875552 221624702 180287165 177519113 566792097 340189048 661441088 798486511 718053519 438857249 110033708 622428367 309137760 559403738 378519088 229891833 711888237 409168709 87774614 198283654 2060595 196977434 615964626 177019254 251576262 13562102 169306340 474046544 471637062 483398048 790189040 679628573 741310488 368378217 413586883 420849991 728846474 231676791 768266719 198489635 685028576 919651281 811679512 519864264 547906627 517410111 123278244 784878335 926547838 926191399 518104913 441116784 489490547 76143901 434253415
100
415879536 827780832 566571107 112037300 139230266 603734734 260070714 174264824 925784044 668044541 180822480 695855759 745623889 312074754 366534729 956093937 125305275 978378045 127157177 24093042 464615891 349445250 416532998 400042324 428418182 8455108 32635678 44785381 934465710 241420638 403962000 126649797 736359763 966380243 281374826 375755749 691881113 407316103 16155234 601020292 895295337 706441847 560880910 948857734 585521976 81369845 839946850 923021993 417604423 583720299 742061778 273940176 45483206 202660862 106708053 612566068 813623843 682754755 485993568 444540359 195433951 703321123 709909822 69735987 210438219 581335027 95022390 383604819 450599206 773271769 425256199 305231362 158894901 732001904 869881841 585305190 772346092 46669596 777420875 253428750 696234244 684614857 451907883 156418614 139778973 902494351 223907314 844084795 795826933 454056171 824863874 709154894 743701453 542812120 573792907 511662823 101265385 227300320 280275702 117484598
100
976573239 25874458 572944899 442727312 488154180 570980287 535317537 722865019 806699223 443343605 484985347 553547861 719960323 98838102 271251667 639907482 327965032 17484893 919709686 304348348 859024777 400202821 626360215 286207084 999485379 374846980 661645913 271601402 211616950 328921787 779763833 92132362 180051685 857930584 94896964 467556797 350240955 800797896 18617748 560991049 161256744 854932021 276436098 399422728 479331188 233874146 416464679 917029786 785194572 793952713 25052090 505639329 712601770 686533306 907627152 43720752 423623858 33809712 517201273 253824612 61812618 259156558 982898946 227715082 358012748 519686322 228347799 207752016 711886321 362829772 302180198 924504395 905898279 613459158 438899182 643714152 560485807 41220630 550291151 676380391 232726152 118918342 39105069 363885386 17476404 6729364 124658263 60751770 728054415 765057671 511085957 860200497 835680534 670152375 978911383 177633756 346615131 291542119 872403751 883064463
100
967667340 362751115 304925944 552651210 868524108 237877632 685930414 83987889 992601319 851453492 188372194 105397487 347417828 36902431 311033486 173496210 973685055 106656665 774944786 348382191 279402142 809888972 659498600 610483650 140800874 821950965 765917481 380806860 15063079 967220957 358345484 19280608 4478812 629302340 212106719 106708874 894898525 247348777 765091063 18470318 259161788 2070265 362492030 106134035 529154323 644035237 942734569 639437525 216850634 421271873 553660651 986166230 693912641 689529533 755822783 997971272 202833919 683485483 878694095 839664403 934868817 969753105 67243917 447707163 211469155 740391363 811805480 613005968 51906397 852326847 155330247 932250108 840762287 144665298 608666806 457030908 889639713 585265576 33130111 209501535 191589074 418134145 577391037 253032404 985655229 621177182 817033203 558922805 742969539 573469840 413320908 526077191 122458028 312092150 682927943 100827482 437071928 291401078 944526845 415358822
100
514546023 152234602 189621198 695984460 448853117 384792470 458138403 921855915 666755180 779807535 544286165 352278977 525360368 154215861 319007717 610258700 788566171 810415190 66277701 902911955 645493533 753388091 996292032 11185216 827192862 657959647 495404397 414115103 518775857 374140197 98172248 547091412 799379420 654761657 254839700 663368419 728541255 413361927 290305480 762156807 400046110 741225495 864038851 851341107 421557418 500669224 520406882 337465246 955672092 641550222 983789035 257664334 827474695 15584130 950179473 454165513 270614669 508883354 748285693 142035553 475248717 780609749 952999149 844356281 221326846 773680726 253617834 561817428 739866472 365153873 642173767 106724181 9841886 775372798 103189468 713453723 523469525 749690141 97665792 56529638 321496320 459842305 214444157 82993299 81517676 347519079 463773730 726256788 94071259 76805925 572310102 131032518 569407083 394522476 683357368 174181238 456824176 3828983 581320375 886584571
100
306662671 940158703 283597097 522186213 823755409 593058741 334968531 36488189 201755879 368545260 36970369 761036836 947767021 196170596 667606266 517486598 161914205 929083328 491205455 249743349 667728487 819203039 470705000 369622340 359536572 44716871 812077475 198677840 614044692 267875696 612982349 167958586 349232998 483898052 439159277 834134777 866593161 339236976 594696413 396110760 833250680 952318098 797865443 315292280 370557498 958367886 203873137 9288943 683737251 29022245 706029328 50198335 676048429 41722403 450763991 739093777 443055338 427175286 833372410 83893626 615532237 792737770 515378329 858162553 719766773 314827441 104517371 910209168 433598589 823070728 374955054 60848804 836867977 682809999 83175280 994666050 58476578 289516228 54532272 478036554 752794774 426797363 940485281 492044117 269998066 492100019 87068319 838302114 45423799 902617730 464756048 78296784 967435518 525702706 867044782 326515988 375086201 271757650 575891842 866333339
100
389254483 850407103 928630204 360621032 127187116 359180274 195065845 703120871 351339814 274983980 82973503 80612271 581942865 370943814 685164835 923087256 92646944 794009795 419221043 754719489 825016457 781950802 187528982 17019875 510696682 406479589 142806041 423985094 385063561 136818475 35975130 117469924 81506212 377715347 807634973 459515874 444374224 611451943 843932021 373760285 353465686 481578772 517337499 82008932 671844208 56833804 937266481 216867457 975466156 432711454 156443511 197285465 436277478 57277082 928187063 218672131 956474998 374827650 15196100 845628206 216466381 794984986 208483364 6096592 320833356 629345464 618429877 256312288 551730998 338203146 588616602 403545906 996097281 480779327 503429653 306077276 257904264 988080234 290548857 105522400 456134024 986547990 342552972 1064804 633417505 704676807 826607794 590222099 616584119 160410858 833111529 32970006 752703643 56712569 760018430 295156640 596452711 134388979 77598264 664637802
100
502780724 528134760 967342305 433875786 553425292 462380088 592779411 334688901 751226077 451397522 134983927 668596460 556206935 416742121 868251644 225437531 511213091 838192630 597286219 335010106 444285804 582550721 834619239 503905766 364126966 19786108 269857024 159807082 263632767 143008572 942821207 793750911 206262207 736757582 639836134 233956458 765418023 751626043 555772477 728114506 55166432 688599535 135916542 27985406 228870620 269473706 822899383 133085459 885447286 165442211 261362561 346894828 169258342 911858496 624550981 630372217 918439770 465759129 617826569 139146054 809510403 294242990 625775902 190282687 79662051 104455421 183147187 491820769 40077208 291711696 31463294 165784517 783699287 660196226 324981429 396543548 261351666 871492807 861958284 930691199 889793657 195305665 563501668 453670655 384604387 744797724 194210155 328739531 713814178 887052734 142757219 327630298 117466139 240134946 666621138 525725710 571750665 355111825 446709653 327677413
100
885449677 721717024 631328889 557454863 901174808 786224980 529737295 983982320 652636314 40890840 66600698 709378609 465531091 527815180 361705929 106807391 598303526 534837636 856119229 221550819 462423242 540895946 555925053 969528812 151499607 296594485 717074491 226629539 113982703 928933787 923583252 203115039 91973170 376306819 201681782 350443995 545783091 705550578 84044023 772471449 602703336 644762089 425891550 615588310 995330919 898303462 521034775 795997649 605288791 821365689 594284 738405483 842104980 767499817 390372562 87686618 96324677 751988664 278966928 834127099 668792570 829724153 785326733 814874335 493217959 513784202 358591422 912429574 508026342 107514192 241202799 726251275 719199339 873311448 475833586 858020574 675623704 432208361 363043072 948475281 123940890 912075352 882196523 335918589 7608177 640701722 388558265 47752255 141466852 213689604 838230417 516461837 373218352 355702030 174328879 89234837 749624564 936178868 978676181 33308636
100
419123697 104393590 428009334 242553942 536384004 427047391 515222704 991380995 959029329 44639405 317422528 763759383 684107918 760137993 695824855 424503498 377618764 196946901 399989305 289100781 347608778 547725668 343589658 368673868 719913529 810701221 193631082 201663874 470020024 695043181 122834866 396028988 178058782 776094094 470820236 984541640 234471860 969022619 308857857 253764651 368546572 548083775 418186388 828358529 609973790 266484510 980591069 144115613 586705586 260703475 506223026 868579786 875241444 876085267 476144229 650682496 493407318 203537885 377685872 883300399 243355412 111922614 339973531 888974578 170669347 308880828 723080813 720911225 268287303 334959589 417471230 315166552 951620099 56182427 492361021 343569700 941821212 578622406 300084938 734691887 591358317 647970766 505437780 339614188 89026796 794255819 274282318 102129934 949647244 14972354 494607510 688445094 891671628 801574914 218156857 753614347 115792702 9347889 557919201 494700125
100
845776717 743263904 346370070 136688970 549003697 39237949 545266909 375545124 427920917 806950379 782888761 711499843 828084038 725984506 146231283 611082578 174211856 634262529 380071058 360464299 809364274 191751244 472132496 431726888 266604527 910186034 330516652 973851784 205446805 879932619 452552168 40404457 229333141 210195020 903956672 185491557 104673914 177618022 651229518 578515801 261660153 998270281 547189718 877381087 445515320 327995925 198774963 136189084 106219540 109946777 758942375 171672240 677195660 366360169 806490603 779810807 535004959 209593243 498727303 831463616 949403107 953312320 341729315 676806108 819819863 735930737 793381211 771958033 586800419 992545771 258056522 849871188 601013092 450889984 67252111 522884319 422366085 431272095 192280120 408034999 504435098 696190230 612975262 647583054 724349158 595393934 574073166 664387513 287412944 130745742 973402981 996103755 723135403 432013046 612426279 358704544 285674662 901773750 540114013 326355526
100
675533057 394867591 274318523 921954307 930497037 919427192 3933397 95757086 382057076 151239162 453022611 494415756 652354516 720113817 799973289 58991584 82454118 194196486 728402962 677256196 357144931 909699945 633526139 956332264 123502138 653898152 288689196 70139010 968622263 453494486 492599265 934937415 504785516 346056332 345220376 561399054 140305078 975781289 661058367 806685320 434893205 693248637 500520204 64846737 4142842 219178443 35537918 417600617 674631852 223248555 254711668 411843636 570373747 956629267 793443735 922452649 686298958 279227850 993058142 551726575 399683006 446172757 706302935 695724855 901581411 456796346 80817255 375640934 574658157 716058344 247575607 279280141 875800073 773351839 334631910 133238207 196909311 276452660 791233460 924717713 696357780 667782595 482240613 40961543 730862039 416040804 892037595 338542270 351748926 700473609 581872808 386713437 997104092 174713906 812666898 59563608 43947809 146648739 649195798 55991703
100
737950906 1237486 985715703 392821514 503294282 987398907 566381799 94123458 847543013 781125779 27373718 86307544 512854184 917679632 841203035 310080779 155190009 605791862 212933476 667284419 869440181 499299693 611023737 452147975 909005485 662465904 288324454 517227377 443237872 569340332 483712793 576933136 514887450 157166807 496392674 820829187 388552629 765337781 595843780 304596532 730410674 55118082 493842030 608772597 21369435 751870889 194899909 325799521 875702032 245007701 163350827 745494899 159913313 346697383 357517839 188329636 849288683 766698468 188093580 625917741 764587069 554167166 490297762 531034814 843287588 242467912 24131547 545945932 93298698 314823296 445497029 785705051 124315503 798026236 924922433 781648307 506316769 230068465 139844452 266910207 231238701 852604353 563938419 892092666 771653197 808464367 210038872 690474226 352316615 659658422 540266848 561647577 123653283 19177588 276094777 779404627 498244993 523586409 512882783 633660390
100
581963861 163577518 865675656 719191526 763421118 798417974 757785792 674884537 385074233 568302841 811459298 695574006 901858189 768487678 148044712 958344896 46487930 526760403 487973993 407627678 719605808 142417089 344796825 930116960 159572900 708844802 894652466 863141531 530859533 718577043 208442119 46646998 900407736 406113831 776310403 297893076 835617040 120529291 617983332 849656676 409350723 983964412 167546494 447688048 333521984 920849088 176615663 100498567 151653720 279194836 309257676 844685649 686748175 721513709 729276476 205032925 132157528 117594335 490629786 354804246 556491624 749185743 596298689 577720748 744698488 724607947 393975902 770676465 653090298 915752372 806840202 314651280 262079987 727935285 255222396 639080647 311969177 719893031 62452756 258961791 632567375 343369116 732921138 989228103 484598452 680466630 136235042 511787383 7709944 138302958 644626065 376601949 257897496 926594432 244278707 822746173 113260932 195192826 803279623 153876063
100
344851702 735965893 967263051 181082902 692706302 51806666 123724828 611926088 705903555 956139660 648498401 505966574 641895891 482140921 289320004 925030011 362798165 367490642 692575551 250658541 115085220 82410208 961654941 291741311 723545584 326431874 29624828 134510403 86875524 91610130 262690693 515218454 953663536 578380712 406553685 21330129 588814466 226555186 506031615 676264101 860407354 204896214 536331546 651236147 631410419 56909753 541991131 443415145 724586099 299171562 168795199 450127780 44725382 96920896 43040775 890793271 973521647 867965112 902816443 402997297 229230816 347139753 359966409 116170003 393548523 170034518 54415873 524483435 678574559 374722801 443859405 468992248 551847851 714584552 65758587 772689264 835801384 582591080 518915941 661738408 201856949 906606574 187685197 678262583 323148452 463321784 504532658 136127596 784471066 286989229 188168628 719007476 498276664 748025721 865877540 404695057 498739304 699267237 879737519 752488842
100
616453919 322105432 236244420 957223143 485684623 129752812 320336504 531105204 650551821 420629739 814986257 513163654 935203848 787763203 499706004 243201150 887686086 876183680 17654658 141690771 965398227 229175953 930611671 879292199 451431206 86737601 355874200 347278679 105882061 831579597 203848323 338810880 866116206 796253940 683821233 507220122 162010966 889340446 62891887 535026538 899616505 401683887 492511691 270475339 474236287 99849595 787593609 228952525 362261587 52142137 346784063 113334616 230197180 961692965 27667900 812507577 81919259 658148576 630965285 680159285 874494731 507032977 591601032 953549384 376890463 4325575 305809875 613608165 995353926 187258217 290089435 996100375 117244608 762443646 293227694 212588288 323618778 122586473 463942193 287527335 896308037 131685224 491062354 959435024 843449870 187738149 20293024 639689119 107373100 240558139 742416040 125156732 722112659 31648892 659740620 894754301 333217940 220656417 678266813 532302439
100
315008729 769116012 388424163 66124420 380058719 866310097 931786893 132821701 336320837 483580734 663382912 416866559 365243914 923035340 508987481 427615939 638824789 315341740 384437327 885822213 990449159 424781341 334873098 788871838 820532081 936717936 929194737 104699880 28091913 171954701 492824925 343578894 864160537 319077673 876013735 101277804 52353071 975577849 80212158 905662813 880749745 980918051 560970172 375235047 877627279 433743718 748426914 617646420 931496336 465637818 901101637 132007634 634006477 164095011 715159257 536038913 60373136 223834733 219777938 472286372 797348805 790967209 164057347 560447917 330150541 558932611 15213009 323836536 710390774 804710470 490094122 112835688 988060071 138300428 694452924 599893645 63496202 78515851 671604159 211120217 952898861 443883792 52530538 744990320 984979187 373706168 138484164 843188007 908331103 65740113 102431695 627961246 113077841 873119611 999286948 539930171 913762166 560325323 415150021 471368186
100
310258368 938072458 538569563 652205671 456075182 523270497 439969310 912926525 934344437 891454038 41151568 913028840 285843332 683595115 122477062 719872114 497468139 59691792 182822085 296571378 370468791 996414545 616681275 443021165 6829238 706939453 160154167 94971976 458413571 932742824 514751027 362722346 754103835 388708124 915059705 263067022 317487237 689791319 477148901 117502326 168471746 703823268 555991779 544385901 743016844 379520994 92711264 623531271 906088932 214670354 968350713 850383165 959947332 480395561 293172833 13341524 164130996 697237589 637194081 782376890 7906856 286359122 408230537 601871993 252360100 197165929 104283703 114432239 640953462 730511291 354897299 138650626 972438894 320725400 197370401 476743698 167408256 678028307 942512170 205677491 880865889 796630768 128082011 229999386 576527005 755199929 641902042 294148120 844653359 345456322 75709017 596854296 771293420 566048556 161173610 801486377 418118016 23500322 159402457 379856364
100
828675578 828351831 477001151 974203562 401325417 374108163 934771052 410124303 541765414 345201775 94506305 746153638 366513892 867436113 225445742 623488688 219487694 672040455 209205536 64018453 600560637 701127929 308143269 335411977 638561765 678630721 239149727 729954872 675607561 96485458 39023820 423415244 311375916 509776027 929884947 465663521 970948042 477103006 857319354 963564911 558174982 519564138 661578645 458551623 82854776 745905246 218155971 987427010 350628727 878761845 571038045 173845088 611157966 245887262 984291750 688702547 944666427 500566973 978380259 560008300 290165979 52442143 67818681 320620852 652335839 245203095 120691010 597017391 892604294 641656290 844698293 3988165 172834322 395768468 160778072 910638812 15897760 411156143 148999950 570544902 238166373 486320370 43634291 856377718 845392198 828364894 581197381 128314237 273117415 860809326 60449489 610949790 353443446 147543195 752359969 401189444 756683947 391472473 333311895 910231057
100
791214127 502873647 465088671 481904542 720480508 469744005 958504082 130997610 878468341 650136444 37657535 928699325 599292990 531649535 287085125 940438534 724079166 343125589 795487232 517429797 707653399 132104840 544668360 627178517 390304452 107406014 213506900 646794852 515337003 463252563 707424596 59148506 9568101 459329340 101075011 387969975 425392579 902581338 563674578 981405672 568676487 218830573 178126738 459151453 640784764 130204635 585273255 480486339 904337459 726401217 181088532 434722367 946317908 623326890 458719144 28814365 388413514 646145383 118555885 15578715 230213802 47620027 156141684 58503432 26460711 40560350 128167481 989298740 279075406 424012879 324089634 440520618 160079062 335766227 823878645 165264578 714985819 911063651 156742032 293229975 914977674 970198469 955329169 215365795 666439217 410425218 534846380 342114674 727421538 315694274 135152138 740442220 141619524 463584101 311309985 510005226 944440734 586348950 197561167 938060623
100
772609225 984484356 142346122 475269906 107733711 993514793 699070764 588153061 69568059 337123373 739113086 812967396 413727779 95202583 129260283 593345965 764059699 729666432 64107605 295098311 688776365 768410402 340553484 969677386 763378692 418027027 976488017 726412180 754212234 659106073 277654978 919891496 847161151 693599577 46543844 473502536 140388093 673175947 15717121 774780923 5471724 467444892 224841400 327539977 665554688 868976166 690748636 597456887 263987538 524250921 311404608 431797981 649619577 636728143 737019699 641672890 745025890 731713239 942684539 70494573 826005834 231713177 387675392 865894392 524043811 680079532 174098134 115094953 598737726 663681566 642297643 731814431 353930465 840943890 254247653 137079230 288310196 54574960 247791384 495326116 317464971 886118520 794957602 59949360 133093456 644494274 576185508 375786373 690022852 997896084 469794694 609534060 798707336 42688999 957521939 73176670 921993641 779995356 243958753 691243675
100
1700288 220442341 586095116 202370757 899327441 275739779 337174891 644320320 312220077 446759259 635475989 473789052 13004851 657387761 977023225 822824997 507776167 162942656 164802433 547039859 504019108 222817203 9511129 112876510 991850075 841179357 351715691 736611877 465525976 882160892 298247213 684748238 492954277 588640153 775215080 39389810 346892931 122923316 757883984 934005679 541208317 724992847 112716842 119120913 481448160 169286335 765848092 634408148 856587423 118352689 131914629 329721327 810583193 539463231 313588023 505287787 746219146 304956952 469801392 98178309 11597693 166692053 771165245 865659104 923758977 281062860 382305394 306167121 421555211 166761870 399395641 22100382 910111610 727683224 596302490 121215990 417622964 796481981 718780117 793898754 808587545 62504380 420905970 150604564 434861292 774777860 87095345 469159784 150360327 144870919 700078463 466291601 49236074 882678442 919082450 421559104 683731142 986671197 300916579 321869465
100
42583329 473213868 34100513 18225834 864411265 611107354 979253049 816297858 127118214 536194028 983200539 150777446 757222129 50682191 699825465 51537139 351007595 933968252 145687516 186716796 145470244 343963330 107077081 822163392 127759623 377805310 668041447 562910019 305454594 910343961 950944075 194874036 852186501 334656989 226456528 358792572 67780401 85291163 960865616 248923821 920228088 334208027 436943592 603204584 993801483 482397044 260778659 978048479 849410392 456528231 889469855 835286080 759812297 688307731 5996542 599795431 20922309 948839390 377992481 969148529 929172466 988307706 486366504 12642151 12748012 530028884 367325743 621306497 380864839 382900236 390734200 922340064 166966967 65778935 880073347 391099103 930164084 873418038 906334816 55744873 144660395 895999628 439216548 978777260 285276589 802545991 344736673 566482687 618794547 432105231 536578295 123016777 148245341 864652938 419114834 104016289 306657125 794490654 743840163 168555073
100
999898697 546831150 53400030 191771480 149157226 572171772 616431697 535838404 895083703 675348266 764354166 359756044 28578581 768914197 129061970 862283123 745232827 766089932 882422123 633840920 749145167 239469837 456829143 401204141 808840851 88248707 243557111 271588536 92668361 967704329 904221676 843022364 70021422 343836948 26926583 625729633 158061451 952342056 999970116 22688976 323067296 919038582 745270440 919726253 302045880 278468912 537815113 503784416 980023660 559125318 65378977 145501160 87807024 661050169 330210439 160598721 396661253 142316408 763107464 555944216 11191236 382196393 187300629 248867635 733293557 683849997 972058126 429970178 666197302 191101739 843324732 432567550 267730005 475311723 174226969 413397816 146803169 932604455 990091614 817434829 982994652 941191007 247980987 733592365 392178039 320638988 202856674 308067594 268278499 101721085 741392577 642451982 494237865 357932575 619646610 625178943 769696854 965999627 330839226 758224848
100
508698718 491375844 923893639 756965409 28972029 217928068 999807351 146146455 514750608 968568500 704167801 33975305 665477820 746407334 205296424 967697094 812871757 178338249 476781641 83969786 315399453 962523477 362596179 118775515 866916052 669463608 141352710 105647098 76888835 116441884 136135035 234921990 871950221 15730568 449866610 414977035 693794653 592994672 111647970 274000288 697284513 960966142 460762420 805631207 136094620 302772917 330654144 613941111 468023304 585964705 130456788 67721171 563952576 885924623 939169552 292874080 491543234 591325915 42553254 142956102 52424658 131952273 487182729 385052806 562370180 605138719 3078094 951725141 505141593 134347594 472457312 584911654 194742396 892324758 408035161 26510027 872041195 349074274 286722104 978035016 454741627 242926781 928599444 167709999 779638253 499402178 2869175 36972118 888457875 756150948 15287006 296213126 244884552 972358973 14958818 867606596 891449467 335830105 697277442 246162439
100
505802270 887909727 918228728 463795516 886011883 119810421 677546676 456735928 439555659 143105964 852811656 627882112 684373125 101185999 295580947 342499749 515169529 418059417 380300259 164440206 344185584 570483308 425455137 442251058 667856886 475964314 596803414 761765190 125571370 729051210 963478475 925131243 896741277 310767419 449881282 68332396 96004919 862988976 907482505 880491862 641327778 856263894 391726925 214971787 333707844 817908177 917233664 815384511 425065337 666076014 823481294 56857968 710501620 435591878 125139439 982070562 739906492 848640388 252499251 473448017 166340094 295199670 611660123 692446262 120041661 285345323 823164293 265545322 608675487 10397679 927916228 756298591 170078192 727586394 568973297 623795803 619363452 415828761 81420129 655370019 216786088 917461725 956519563 94484598 822574763 305121724 360424244 147221645 700861044 294408365 237899033 702833716 751595855 849713894 504568740 417619761 971941417 42377400 263637907 774482823
