100
100
440949553 288931624 542232673 84659545 297283928 760817633 1828367 214447802 621650644 313364943 189231120 824292018 508107610 370665415 507068445 516331362 581493972 983565274 981566408 273605644 369280948 783003261 405992856 52763928 786048097 807108719 401221521 344321162 453674831 555377536 174633199 424799500 434539939 941432644 107015999 763833173 583110014 358433983 801229978 124653190 245403672 135705752 203650735 475431452 824932798 784646595 771333943 485925345 313376364 170486243 81978975 395590067 467903248 185506383 908031788 937309447 713262762 296070326 555921806 456994624 844341808 86010903 503217664 23136037 12106883 39906 603714044 642703617 92539953 788551406 261654618 141767440 312802484 35039890 414840156 333166384 458896680 484131957 481656861 603510961 102481265 316195007 801746607 79001001 673593298 316505184 163080619 875120554 803983213 744121496 3911101 740276884 335415139 339468761 752570932 184684557 545933728 327092171 936806995 964016029
100
1 2 3 4 5 6 7 8 9 10 11 12 13 14 15 16 17 18 19 20 21 22 23 24 25 26 27 28 29 30 31 32 33 34 35 36 37 38 39 40 41 42 43 44 45 46 47 48 49 50 51 52 53 54 55 56 57 58 59 60 61 62 63 64 65 66 67 68 69 70 71 72 73 74 75 76 77 78 79 80 81 82 83 84 85 86 87 88 89 90 91 92 93 94 95 96 97 98 99 100
100
432057985 355695157 300666109 469398652 363757969 851316288 843616767 85393239 400257672 717269617 606651839 759033426 877291146 197597535 390064589 448014763 71998638 409862825 616320986 862466001 174560891 419508370 12916132 87492749 321827873 564358991 422753832 692440012 223114831 522645825 634266404 352900457 806395526 475889619 468225800 924836287 258129964 988851638 907187994 414746085 494175370 122806285 805035919 565847670 818546350 187808543 840143771 717847206 777372491 250753300 447986988 657117935 510801476 761127634 104229501 462854770 643090730 593367912 197809181 586063775 784998644 645404051 791130039 593214547 26461591 509216563 26896660 446368437 159431599 776135797 35538277 957269767 976365185 672782856 548871836 907044482 342904748 94258945 549586305 653759341 747968303 320135808 67951273 72101440 260250873 937614812 190535894 407633931 484173586 994099274 686606147 940277854 781742414 1832524 807733136 754249653 130332974 129329102 499897965 778343063
100
114613742 805194497 740564355 945569441 933280323 438911935 719368283 273271588 694837488 509615144 587922795 547512823 685731142 580863434 225276205 377677432 63072030 1014782 926669266 139777786 453638700 188118905 5439233 907864857 780573018 240809538 920342070 648356753 555526134 548618938 588964568 671069294 258043163 31240727 655442929 672200026 77975252 373760738 662466624 515057372 151383717 849291509 146587883 446532040 689129428 905856845 964797713 27838301 961228426 595552968 773948916 898879206 716889000 606847805 162609541 40354291 706420654 601143564 825696120 653177296 181951247 631917930 526727208 652827592 453157443 559413433 593536470 901693293 155872636 314206042 526680235 777497094 867559386 770421114 503785469 540977855 399488372 231326318 509677925 922647193 496108180 173878747 547393523 858880117 587775876 120390391 175795172 134263098 840371327 791823625 742125622 793195646 95468023 822942334 469327673 382983380 10617657 917496438 471477337 943149883
100
573807183 308098352 747438504 316187262 267544093 678511457 160861316 29247115 895473607 930094514 839721192 627145317 294910296 257780670 657192728 10504047 316959721 959669640 125752237 174364483 775955229 741662450 825896580 981705036 944539119 857250214 823101985 511148083 797973665 770664614 920194705 994725502 991949170 961670809 918355471 628137148 669623659 543766052 362823225 400824103 6829559 210765962 739083774 311034422 568808780 667430677 816426955 882173595 177626627 649910443 127560468 491112699 101386465 13707288 868090915 102972069 414163632 22871011 224861022 238259199 978671651 356342789 409449769 356118948 622845323 197450815 523055100 960893061 439022462 251822307 759392665 261486024 576929808 102521464 690850166 392578160 717135817 589397366 751595298 585323772 529235327 787605549 512301061 306894532 808593248 628431849 398831478 549526613 817038002 182505063 645692277 593099336 653844920 223515652 894792713 709669013 799617944 68030188 776668803 902245457
100
460618265 124472063 391552809 60990123 658516647 475523993 490501713 441601031 452846432 318414894 859150918 717980619 991273696 494232129 277001384 613676171 410971203 599675041 83560040 440035660 896852062 339949354 298913184 854459988 2986745 770388123 237825083 585118658 736401147 711215266 257734376 583395364 577053310 691857557 581888903 954019157 315921173 969572940 482523370 692903981 501549664 979590166 792465408 753413372 290941982 284546442 743884639 773729647 718742204 498575631 615306443 758651772 388584752 352977100 963288549 701701231 385563067 603118324 341112310 764148050 879488536 564813078 200092937 832854938 939045098 92772046 572445145 546386734 420101822 978879066 447727390 849723032 398718945 533302873 531277460 710962045 239222462 183969144 788848450 415008499 734176441 592451279 190226593 47159717 863578147 696248724 260793847 691935124 380955634 29911536 72672065 752074325 889317425 253128009 705674981 681821785 297389914 211220662 142107850 280996407
100
23108520 88721153 453111282 858322919 93481626 124690201 671392944 848908209 686510628 131190005 996229199 181505756 573253845 485347518 772054447 390346998 669136186 689219757 682930609 210912383 797496547 779514933 404308270 661266860 48701385 446085262 643140776 410009402 940921010 253096177 400765297 793385716 217168605 852937299 52634354 752676535 202187909 312996494 955247717 895921026 529856515 433112442 577483449 647005238 705228581 838065757 241026458 260045024 193578031 790616033 917037435 917692481 24894248 621702010 575024996 33284664 911375168 228111221 777956496 401141842 596582340 147286443 365083059 389889545 685902611 622220601 625326082 793557393 445134893 475861871 37038368 945954746 789941016 34576213 635295723 788501783 592052698 139731763 240108472 800145756 634834194 287263884 918515763 774337364 689817394 742551844 208702567 566589431 518674439 28688583 228258173 184411887 216104587 832118820 965440607 255555695 811650768 426391710 982842174 821525255
100
934330968 907015632 582519562 605916373 122511445 607207791 225332808 200241950 380899346 939873803 840876280 422070885 185657312 715609252 46059575 221967684 665277913 410193219 711297745 525110361 541947213 110306185 68176070 476001709 268049202 259361100 718013262 991896446 678323305 459531942 79554097 744421763 441286312 423908681 967853757 759361760 29870494 703800790 904613789 556194293 871352131 254678801 220114193 605527483 827698374 585745283 7359220 165049545 990680770 991277782 136385148 169038061 928616533 321202570 950001391 267756404 891663660 302840286 2375309 745922653 694686678 787767157 42390480 901957828 379992269 80256253 291248770 518283436 390499967 398419325 108849574 771091924 568175273 628425014 885034779 164002281 557281435 949211116 701735692 172439511 285165355 74790804 951075127 124214462 343818534 936416275 712975264 197877043 321679536 437861651 238797327 318660664 944951670 525836943 309317509 459086919 927368813 961180610 329428373 709417254
100
128943065 313512061 324584219 842566846 693292034 347075728 853411889 567899439 774186301 900258532 736277865 25186678 30216321 710310042 248934457 940604972 980224074 777121461 794104632 507730261 832555232 725439846 483593923 848118646 90710213 725831059 766150357 10685365 454531512 550173441 528203216 544167065 879479213 469212146 562710326 646235491 837994985 836176001 643068277 329899112 467592796 774273940 630877422 531428127 575294632 797631532 96314248 586231275 51911745 725919068 418344261 814433559 912590111 32874077 180519600 951101118 704379283 151475000 900770687 757056449 208656029 487132090 323348029 68343990 976436170 352885313 554132085 539903373 956581992 314238844 207445470 357705030 272526924 698369681 278486866 558113234 258070487 561030545 698515023 546566442 108261713 179045440 214161448 590899572 282758948 524283688 382671420 352505555 923347071 587828848 270467411 748328716 339097940 815102741 137230897 917460671 412291514 413220079 246683087 505031129
100
503270680 291256580 70538857 214920055 437507891 595678016 818892629 677350018 59559789 744169118 708685458 71013656 412145442 915280370 860329144 141479319 131618525 849644202 385785807 240466572 912236826 350373129 103489629 949498029 286659407 47676451 896881796 870505209 303622831 469335174 203824832 40059011 948260072 411280805 369401332 427839050 139048228 592236225 174680828 646046862 120818811 730493651 946096225 998957998 961862332 169283640 535669199 749263684 662302442 295086786 128692481 608011519 742297731 884572594 676438135 172444238 814496335 744684361 60935173 192133114 916398304 394203451 830297026 671529971 686884663 240777606 6547110 211289900 173561696 753677409 428896227 317262223 938003243 110604838 858760403 824803164 843086599 897258955 552591545 274781566 993500344 825518335 697457700 448058477 366150468 630653226 442208578 197589703 405863827 624454329 268536441 304284535 42645541 148837483 991289703 547782972 323208086 469003489 600206602 272904524
100
427266278 411431139 989477230 175306433 847287069 415783428 748260014 721270027 944822350 636413264 471079523 217230291 577849960 656134153 262537770 933723058 935717569 530219110 569236304 24124427 627333640 596583546 842652161 81600099 526593110 985793016 833654472 496086040 296915074 110273558 132352297 256227196 462213236 583186085 338908182 772905366 613721430 240568879 341151329 387760189 564124962 399973759 542454980 780595197 47044479 475907956 787157885 745840429 354738497 614416532 467779216 183313384 676806301 553532287 508958361 539742686 156593103 832526589 616957267 837243676 308956859 495139333 754279517 223412937 738136576 554328972 853717218 464031804 87522897 940636387 981531480 632268554 792481116 227841019 295169630 624991654 183611772 290539682 517248056 68931313 950076998 551070049 487322525 584951535 982113496 473509782 545704768 478566619 12470250 252913679 894591673 696006213 147812256 583160010 389508342 765841787 246033288 381883944 588269333 191755811
100
623857034 146764997 587462924 219550841 996645448 739727823 344250604 752900994 646034989 638964907 710487097 8832097 50135612 996658318 743876303 135992007 803819476 676995609 22047641 701322302 752587332 781484125 427825676 367200255 886769185 717473140 275869034 851313359 593749505 261180822 473819144 861708868 540710102 116018697 712749260 673272190 317108055 218660339 144546794 895629235 882943942 846875573 771334896 620213614 234207857 55633822 940779212 122193533 320682991 504500988 336472746 335679398 463532805 370069349 64202455 995844886 14982627 592779444 410018602 468718211 434992335 681478057 275455883 487669475 442717231 975326830 35909483 97580228 406766510 104573000 153799681 10363000 499274364 124804907 106291229 766439616 52261797 320868873 781780404 499215023 624487283 41133918 617289347 969860429 751308429 509826008 395985316 461361632 734243569 424317803 704415227 558760192 363167774 983136712 627537222 180400229 821981254 524735785 251595738 209681248
100
505683704 108319018 583727277 682060348 635500818 703200152 753984460 946571480 460509644 464335052 608836623 928032952 53257211 474802153 352071916 50364598 883677783 526606972 207171775 225108916 999350830 598064719 978820227 980060172 305957673 155682911 697193512 718525632 512235338 250607580 218923633 33456115 931945690 247643960 229543893 388200694 280805143 121714012 832426074 518934481 998299763 647019406 952371481 473132417 606283422 912713621 83133865 455102751 894149267 366496275 299417955 956201478 548855759 384078127 402910631 989496279 218693042 133866530 217427514 996785137 717420547 113532972 92490098 404382144 34312379 313710320 407336728 97279701 505270635 876238186 903591472 758127304 619703724 847919253 4189845 875184478 189426517 73569806 622202838 865642536 921506143 341098990 179344180 397717860 959617888 6042208 227152755 174541101 27818938 436614598 233529692 471692513 253045287 30994807 921219269 464039592 383262691 342367842 537477846 217679208
100
322041714 121456672 3111189 188908821 747224215 893782864 472814663 430111867 874187960 29216334 229070304 956374422 76488262 806192068 31852703 2222382 698410716 598723439 55616999 964302444 904945672 438807756 232782161 568031042 979486855 941353793 578724603 951742811 664798788 364345492 898568261 28488586 355916018 688974590 984300496 81712221 325595466 396469687 562789794 295457982 766693396 203583312 781355124 792912479 227465369 13287820 561341221 703272474 734466717 811133850 111738658 568934337 521215157 628795119 4454362 747254277 107252435 449897004 598646950 747823291 889175559 904114467 190491215 222582804 833619054 20628695 946250641 191828933 892329066 589555471 669008773 108680426 20076196 49196930 776203568 97027667 908863648 846991671 134215187 249160408 960289320 823093794 432848426 438512659 907744800 427538241 908946930 283842334 932897040 250209769 472654133 561660926 543992542 779485957 414346452 757772705 540767240 9028290 297269440 705420366
100
663813113 488052321 76201300 794205110 111371228 663415876 821303646 28435112 815288280 304849242 671296809 210654679 191928184 339743060 812248725 683999808 751557394 19627133 224599821 172008969 931055578 886780200 748488465 362554567 39698160 61517572 713048074 804436932 153790155 684457938 177463915 117865794 94524219 972418702 455279685 56761297 970854877 130944927 81568572 894887553 282147665 358579751 551150785 278781530 633316448 982016720 525463206 201121874 333089581 521447726 625401084 535451523 883310158 945364167 888161804 330441852 223058315 189594894 266914072 122109771 620074118 44252749 149019514 926825425 196173501 3829297 723090032 83526715 567093164 913651806 831188423 612536365 514238050 451676591 965962537 360319208 691109437 674212338 566337910 238755015 277725944 374520479 156710366 938174790 954134632 801907426 362629803 654149291 774301923 565715795 46621864 912131125 661703063 270102558 607173731 28423769 802211669 842312286 95979494 73246759
100
88020643 109397696 19584425 43002063 518405901 441044697 516281345 344649027 738266955 786011038 385809989 699717043 155356647 936432000 649952011 932818505 600507742 375845009 25497834 146297221 719003861 135717206 92677134 245697794 937553859 419582246 857145942 304152871 123393794 750846749 409630027 864804531 521203752 443988925 174972069 579319688 312096190 357957216 9865580 176915170 707001697 281467017 460855153 46940100 40166477 749139812 931481649 285339029 668794070 606984126 809565258 553023425 980159987 818712646 598042058 881307809 427172829 153109801 900164030 555532767 489012609 376998158 212761104 329299412 174469466 252591433 779691071 804173433 710099816 985315444 998629783 193562938 88609794 65117195 641401586 24170996 658948549 57794586 599462813 463465993 879589659 251402966 893116213 347854969 723593289 23678016 973332885 689283057 992617308 336826918 411856040 248710063 8974756 601097412 318414951 114275026 5502421 886573752 123924976 538687195
100
567308729 612414873 286293230 379359480 666883439 685507400 65111668 66476526 77156390 162456976 174683967 70070244 502385198 470746422 115956360 870160956 500664320 417506741 558359298 673044851 428894165 167300902 300972452 175630434 368859099 840041581 979493346 359672533 717597542 429678384 547688148 965919237 475043631 685147110 911897935 749469089 620268525 655786824 853734180 781635215 950845548 764863263 970269964 268632322 787085731 653998809 813651490 466841885 638881414 217976631 596075384 427813699 440055412 449561516 570817951 692517294 866853750 721002999 729109012 364355320 434451378 665919561 397843598 545594427 179175109 321502817 567240518 613061664 732189138 723423352 74680930 305733145 114129066 726921933 922381512 592702652 45864778 972173440 898226441 352019910 489114697 182823482 444831558 631471449 840231023 278292401 483717178 73534923 198446587 956234412 138680167 567593830 596654034 345443465 80863811 328191909 348983675 792374430 522685005 411405339
100
113283224 130151867 130417513 32808381 159817006 119350254 506545415 468967335 535917415 883524294 744545033 408790893 654807957 692956261 729246894 831251233 451430822 720394044 758989483 886593286 734415473 510193317 127194055 410520846 570123623 896389753 41863090 787586542 910049437 679886015 313725610 986873246 966581147 155964517 822222066 881166917 6687182 829680384 54660026 68408309 826611896 558411483 379030906 286690653 740664689 816637102 439727693 162634020 375566452 956533614 111062440 271164054 696219448 855309241 194397333 769465370 275851834 63871449 509349732 598367760 421396363 652566897 388459108 701930929 146392176 754531742 838587388 37383431 734984326 652245296 111968025 869638268 936656528 784344985 125933105 692268885 609992335 113720960 590940247 15506563 923158833 132268609 717567738 944928659 136685502 328678201 540926524 888815295 448366616 30739574 988042560 565828316 925419981 468609179 418759998 638939970 197516906 441458318 471340612 428279821
100
731794805 736679660 986778892 472962808 501640242 520883113 125369082 526965089 25534879 57571353 284539914 587798246 824328510 359384487 391153572 159605683 468269517 33973557 911532010 216109991 386742987 272584065 108139890 595208369 572319640 216820169 758143934 733555699 920614523 412277294 988985916 427579750 302502908 937638437 754986228 366898957 623660330 30084679 200999059 34395291 111648707 773652805 45494139 368019615 539229312 394100484 951268901 369554130 42198930 601325216 917911317 305901843 632738844 657281514 454924173 611026154 914679398 338243930 859410764 344594248 66301938 34614409 939929504 685573197 986319498 398755483 567920164 354575684 536503451 36474043 664853273 737855568 159479835 882136021 734860370 932487465 643581404 566755382 810370076 69137065 992484285 886696716 91596094 675922738 990424627 155710754 460352122 990588914 727099039 816078262 7318255 825972890 769017598 695758221 697293591 5177185 397033525 708996899 359861658 912310240
100
1175712 662972378 642570380 818760140 886041045 936404259 16399516 646692032 411702494 803924668 884731450 842699446 940985078 924215099 612880186 780076354 682371991 664935523 967934659 716203665 191724889 29030669 515642513 773134786 29981091 920807948 689543440 491926205 327600994 552377566 886022231 777229201 255536572 813967746 387819226 112006853 853858055 874263135 805718243 158547373 88917585 231666632 971106230 619582733 991921848 55463143 855571846 697770131 75943035 768334800 955358791 19620447 830553264 207386763 714197618 208712547 393935417 201286094 589566504 237990572 628573163 89036405 536117961 702740483 409222109 845474362 619928515 189883497 994925894 667588786 425337423 613224344 251649911 660166863 789450400 859885878 899343343 623023975 496360398 333450198 898985790 885871613 365865824 172608359 318440596 431570389 257768818 238041682 488543087 133250580 306395695 439259257 290052265 721957519 320489752 644373054 811850258 769478236 174336458 496289671
100
972000639 72844650 98905215 304296808 516891083 558607407 548935546 138130090 488332484 792328962 451002359 702326423 390565 652231593 164514040 956101042 234724530 259884541 401530999 28586711 229420436 64510243 906340145 407675113 534590882 655391122 412705845 85714680 258865130 626158191 734284191 988718261 943826386 549295604 569135804 641571052 605926103 626797236 16143981 807938520 324746619 443526498 931949573 890332750 214356616 756109323 778479447 754731281 386257266 844787599 451163901 320149662 982385754 674887041 418153106 717701286 539001802 27202132 980688087 874066403 626123275 527400566 115103367 70739199 786345175 453883017 845863352 343439851 620667927 172932054 167553473 726606456 524156486 441829110 620088703 963418939 819419391 574996034 441035109 945156635 600833456 649113506 780705799 505188192 237423238 902212276 129076292 85997410 524064990 196784757 718973944 616686540 406467562 587450914 906941007 488571622 693672186 377529717 697237720 102568787
100
267899757 68207863 190238375 60081985 98010127 603889984 52227751 481812601 360623984 374721558 588342474 552268621 188005694 405291014 842523242 791073490 581261262 910296008 910648068 964129396 454380497 3705069 629896818 879562968 838978649 951415964 504453581 246685844 247948657 230082724 478166642 504472815 999569223 9234450 520188970 470917240 228488066 883538227 865801812 72385075 451364928 475372267 941206654 512816542 440253997 467619666 919185816 691045149 14621914 203922403 69638092 408934590 715412779 950722758 760742357 520024259 548583331 147003161 376100880 153662860 506089646 879546346 28153086 253267836 311561319 186960168 873598053 91989751 830090974 997586660 546552485 742255874 855044903 264221471 573647032 116950513 805774900 969512328 591720947 316730158 899317537 113015425 40745440 73017435 405817091 956572658 337917648 32940070 966597112 934790354 328994324 657910160 222048411 330212109 100548112 385299646 735827523 793635049 386722504 868067246
100
503973592 189833290 972893390 973583182 585947222 104167662 959386748 707038312 736748785 953566799 128817927 187951867 777877411 720938176 971087256 213314763 334316585 777443342 526699529 561153594 484577514 797769825 103521832 842206237 712155492 807641124 273675213 675240728 6727433 925619617 448436503 689287987 923417218 734751470 529491345 477372478 230382568 701503818 902211518 87141183 273044913 479483940 715789 736073846 293941374 431575500 714056037 736652907 66916625 446051871 276549169 232863994 160632508 702179345 226326938 185827628 428774159 485544815 913327260 552590236 833804282 865145121 563034460 677662378 861991692 356483327 110086889 28891847 268107264 88334866 205655924 959518502 954930579 986045009 905324864 998546590 332364311 685408643 872843558 785664836 556504153 727398038 326618629 375176787 245734929 860690017 82634356 973035728 361724158 401356452 280474126 595951677 925178032 609349536 533087075 988398879 340524614 701524506 323723196 328217080
100
316532750 343831105 874356857 699746599 983207557 191947557 91124891 523314150 819708265 251983702 322704754 18609345 410401285 616445444 184490170 855813874 718924269 364423086 583286693 437992110 124935283 168831805 501922746 416290668 374362020 258160980 380223912 411281570 652983977 944099561 601738598 90017535 840410537 646286900 310303771 308675092 552011863 901377403 71386255 928652713 493697724 677188154 363003280 30885669 277528009 56105982 667868240 770469818 644355897 400788720 980430133 696171853 437064993 652238478 347765886 261231804 525352725 924475731 726881391 537615459 808430495 898231179 551453724 514210953 997006427 616919234 733783076 399611473 479693901 365639608 560127546 398425739 173790539 756538800 926297537 649096114 997519228 187778340 881564728 617055239 448506614 76156770 756216182 61244864 509945356 286853126 446052859 622809248 495414235 484874036 572178073 110009405 913453721 156052383 78386642 153959695 364223200 658333635 315235785 722236432
100
615872210 309175435 305602336 706023842 729229551 58291656 35089250 760684014 598309906 502785382 68981148 590667048 108244599 461309728 315302521 8654661 945346293 40555350 389753200 488190657 412140637 290385523 781271582 798402547 523779151 232822920 892341035 643211259 569911867 211515806 873621777 690358126 311224546 859474445 364472109 352553072 724667303 380941947 521093118 280879063 811987733 448264352 861271515 980121830 499204695 338864776 298228549 103257763 727812337 235570517 776397733 744053738 436616815 445687634 20931200 439205863 540753033 925729617 280275598 995834275 697998877 17958498 283543187 951162890 124198062 108572562 130792306 558536068 291363421 415014591 449540828 789081502 114207045 641426990 122785226 258123290 799391156 232740894 475680523 583365357 164782268 296637581 237878017 234028743 840597495 270399192 411851154 27631745 367549661 474189424 322694356 113663883 139582585 59942690 204515463 37959622 469494219 802041512 647533154 810698901
100
75515338 288959422 181683368 386659781 686507130 218252585 130142641 433127606 751204847 173195935 387233589 915743758 727728110 702395849 467791455 381141 286667994 580264634 477227738 993086706 666629779 513753227 344167791 378558117 467431814 282977060 24151123 599662850 201852039 517548356 235139888 531045284 656602300 755916969 208916523 753175266 577742047 101491502 56271907 408684822 472929655 777133462 421097717 448116832 815389596 521659310 756951497 824765126 183155606 23184864 141413241 544027063 887205126 673462708 712203237 902714121 48279334 229013604 567155583 569139955 315731105 748408779 653456899 252754048 313384063 290043337 342310318 630641717 841171534 640076529 279403474 452201836 582626911 922500715 603379900 694276207 813016969 272992171 53219955 577799806 642032952 901408616 769954000 642847222 128348917 406784100 939426012 976108682 675001821 903982900 441339409 545760843 448254668 236266387 330410283 231751499 275812641 197898597 391535780 979863902
100
413696686 814479680 763113114 314407605 285858036 680657610 503618425 110420006 75898863 303938262 201355389 581524459 41609406 614296128 440611141 22490063 766998033 694870397 895736214 119895865 242918409 532516580 474498319 119596512 249254553 630746089 975574447 629087105 442576671 984560406 450109498 921008238 27501324 301473978 812566036 930789372 99408610 804640964 973041160 644286771 341900994 336902119 144702672 76846141 873796070 719092112 304852007 277582992 811980178 468029572 901275885 670080975 547126027 857731985 557497606 119418103 344010930 877342954 336862299 379257710 362742002 954367141 520045517 82665173 542804882 351653098 651449000 80551259 384249651 489502847 880950078 102899037 384209611 378793666 506428714 776006970 720555576 674566497 804851925 369904532 825935143 668587976 489630743 876444103 694462099 791822645 723500942 874539661 11446541 741323676 611395643 513592052 27399547 62560403 315059602 481329373 540448657 962121597 467928351 319159274
100
7164109 913520544 801265207 536204782 87445461 105253893 137932874 159380285 130116999 250473563 765228555 4772008 123321654 727199098 537277141 433129214 699569903 67549495 306170806 23134348 810847346 789686299 708343819 212109050 924766720 412756492 452972950 418548898 618722832 885195362 298143628 587485193 162684485 597304553 648389869 10293852 354294071 258133123 708798555 929454121 968908003 882489113 803603340 449455604 453532390 799360137 90176129 325190568 414471561 747188504 596079450 236638147 450235875 691965826 916952263 487757699 268766573 55188303 23664728 750826979 306698810 472245897 625544356 283770586 799715154 807507445 686507110 502100436 833071595 855632792 430066017 602221129 975631041 129281912 171625143 536771007 294404384 39716510 572383314 470840610 185072711 247836724 158487846 349788057 478775938 520847194 654022089 732823759 643602328 119048415 274925313 532885560 696036770 238554701 167785525 921976344 410593019 99474846 947419561 56332111
100
760788154 857366278 477572443 247475407 655351484 787979048 323748589 237454592 721313057 424081730 64926987 49549381 345390977 613823045 833332136 762096627 848988044 255988514 778833377 402907460 314871039 587201608 75053658 909840510 230834954 262648068 937373335 380009249 502453010 271149654 995162181 696415174 322746391 554704084 157977037 347239940 316638652 674668642 670321856 184331362 186187615 128472824 133040453 266972122 561867910 709430591 293876313 898109174 853015902 755929853 468426241 522432378 622767080 392907706 154770858 965318720 516954222 528261770 986321649 550377102 943635887 445946909 659498127 67365277 459370730 757247480 480727658 943572980 374973191 292326549 242669808 936615511 618565950 441379164 839276146 812278643 659311065 266218273 409883236 927642824 60183921 458025147 577433074 642507180 676652688 331190845 526783012 702571502 741313761 661709720 158978359 348009111 195996687 364184969 98420625 283071754 576406500 514540404 203874717 851583231
100
975128524 594876955 247759826 551803485 186563855 127969417 429561551 125595804 913257560 807047192 486689524 191985434 275204622 478901474 939392988 803319613 574000121 186464152 970576407 127526683 57498782 337595118 731322877 153103880 768746853 737454628 445147310 563279438 156826577 480760716 207068798 313678263 457539496 823235777 351052689 726452322 570767202 258623140 415079444 627267094 602229693 787983397 626228107 475076416 500255929 610559238 779883947 608663440 884445425 195316117 69810314 588380939 577088263 882845287 124335618 869697902 218145739 423979780 102908728 960650917 455949542 874517519 399750788 634877902 774245810 858505986 725005008 438345698 15688543 685874680 839134714 234629178 382794903 167511838 315649176 277704839 744921141 448026649 544703561 349107686 288768988 298418971 898353768 216182534 658782074 640071312 394671648 492204371 931783687 383303004 372719114 508831580 585566183 849594351 33028972 404928347 906780722 624958184 279488156 309043513
100
373058283 81626651 376214111 119861301 993716376 823521371 299215862 794432507 81010821 62796344 689585009 877287610 483919796 997261808 258954999 302828166 329855301 160895919 268100885 277959960 718655675 875196267 729748297 106939310 807909410 602559256 674557652 914622379 411983570 448456961 880118667 854381601 648969557 412578358 406095712 54548659 305148766 484137525 961996660 289704380 193112725 6326706 423605483 79625016 505798262 859610394 17587025 343654799 604275376 268672876 371240688 152751592 229713133 73731568 958618582 820362458 704209051 90616832 160537301 150263300 308162854 622892283 552780395 984592266 563020279 372588175 213046524 311719589 618779829 989517670 997227005 894922411 39593828 711639358 796283834 961113636 285559038 494853322 441032235 171783960 517473825 589276325 639549227 867692044 559515100 505319382 75756320 805409699 338246765 158125980 167028636 977153658 110749909 50025368 145176785 79347128 860517014 923824146 118525337 721074697
100
343587141 731434235 751503122 747525438 871215537 482470912 943200124 904958365 157203677 856501054 500885506 133850122 725614988 268763672 433689393 821153332 675278410 4489394 968692005 514713698 22447500 628664862 850107212 109238501 192958645 821485995 931515108 881598594 324396133 734476341 973465452 813600724 67621247 118914952 329707291 513308633 386798733 827849568 885281978 431893873 309686048 739087302 306887037 755825775 640200842 360167861 288482417 736665767 661311844 679643661 870056684 454108283 653655561 242146207 39227259 148646400 285742728 241434236 481082905 103459499 615284799 269757945 395547168 55473688 675932130 967374393 449858640 484271045 83182224 709434908 292810560 911486937 420606582 680871376 966962576 67705654 173759933 83216250 212357578 365558531 286333911 924293040 412760157 427479358 643096157 82727729 247091333 948545813 83652913 939196844 261470622 615867334 139724637 327173192 117820775 995197837 845253899 828938451 416003732 459618689
100
240384247 798383908 215131097 253765019 447418490 964558835 960448209 805544137 74741821 541903509 251203970 431488541 380727959 940260598 121899962 827115572 742314556 781083547 604504037 265415831 196971034 129782765 566175823 206314982 895917118 181646 320802557 403214552 392710152 254442692 983976874 478010486 505365330 760950288 96837452 595736145 781217377 186462652 774424902 331065398 850190940 566587479 62170721 902802805 457021105 417446474 475737575 866464555 861371359 815528420 444683741 618637488 994079445 264784004 811609675 674859847 826631153 140781382 980757798 760421052 561520797 238063049 551513892 461864873 180433604 626207852 707928606 300490226 622369115 491816652 616972795 26102213 658165863 669157034 226483296 544420996 235148090 691991341 327922991 754667926 411470211 397670578 871954002 966900082 623310180 818024101 878014116 352879286 503254618 655350041 656365735 503351006 501727827 176122223 101330853 172149542 456548393 269131192 602787022 881895604
100
325300576 499072869 649777246 956224369 775445122 501713909 814533678 906935780 437916481 224821699 961209380 869068779 402380864 270670996 309474821 120262476 435133376 374787882 59252953 244385390 91201800 977901790 107546338 767965324 809310653 486220030 510880708 600073325 739822505 466266853 992745685 255504003 275881867 355815461 773048337 657985159 690102959 884710834 632429790 670695538 287694772 951930762 578789390 851965686 640773092 365415904 217326994 84262039 964477118 535963888 760565954 605699449 830524309 245092897 123067745 419160344 991058386 904136479 354694210 857298560 819783725 946562006 399586470 533448595 208193954 803061334 416445552 134427816 472385758 488040820 543086122 61462223 430596461 518204767 748771846 996824277 42919181 928601390 359938342 751637567 892422864 497705992 329032903 260928326 599761905 755828513 48115684 361423722 815906738 77014619 9451530 266053384 21049320 772985406 103362208 186517233 329550818 732274046 950505427 905909007
100
714263385 640270889 265234054 938305198 890558118 176133850 729860018 148683077 322740139 300072048 843769047 4937195 769793149 348227327 121311020 519778980 832938174 917320626 885917520 528880220 176999463 961134415 641139148 538984302 904575431 153698209 369218517 364996597 364345360 597652219 780489340 107286368 882384663 785155426 157200848 97197747 936209027 712461609 220384391 902393081 913482113 367196893 829422197 242759911 437970306 634016545 119992098 776995909 399951977 810636162 496803536 247601899 789637772 236823869 135936116 170306048 964501605 202082199 882677721 534887976 128696856 183293433 38321625 541219500 36193603 341496937 209865797 830629427 456219946 510200157 732218245 83362707 439777293 109567918 645598288 42660 975515498 655311086 651541002 361961299 414728004 218944390 579746761 284435289 314279816 661340514 577020411 198427403 754504820 286857838 548182444 568805907 931015585 474693582 45614015 974745276 950439470 840784937 779117324 384258051
100
850047301 9126462 393503556 19408966 266416356 748812758 924344706 998765234 39376126 31597001 274486026 17142284 768029264 293953783 783917875 827701052 87316821 688253683 764997584 248655459 858134376 878966643 157214367 828725303 921870956 560182133 32344939 405704292 505471868 394861264 511194290 113676484 154689100 210725 290413430 144764262 658509777 959968696 9007617 645820820 371518467 615119548 651339192 469287556 548123485 699266230 703404837 83305561 556241950 640126235 554384981 417821873 504584423 549336366 351736461 788697698 840154572 509585641 647385986 167851705 249482006 691709868 762938282 334472472 445758026 961508398 516130582 672525423 97821962 402814825 831286952 374182432 870635627 70597434 611245891 50938742 239457400 345289332 810177488 808132000 758375570 914945949 66517211 279929972 38619711 101623306 886798892 268334219 951085659 905749262 634578038 211707773 599585868 689906987 264541370 681777558 897757795 812598162 99940307 680562630
100
193836145 385010785 291351530 90587038 932125610 123242058 903255422 263566902 823336842 803142887 807599754 960621576 594628670 866076696 891427517 920242786 195814246 399330699 149741430 415988778 239446361 516754306 883524788 257113633 585351517 389605661 336154927 918773485 468448415 384990591 803537841 227828644 874725382 894771286 820103316 308214715 33837488 485374709 281062359 483647188 359718858 317576448 698804544 732843054 491809115 824054630 794409400 984135624 969993296 121331614 685275173 479151363 92415449 213926056 102162128 819224323 235672608 345545742 884179084 46361114 44619424 207118419 617612181 212357335 156116742 573071410 343667977 702079894 631989877 650431087 637644501 333373302 892700174 208988163 50876236 778491544 297913711 594968790 708215428 480566578 109291794 714133146 567997377 152976968 716088253 570491241 873205753 869706283 141790029 398975860 172604019 617707272 421396333 521302931 886640275 731937491 486335780 605565664 21678243 618890840
100
605530264 577833287 912227816 510626976 483446940 658729920 663964171 362215697 26796689 149464485 490089507 8356848 266831923 288920089 736490654 885043977 398981446 410190866 979727233 83295189 687635242 444966464 862964006 177789418 336235183 6161881 403253434 602131669 693324498 377831704 55187660 387976785 519945734 50305403 376774155 56354591 817839502 899396651 627273152 219049821 265447641 340584424 328862539 97831127 338512358 612149683 269252762 734639420 980401895 248817469 681548245 987263708 848599697 118803848 178416942 385012685 773948624 800818526 944470112 898736387 466416414 745883567 589671253 679182269 592272894 549024079 737413819 23442519 467097544 721278937 611736360 471729118 570749277 406077795 434378146 217520311 990927926 461405475 267698995 506076229 948153571 656503709 861127734 992316865 987567702 14621919 556246205 908078129 273392347 949067340 498164388 974235181 749476010 789394696 264957699 16822670 513681558 14466579 530211062 167964091
100
293285738 29927488 491121384 617853978 641093279 444124846 659041974 764503484 354586310 789868693 608579765 407294572 216776829 706409632 903064118 459263970 376075038 647993256 677218477 700281376 488614699 838756252 791148901 91265677 350086205 576128888 600934376 415092622 243871088 279353750 561303267 414014501 835126170 159243223 934112479 359475960 756856148 994963784 922271937 67526891 574651243 374658108 609287903 676881721 174466086 40135727 222861406 866326339 325987989 489305135 45780096 761884334 269719590 745313731 181314771 814446518 772484017 383250532 294442714 358892567 778464104 575265838 354499533 122216840 961756807 119571631 481822717 216844718 772856277 193553511 783934961 563221021 833263921 301144371 969781670 762202485 399519945 165057516 744127719 363023357 60694811 563764187 715311972 956340924 516524653 812542118 566355432 695995381 624681650 689306160 991971990 193142580 838805236 183405395 407868236 520481865 472859954 139020997 968046560 703646749
100
192202496 563827433 47540364 855715200 167595110 196996223 409589440 799839081 88015214 833994976 484301819 456852942 283028389 474526526 432125460 679358960 563321600 152754209 100241870 636031918 515234415 954557391 183907257 225640762 540806524 576375410 526787013 473505895 748459509 730337995 578754691 727284629 910912626 52472406 910157563 51645955 407145603 670167754 299251328 462658737 439192201 486139148 48797792 345217235 553487833 97615159 650630911 786817332 211051769 130509389 213218758 885907523 185447496 239822808 518909955 40332584 658474910 464042774 319115904 446389473 301727655 714717914 485313232 309741983 667285892 913925736 6105416 235338030 565274464 992251682 957221759 939961266 601331354 108558075 119338018 40782329 7549266 872812410 113361527 394234785 75558837 105221982 971409861 748022535 420164175 777406929 905716192 564575676 480288320 778712251 334821557 214821704 611127928 354251959 98743431 973688747 854060593 66123837 54249786 215719491
100
58270853 624377496 436521007 372603100 312879396 782293268 193415089 46653581 412279962 340129166 577885929 113878100 5921447 544779203 84306973 293182693 247063889 433571435 280786674 9356374 199250445 700821197 100848280 873869870 251048270 22888423 534099564 627444293 234799610 246302044 600104992 131778752 830098792 900007944 508174820 854458500 320495196 382987706 137799402 500292572 157424062 160585572 478712017 11863778 70371727 424265141 873701953 665249178 192672346 179719423 997382654 312584390 153615183 517630123 84762513 979180860 503791471 658288605 299688061 844436862 370953215 801657839 559982452 393086592 534963836 408960839 417500637 434852179 761776731 798113224 235335356 157011888 584690677 797282973 599580366 162037801 948609843 221346687 875302523 44382551 940464604 192112229 531633773 314444263 326592415 408387523 541054589 326203342 458092585 553705547 424385010 169101384 161028838 732910358 247992859 407551013 782801837 915671881 218636524 430507034
100
95020725 82716301 222780268 884892284 388040927 745221854 727395234 524809614 380439205 117752445 824720214 352360232 958448113 133721755 517506676 730342955 673902931 532932642 43217926 123223684 711018955 461548085 477281789 220247145 708655262 47250760 959747964 803723525 572289087 601542678 234839080 162910318 797330619 280606225 508942001 225507544 28721686 198555098 898425984 675642482 767429484 225653713 542007540 414291072 171612530 338892287 257941144 806351341 687878607 404087523 867460724 743886501 594395080 558255449 993816465 938569420 528662113 196653072 545570644 620218604 147059543 400099893 804267072 10356514 50070693 363341489 260575737 440373845 12401181 700794690 318342578 42169711 554236145 34720151 324019930 335136848 616933904 181968365 64937700 587384419 21625525 390880572 812686569 455463060 234894130 860698312 994451776 66554009 177210058 26245627 468032487 550536717 170990337 488222810 320018346 869157819 537214217 110220943 106681821 63227335
100
545020173 524689319 376412004 793630106 162377176 94859437 997981626 419262127 759325538 925011568 279826079 549309324 429745973 24470071 456354072 149054186 932862831 958183246 992337953 966126573 42052072 894908508 332810495 159259210 702530382 450643663 731375393 959112027 160241694 979914827 825736777 676650300 652859494 131804231 167096482 899124122 944650466 276475335 513331578 514268702 846875580 274018162 721507468 435209321 555898174 990016578 291160070 105433298 168978461 860264692 327979115 274382960 101404529 824585620 388660192 705471750 653930561 605906975 92693330 5199181 852210773 405849183 866433259 401678571 403679299 862174578 895864605 340305494 282793870 329656273 478543231 415805399 514910364 452229195 986039943 516279041 685094614 21005242 173252047 597958660 771867603 367455153 462517143 842723979 954519960 7720782 971453466 8040790 919057782 707256404 817528810 857053255 605064036 580246859 963342560 652140963 473523612 726225339 181213938 368000840
100
580455063 72504637 746911831 823516936 571863191 307735647 707342228 987316162 487538766 541941578 359504119 504752842 633663081 755051389 731059208 384355490 572321613 56047373 814166493 373405768 541943273 638835299 241352210 221223888 422942276 643582213 741971138 138033110 127392826 690677062 115623914 234037407 208464026 509389508 280387777 156331533 437863654 294153174 884209527 505199620 871617029 941775300 952260981 324307503 720048352 650827968 414743774 418272828 255442696 515514532 804752307 367476954 91745710 839602277 991212349 660200199 438477502 409776081 362689661 816629148 978976604 483593369 881721356 706914011 60511975 291673039 766727701 399244149 335226134 905642279 176471687 454501505 849788638 125688334 572873589 141022468 402210959 648582464 855914488 772371211 473244294 989145169 33093326 329500704 138093014 172220608 368409113 236910539 183475043 673628671 794188545 264374621 678874787 283320226 810271046 586992923 402921572 726714373 522611451 657202261
100
228282502 771226508 817907828 122780587 125269370 836734271 190338139 466466498 87838585 908511159 849976674 772805595 589625386 218397860 901691104 190716234 195484712 965764259 622854071 553902769 44372825 651750130 615332589 438661317 322908143 106698810 492167652 985923245 485571955 701054734 481012392 478829901 720466764 138487103 712197128 140462570 351743551 441178876 974594278 769151431 887514765 215843418 652473204 473679249 393395130 965264645 570834703 62917042 661060803 236973913 48432208 749745860 689556475 895077899 807242147 616085087 563273546 587027841 533284642 352587747 576478394 136580832 91605459 609630184 61886723 932446669 34392879 440495388 582426007 261199347 569032316 275633368 375258663 21722996 248438253 735089275 429200925 929426770 907146937 252306185 46382209 920283972 349307335 222433836 59228034 494089416 651708630 489495812 767790057 792697557 205681658 259944627 443891708 994007697 624918500 818401121 19122226 506604280 190118891 798683876
100
361936158 796261530 634234935 296469213 91481669 646682421 260955315 265767319 523610431 456991259 385439357 356777049 942940035 111321004 828036474 183129752 996167083 572574362 835699995 816573334 669564418 975434842 59387911 904708356 554017125 41933781 789535198 139673784 574637131 871102512 914510600 119744467 468632845 998659963 492946909 973834370 284014109 58198277 18723011 911808949 6634201 676089983 547616342 707173002 35145858 739341637 827918350 544049245 595656141 3602677 508903702 350211230 842429707 126456640 36317138 118748573 148111570 704909029 875662062 192605175 244458128 999088578 607877968 480984132 846158811 642072746 636659600 756770348 426291013 678528672 204510854 666497569 576054960 725357879 664775503 195362702 549620863 206314688 734281133 528880228 855702825 224952058 184126431 754569561 172030149 462941348 585174041 670711250 558654538 370700230 208894422 881877354 125599273 343201049 930761764 738947580 180691783 149251935 443677530 241117236
100
235680531 603715936 203379837 469847957 786805190 857077273 930688727 669164357 94844356 626031662 335846283 969909550 867328531 371700010 79402474 929418923 349910238 881677453 434599579 305552685 887098741 510906555 264893247 877435136 406455017 669014293 959843517 357306128 591133850 31662417 232454625 422184073 663982673 537886055 967864731 232540767 921178137 438548157 851674281 794791035 587042159 475800770 454601485 526889258 869548497 116619123 270279760 933353384 700120362 857883200 357344006 351085347 817169756 345741852 379441354 99937337 820464444 443724295 788758932 125955639 809560271 735405188 650214134 625299725 217937857 379087174 271117546 637864045 897448559 345312736 855022793 126286137 648534222 249812943 560379378 440244216 968863286 156192885 943073640 978003225 48905913 224333071 964840795 438258600 569211247 162941067 736553218 585633927 634336097 597545370 440632479 73952511 869030037 755370506 706572017 404334766 504466896 54624854 106380970 8339740
100
246545733 721059024 5119307 488910311 952691263 403215587 440228409 27048894 608727337 628842825 248708271 774666450 612341527 789936090 622256885 343992597 253717853 404090884 799834478 187157781 879270444 412725566 738101201 586001347 194009691 626938952 80223087 146435593 672427185 932089527 326166192 912849002 671222945 936628946 237034960 611415105 725879687 507039754 78658507 314152880 649213857 398636489 921445789 752400343 337851821 989050458 950952055 131641099 705476823 398786647 662188058 821573745 959420595 498651508 668786411 691428509 798876759 955820016 780707420 589057829 806013830 819486289 498487936 99160997 907245685 805628881 680412448 235082069 226138354 177753258 873226129 528080155 979334837 753883341 589011227 331793320 690317940 542145444 95294580 734840370 306888149 49965683 961481063 194636643 17476816 987698242 643216355 261841846 266983977 37675181 127572286 345095176 169056638 734886368 642472245 103652948 854216117 538912659 690685955 522385971
100
669181753 10015001 235163428 644572349 488986819 64080386 383683291 225560454 542865086 710927189 210418943 521349860 216999606 843246889 125026748 430394123 310549416 374201224 853551027 961184492 24581826 208122160 63945730 768826505 238285887 992571664 475010203 448037673 789877595 337298258 255261722 231126285 110364317 495146003 489797798 444526861 830158187 868997332 569829515 998141637 817404139 913907518 14957698 55057057 142590050 958045230 1363424 540294476 578971483 455506231 814744551 82670012 513331512 899538759 908122797 923183857 264967935 701507093 981814273 825947432 746977710 694549342 58548342 42145933 966363263 917192263 778097156 602944313 303980546 682699467 928953413 672081876 422450168 771519907 595387669 520608635 372222756 90796066 852765850 106079894 72881578 256406367 532058867 894151096 31731110 639322998 741128986 703052350 510496371 159260305 812360647 598017664 347765987 676400585 561262646 130036693 885526317 34133469 919013848 421743508
100
527745573 708260221 948899841 493955886 175827394 240802606 176659062 201412731 239984879 894272248 162794732 70728169 55061244 769905713 979549 899800172 497540180 695884993 160039344 737214300 122458608 604149812 210387765 85872874 818462656 340386426 84850033 15661846 573973560 348871641 251955708 203181265 293304680 115627698 424657768 287046369 255191399 934735448 886252316 662616361 373275972 425809048 348617684 910703846 689294178 994102925 962906901 98610967 870913728 922948926 878925450 676461015 294594415 80424298 769308202 344653538 95443843 318166917 813833686 241435336 479216943 328185469 757506351 530446065 519202875 992858179 257628519 125451795 725097954 833613628 486315565 914513175 899897093 685035661 11034460 597948892 954076318 378389949 283917505 453127742 564142578 561509033 147495003 843314457 408612878 479187787 25233435 475059027 714458742 518406581 72498756 906608082 549045890 173397995 420314078 367067440 604549944 661130845 297007404 98995532
100
928639523 909097062 961069339 277831925 811175008 646670762 453184703 389346005 910507774 661646919 169270923 42629408 662570108 544236091 20188141 389983320 248192285 61050725 644203846 349053344 163483236 118480023 870357187 390963132 722063443 279852514 662525020 288949062 803067620 433265829 821560760 371936594 23042747 610738911 415864831 433961679 76091375 579314634 483298577 879791908 779712158 722827366 36391321 672975398 399752218 610584355 242201630 411918974 416046322 115296915 452091933 132617399 362520744 284287661 742853132 961073782 887603616 720863448 40933174 923920302 629382346 890356939 518065288 817868955 949193123 886044924 66830463 990826788 385095821 456696234 331121483 206322401 561924288 488089971 683989646 477136761 752136898 693277497 240537071 374227672 847641407 765484547 350641439 60520400 624841183 240522497 523089453 826726524 316155562 885333357 247007431 857863762 37408490 500657084 966740707 433569854 792158000 306108566 5180632 534465640
100
357775401 243541544 891730790 647614005 77254620 74891909 598924843 213713370 952029269 815077327 439805133 794926944 524314940 411557579 750139592 313536303 978777866 598034665 349990010 559945172 16149064 577678744 956594875 273371662 42394199 354559183 580774976 449691098 590697314 14423375 966458714 951978808 20559878 316306153 101179961 577022011 224491096 529017557 708649700 404732268 418395752 574928176 298824340 711956726 982939517 562827614 423311946 421536928 977256795 823183107 438895150 627228448 427951377 646221294 133075821 344172276 376123319 785577279 539554367 494007030 635222478 394416963 790803766 376839265 493081910 880871966 168854329 282713576 21782405 275978045 550486282 793519339 6264451 185315976 937165567 503420074 532715729 164657304 902102471 183501639 20336657 738108566 949018894 780335357 13015858 578453842 619298688 22895740 603475586 162808160 202669686 176242781 202520746 271617353 231099205 911699430 713680954 821868530 369769955 703783735
100
588023785 326198407 708439956 105496409 169533883 543848665 284569341 179864200 587457216 635970328 715088724 251020391 561803497 283285823 744424587 269161765 785228126 546761444 223734909 797290735 966648168 143435001 963539959 957477112 715555901 711412760 314863750 228100874 83867024 556213009 159953099 79649547 359568711 926999684 853478786 856242283 129057311 3009387 577925821 790875106 505152644 843775694 471401637 684491548 321287369 55774502 147897836 908578206 786233299 908211620 156989112 137220834 650342288 759541365 396604499 781815569 929706763 979643002 413881537 783516647 645388103 765305081 105201743 140957211 52961374 861549759 633218532 111271006 582106559 948759479 325692600 172577649 98039164 490605916 968067836 1515770 162836519 900251560 264365866 531911716 408709591 290805716 766648780 157760776 675340882 62341703 919872419 713139030 725984602 230301498 186879915 889826553 128822686 728935762 288380622 480670592 285014625 736360873 71103449 359616537
100
366658370 374729869 332085595 595745676 689576297 650304562 432306052 61872859 991637525 319121396 152855966 711519851 200335548 755582279 650459719 948089756 710039121 867135847 83270073 427145182 662639779 222656188 138507625 746561857 378892670 586768981 834992531 958841837 337676417 181111371 643253816 157056730 720154008 998232859 616045165 495280623 203078251 646834030 590605069 766296756 555204082 627565504 217622427 486224967 804571979 687605696 442351217 199001865 1356878 959769520 591344519 511084810 988880489 659254390 709272406 510575263 118590096 109092161 345464954 111034319 604455358 55375355 427374385 212960006 841419240 244466734 943031935 619574472 247066248 895015561 286844474 58686750 334583798 751370451 739007 571861367 251113624 760383109 259526134 912572541 200959021 852310175 966331773 42229685 776642151 264877723 349556949 755931000 634416390 427611718 23921313 331230009 579740717 313148791 195553188 879367432 780158589 105301073 840111087 292411667
100
42763690 371582150 53973590 216651403 128678825 336686734 723954042 964595857 349207760 992710894 986216384 986708520 576258377 524621247 822101171 314434421 183211903 684855097 164369035 182474549 362814290 310486286 778654622 848135344 792792089 978881989 5492021 674004559 98623327 20807250 174565558 774268292 636273968 556937004 973968212 200602067 742565449 962120620 946858691 138208589 337678413 991420892 349844627 274863836 860540072 588167855 708948475 21826350 561837162 633034634 648153130 261305671 604848048 75656831 600909084 328432234 656130402 969633792 671085985 955170826 261184692 400857722 781736917 526948066 760093863 738900015 75376506 717955632 506349467 832810307 591557743 987168736 341884721 402550912 850030919 488965424 693815350 393251449 222539050 678087659 64976717 428677183 695157700 490061639 429551379 543122225 802845670 848290276 35093284 691109291 613831002 990050300 100561108 194735333 22837933 788989921 744696380 172553768 38581254 881517566
100
487651316 716012652 88762383 833294790 48792936 190391489 104488859 862641659 425771406 204018091 689373272 205548891 34874737 322921202 456580863 752823358 346784805 506839669 372286471 731133186 307266757 67279796 245028549 367180946 788360240 625783284 463773020 903197314 142933611 875696909 405838421 276035881 409902499 181451388 457033014 806501516 180575159 315305647 271994041 700531726 570567902 388701346 559995847 405898852 662368338 167525016 841262043 26779546 90643304 241730268 671961993 746936101 971862666 829147913 951566111 686673789 378875289 399672563 380199372 427611564 812577954 464637566 850576276 378836533 254591268 283082623 417866432 883901572 370615069 412348282 83577381 847165850 802194175 820583967 986547629 104643711 655452610 76436095 515084077 624447897 870358924 318600859 259983789 284498234 114014907 241760289 440217554 28082845 505680830 261125070 953903699 459052791 995985912 824778611 21514123 376333434 332586499 732877961 97698492 655536246
100
334994748 596330224 400303661 288534620 751721386 156084784 345669222 786849674 541060998 138501068 162261672 237208690 147945585 604204945 843773111 325854614 638095525 600625804 188054204 31461004 73191589 703408447 584841205 281606934 852835372 23285725 717477650 940872491 592759055 990664989 771997271 388307063 885290955 252591938 607914900 523405839 527106598 540743472 458582162 468815872 880540325 441289692 314187587 530695187 265520512 228505403 329767931 333374079 402177461 783628705 395289539 764505829 589619822 627551951 576388129 312284377 894685272 578230152 730087526 349000658 884695015 71481892 798749850 355661320 497812823 110777742 564008659 65472117 250145717 263362487 915084768 96544336 771014381 897408130 445586929 20824418 469174137 65159091 267229165 728441068 896348348 974851813 769518047 780165567 502524024 909983024 382557500 557068398 89417721 303165139 251436491 274397327 127406061 565379764 376059509 399178056 752817103 776508354 918343545 977323250
100
803807860 630849725 641840057 91528218 731567986 534807932 108824377 159599093 608566167 876391783 647364255 31596378 119830284 662449747 830298816 905642193 30768240 779993921 157406075 534996797 812871927 216811605 393458173 255836913 658984633 330590557 187714690 315225324 470136663 781974742 269177100 327940102 475530518 102696621 260424562 707963872 903985250 118916194 959971828 354568871 593249289 540950611 602486740 511802027 534564849 863730438 155283479 909603549 779824990 953506027 198727053 706977066 237753504 560096532 862971844 405436628 175127684 749937576 567646345 680372472 878900410 895679304 658675039 581820779 4692574 115868537 685660626 672346228 839287979 205852480 455196685 444534921 179203429 735905135 247688545 587147530 579648782 403975012 892094660 305246659 146152422 640985844 317943502 591336840 932081067 331031957 861953250 959320386 298923744 662145582 921614589 404289350 450679606 15804847 749717412 823294692 362631584 163756943 354641413 608676910
100
62675842 803478558 568374084 477312675 874368332 353906397 634362558 805893694 836657072 850635366 751157000 611645969 731280921 988625423 994113590 923378816 659960851 50015439 392938891 723855104 822298752 659647272 506308576 491143077 179771546 801427707 90941435 997914969 882439378 257340665 370116649 766733474 535959641 506660799 939968623 752622590 720817549 288645513 161385166 109370669 540271738 738240624 919973383 732514204 170086369 433700243 152352825 485522410 77956349 479212745 527338776 237828306 856782806 940330992 234413212 172166187 715375811 53636262 686605772 428180513 313786188 66372977 618045528 496059457 422117304 677839352 457497844 60834409 730106433 456190163 348299256 226581505 169736796 803010968 526033856 448456304 996837203 913926706 942301619 978360301 526129102 828614673 114664918 665730496 672567766 46689849 125557202 437308631 324344795 830053905 797100410 392698311 963378744 252059262 824284617 570640011 877835301 29654340 51631151 102937298
100
526902876 134751285 84529551 561690074 245929495 599754879 453135243 355764675 5112016 216003077 917221854 522521285 451337277 230512633 452219931 41998977 35131768 706348054 383697608 654107178 254187989 576143094 619482625 599464839 401280295 150368279 759691423 391409494 484715650 285794314 129024484 398034632 353457780 36992381 238319466 648926935 153260651 305896445 274306271 517391151 937276344 550044128 968788583 820901185 378530851 928520859 440485279 623288519 22230313 688202453 181445748 214704271 982243125 457541001 600991245 902095886 826276989 847266376 713435004 985693284 918207476 575764858 634541526 384818797 820101269 199711259 631071784 406373822 693820543 86914120 722748645 727967738 284245820 57951355 711653875 982654736 38963191 782149282 982000105 681895447 746334852 375900904 556819858 361127844 434791241 974707342 639693536 838865559 122048267 764350596 632212617 913712924 948611417 605761988 521976941 108710417 428061785 233874002 131493735 58363902
100
136255475 913436918 45533104 990205002 242773577 729652043 99949528 29285943 211607743 426323487 669834461 554854840 497978387 981765730 212527213 838875971 906864960 669712769 98708061 508389212 158754651 603508378 205586682 608139824 957882239 762784954 83214268 539518203 620155405 100778147 351147258 472688752 978857895 485790460 406459135 84966193 864140348 936000670 436569534 591689773 27804859 645277308 202095149 963693977 683693068 57953024 427341756 823199913 283636419 91693723 776111418 629715683 151978770 742489561 48149040 59362936 767914927 473760310 593925674 998844099 51146221 349088048 813630414 687598287 897734511 732359152 865872063 796983406 270531549 19988777 973257665 20508103 574425923 476474388 360440948 977428307 555497107 89062963 248055677 382302168 809736512 433585761 683263906 93992583 41663387 108072911 251897473 377899126 811977260 765810890 828064696 781380349 280387315 469606101 773438508 880049993 702418790 92021799 841529134 375418287
100
747613956 670797234 937952882 957819812 706550042 814113376 871387632 63762166 852487118 867285172 589743637 939794469 291065379 801411067 276516924 929269089 788635235 524458481 153710858 932714017 725905453 524382616 772644734 634631965 540087778 200357660 394135108 932502938 158944424 838750992 262548295 400651898 248116999 584356609 437537417 205532180 74993628 534217346 580682201 684612217 446103172 10057885 597997317 975281068 119351569 748521216 893507185 26986326 551758390 87268242 275768613 897477504 906051298 234081372 70632666 348514692 893006631 459577147 916371169 439468361 224180620 175681617 636167289 623617538 876352110 664572656 75848193 216833559 498325381 410503725 99332661 491392212 94785638 515333670 689071843 782988706 954616777 452634972 580772961 406576671 874321511 605156519 613162029 942720525 869008695 96253891 340550288 24871291 338094170 842060758 793122834 550185037 841701431 31573074 644220588 753338873 955632081 759638572 141120108 830382978
100
340787553 827968519 809535783 299030568 168246846 583333875 886088020 526482644 371160406 388435109 165693821 141481888 364350864 682915496 78962699 419764060 755120173 104743185 318858727 712123390 900407410 34652109 833173016 729861174 894189874 574806337 447407493 26014828 455069243 102820698 545277755 248785918 461069957 712084820 252690058 813229514 403537572 313260420 285149860 884369387 851717712 464243164 16455239 201514705 473261275 422127620 537486264 760126370 551837952 513732589 362018955 128734971 261227218 435355936 855951364 861460545 391983680 421115841 601219990 515761173 406459371 540467214 832141259 143404531 371960856 889043323 884504649 128457248 932280300 252383609 781098166 368649683 470287098 25161339 686314573 111211382 532409341 237917735 436206092 353183645 81018213 922429098 682544357 562009188 273144018 660103815 27746448 625658783 507115581 788583345 63849434 572694027 996404460 29035946 241797545 598141635 16335515 710598381 436387080 403327255
100
270128051 47495032 208249106 117890200 112813331 332564651 685465518 81061077 885935467 813451681 495689332 393637757 487461476 193089636 449105053 549638595 710796378 364035556 349927442 113771733 681363693 625759404 531084466 713690374 772931098 954468738 557864833 550693230 820434110 870806356 910360336 298816821 374189404 592821435 782893267 638706654 50020120 411726823 920905034 215802056 219782989 993176735 295189981 591419318 708160365 936803069 421566786 354528447 846752112 664085566 937812055 782778228 471489365 45685339 439811240 872240745 254586537 303564138 685765245 390778677 289281923 497797966 126576302 425011977 109023665 361360696 642130899 789376439 663330830 482561109 852378134 904205726 324471563 234045546 835671966 865223869 502096502 941693118 85471055 905678612 992810653 34760477 101509603 350647715 387449597 568111397 741741965 761377130 855928469 650430684 575509118 708073840 882133260 580037887 222521094 482575071 645315664 309994338 881096743 211722923
100
449547526 104162283 835929468 240125567 651512722 164427560 281504760 395689769 29439664 706109400 154957127 540065384 500062717 169554028 468043692 812216924 529739739 111805327 484746694 816575475 756266813 456503564 230665422 585211772 608578904 753694602 364232552 10332807 214348940 397856110 841301607 728771073 17587042 291542659 712313180 238336067 93105349 830821435 285099161 105284724 355071247 186410283 703485741 513918505 781373656 132128725 753008377 756273974 46554720 165335072 682376648 813053512 554822944 48295631 354732424 903360669 578906308 775016354 752758441 69748319 839413560 41035044 488668232 107157372 952219439 10414771 584797015 689641163 281955870 888730265 638782948 903578555 328350304 731504967 183172938 799085810 747569711 347808679 300936050 881110731 264491455 836880897 46588341 345655238 153111238 938321008 656674077 58131292 501975168 331405383 696942174 402507606 565881762 573493477 223051455 495855986 958741981 821310104 286654890 347070784
100
339924739 757778811 957380532 268920545 216529941 73343721 244429449 147691140 378836817 577347054 918817812 214390626 994946737 965416186 89706068 481775393 833413946 355739901 180227563 560674798 544085884 449391822 288154159 656453468 175911632 208575651 804368343 526231219 582912484 229793222 322877275 121708045 98944976 645365514 757708589 989740098 668391480 37322312 520813955 141972748 547254341 592872988 712792597 660150413 97672654 116367252 383575587 352842599 444488377 403906233 319306298 824902848 427897726 59228858 921467227 230934139 731161895 165967895 846325101 492100383 62352959 540572636 684014983 447322416 146132394 433809007 709657972 641509081 679221146 10466948 603866473 330067969 570850096 245091464 848621664 408118780 330277474 458819997 845870513 847810885 282861580 957209742 845597868 937563617 814056893 563836175 365217419 988131997 267313223 39995370 801722833 820763224 254853141 198884666 303831237 47520134 535859741 467042809 747061283 180247066
100
975832162 525759993 757980110 783928596 250188481 286966462 428357028 832418233 466011094 463746971 140082302 376094291 422398416 840295919 58182171 136922168 8695689 657884353 400437886 256820687 257965251 584827569 781378944 417601576 791257812 91013739 282208299 163695055 939296705 643818722 32200984 854696560 569311727 700225662 203921010 914932421 893820631 80444596 455267747 690648329 613762847 931102598 573732978 757329888 362402089 607244138 670529561 744161634 549534799 700009297 434490372 148253153 855665825 544915557 666380289 775146887 745292082 716146936 885806489 14244167 236666514 618960758 828111495 634595793 146983970 344642784 92688864 211610322 968779354 482409939 362877441 885977301 862949836 512405620 902451193 468789222 142596589 673877394 787986373 825074104 218884232 146661837 802761698 59239561 310891002 335100839 243813648 867423689 804097154 148037607 170551851 716369469 122039761 238298983 604128663 783045108 63635122 275296645 39745974 252250697
100
578247713 395233423 913114560 906055365 36311437 859453733 195110365 574425607 599940550 907197064 214878394 438755583 535334773 778432699 950544373 459978148 952712148 962035981 407941242 421890685 561307808 285114334 560246763 153563831 751062040 172268934 568868203 896365472 542262594 538845292 651749807 851840732 176399474 705342322 123731086 270660026 759632560 157897014 277824963 169260802 720998080 347554668 713006464 938842616 255528990 744720337 519755307 559686214 823828467 298710139 794659978 785996957 516762911 769688830 415324408 66468287 837331001 46856188 776160992 497812351 395911450 661109740 661429168 414118574 297925417 52731092 200668105 895590248 495966723 680548731 554656909 998941609 331389456 134121969 944921718 77263259 629416305 388081101 643715601 687453122 979669658 618391572 53354435 499275214 121112537 261766062 576185848 39639498 2268448 527126388 311830770 713162322 231268699 582191841 156607576 887730823 296745098 789565411 463363653 649927333
100
322089275 966698772 893806882 654039778 743605565 142396038 590631168 607385046 473919428 260464848 200460193 893184689 895437038 807238693 539288526 622225910 344540776 581092796 335682523 503230895 59003406 33499546 744329861 365264076 323550159 128367460 229918346 222814070 144529673 721638975 330804102 742459363 786835314 75413290 518531782 449785432 80034695 165199736 351475071 74187006 273985997 478181153 688577742 709019788 203162684 871576364 349250878 514705808 316329100 502202393 80191403 340419846 600454601 948121166 425403624 256953151 418849717 852371134 449143133 170381840 677207345 193055977 910339023 776438495 334566166 148677769 39196020 944067337 545514156 995334978 627411269 495676715 23655996 558184748 330959431 3822548 580100204 646177830 335848301 119742210 179344206 799936840 134394602 257003392 699344764 365192310 295594334 676208588 407026084 457264859 21863113 982584619 483495892 773196182 69392695 935217735 283770907 304545008 559110291 695402708
100
131997426 501174753 486466967 924354305 705115283 517172585 126350064 75367678 562157862 320212320 61772352 566418694 510696321 560106031 616618609 234772786 390180029 598570901 532453353 174321493 840172463 647421079 17428610 128791555 392498369 448674115 461125965 922304465 834957299 644529566 769463448 836992936 551572539 948630975 238192388 439506410 229346617 962563775 681080582 513017540 960139296 873673798 986790582 193354722 647962324 194265727 666705930 994776107 283748155 859727696 491451802 874089146 6277429 208177063 572585483 264690617 137920894 563563291 879298458 906342543 911024834 469729321 588754807 505818885 622054691 762404708 429789279 652739593 167922399 962152453 746638840 848036884 71531761 374771856 402532036 551946572 289746146 813273979 469273890 157543408 189590980 164230578 956297799 630317221 597155919 795801273 39533667 469940351 191865272 217700831 698856704 764453090 146045909 486028585 543600969 829939903 562608247 499711011 892635702 573889315
100
734580862 121489800 349610465 154939154 940204286 982282386 718542302 504641601 829029257 80290866 354690371 993639885 19556908 594765101 209025127 900384278 999310653 607284136 918690310 845072460 381127851 762118569 420864963 902834377 7906123 342279350 622882506 350528456 567091671 790971917 355963067 576328379 485195436 492101021 339814436 514622268 305321057 231431348 57129352 238649910 306682 23596982 719879806 920013872 144892483 514947495 406269289 202828387 656227787 203655789 870608588 792738349 211685967 992223477 414482919 448155534 265507275 409187617 58784064 238613997 485819363 300173511 189491427 209396657 732617676 131965527 834972118 33141084 298909917 121852882 849700074 72912047 179439925 295441938 418923886 933246483 868221121 838444654 582089309 456818276 462232072 672008572 86688734 626927504 457592567 839093484 873032614 322204995 296665232 918220485 249931316 109815079 908443716 947207402 208832751 870940619 552898207 216117531 225285993 898951863
100
723519428 984762206 154149114 901196842 251103461 641043506 368583950 370728115 725264022 400291797 428618045 478021643 596110461 846244164 528791476 321747575 827230033 874662924 215618271 179422130 32263230 509326000 345957701 502153863 623693436 675093302 8992406 366913316 562528991 343372843 681829189 95633181 499130066 78456578 248650924 638079041 630773570 177012199 337644597 970202386 184070725 597415568 301054868 339288230 858426034 893447156 193347834 793620121 881139063 630542254 313118657 39494408 863453676 413055623 467250938 361660836 906233437 145920609 470951617 879578735 300950082 433841611 790864375 938732199 818001922 688526330 497052358 441049670 230090531 787095982 706313253 660789534 864851433 776410887 958959456 684463133 331890523 526734099 824746939 705069816 526903979 20959061 140115220 67100345 338489790 232079301 93239818 429108853 635938978 735061109 923633406 12034007 151962491 828011954 935862958 820485657 47746028 373635010 896448334 488354823
100
156290391 477549243 432744035 892845506 410596886 733373298 284962496 123210803 134005328 402741750 313836105 816811091 459462715 419362004 503521651 337074432 565295277 361995441 642596497 566685478 895084805 789310902 782956410 435972258 441748833 937100980 864642360 334626199 518096267 736604699 975849869 786236803 513073099 249822023 109716874 520080869 383451955 358354109 615554857 498075508 738373711 8008551 273267436 250968245 820333126 479004131 845167267 751749979 679783245 844128762 792032501 229361198 74714881 595861325 579221048 114325914 661802592 781495678 728471041 936433696 563850641 801785922 278009314 76836044 716471703 10520110 458638970 821645141 936467295 79386639 479231742 818135534 719468233 495227577 131796735 334162214 236650868 253947683 926825975 501624576 348620880 703363492 572072515 743230847 805641868 343272491 14654734 246160806 7278185 84627748 431850432 973108151 638487080 746526471 423051297 816306466 164926524 683659694 116143149 818703417
100
834821216 232241867 546623911 816269361 892886183 433108022 691705448 565840500 13748892 888469092 611965473 872448721 28271571 572964494 733462556 629634295 930065535 865649663 712111236 738035707 819450468 273357673 155146222 515391297 140270515 89709626 297368990 120039053 722659061 415045113 810304288 337558819 384815613 890715722 359216717 446542686 428985844 56719448 911193615 367455853 287486733 783427886 31017597 549330898 314177124 806164793 551746369 767847320 365732570 229089030 325128861 274394595 364921675 659507661 267293746 741396872 453322480 150143275 249264868 400772042 800257126 69251555 627942415 703995987 210937430 875831307 417117922 740514339 363351381 278127413 379575413 89656271 328831936 654684693 397510067 494036623 761346562 428622851 651111404 216745772 134641236 101194260 975505181 837422301 961690774 901488036 531730747 543710179 22205185 543354175 482871292 643680816 145787094 593901693 508667421 498555974 378525005 373619920 855888526 448642714
100
598623495 481961759 394121519 76052167 114050654 62498562 334628774 394327172 82594097 396673293 112868863 899780798 127938298 77768484 988605796 749834397 999738852 977574649 390737227 459063002 650183709 917244833 965821180 323753263 148754652 535289482 442939364 39819446 968808299 571930701 353508166 944640344 854069165 985032594 5157725 375728798 534518102 402693147 215430636 673638266 186049690 504805127 968585927 563424955 147467164 807922115 152337021 667569203 3096871 785558256 958252459 491246639 121023044 696487640 117158049 755710088 110665740 144685250 906548266 964006874 667038844 249133405 62249566 300735178 909510427 231159583 777293842 66963467 929234713 206154131 82764407 405660250 779722578 11669536 70350281 14908437 447795585 555056643 120403815 479541192 745777118 562419376 528607225 173444268 422963278 308352124 20464674 934714324 671737124 388666498 257265916 623259142 503655547 583489838 43959585 927205798 54940772 258448715 863137323 646967209
100
12103052 79949784 442059213 546020251 656513575 414153683 747526595 306319947 418820804 138289401 140246295 264601179 966430175 623143659 887656346 471176776 412762459 229548454 631214844 137155501 979669622 210710794 187207027 980879973 652918933 129950864 895054398 132014640 419922142 745029158 866124828 632753130 439302197 701245392 449496001 465089106 792220417 410068034 628150497 596116632 408015699 208838385 212890760 739300627 965291039 18670481 732766527 760628129 15672817 175298366 340468074 139370010 536154346 754037609 847391836 825815027 335307723 722870622 186870221 784420190 995107087 465492732 230711601 583895254 998239346 759581712 876012812 745273318 524764484 340627220 342835314 731082385 112605561 828501982 807609958 533562393 207732106 684474001 50748900 919997540 517798880 365956126 584656843 259703171 684333350 557223063 778480126 790904682 651261074 37994331 708950691 284659056 4443469 749723310 454480607 341716287 89852925 718310030 972510242 907075401
100
656190024 47279968 475437335 605244241 917444142 625434095 923483117 799182219 956866800 190813899 247387416 839970050 199322572 446219085 297244008 70725674 316934257 283650350 360180157 961920949 249100550 350610250 972562219 675757624 170936120 914098985 340650626 98556439 218426956 964468704 526874380 643768098 408896561 817785048 718044439 413702772 303394707 836538114 792940933 117955908 804570685 556055399 749920328 887220670 505204244 990973888 735804577 447429758 831722221 628051291 920220999 586945990 871619450 282968684 923000589 10210751 249398687 993876251 778552131 988237456 865660619 853370337 132957535 554336473 64810585 108391167 806516043 991825078 637274086 125644524 547392270 396239461 771125908 393505766 87598004 199727286 348379360 625213084 500246198 330091173 602304899 290272343 330137532 504537148 986060856 491397900 799938773 926026286 96221555 54457937 14444740 523134574 716399122 23479970 975139713 757819914 891361171 814257189 929798997 76739719
100
728153907 457307899 985253138 10982713 355977472 384580830 412541857 368472857 778502141 268086531 539924323 329752998 335820800 585455665 795021339 134438257 859689959 824000681 505609094 49411768 862967938 18351269 586635730 19782705 570033587 426359323 365201345 516779531 271106705 75745575 1137651 64094655 665889385 759847604 312181453 417234587 267718054 729127146 403056550 225191111 468124424 419164131 368627434 689862132 2055460 808261476 32879448 781124242 488708599 64587251 5423732 953112662 184672821 42015904 130834478 965081005 346262089 662243696 855318484 164252684 671359447 324143694 256810348 971208151 237542682 79487710 641865279 519172712 901756529 955253074 961201706 700160373 632702717 872282776 97494720 511399342 708432863 309384835 308136088 974257705 962756638 627978586 104508602 482145560 530461986 552272378 921480554 824802715 425962751 96698290 616894763 978058532 578493105 719067367 856807061 659681764 772762033 470385856 981148646 242958449
100
667756165 330680901 757404244 740751730 818328117 228694103 132187074 592246467 54777621 617971418 649832825 125223254 576702418 558863513 667593169 317944353 63401479 698411952 66879158 569330382 796379776 222693148 919701521 983944691 416410566 14312782 995807872 357126582 301182608 997135846 60740195 180800277 373820811 830368656 882915393 898369163 924037217 243001134 237770877 891621962 387214121 141150795 71973512 274365384 360150922 963391062 579000001 440015409 655010348 617703497 17803343 382346814 567930955 271172612 47541091 933919572 15305829 191600038 285363792 613656150 10199480 48024183 27048168 236893517 980332668 575385634 522632105 725766555 50814958 270676666 612963926 411172195 740447425 594010117 946136562 521408444 427442595 601564072 258051850 507950902 870240605 967788904 927492670 720574698 430785578 151987735 465062175 445333116 171971161 342554946 194499374 170198268 596423882 657008159 608036992 624202311 295818986 657541369 64405283 619855914
100
330862370 902087174 811652285 111345800 879828977 683095841 273727552 475550877 232637748 120551951 921566873 809845604 387072044 347938642 553125136 562743193 758713751 748139127 712985956 259121374 678792726 223637983 519879960 717677579 174616680 827307950 833259875 28647586 475841287 311407229 870545395 637102343 462181836 617714043 809884897 785000300 230798279 247641268 635287840 597688003 947323412 872474484 373429614 643641868 205784885 29296975 744916118 39390263 881997939 75082504 851239514 73175962 502921702 313062061 833296617 734119286 23425266 356040195 980564990 672171509 503132806 563943323 918438284 484420357 256682426 653137005 12736156 338029990 449549616 567348264 816495029 1655899 287172901 915330506 784188699 825199671 759481516 570099066 454861165 486445269 911353466 36352767 392792824 544129328 213969219 110505186 350900881 404565332 193795540 179392478 683247271 275887339 797818164 607248109 709103903 663225190 881916179 590176856 417184993 229341184
100
343207868 37265681 345250661 101458213 143638375 618022377 909921029 975912126 989927946 306427484 356067352 719741345 993510091 861094877 344128663 739372340 766371180 676096420 74960797 366801702 652044731 984260738 228965872 452361949 180463524 844703437 946691029 625693152 763549846 49166544 393027669 109295421 612438620 68811384 617545574 47658191 969623806 60303899 943900196 581099770 185750677 855801329 762584199 50978839 995278324 120783185 620902899 657066835 518556564 817392012 594332173 689904455 795491889 457683667 379499630 940957359 126476496 424157264 417944003 193527719 955585227 673536500 386600330 943499326 598768916 39644034 672155732 307951532 413671184 801414787 406934732 846881749 102802618 790498755 489223661 668993854 195439323 854564765 599334714 966702158 502596666 792203203 534500728 510825681 266122832 155700598 696899119 386434307 818713198 96049675 808870813 834298360 740496173 83096467 674910249 238168855 314275171 311684258 919727037 573561759
100
331889087 773524073 943902663 73121363 981788762 47386240 130178405 349445757 322588090 268662578 745434233 694701766 172871433 175912136 971220921 25666545 858547945 155427402 463379607 255798781 362876911 701190730 616776386 290468917 122138200 240940957 668269545 203958083 405830451 908065597 922110128 911425346 929264181 8881203 877903203 143188799 379697584 574439326 694483125 818194960 619986232 427627641 958285611 598366015 57446590 288601170 582402750 735908753 4924941 694072753 756904386 199803696 599851704 280210832 297868233 260149718 152533920 662895310 67172251 304896391 441970718 169684094 723628659 821572560 409481598 63124830 127648275 694309329 693479302 968861898 84866936 584500216 123270220 712185880 62808141 908164586 560162452 656792699 606282866 850868979 470277737 998953596 201442538 880399293 735072697 428255440 428241755 464473101 251285638 671165543 430649770 540087988 588027380 173819501 686322701 607182391 994548909 820676945 501112733 330231299
100
308065311 691796421 214320399 309451033 48336037 684835811 400233089 799220101 927065645 407469261 939689158 507672369 387461576 590076672 122575257 111591646 717776369 237567174 515177734 632060019 899199689 646956416 20873067 373939747 58992555 304336053 33575898 153211852 585260723 588244656 527673948 474447579 459852915 48052900 675493365 237721346 85899857 82515705 676037007 905067117 864993432 177700184 148179847 115125996 743691685 682436233 997413581 830879426 808793180 753880059 600231524 998469006 362524388 137189791 200696840 531701664 684608107 887677312 993868166 54054355 650050438 816245503 39898468 323134902 487902328 486543237 474681703 88749056 178092005 457829638 519911035 333061758 911794961 658377526 909200256 903900155 300896730 861820801 962982172 627148949 458156594 63991715 735545316 452860512 496453774 18806404 728579758 630987751 591083486 47728050 42347099 761252246 25853812 461192827 414219764 600280786 652602234 624547160 831868066 779833800
100
867855240 113609012 629909772 453634459 459444959 488464264 672106852 386989567 43847476 900148969 798016101 620356785 528712653 391538757 823408982 104775725 379119396 886381996 751174043 104961146 503090147 159652632 363106171 749247169 902712934 171575257 239211641 698963791 788879875 680421650 531415581 873238462 643752795 83493183 92460954 679987559 702182617 287014917 355714575 5689841 12289121 131266709 175506219 721992416 816647408 263383622 481529529 45808510 553803906 602017192 533707444 972863116 808341798 867522109 285155388 784639230 382764704 22717210 880593180 764120184 810009964 85744761 542460217 820268243 879493789 262990846 494842932 198066638 365170116 596217129 920037552 404862761 482542457 171452765 864168134 587051567 631747663 89596657 555160353 97880873 53220991 855464211 580393670 509887964 358210813 56295292 812312688 307293225 918385676 42475109 187316781 234781569 477237533 941810253 165134814 854595588 397721550 272494226 138709824 848363813
100
632675096 722125926 778462822 253792956 866856492 806758976 99579509 448322508 101829165 297919999 774520918 251086446 794538084 775787841 762742510 111175188 977512717 11833109 380064122 862097833 70907189 747612475 344938918 699410451 970901514 861812157 762845107 2063239 943780388 969681968 91660827 930150429 508585125 108727896 698154359 684907730 902010357 529290811 771146858 675157233 961896678 275937064 496125534 199650227 59962938 495376547 424929228 26725056 606106520 911746695 693282158 85311111 212811930 806064361 593252075 315204795 840806316 713899414 732082129 496669297 92297768 353838145 301941653 210664636 204412602 982280380 170096291 808386130 609964948 874374137 966484638 821446116 892139418 533501618 382208305 236409383 979734652 266298366 401300043 106139787 492303650 980986967 855250654 463898139 493105677 823137382 764486517 747555662 392043687 892322552 927184370 307267855 69000741 22522437 178426354 237755401 795829389 326278976 985573526 268988364
100
575377641 716991477 219317537 849267588 881855493 61401423 353376370 589296862 70943593 756023045 759488719 2982538 763149035 934310381 867206060 143749641 820434777 138070657 945753428 157535395 68627530 11227949 697311954 918465212 253619168 959419339 781828864 944493071 879016066 721753187 254266369 296277638 692516862 695021025 171861366 104360025 530512986 507719797 97530148 49980081 619120896 382260013 554657333 100271317 947293583 130414747 423066047 67735077 465362939 716314364 972107716 860997934 435756405 527143278 637331719 13594972 259144365 441166946 174030086 446413513 964415955 661490271 388986243 886061333 571280518 824414355 546606754 328890377 214914061 807380835 708883037 169982400 169250333 464847960 99337717 718637593 845202041 948265481 383549890 697961942 75204668 228404679 580815515 944162679 298875565 839037749 153832513 893975930 871925138 839710663 730405907 789526791 455695474 236714439 713151655 491467906 665214802 608752526 82462151 242578757
100
64104352 637364644 960551576 949708009 711734150 674418313 886646684 897479605 331078049 47280550 667771211 532318788 8137975 980949616 417691281 989115761 14105930 403931516 387342612 354370996 880940426 199200210 779431760 438374248 197996353 546033812 221896165 164182191 404840599 962940349 866729555 319201969 939358159 91919952 294139188 161344780 360639789 334484701 392899603 218259528 596427824 888638353 210487093 525444241 13135083 990736891 555665500 51533276 437974871 968568831 687159220 670364736 902741917 563428356 454326459 745368739 844824654 401240665 812813821 360874597 769784880 493417121 614891144 327844755 383780747 487176275 640947349 357678042 529837081 13674795 586514388 49418351 903807474 539430640 245605834 402688520 354980543 256695692 131014488 258996948 151091008 911866673 928577877 129774465 247658269 541140089 26009638 509596302 919579861 978777827 658301293 643345177 980173078 166381154 634465004 306762849 733663742 400201488 25520964 722688671
100
353680874 205675375 462881388 337838530 622773993 546973292 576920651 494040661 116480669 837453869 836151920 73831229 594093016 814733733 309679226 32095028 967778771 864987502 632434832 759637537 556908419 640524690 381980279 191922486 491546427 566041549 964013635 367570538 512952447 265449276 211708512 500705413 13829578 744667460 14982337 426641355 857200689 189585065 912958866 901683270 997732362 3724358 206364975 709804289 740915993 80196362 586557242 215440758 918098705 168426219 784618897 239539402 574166952 6146682 760013405 11122652 739146340 553131345 444966269 785531902 914632103 91869972 36908816 463810305 858757940 485050257 85725008 196412462 79843265 565134478 225736291 295038225 574381842 816155092 990528334 700594004 845700551 198658585 815232017 787711466 124809258 571815931 730371448 349890173 981138683 877906495 511830168 759309539 838541589 852997185 238338193 569074555 732336882 130336899 497858843 26947803 81813868 172274484 980628498 938843371
100
495818297 760199773 151563096 691484904 318523456 928064198 792896324 37649023 710294337 647164575 812467404 663518395 662549039 865097872 723107918 435840527 950208160 160722497 466490383 733956115 334273392 496468105 348471528 831338657 997974432 980719154 922211322 827580348 495045346 537005597 783895570 777196203 690252015 648548219 315720544 908740177 139114966 691495346 85151899 335371410 809583522 929568626 722548889 39510463 132683995 607372862 658362446 770946665 354165813 804046568 778748124 700267044 83139420 160092951 878462252 203243692 399087675 358084083 844940287 302827940 485561580 977483840 69125314 608729960 50189346 62057266 25492748 879301386 27159262 168417164 797818107 408185380 950062236 465167381 95814827 269634133 964733690 691199664 80882259 855023933 902551503 626873234 144351355 402915647 536891319 349738979 871298981 313314461 974250525 272377461 877873798 510230965 857271656 549210345 473283262 817273521 253327382 604907426 74597769 34495508
100
553529679 698062942 223917889 657232823 912226735 229156747 37166923 959583868 74423878 414167737 492435600 752115299 289989187 200760487 162561730 972415535 263311230 392063357 216623926 217934715 161494636 443823840 888368752 750380667 806278521 142570889 110283597 66965808 618135484 516277904 224758372 788910128 224618677 55295918 310587105 92400895 922630202 780610497 110697890 987282532 998580665 859019301 352512619 237704568 851527761 94440048 400078947 672139841 934812364 403594642 768535802 559403350 155558048 688036393 288435469 632961943 695754803 810394786 214424688 608262720 278202664 693825667 444424501 496594222 546049302 284482863 823016494 396299048 247032186 388017153 597717310 824879698 642224973 46482468 73868724 957479556 741817830 598106564 282434676 175311220 313550857 536940401 766693923 746713560 125902655 539343071 876474801 722266076 157154550 68634403 488022717 172497768 575095822 130670195 580397572 666194241 666183297 787839498 207013711 76710196
100
561396214 670334165 265258168 517860328 792771908 37000402 230421530 484824449 895803887 291221349 609733447 422171359 362195038 83582616 170498100 492701475 84853851 762543594 241886861 678654665 325562020 261009078 367423651 766484686 946820911 641797894 319135833 427154890 76400711 701929096 229028748 53212053 953948183 263579574 644073439 420575911 114130361 461692412 325146217 335449593 779956559 561878579 242641703 85471072 60917970 40421136 470550975 282371470 152896954 962560741 396670363 637369650 142829822 340598553 718835302 317299963 366896865 833406042 267452792 749666980 914533541 177448645 259723212 953593667 498076427 961271755 918781232 105070781 71015671 856991243 210557972 548299277 267951522 645904288 332892378 268342383 752842184 259112012 660655656 674732636 225967349 113250594 230620758 542373890 929379916 414325774 152512188 626957604 358330551 267323717 779483705 11986349 946225240 17650256 889675998 225205143 616147939 208122744 91182665 411501585
100
508324773 168533909 142272181 255774255 487479129 376361254 288502587 464058559 994884430 306289776 812655733 544178618 695263061 550044142 552143910 683775688 778825153 960545503 11835615 772652515 935426431 640473368 404045780 480183625 917846414 606240819 769499088 960926024 958460937 656658967 677352525 616515714 511530616 730891787 24844713 198998404 827262760 236243875 111627801 763427945 546291500 30514761 455323314 64669125 975543639 84745763 553988370 249877908 162081234 137288102 614382834 347988538 260632369 806857123 548702237 805719782 480317003 665403861 573415346 873038627 720449053 190490494 814189614 65609147 401204910 431849099 942020177 141669255 661168139 968302212 820063106 270559639 243923372 219979009 10067085 574782295 924557208 737227123 596447001 16291186 564274082 790429594 681408056 846799711 219705803 221911693 265011374 775252766 384921591 378602494 697838295 756459344 567910883 353677264 235439498 838010478 397817436 820445589 63000362 582704728
100
682583786 603507845 732593787 447367241 404022747 201630805 484657354 542287874 823985308 305967743 844808298 817407075 169648822 907355011 511303152 702516720 108901054 311453166 678393193 916840247 814876601 771431853 597301148 363700260 850185902 119618463 591334381 106798363 74649977 43883237 722013256 232373250 417581413 349441395 367880198 845639892 42138858 844307859 202697884 755301215 542635363 881992163 95459957 406643331 482321292 796187070 515570147 903849963 460345969 557827885 831742579 84422884 280977476 245087688 24060445 273129365 480590765 845545923 561166666 928411753 303823461 919505606 487257897 245791872 280760306 912330317 44284308 338057872 958064978 827367977 157494455 151936325 980102838 535300692 340486986 284255641 765086848 351439827 379368310 272511255 155824845 872403794 756049390 236804917 446608729 449319644 211048965 497291435 513208701 499836468 731014841 522865812 926269045 640672653 200677335 933320996 813341482 616126367 743903298 652570197
100
238720419 36004489 730768542 458238687 899618539 639447581 397320222 956641848 159599652 401145116 979512964 455375719 268141063 879410324 303046384 512165478 1804624 444391839 638000145 426583913 882881511 559844001 898521228 808557115 368977253 113874418 562714274 434792902 975130675 128066371 717064271 89914833 818122817 826052888 575817574 116640087 743520429 872567257 543722774 26897581 810387496 319386398 437876096 128354171 172972653 662838707 898760426 719870305 63479677 284515314 630244692 807694979 238641748 462231808 452601180 284830676 433404875 861784978 413047233 111149900 406093015 768113358 820159947 677657014 16656687 603000266 79681287 853344276 733819988 443780721 115262422 209396587 730969102 215327950 759445893 118364357 689877669 402408941 793185198 116750956 729489540 947389846 834336966 251805079 645078783 526683637 555232277 986028781 6711782 714572132 569679369 444833887 315828910 459560960 566605163 900095452 120234826 453298462 44212963 18053801
100
693323429 40048492 243370059 628824831 80270747 994882176 767666114 368098005 979954538 295387712 948814104 592182167 414749440 351333653 603512098 654982094 503787667 465517245 604903850 363266254 38745725 931151724 497794966 843299548 7398641 126779228 665436989 964233110 112473999 512436301 300950952 368638268 348387055 835421991 936915003 93273337 809334148 92373816 628459216 764505800 602065119 20905429 209183406 50258529 521559502 80833735 282172821 973676678 755579144 232005366 769466241 147570168 725130685 552227773 511337779 995787203 997512089 808567005 368351600 298227412 983567669 403076410 554351135 44284110 408862057 709310473 601445407 792571297 163399460 433623028 986647102 417540611 574750347 64657686 464905803 84026821 949952864 794620437 406236069 214807328 84852740 456073532 58334650 235307120 494272767 764093507 531969751 115595433 522467792 531457528 839074567 776671278 587195328 740424100 586663768 822350350 998524913 229134025 876938940 130578489
100
279151567 15764715 567788904 12574767 516627236 436524880 404846225 916689302 513163229 241259711 515985036 156068323 821584688 434592201 15089633 790548523 642839901 541008372 862618643 752915760 695105680 418653906 925377660 977485097 359659554 701973445 968616955 19512964 586763879 805247706 629617025 408089251 575679750 323542443 497557041 185828570 74365012 461908127 462490541 886299921 42597312 181293501 43009381 736914555 142566535 127353095 533937820 396477958 428614300 249642290 654884121 932256293 992514672 469097286 593444144 227559784 280822693 64526572 16861950 521473679 266203315 532309758 405651277 665149539 878251721 291030663 861047549 868030004 307466160 472049732 637170941 719720962 166035323 137621351 502557612 381119022 900219788 595516905 720990215 594981252 846335582 660035169 556186368 589918765 266347370 568768732 66934866 33862107 556179010 975595911 545536887 823909212 917639833 698768666 721055476 891276624 332615405 284186560 20208182 850868586
100
838021606 265999913 620495928 75499120 532267038 98624263 362598675 951662167 623174507 43490593 247004831 595538281 144946085 735655502 879102901 150342311 147868328 974305631 294107595 991083659 256547107 636543325 799605916 137178172 354847793 511283353 296451888 500301126 191534680 458871593 949982389 447935012 942316019 775568974 276158205 823394362 721088620 295610112 619629093 460755582 344748038 574417521 725897357 20009162 419184626 835075175 555231983 687643008 158170884 42937496 578207203 991404741 943622386 195987217 456465167 296156196 553014684 358224735 897571028 241721320 814933728 571344397 151512495 866705975 562199318 511490218 507599956 952334638 425588022 946677077 511516884 95529311 747025579 495015503 930610372 713828372 363937646 696782394 585916983 91831691 326241481 851310178 728614367 535875415 94899111 475953054 588161741 331162581 851738151 793995577 606689238 173045370 791107456 843643086 234415834 253531196 746306588 473226094 424008754 811305848
100
730728338 412403005 438625835 4732130 942823231 595142531 624114013 1911550 29725089 997049045 825867943 966532225 716776946 233097994 567308542 787651546 943933290 214327035 301921243 42939437 86899388 461768661 163507123 714490796 794457628 638616986 446460616 432288731 57332656 99583194 299381114 901864216 689193406 907803813 305661968 390236584 938872892 931806742 763453404 916227893 682281549 452599009 741962167 883513999 684763917 730824404 486792406 778017660 476746259 632948734 994802398 437278578 365231532 15828107 585863431 394976104 814402432 17785134 394013346 955988393 192926491 429107244 263990643 49293191 439186520 550328002 571395222 742249001 453023291 442456753 129373107 60792089 891571910 846824982 596669983 288220139 841363090 716568619 183402390 79413240 371731012 277785600 190787397 960109411 815835784 861095508 323788372 650062736 882540784 638021420 968481633 123662169 550230486 591653964 990311085 919655996 49416208 117915890 587283959 187876631
100
884697017 182892990 883124575 877169884 320785354 426049597 240568576 86245344 697665778 729300397 713861060 827546672 334864926 134638040 840213850 711062186 932648746 40542833 211001518 385561467 714043524 595070292 92086755 858848600 592662788 737497708 639068219 794063641 996614809 928066238 311995958 127171490 761236847 690485990 264793349 431399467 473083377 122256872 83076445 541393026 795353551 517601868 172189931 339363105 11604107 908915191 409887736 557984284 885372986 953737375 961590011 388397898 530810849 541598018 113931542 967723341 428717139 134904523 777952486 362268036 484865252 98276593 941749235 776994701 997020600 790089714 145308370 191256537 478351151 153061991 714460632 589103315 862338598 378888158 627842947 252903035 699178518 560941875 474163047 134964373 900469569 30450443 223437658 415455469 460907541 632792063 515400438 270972164 638415530 251775872 589613420 882749719 272773051 840241582 576382357 344669646 562650653 666520239 951742697 869016777
100
960555245 738742571 458102312 944953799 36503208 947859113 197750846 885406533 622844022 534853627 693315400 826691897 76652969 15020201 750839941 551953159 330181233 439360234 793830949 126416013 105144177 731324016 966771284 101839699 708232666 907453558 22523916 608671346 27540521 707020191 387452736 419434256 161661021 587192374 671450185 694476245 246766132 311845814 9238191 333745370 583749051 562962232 463115860 393649249 250044678 837498766 849055637 594746420 100508845 270714553 66862924 240658262 852588098 280243976 779285155 507006996 150438391 671166942 235522295 825774230 444883513 336419842 113660701 639945294 519179499 895829774 599425825 513903880 786428424 725153702 196252019 20644361 739561003 342655889 127697263 458062942 902907495 72152867 151316909 454647209 224110346 200404365 353156064 957945180 847033372 952275362 454913947 929965588 476631288 319996900 793899560 998831680 108010529 485774015 541566127 923751498 914518060 754965579 492328671 724226174
