100
100
492779198 855480134 526250754 757055977 808016463 886843398 985777820 196472913 657508248 588537126 72413805 194106182 282343569 421821476 394216693 391951186 549584631 891969079 898128926 644535971 600139765 222493508 932506258 589210402 290352525 301868534 237963347 899835374 62822669 801503706 416125703 987943587 922196860 347516460 405015132 527672095 257205049 613779015 892269489 351932195 690194580 654455271 821429906 505571206 549149065 348504216 646573753 223308901 807662604 422164745 668971758 12320333 344034235 495755757 210795526 879846308 88363991 401906601 264888771 806156693 429697154 84898573 96210612 834317284 82880250 721163153 302633634 374887259 842284276 246755031 579049318 847033611 174399754 801224038 218721321 52150530 757866182 815820266 109136023 85201070 121814898 585045801 9465428 876393715 401104690 481804222 363217168 975117704 242028773 255069185 108456706 363539363 23146800 851587723 801212176 473189345 216117311 741699946 873642325 915700650
100
1 2 3 4 5 6 7 8 9 10 11 12 13 14 15 16 17 18 19 20 21 22 23 24 25 26 27 28 29 30 31 32 33 34 35 36 37 38 39 40 41 42 43 44 45 46 47 48 49 50 51 52 53 54 55 56 57 58 59 60 61 62 63 64 65 66 67 68 69 70 71 72 73 74 75 76 77 78 79 80 81 82 83 84 85 86 87 88 89 90 91 92 93 94 95 96 97 98 99 100
100
674438754 231273245 234832047 540380554 134549252 47693612 357851141 679583959 594606595 11411318 165653977 219988258 46875413 480946260 423615374 734920827 261840428 322738916 829104808 481842228 801202772 737121629 398495244 407511942 980469300 988898545 331044675 79680668 185650287 407418745 305112046 785313611 123262056 894650332 602725189 95243214 143703711 937628764 437243101 962365091 555693342 235618083 328899978 465977187 650752301 370854607 570560125 568509582 418208183 411152352 159866747 850720644 681459546 906828905 666902510 278691951 152331908 25607070 663130411 91416631 199229459 668450126 804981693 380589106 143610270 675440475 93343109 73990213 780520858 676239656 818196100 701710285 692458766 766935506 854235070 169946602 495371943 934386949 837727512 782830325 324735549 166884222 462914254 499213404 957817121 827235026 2232837 616088677 261287186 509242258 521642190 237342676 696464816 432804734 926499769 591748805 705571659 112818668 147087867 787576332
100
713326012 750110548 651505291 10106881 951993521 599533179 434526233 103684796 893844828 355922800 6985308 240930175 576523856 335693340 213046769 180768376 269665658 900129683 828424862 125728370 90934574 361130643 286914617 152108733 497242448 178500493 247619844 777193307 205659323 670269799 173842948 744123390 56954539 88487160 93593310 595399230 1710861 912249191 81575161 180662481 349322984 221189354 9857040 757888853 325651208 280513926 973013936 260672808 664189291 251276689 218087036 197363637 633302129 147209370 928383441 812113643 57319473 13953349 356411379 107946984 679573872 763632689 52732871 327556556 236445960 276005162 170607088 19298758 853505216 745369967 318791476 77840797 222976069 802445348 935643657 153464547 171313787 241663591 645256252 678757879 890824841 111224469 691706792 751994501 798688479 85465983 962610088 558051015 381824051 667357696 809890052 715776244 268153259 172215053 736066121 720558555 350317874 844634958 121715644 414454574
100
366486257 447973854 80800000 907301953 818437619 131343578 649182998 264397220 885134692 731720869 32458819 44627141 840993539 730484818 859012334 278536673 872257786 466932401 710893462 458933318 987137869 287105460 752191331 557120826 30986283 907773958 270675002 944307645 455026051 314952886 750426057 566528966 410163783 160494913 498297715 639371180 514479736 602255190 573984076 383241834 91165988 197017196 879711203 128404377 996387492 11128728 277009480 550113784 344573672 968535155 821009251 751516839 690352936 931802373 387788578 959359967 69666857 77163857 319901474 156728447 980891690 237498377 44392463 260732250 124138899 557485179 341120215 178489959 17847245 674129018 360951499 393415646 503336177 666179912 700729764 864981556 678152284 409987715 55894919 811841741 344575918 569137499 436471154 444244184 673803344 532796699 611271903 928327895 886048974 273533336 265610459 388046747 313503914 952185013 25600983 624383738 34588938 143815635 620995655 935252161
100
408680092 485085900 236933717 849465248 763450285 13838872 205707856 518396009 384123922 510535911 476890224 45199362 6816088 437163133 254897388 233519123 34426018 934687611 254086432 387193214 306914277 857012812 407779478 421248828 610340363 686117062 839942919 255767308 801743128 582380107 283812336 51681981 25876800 83384111 255142590 440189652 244810320 984529335 159519786 48546828 924390026 767119928 406710209 658049323 340625626 888792340 134281330 271441454 461050891 681130830 651000422 298393385 959725766 536869252 789315429 7982287 252808651 587371465 459443864 233006988 769628435 188396003 447278186 494007085 224193008 695409471 973863689 538919283 438305495 844757577 814170136 205178894 557232104 143196335 41489652 416369251 767864779 113965922 907352835 174167809 359711467 740929015 198599562 560616504 359201600 793956133 387382064 504852607 72099050 747493062 170878474 805830708 164517358 24876843 923299002 278108876 830293646 179570461 667759063 557966867
100
692732596 492005408 60957535 778967515 757353615 817666012 178407638 659424289 555743682 792847350 279549414 400825779 70167520 255585903 145799347 307039267 953152758 576613871 944513874 705224982 440745282 642114133 863677047 482920342 607392092 615992847 469668105 128248642 479192100 213077148 690695373 53313958 959369178 344064037 633636859 383323222 846958651 344259414 90575580 920666128 857995055 179183457 530613603 804918404 851306416 799854048 366103927 877398960 180918744 800605319 438471925 347346981 574821213 959754566 389746602 379236012 693822086 858913842 374343873 999130334 714846083 372988866 425368932 186684859 137735623 800394408 742602541 687002827 398363703 769939351 954543940 585113065 873637621 649266596 192837809 58419458 918597160 498115534 27443754 311472509 402715071 597686088 875813088 787095354 245504273 991970899 175133013 92642482 545438786 217429265 451869913 902443288 683618897 932970362 306836019 897404515 463759737 775884401 693519822 510484333
100
966235651 592045144 23815166 411007243 86521480 879929462 545746934 929411202 573769034 378377889 192521036 567811456 706598815 80671606 150825491 80308146 970987648 123015400 835765067 471988507 665365386 40226136 430336685 435996734 675983361 534945488 53163615 62466147 813527436 303520946 769115722 874425255 187850757 255488597 166920666 758041725 923107404 744763406 851013306 910317327 358318074 355784713 34393603 870516432 586745013 764348070 612178166 763169074 532143123 671400771 117613237 256376580 349539716 511563670 957776325 247346963 373057219 68044337 497134068 162639718 508295933 779163976 976943019 1974487 283208215 855639425 794269099 217364913 207158904 261116663 432548312 597785687 873656122 768288527 898923884 330713374 249437762 331358425 148743412 258350468 197113873 233037623 695094307 98104607 383763425 668281277 416457051 78896017 77835862 451165943 233169403 551826059 726862090 693397372 65346151 291411179 138703865 320030204 629182709 404403012
100
721535906 195652362 607268303 618539544 381969461 520770800 757030943 816674750 362367897 325940449 33992302 826838488 216213838 963779215 980996805 14889254 99050548 731831409 400749591 571722344 622690131 826732896 285009007 198944198 560305868 895901138 991056542 704036406 780277506 240394592 551656963 429441997 201119120 866824536 206529054 815829786 911836707 526658194 927344369 384523730 594174330 971033616 260834137 760154395 239383559 487648146 353193975 759667157 125836532 497777278 808396716 926425685 511082278 131450134 871710235 115931647 38019711 194221095 590850641 502965913 369031189 403249315 333935661 773093092 920551010 470737919 787141355 873672622 446806297 668472424 4800818 486134980 987537621 530912781 546184297 696497259 348825458 104322877 716559476 493325030 482394734 260631686 3274951 907720865 919110271 836229709 535803278 208326563 3863240 491889324 574351770 280828897 98754966 816057329 401742670 995016975 886023675 930348607 233062973 317264133
100
702859859 952040562 730741473 178102393 900004375 666903858 640043508 927519010 118050767 498761271 608204972 241238605 981350698 49268168 731846021 236685762 105186790 146146724 62787110 322612570 562282582 157713113 537472886 223109224 367038992 169027422 119524617 599659099 14252586 138020242 374758285 918423249 605018452 617307510 87027994 17566728 782889125 395539075 650619995 460611254 405860352 150689264 587021153 12397427 718522064 335969240 91052217 195671846 384681427 544702838 668313074 952651594 71863990 709149728 688475347 880509421 607046397 571765604 939388378 444406049 467224505 701950885 574325152 596527018 755327764 282879248 13327296 872722703 273096355 420412066 126903666 818130906 23417128 43872499 733550416 494267039 389139717 282330078 862615221 732533768 930323085 417328728 94229945 312311696 421372295 548131825 103298478 901053854 680157963 226011779 45056881 956571358 597808052 67842385 835980849 480747221 270289207 323442074 892788257 907670399
100
1487489 198561496 848088174 713353296 590261238 935900669 885019098 85691208 895413799 401416926 975827077 331859627 714847285 429507216 691526745 184130623 585396605 940439360 437428488 717741177 623164694 369635781 761453809 536492755 69064789 261025544 514351543 999791709 429435736 850624181 931288842 638352504 162467154 615373980 509813705 185206066 203774060 31685533 955282807 88979123 641946240 148350071 785191794 13026932 193979626 891014438 623527201 679583798 671394263 787897124 466654597 145687780 897722488 931828677 191555786 534987689 637541553 183457450 603185311 817604508 658635486 632743168 651646014 649943715 989171980 256320483 445520077 22484961 615804082 310486796 406521821 606984388 68966244 181937421 679430180 907241458 355137681 376935585 984065919 433326521 941378541 766967405 657829339 325304785 7575197 6157854 431744602 457025923 756149143 841750794 285607214 952239217 37753005 926416330 746379558 262278764 569435876 195662965 774761804 829691279
100
891202974 849366522 667082950 681566679 543038920 366734043 966322671 146224249 346778083 153969255 590897430 104332335 980902326 913719920 436516533 193020291 270865982 439460010 618578056 897937161 451989946 119507847 906364664 756735971 776537622 502342340 636319583 775987668 146391178 97066820 736391412 669890497 635758382 118115640 272121838 352921112 942403104 658765890 592161002 794062904 593635510 740633659 33640548 853721925 827186168 920515107 776118591 414008137 560304310 38871977 860566855 495325175 408875914 963305564 608178746 884799150 359138738 151730805 35364932 549132262 258174685 904013933 73933752 642551283 527311194 148162308 387480383 57818306 344927447 382973283 847600151 184884989 669436080 145372880 617764377 144292167 997911641 53574323 353210454 643856284 895670001 794708720 362847618 181806654 127109005 586753325 135633924 717327570 927488945 225452449 79564832 847620419 978561660 648234719 587613663 122742850 791734742 881069283 389444481 686041601
100
848396345 94302320 286736896 623210962 958442641 601688401 28489975 704272838 458426024 860810431 406705368 968669239 121306215 114124481 180794263 569364046 55069962 609733161 502948627 652326764 589824795 885420170 715961373 279488162 497225287 157044317 680276525 409291243 296488115 662856751 299354395 911306490 996777435 793803591 744568581 459830953 764120067 961199414 332254263 783793447 347717740 305825238 704118445 339766942 690368425 534632419 994625094 584018701 368157814 387605663 175962513 398275748 369540517 188638565 70265308 980416508 126539645 770038665 692864821 3218092 257029636 986361954 74235502 344992143 291628479 977359387 231738662 17405455 847414707 637789783 482686364 644699437 724507875 56707132 665262884 30567781 977133331 767695605 384844610 645983352 585383922 593818419 319658101 247646251 452374638 259807175 639621196 344449582 199378993 310295891 162090214 612606247 87322233 658764174 148396012 855201572 204416561 122316805 273163895 782180468
100
988935076 485135132 340625925 696349748 164882352 545103642 294771742 10232288 30349926 480610254 415137722 403942446 384694554 339127779 303858641 268416521 345712140 640937102 188923622 261873130 82664119 899541159 960246112 507646061 138229053 949341726 92011414 763115392 131454293 996493210 156961836 653116128 613477057 199836706 478799422 650974317 918269946 146365780 632496728 941049505 588503289 729091570 960555183 855465732 403355484 489045519 270044832 716051914 447476256 52696182 106839979 678144619 139066277 690425515 536155924 974681877 626696895 854539612 801598707 441926307 894392373 959632611 410039358 192098664 339800193 227997414 404059475 13380978 69848479 512965259 542025482 477081377 490187396 12185175 550461109 283196324 332737369 906067230 61422606 653709649 892002020 885271074 387989987 745561804 876083654 599621692 232730226 998595517 898095844 8491781 583822714 808126387 720192580 392687135 343849547 360164513 440431903 225630997 592853926 621949584
100
317200324 226319089 741604812 991461938 403276184 366439638 583214486 187442882 283207447 970946948 373558264 561812451 488035500 881484326 376879401 145371096 340325227 506361287 320668737 142938733 763603827 977081991 163443761 541251700 29769961 692392955 89656927 970409578 456204423 612041559 256810642 217064735 156309266 586220747 756001668 777388782 141619720 441935614 69873233 874668222 203085465 187670216 869463487 878008377 468942427 849519187 565212077 166493094 233814434 190082024 374170986 226242573 132397985 169532992 107439899 306700739 936872489 950375122 683065459 490673858 832048488 307137732 603652088 568606420 909780471 748599318 381781713 583402866 315984223 332385676 797099331 447971417 452731658 970978694 181837895 41546881 868120101 371219324 534197434 216923381 146313026 276970371 156730212 309838309 648556293 390083709 102525014 462970286 136195923 109310201 908670405 672057327 103842452 361066976 115807763 378660743 273373864 18807905 809422318 152431460
100
454217370 866110773 350306206 791507501 442320052 391913146 892981530 351158089 391890841 342813418 420375388 176927655 685772174 138159925 152773964 203804651 773997174 893970971 643385791 410540598 718209706 227406487 331039016 745549646 819932143 697393345 371390412 521111402 137264653 387226431 643999351 830916159 175416659 664079758 135364209 602165944 513837789 335924330 571022786 629818070 517050031 626664548 29752233 227564029 794979860 198331729 157312480 292086768 34213623 494034389 53202160 463445200 697305203 32041152 152020747 978732414 663360426 336345343 501205269 141766864 85248274 825882231 119459489 478232656 572573890 945504163 460151163 704374762 550222391 847703829 310704008 443772179 712068364 427434181 460424978 495505724 405013271 517061083 672406875 592440079 144720534 605755657 938621257 368953277 700456251 142519268 876902489 565954252 672409326 759278329 299328510 949561401 830575299 405364642 532032615 976777493 925019668 111091784 397594202 664590971
100
382496228 303727316 217999040 281872344 800953740 917203154 54296356 978888832 746996278 54282439 660496743 706895547 909801274 380429469 18301747 375835731 337806250 532239092 755842915 600452203 70727310 725291659 484790807 723398929 730772909 450919156 262041457 262064614 817439379 996803009 599718085 614924084 19708062 711709585 141474388 975267673 64359711 313958403 273631860 203868723 752679507 904671835 69129352 143357928 60608239 673070455 20907425 719046997 889793082 992580632 803141336 759131871 352435389 189006617 582494027 516000075 830629012 123167463 2830890 283211871 689714394 445720980 574733039 893849026 900115350 992392047 510679727 556237796 963133507 792044253 693341471 2595347 923346713 167031080 208032399 46073193 720006804 237567555 82715704 791430114 269501819 42110897 39248473 149369874 422412895 302412575 621405383 631603493 580862059 372715253 974796305 15902238 330215843 462450832 246252131 552043668 701116193 597704408 88846372 500727050
100
968315420 967567049 128528854 504221547 303154579 446047305 905176764 762505717 184074200 464318858 910543776 573085664 179894670 47476358 450613102 626281017 535158846 317899618 691535709 461107600 268816175 719471586 358983250 375447019 6811864 779459142 831554751 462987248 502371399 373077108 290855908 784738668 304833036 940080822 453599850 48430799 130508317 257634570 848580597 578207658 158785637 167464814 250954980 519928636 829079685 205768888 86192464 773594091 804067354 779267551 356503282 214532215 783999178 481385662 634500476 983165198 124040204 622387465 199008022 393112432 966850736 592589564 974249828 989706479 946884073 190272893 266659284 121394285 652287050 251140895 625725196 131090396 952955247 896206556 33466204 733121165 816653737 389709484 767719207 63556366 650260797 191356647 49563005 367091779 720856375 245902628 680530219 360832848 743944766 962803032 162901437 606831775 947895247 13392317 589537547 925824172 550055252 854702391 492653462 977510785
100
765278803 586555248 843559231 566456117 206691869 642248292 883808878 280869823 168177351 559368468 509806769 897146790 402825713 662092687 568151842 770099164 298075079 810270051 918806993 607522089 597945236 294213003 160711845 880661940 285546860 225384801 677672789 960692736 253737534 13307825 757009474 454733746 916608987 22901359 484991493 556465008 878888880 367697441 395012699 165529211 726999366 195780268 817782975 850927342 958080069 437593311 991868325 308305076 500490382 348805564 945198710 311675696 592957509 847872593 906008279 943938598 914675740 922374303 6754579 674860985 261868489 668160069 128722416 855958054 534152548 890381149 803031117 276781369 279142039 8032528 346179803 751751188 617685116 960097687 537034959 966725231 200206244 491861887 570384351 575011066 963703865 199380255 311830616 253266936 872314272 641002716 797645669 296766139 591855267 308290765 909388107 417923896 144321171 812776341 411553841 619977149 762852240 416656327 747425462 304643527
100
28288695 958255641 713987499 82725622 383328729 203926869 162276338 962652632 428274686 529820357 706193196 992024983 542202082 260102958 504373779 162549061 264845592 690409733 397185617 530230163 331706367 921062259 279681585 266380050 84708157 707427148 578466567 247817723 138515722 229330718 114233620 388429906 667143852 456138659 733687316 211630983 725356150 498961325 171456056 123968451 421482450 441928264 503932769 880299046 635251677 755115024 163191347 757798986 514133200 633176768 967071925 544806115 274280617 19295683 832557278 89866410 54223459 394502636 862577571 652335289 707004956 930249918 60313478 360004687 397697709 151070913 66393237 605613752 105500944 37415819 335984871 453451759 619766478 281549350 711017677 418008486 398534134 716971413 963196376 362194553 557373826 673889244 898547955 953099147 357010457 184976617 159083232 665690934 555271763 147608438 110271404 753585760 788500420 680108709 930459443 948784995 176665116 490837713 688314316 76367609
100
407425894 552855140 30343626 423319204 588297022 237527900 9101159 899873793 596412032 483236573 848206803 796679399 635097122 381369766 927874252 199341974 646442839 104021165 652023238 770487326 51212054 923048435 632645301 656782470 816220200 169022117 969717263 821544259 462696233 69410895 129459070 535969593 652911345 986671941 41225917 892972636 696330435 40969951 583199037 147469188 537488519 132402301 113651350 95026674 992253245 913657230 163595035 443437020 673241475 162513082 662669685 448248905 429936694 448765332 124450844 367808175 798677778 361761574 760090163 443600543 110042315 515227740 522571072 213744624 619679088 652363355 560896193 849387904 826928370 624876200 411268938 838260669 982952860 223908399 806071614 994084272 452272184 703917485 477244155 556386812 342932487 686723897 445753977 158408470 161385049 681783680 211114725 95577461 307053524 482567124 938347525 802298654 945222660 189558025 629809627 820119862 587541440 676980096 852666914 611017230
100
749624387 186773106 459834459 615933843 198749965 502635299 375670225 668087540 543288212 444171909 366230837 670341955 17137710 780315567 908474661 292534585 288581351 125396826 636014597 537361691 872478774 575407656 712070840 569333193 322570162 885775898 740362526 13327076 447089556 706644529 625295381 966134110 212732066 241508051 716542823 260235506 432281141 158736795 447080242 338963555 405999349 4404527 322030605 519483556 347465826 652999927 673867642 129626989 997898800 847444346 907035154 776415081 507805573 824825187 270992220 462094593 545487546 676535017 110929250 981143661 625292497 650437867 610034830 597551002 916656972 30701805 246002383 296046143 300062300 292553183 235010947 8380479 852925875 71943888 973460581 638654134 162163072 903874687 529801801 529396862 623525176 912445155 72925430 632896309 295605657 301052518 23179458 934190806 547825823 989981048 255433508 534822219 835882048 996719598 282683664 60203809 416090657 855136733 163606457 78209886
100
359219912 966748549 659481999 32841927 924626618 531241052 446608866 386584414 393391451 386366929 128783517 725138210 942460810 663143638 915214065 770474877 763652570 138981813 860038475 758695886 514570439 398732198 380532949 145476079 686012757 490740822 617616339 36760837 208968931 616074538 285880227 7452971 917863684 893273709 193193779 248962260 882415855 805411345 380550701 211942620 689278063 564089474 78330600 452157010 914608932 168441349 544689184 952460606 422639507 744592072 437429391 148230790 918299550 469450980 822841133 891468437 592533641 283533812 194950345 646350663 169354830 978058186 425374913 32903505 165259574 659522794 856719972 338274509 874097540 538923719 266250537 458906426 735841847 99455837 367669871 93609953 49403410 26191032 644187392 170348314 692508472 347045480 802397671 821130677 404384366 426033853 969001987 338745327 82085387 213263474 799426382 836170559 523178847 965597748 988598746 285616175 77269728 642442702 377116318 416756920
100
574800162 267389231 483325084 88601248 666014237 351515510 909172679 972536608 4338816 678930383 477030738 276696288 744865326 304044421 853464432 679549592 654667700 907346009 839836783 465185630 610493795 532063648 931636531 849501263 46303265 513597239 256742405 411725794 167870816 253244041 249344205 633640193 41287841 615764516 984410704 654063977 514114576 563998725 838162052 194492487 600924885 574922376 132661770 944512242 569436843 922136832 742892169 944491807 883284020 115544228 792047459 424758296 919660668 752074153 524037374 513067914 187889521 24656912 349536302 354961625 136625625 181184514 270820474 910824586 848139648 493743200 354131832 69325718 215457966 231190671 394889960 171593794 297756503 791120249 724746923 17109969 151736657 366636177 790726639 898863287 839745288 686264476 14167109 870231984 890437539 75261685 98206099 985314588 927119565 290092272 899265122 210461279 656603107 5917511 621086148 224350206 505020183 623926648 30573139 304250394
100
985769292 354999559 186070990 776847007 697343212 218407880 190582298 478540140 886435977 403380216 443533643 767637725 259695664 356357991 809592733 649264905 805759437 803852809 246443688 689045762 130822302 80579466 638675566 935376031 573010843 469526929 248980847 678826751 752079650 73352458 560263422 124390664 750804347 783306259 246127418 782461956 109940720 872573924 867328308 31694574 484017420 485388593 569654792 407982863 473608625 735785828 687074961 360343251 56303984 293947948 790561985 17075425 324419611 891400760 196661237 495478010 420506329 393153700 416626965 476286717 311687767 522856293 603845063 94728851 677200928 755537988 128001412 224087316 393487134 64819553 494767720 9558332 608034479 784263100 893355651 49189378 961398701 927176828 31464643 221030698 534328356 982508414 819273738 731499183 953650029 547379706 804503107 971760844 598441068 929946186 595471215 127120382 174733132 258657991 767352442 298449282 425694439 539997371 817069533 837771031
100
824432503 156734598 288868555 89826232 953944458 717668478 857803447 43537711 48223940 893732941 144656105 997794698 113736154 627728294 742012806 33112496 590726421 854802414 343116156 617123592 413138240 73494369 411905393 216899115 823468010 3179334 105209321 66843346 270137701 345984833 733956478 355095182 458954774 268064641 439826350 194854774 498729992 635474461 503340603 238492260 480605374 215461634 437106491 628205656 441375829 761365196 86246718 865777466 335354260 698755600 638708920 742752668 979960722 202562483 924267774 313282001 285534485 687503548 418313065 193855223 388044683 363987883 605846763 990087503 47074985 507566753 668143954 652055523 507118585 445585499 332639267 905696809 286705808 978799957 23584949 886804333 4906473 767746474 111401327 152651114 911115697 188380182 548226194 866087715 587102592 633888746 317790123 321040692 426005189 536269315 440230206 308085566 160299930 284171222 16390431 124235368 733103740 836974841 888279607 541172579
100
495800787 118727934 201632143 625307445 880801294 18816930 408846212 467775550 794753941 780673375 695782267 74255543 534282103 14769998 286539197 569720187 796449989 543941951 447926324 575599151 229331405 19804392 782560336 644551071 756278400 127271452 124952206 747542651 306018564 271071548 212231548 190188202 5918368 360673321 203721602 960212131 555141827 702358927 468513049 186848887 78427208 528840175 400732137 160863059 91043097 809619966 177560601 751906284 164559772 979360347 908216832 193991589 635502448 649410173 93800179 295542115 27671974 812776449 657797531 935962114 876138336 576191392 952511840 323223934 904824605 9577668 511873657 379020548 922031033 780027474 65508394 123220177 462513818 677984095 389017119 960728300 86524418 573627571 111723664 584209465 748550060 93147177 153536200 222328080 828357146 879574789 465303672 890226110 880935432 288259702 167119882 950892537 281044653 889809095 331984376 97830699 195934439 800776486 943181605 986983466
100
766087313 299909261 146747305 100423693 336914580 813091880 239120525 435632013 993663313 362967746 97422038 779460840 486956317 89361551 77895278 581181000 30316079 702822024 580559592 158104844 706203679 869348012 383807029 606082424 365158124 675004628 260846083 521053928 430327435 870632603 954674589 365600242 36444470 457147575 677224214 509608040 45383447 609560536 983561381 9399873 143728304 486348935 336876692 306564478 533251916 91903215 808107616 820518649 277289343 483392761 817561576 557347162 483853982 499490726 685841718 416432159 195208335 96721653 35376136 204342957 185173380 972215338 91838459 489480152 748744089 34263967 186739283 587910728 986612052 112664216 591061202 499344714 15608197 317904722 267995273 716034194 882518346 26348558 323749412 151816158 430114721 120430481 462360632 113174003 95485752 900557423 861240578 306910997 886420303 912049665 712831239 414484398 433147344 794473903 731769955 552261615 211913345 219253301 347072713 257218288
100
281005659 219508035 362291403 113825516 243766741 792446805 881610934 885663927 922867195 825407869 153247733 110203751 265892935 915619717 723991031 413544873 333731806 123524521 437557078 534132096 211798210 515120590 448057262 480750748 934400296 511695380 477318874 85040122 567922983 506168596 699761564 404889 73562674 104858081 661712253 661506173 806174148 889325974 349458568 729205569 156666088 440829350 449695834 15903255 255374180 909722223 222506820 163140763 190325944 180920960 380499586 667082649 436897552 358744450 644041680 152982865 793064088 717153022 510992289 238137548 536495538 616554406 218728831 929392436 631371804 511210736 267442676 942373150 308279069 259652890 963111278 996228858 823402537 624519728 563772424 511035663 211083885 479593778 83270376 252878182 165299970 967784603 167356180 339462120 26506427 203126879 850163852 278274543 703447468 835181821 455186984 950628995 717137131 190359903 683560048 202161380 792787053 460677264 397507639 108512988
100
530895938 796113060 31755989 722203941 432855909 159108133 94021345 500983053 882453047 754382720 139009317 709721712 471152024 26939246 386046097 662477061 659467160 706094867 758407338 326718516 325760947 946681819 147772807 421808935 262525244 473325327 572493296 853015961 306509502 315518787 537962605 66833645 168572831 895578658 330014622 741942658 734433496 175069596 778025630 914729429 677140584 438241423 363744567 393327578 575056568 276744855 890616369 72702366 249482450 757056621 698658797 926871201 477483270 19324527 268129947 705150308 21568871 301234362 740050211 519912863 164206498 337025065 206298213 879528673 375294804 145709308 621932824 875529468 603424317 652005542 587876359 787294223 333909877 593982399 772714139 534978304 854890588 610230159 462068444 732614953 140919270 300394546 670651605 422910443 630657197 965428087 24462221 797714096 291500765 964654989 86937705 141184313 978721300 995912777 429274428 192447923 309219802 768718379 124979644 532053903
100
24088617 920193158 729573225 866998632 884444167 665281255 915157978 149204968 792625006 303669129 167950603 595177776 682283852 800572805 973418317 762336507 360148116 70698953 906651230 726055849 406543413 936544436 459870963 172676514 976897332 788447367 12423089 654196515 912007923 83477859 871264915 523702148 425469180 524652076 634741466 847782215 54134900 915863421 656487616 822043584 690704275 983693271 300810822 450518239 232226854 26056405 552149572 169561930 90754180 438902423 90103483 529237300 127114304 326520453 586528707 333602306 69234399 641162768 986864359 758199950 207308292 721143571 506014140 545631964 418611120 715054684 537468295 992996 852091365 720548676 386473471 41446961 87531910 533495799 146024300 665028130 25983564 938677407 312333820 810156172 472856486 759729630 969048839 812119092 437433516 463015344 243282222 548956696 194314829 864190483 836534919 306101913 692761368 502608816 457164460 556401817 237600109 47139807 311637817 349040602
100
841911192 682427105 950240677 854436035 551873595 436957504 959090693 522449764 540320276 31321826 813233500 115418417 138262649 304536888 230232469 647715153 205374271 265999807 34318108 248386970 932865310 20228001 898717475 129065883 557169056 224865311 676879913 982331647 729696407 39848502 922169246 584161303 66862207 197655438 372117229 651573013 998032544 746778591 756346199 490735146 882927731 395521247 266086866 235786373 685679962 513311492 636987078 365695928 120453582 994240728 147470318 151653644 875078170 509110617 409160197 398697371 437273262 908598962 569596437 536368094 121283532 937057279 421473782 218636242 399822233 905973284 421287828 56758920 21329503 887213721 738756089 92795819 450427398 935702995 610802130 858654405 407682915 153471969 83135232 34820983 501044252 924525713 364060190 883816917 973400357 27473887 931034261 847883706 440912838 81761674 301446004 842876469 602302239 317467808 818665418 85664798 917223195 86622038 256826763 694236259
100
738173826 587858979 298941555 311790814 284638294 383054037 289405118 321367840 154859331 86844925 48335551 533876282 246329023 445468138 734601498 865351200 421774233 933051755 769195677 570294178 396610419 879805678 928202624 343113982 504316102 166602094 464085699 778385987 348688522 254516463 920347412 492169256 282020030 159772916 280379015 406171435 333798371 353268703 129758249 234159073 127203084 831103192 362488425 834915404 287552245 710537352 754921221 682026733 488223307 776076897 352460382 40278792 833169441 736486429 678508333 650312930 9157051 807092614 640340033 482983746 374251434 461627123 537308740 270701894 613098497 208914625 518815465 546919434 454041279 454942966 115751386 218546862 99354325 197658714 357414919 861772739 198033342 527272702 74137972 352607603 436921011 191239593 739354112 144722314 648361003 66732417 827908110 170972104 665189891 685953929 827002015 692129124 533511752 335579993 674506928 451102988 289874597 740128357 625560220 69493255
100
521332927 297716166 345700450 431673390 572052765 668467960 194125344 986121869 316243218 333287354 209870830 741791889 408733832 23342410 291210591 872575544 868614741 224267369 711403486 111855117 12634420 826891956 111563995 369636610 287376541 686910769 65646485 903414216 364595895 359664886 866231332 622561040 185196552 857767117 738198073 545474219 607272376 780634002 991749789 265956298 622461901 894866523 568718600 823538469 249132974 751016797 487992915 356393675 12538378 681880167 501809691 793090631 190822966 300664353 892029245 855287110 832632832 11964794 451782150 371647326 801519428 915907144 908471192 626075366 747779419 109106304 296121308 445641762 315252391 419391795 370746830 967065544 702608000 628328848 753443106 71035633 101678013 641725809 348808307 475089483 411380985 994975379 291348980 934892976 889112815 265176109 817700548 512745721 501165064 694110996 261128969 855411335 31761634 160137855 167933990 987714962 504116134 154073770 733967247 908100003
100
780441021 391297237 603999842 785738575 288884948 534868430 360372210 337794771 640011751 485114222 818769641 262480472 493050280 3201860 585703245 209111672 191050385 948447684 901829180 959694000 482756534 679186843 199126219 938575351 127150345 915650986 439039394 592991347 909802314 586985904 763595592 500361869 628919624 638264920 930506449 752636842 163586200 395859202 202162066 973123674 334079310 191385259 264727602 506885814 564919568 352114140 5916864 984335830 706201553 652718502 96083743 450206430 116338177 401918 45700824 959930386 199160036 53002518 396232332 516981113 5351599 196042200 171851800 994522843 11601725 54902070 48774585 599659305 555175081 208337488 770316035 913637162 917169579 482759053 251208993 236187474 857680428 31511479 893056705 574873678 509234851 308323208 590744130 324609431 495621559 657553845 386510597 768548103 515356734 625213775 391052459 251555877 615456632 548856903 21681807 125924815 311136965 486625274 802630057 661667204
100
713695123 650620904 722106423 125619475 108664534 549974536 125566364 957667975 923755643 861206603 794591108 841499485 319727766 354740470 566731542 267051500 174188148 602504706 551408036 541109650 519473355 413909638 693159007 829808317 420492026 986293025 449908438 556257544 94987718 565382409 379114015 288212976 187013867 482097947 499642997 87201693 454538660 455204696 212064911 388509194 537846852 846259047 522227945 511814334 986182244 961369464 96942354 976347232 601746565 74709260 211414960 473637750 10127842 835564846 327872 72935557 166916351 197797275 476772987 43087919 643945855 274948130 313823888 49412389 966768839 132007669 972744789 257012775 130399588 67660959 170190022 209610729 393738161 628035999 91343810 526572536 213763895 54860879 882974277 71217979 358607472 405428576 341772607 378298056 163435183 954408931 610117730 71135567 707772670 6324373 391549938 911717897 639285443 101230789 421038271 551177404 318930061 185032129 644947529 444746045
100
443141512 674143164 898181355 640813127 382811689 868294566 372170717 701720440 865187761 556652282 537825100 341737310 510915961 78054614 389637306 909909651 595264678 341338876 619411614 372482008 468697475 435978943 822503699 133238546 582875669 347769947 810525075 513285675 891815454 473704218 108803395 525662836 511202868 152199562 752324023 370582876 228717876 277242931 712936027 390061631 210509270 247914999 45349085 919770282 666616938 118741692 143488675 64792383 746985101 567106494 373045666 503338201 678740196 700252402 31561257 875768988 768389587 129004441 328286091 902458503 650325707 704447195 875257107 44546186 692853927 270276881 768143424 631468344 320730894 272082201 328359407 818303279 211659955 262969549 235774167 802017943 8210136 864036515 576181397 663607150 657227098 348418049 45887456 766354600 949168424 314713748 271995134 698287079 717510263 113238004 785944174 379798776 194956856 785727137 83542642 288991197 642370173 378106269 437341373 613507879
100
580853833 848066937 910411979 155494564 41508709 738985347 375271912 365272338 97352383 355350039 494997005 687622432 181620589 754116020 168238505 971477281 72564621 942960008 909587193 575461538 438441252 374857313 821657756 365547820 515287036 325553923 695303399 57843290 459861749 28660463 570513367 703029301 45387297 521501262 964441852 428771298 700126462 826079220 646332257 364352176 147420827 809312076 746129502 414051982 630172481 889258625 953853928 101033283 239240737 155858166 237521630 431776778 42033716 777180076 754737935 527747640 670743756 824623258 716492628 527094230 985375599 158084919 591591713 568763849 759126096 467853986 171787027 394554957 955283551 211216383 20603811 707838986 975541277 944286531 126529186 106309953 595793993 767855569 274813737 910001416 93111796 72610516 11764449 561378093 998526157 976014759 18805075 728829297 52196828 54962855 462456890 785497689 562961014 64183996 76348 333349503 252307425 345287557 727967388 492959778
100
719484128 928389847 469551180 275336500 151069973 69678116 755656589 795414692 555744268 327662079 778500481 558659039 455708476 493635739 946645077 241398065 72471104 45583998 737247189 793918754 572187047 611032758 521776686 493516710 858662591 153169709 983582312 469201487 79496361 456250604 476987654 435243506 142270136 877663961 739280974 716294637 345120129 408670966 964880046 911709962 320307597 696392259 479122708 391217329 993958968 401626183 610999277 99389659 903364018 314682612 272641069 785625244 939580606 760880527 191456733 155417048 671270305 671259880 294092086 424033139 313345794 572121500 489606953 870723797 525529981 219304102 149925088 615447482 185505571 380392677 956070522 398404751 802327515 144288842 625218798 781387888 286264698 102515008 370199866 264340575 398847048 208155461 509854737 386973161 191962714 427561131 93001005 212478617 439522074 47372969 595997978 249011088 451969696 981599614 503245679 7286284 550770182 701788756 145772547 963905550
100
971708197 929868068 277216497 71988137 615161283 398470559 29771140 763687568 675814264 782382596 727643792 342708264 496695447 934282796 467224575 717619628 94745461 789594815 192475400 296333030 868184982 727994532 862861651 740572516 226506913 454552320 221530341 185351890 812666511 345269864 759829751 214502889 796300782 537812907 243006907 688772099 210198423 489523959 326896603 254667724 29686922 524946659 775760841 880681831 518435595 868353374 465426578 647623847 696352942 178426996 973618591 590828923 341600889 53489388 812946248 779450471 534573877 361649919 992315289 168551101 74451979 211189407 296282144 52401701 347741900 801071652 975689990 233989879 418002433 684836308 626851810 594190556 563785179 158569858 903632680 795033153 734899472 687279602 744252648 241131052 579463985 219178516 441096886 186102987 999549114 448092163 871571607 941708352 862928190 976378502 899148497 721331363 604919491 434768332 619295215 547970269 930721863 641896420 608188527 982046908
100
92225859 758415449 211337498 81705432 633202005 724808066 84383610 304188764 418578525 422979216 890625785 974087586 189856420 312174953 921973524 439830845 639556334 430669432 544075598 297634345 125349428 735964112 456290834 433700609 852658464 734070801 661909411 5894527 609724046 475313911 546847430 61110302 91805055 857594943 969057051 723542538 756963165 806375225 111908524 414844016 307324342 622664933 476379288 473687593 427210677 283852160 681291204 502269720 303622987 89069045 594909 546214935 914814127 124287185 714112280 497915415 254472575 457784767 779290339 545307298 160620534 577008050 299275875 469339966 865118990 101003518 925117863 183602804 874531906 441810191 890381402 128160598 501029397 778664703 575301261 196733193 424069196 181594441 532064162 43073904 81408142 447048433 484857817 129980566 154523764 575695241 355604255 885013445 839180261 656405413 417165540 687976261 399668657 124871282 571812087 340591919 374733987 306938392 616858021 698907355
100
726634620 701203793 795193900 614525089 792760592 976387827 326370118 100300542 677914867 870692698 912957420 37972434 231293827 285655640 931193276 110211001 244801951 874665074 323925984 854341350 139493342 22817528 490369836 735063933 742969871 477682664 592138255 662177008 469021140 557741616 578603229 450462820 477328267 693642595 408649040 502671826 930961143 809857389 171719535 888542572 796096023 714916970 657108283 578390046 554034881 993440413 127645918 221636670 710297262 446263416 243052099 977592025 241020530 350108267 515328253 83477538 229049693 849237611 258486959 958279705 655240969 130961761 69037130 83601985 740989721 526661477 19335848 199954902 263721442 868794369 22989928 269115427 891921078 322670412 692628749 235617696 682179346 396877232 521715181 471762203 647664231 823355932 500808922 112068718 416401835 458123700 333872049 102011608 195574054 844918821 691564523 410692445 702075384 869041802 736638501 346922378 589930125 944000349 789761564 132162734
100
184276469 327900240 813631964 781842983 584727594 147176528 661729525 193140961 820395507 175717070 351979032 535121975 107394323 763950015 224300071 329742285 986358334 957898686 197787814 816717092 314210183 690195053 718523626 678020540 853402829 556958821 915998738 427476896 259462759 160311255 838158063 640068073 660866693 519295411 488134659 424773807 599355192 700939114 171695277 899141449 215893354 112603422 816398975 20460955 863460716 762701262 889258972 835953130 917407972 395500610 270240732 526532751 902945077 942454686 78841377 91128473 90874723 672680506 315276437 689227887 292244233 471749956 564461786 382201027 103870374 982237698 915962529 705860286 123498114 746596322 244181860 859322371 10713520 587533501 55513802 771353373 614579405 869514775 735158693 381430431 995522986 209013826 166031948 488247203 636127299 176292717 170851229 494444711 989189860 460133359 676184024 891499353 449893454 61626452 127556412 782775298 585036114 611468049 690348631 403014484
100
240706507 682785106 764446069 762583452 925125286 918819672 861269818 469456669 428189481 359148015 586186429 530578066 877806822 935031915 787158682 226070528 428037846 121418877 656791183 827185413 136597128 256272755 798544031 905476979 60339730 38819630 542745199 750409439 120412481 421842283 334114415 434075290 133855546 924030649 239142181 296986172 246399642 608784848 280613491 490270673 839601009 45819397 843039356 520427740 982516183 813848282 157853310 655768251 519740604 646956364 128746376 452924967 463044315 650021761 114443781 828503602 355973049 663447084 279653375 14834721 14328519 224407469 836450918 33885851 142517795 93324887 794714186 404148310 337244251 85317772 538173331 271881206 380515058 810966966 929495388 408691807 183916332 962567184 404865413 307358532 481356282 428977678 79588360 234227398 290937336 23149303 287770208 220109166 753617458 266942746 931405224 476422516 561755188 610206372 311648224 260248563 733718744 245078500 532629354 276235644
100
235752628 153870306 350901026 781770580 151530809 891893022 922379195 165926143 100342233 957636461 310071172 719115912 572646130 372842452 264171682 597805288 949172464 576840487 463457136 253367671 594764841 232576621 665008140 574791355 646021671 583136873 504555168 892638674 188881863 957325445 811447423 332177729 231755684 764501015 316266628 344259715 600530411 199038763 972202934 396133619 676874301 168612656 684425744 672456170 262050416 357107955 949480844 355441988 495355649 488941333 447683159 973499375 476773810 627117784 293138407 592880137 175755621 58387117 355461226 353648901 472484902 58956934 703373875 480157095 111705783 864039867 272650363 699978531 758107051 932335249 719949562 766494020 563070225 684339036 148409298 977199433 36896748 738467170 784225809 141144552 936897618 654647644 170401255 219736498 513439862 528908901 8520100 372220364 451282036 234867813 448276539 825824150 815014366 409828228 719086582 819412002 403488783 244463354 743945415 638782323
100
692960035 628575559 485418881 957641252 703071218 866714675 321107691 428215575 745407659 215922312 657003087 290575927 589062876 913693281 425132430 408925343 139336095 989374312 771061424 516626833 536881551 234286184 358090413 317180524 22259669 144673600 265476555 92089727 375124689 444813811 984020163 204353373 446367164 375456554 417230537 430564604 245452561 358183853 900267885 235748351 184807703 751517580 580236285 242295399 914768763 709270357 496323013 161318294 39469673 568211149 172978718 327201210 777929432 271662600 634371393 55983137 894498668 935451535 721763360 973416116 628008766 284814267 168209950 265729844 340293768 947748050 817281273 525852499 433241698 63805602 66273509 571359061 896216270 583182223 438698397 568938178 750817202 271281602 559861185 858671053 960446219 884120216 457145938 139582486 968807870 801566607 51286558 115935798 108411795 82859876 48680404 960823671 272948503 280837923 535987176 265272764 469428984 702511116 93419502 684483522
100
220817112 874123727 121423137 499113814 129258008 283468737 565280871 404744397 9597555 631432317 308870259 896966572 890639589 953217986 928506710 361073531 132604749 543741658 684864642 110541379 387129853 180398974 528051596 969225349 981540472 514748460 984482003 911059603 533033740 515302713 405598315 15668684 328368504 994576839 353813469 128429726 971540887 258272490 639374459 521424464 655079814 901048716 5425398 135160269 858874450 251309280 976408015 362407725 142178825 247337541 742910976 492753410 8699503 676414916 253209673 55160886 23329134 933231953 721137950 536653949 112899594 286060244 900771871 442447131 575586034 561153421 645695267 385795347 683613639 929315596 742034971 452505803 659100955 320345623 888512540 151477681 194154093 274727058 934543061 362248018 846468081 199785222 997374707 354679185 399815844 936782293 669109478 324482271 282967329 520481157 644781287 309504987 450229663 415483396 340724107 936928492 832320877 892655251 981102891 652425719
100
931693635 521985325 335200324 571947675 970970996 927464404 957335963 9512536 950758056 81038437 615862074 56196376 73208652 77102281 975493536 850500901 151762069 178538040 65324284 418021460 156229809 289937292 68453453 60986619 110402492 568824165 401408981 492472451 454967330 872016942 782193688 311891521 363826202 227941396 151148472 114535178 30830638 368586322 186247774 913732557 377116306 326483891 75372883 678350603 578260366 629196405 482627555 586770666 1668455 320782315 690996789 536872495 163812176 111161223 52355396 596353238 542902067 657845910 744391662 762968449 898471609 369147256 297707858 466400142 906863467 735702425 10570240 493349467 544281302 937255126 146893756 340591854 645935817 668929777 429936549 558592941 300815579 172176493 585388755 908251920 408028666 620804627 303544782 503681000 596523218 358429399 322946078 312072740 441094995 290551577 540699367 954888083 956942987 963972217 81136940 32916614 139550374 477020357 394924100 884847040
100
232550828 406304423 293515136 916989725 899072141 928521584 213774854 34552779 870120033 560437514 309735921 664565781 972863679 918891667 180877097 311058816 298728712 153136801 113613388 231210117 9633588 857487938 981372790 71412835 483155465 152048567 339193314 556854134 701607737 301088281 634392382 741111823 177333442 488329550 859149935 662286146 377632319 678094853 22644391 401417687 253411680 216883742 743305490 182965511 777376410 258231707 180644460 706787577 233051791 953781159 566445548 828662350 724628306 236145497 804699004 894222778 939932832 947222690 404136795 451272858 310315043 49831455 870688552 333530336 117232128 336171296 983912663 176978677 881938710 780115450 345865962 100811385 243807614 7718411 627220964 46790016 669029396 169087516 441572045 854794832 455725151 584529256 66320080 549760160 128346644 912360839 399866909 409593914 215120598 879674108 469056165 111484058 624017497 799738463 407701333 853806406 541604396 324633436 490164255 130995367
100
429448599 388344102 549302294 485926953 508883537 465714915 136439071 892782756 485608494 760728208 748947904 741970410 899709523 725767736 310089207 753671185 249772594 236608559 31813878 272549711 978874592 34947803 849778146 93132148 107151449 19533714 494792593 36470855 370949242 533053361 948282569 658670024 144241543 206888452 136055725 834441596 155009608 269350099 310966084 600461258 190523522 17925405 460228988 641830867 370779618 623071517 207160959 774232857 769095279 499714837 479201365 752218949 960253176 273888204 335492324 221359618 977443089 505441173 793846641 300476556 617579137 176539421 946690645 870985275 891519621 677816179 354514821 918313661 346502971 941607605 245352519 805849283 908064990 751530519 555737875 530807929 989856039 326411848 982855196 462652013 974637126 82687522 766982509 2029521 906037838 908797717 646907898 682078336 249584558 146882607 615468519 217514166 287055031 10393027 457765218 901249875 943328819 877923956 108943918 724134361
100
157427003 491709576 411061621 747597724 319641672 256588000 670406646 783575640 804973902 82874050 356303317 241228717 119498627 969712327 547150594 283271894 386236597 37420947 162291787 364557944 681209181 518870396 568885555 197296266 760364847 96061472 804382487 443000550 448565424 425810601 79271424 58766601 596210127 487527848 817026040 186358962 952395994 770180418 746236189 6112498 10640268 393628132 765285565 418818288 749458009 782227729 635248105 928510294 390758178 57819890 535248455 559342676 717373453 562864932 294262826 238602042 11262193 80842981 132391369 480490101 859605359 177719455 914750877 289704629 640134134 505158875 245226836 704338506 387133925 185349618 193694999 205565863 883537924 747086718 577898523 456190415 517862814 699954653 489164854 626724075 25191321 155436046 974776715 83144563 964890254 637821570 770175727 882072981 899021411 894953674 658703670 98662960 474258957 377394671 800688858 349021554 680339880 476153698 303984360 917781249
100
16380785 522344190 385229537 113131893 376902162 710107482 397928976 802116454 38599784 655749141 155640027 612353443 854958156 100124435 598509385 999622310 237717607 515867666 858422690 198113798 788226244 967697149 493357246 769238974 4226490 607940298 290626947 597112116 430947588 839181904 790273903 570343514 376348394 588131021 768798443 11289444 964771084 421153967 872223324 92767944 805041299 966709394 314078629 809770805 660174496 708131734 121438901 820062356 362833757 223218139 832808921 136889446 603199528 135123974 367152228 861762608 988125208 877697028 658777603 292119207 86040568 966987914 956381124 191377582 206014354 985721999 115976285 555004423 242247056 541997702 604813372 579867161 472713225 526440179 802838403 870303342 860789463 293528833 74072528 940054633 713790437 546658482 333264377 144663645 49850725 684006462 8488896 660514690 939779309 555806626 167702998 324003851 54295835 856096532 476884222 128468452 396925173 135617426 634877949 88464968
100
854344281 926397246 333168941 177415346 820984859 178245767 738323855 27307844 777970704 770330515 743447356 644074583 240467780 900950237 341931497 830454611 302995658 606583188 232632369 591114234 199735738 228434032 592319677 381448572 487314521 793838 767259186 621990238 548599922 757383198 193640786 179839516 751656554 711599441 630055049 388140185 499132730 627305176 172364912 126524545 956970962 29599146 811948283 270326634 715089272 963710044 38587349 609129642 907331909 314505753 297844009 694417983 693398899 463162225 271500521 210303958 934493485 124985552 139917379 921041343 25721869 172392476 80753931 358883807 914466388 237776157 822557440 914048477 485359887 888919664 517824480 49219194 632063973 363908523 635483470 416690276 851698274 258710478 552731470 592384166 619418890 390936360 857748532 287760913 354740080 460897903 304424037 910289067 154484213 968889166 471014449 965771714 493496866 459594274 456313120 67923825 45429059 808966005 75276255 626139907
100
626465795 342886673 410334248 635358991 457631447 722230478 945655692 228638399 434125097 437190244 771865364 365439091 942974641 208921960 198462951 880934676 531343694 858787530 803451127 66887526 105622339 826399099 118698806 467076404 29006286 979049530 206274255 817641577 516567960 840595710 738616991 439313091 784268617 908388980 956791041 217164734 270439325 825517506 108837638 416742349 549990559 60039329 981309328 851036652 379269199 16317496 466698207 532177466 717025024 7610082 445104196 212016758 464014528 730987253 405465608 575791322 474394698 386597921 839654303 136945222 112822579 677716376 58498264 864215598 815368419 244423911 849864531 651924880 482217381 603683030 570919302 911000084 848136035 815919713 809042445 18231686 400705142 306095238 922533016 798292774 987894587 837836574 222769513 198153679 78212221 981967944 929434740 265594762 696090389 481611754 212371563 394417254 459186214 996355793 891164613 434422467 46399142 780131907 87537738 995634074
100
295812779 722176081 986072841 986821097 436194285 708016421 100420292 429739919 342275526 471985841 640778791 999622357 530804104 409494969 603743747 689536177 721748720 22177522 629502787 151192215 379946788 795328271 80358450 96633966 478989802 711816011 433316193 471079823 111295465 968048389 274236185 787195246 69966616 293422328 598621075 747934401 477625009 423948925 104901030 177766375 632269653 733720168 249267267 326074917 487985619 209138176 301178658 290030526 471668359 599811503 713472893 777719845 895730308 159211465 202396606 347867851 694971674 490946959 257908067 747623477 936194392 690739107 850881269 522947105 31147111 330452616 469047185 658357478 814619865 983617714 52855140 512359138 640941851 267716690 92861224 198246015 87316604 292056971 442557927 673827925 431104192 782797310 4674101 849135583 270873672 270872189 721637805 246815228 169092643 87283952 728085773 915182228 943485169 902388460 234221918 623101880 200376824 306409379 493180227 818137233
100
209762084 564630763 723985486 358197421 700762807 947887174 208322376 165627864 757016146 229599912 340522361 395829501 146934192 35299491 921723765 329723758 849390789 48143315 664884457 702055731 495296067 924090677 818349481 67848693 960629478 704650247 361242673 480287730 454096250 822439759 535147570 365242690 983577881 180182758 644050725 607011188 592779309 316045981 409903220 805924039 634482634 576509184 903790776 921888430 123886288 532266004 524329646 709839551 8993224 153287758 559382591 887379513 313258998 694970253 393908645 824596217 872945778 190245030 397907222 281831580 100380319 670536996 74481333 584290774 993635355 226985180 256145383 626781937 686488047 51331509 799404087 861015094 68600299 70905985 262922238 824108819 360378246 166460688 621557022 788930800 840567496 221790978 655743193 270540927 948253762 372631910 732358997 553937194 435034964 636866623 331657067 141871296 647905314 860065471 774765928 815386048 586982981 752267880 621561445 270272484
100
929546644 792644723 487134263 374433657 848430678 403405621 446948055 553159126 131035563 164492862 640939360 913414110 136466870 989840330 998404822 311075892 678185976 974503345 951020522 68908262 618796753 893786725 510020380 10478069 753087226 313896325 109580683 578971947 573332243 502485987 916144771 687229241 240709819 753348971 440488553 963298520 557435127 393569085 989146341 164322409 179779510 419381074 317733178 228453831 949921179 227517643 666370163 326371186 578365133 180536378 817003245 442183618 13445148 217823648 636643158 77686554 833010413 15419490 328786467 570603353 829446453 569523225 557024115 221124678 152771232 911487194 923096727 19602392 236946777 194266243 333754593 872453253 934545412 356081760 25753268 78165325 482491678 390052353 5601247 56463727 499936545 300458779 155219203 975692874 612062406 471709639 229089756 81082380 130130497 856261276 403390055 955276059 918988833 833119605 935378053 573236151 17354220 818055425 374759096 114587148
100
496001463 889293573 710442893 858206440 801779221 614622403 385749587 836136485 421520452 737891235 494202067 727064121 997225708 458687891 256151857 471556978 763611709 968111330 570009746 491728668 3573120 616516062 366872422 867980843 199571430 175392859 139104321 177681814 48676360 990451450 121991564 964021293 752360414 997125245 231461022 66958452 743588890 847168436 672166412 617103290 253928605 118852912 555951910 376830927 976178393 182090583 923260695 931072090 337571758 396546503 739294666 555289599 981436100 456581033 390753427 69054064 458109596 272603554 212951794 259445614 487282095 862335758 68508211 644399709 735800223 491713821 830695865 381451915 134331527 147821645 26463425 869219820 567177589 977420426 232969111 518128791 501284295 522450648 710675559 582160412 524795726 609531072 316036163 339747060 440668765 633377863 601741391 149677101 773312795 731428581 279786737 824550429 72087071 958718364 20681450 804617890 336520 28725409 557369597 632430087
100
768180660 471114464 125930248 378342942 394270075 299019072 937518070 965251436 886576820 518189131 932917893 96213062 459993727 867832806 285636371 94541510 62679705 161864810 621629753 51995403 252960050 89323858 913541093 819984829 834218767 582084547 406592298 944454379 69639081 992413773 525074028 998932322 280003341 34163188 413030910 565784443 550858173 596535617 701951854 538240619 754456949 765146698 378908507 674542058 996553286 494017372 692134760 656746438 826874362 527695434 223414119 918805830 746049368 683333668 529158026 725231819 178605158 767610570 975055954 893156111 10710526 825197999 593371904 338130128 870176620 897506364 400589035 967473134 106129011 86851287 499906618 73317541 489383725 517211587 979230450 804811090 531851180 517218895 59760277 19750758 102115228 798213368 372593834 371937020 134916407 582408488 81643737 983512804 895666454 772273197 575360102 815718281 276557789 898660128 32731442 864056208 110848096 320199549 871019121 547487739
100
241015846 443323505 799542521 62998341 596670937 265241395 610933986 887733630 914009130 622847723 123435803 891018491 775576419 430310954 177894536 48161455 738332598 945368863 713259016 563513459 953583467 13827670 866542401 273009042 356437085 934450656 966900032 302536412 404806030 363706754 468715525 714161375 880089910 978993596 406559827 472964091 821289167 834945935 49977741 221757542 232294543 894351903 674054832 527062379 856545495 258769274 199236202 630367008 534514895 29516619 671804329 363733734 722006786 118938544 240666714 175055554 683067583 618931048 783678945 742861911 733317487 253024707 475654183 114183247 382565996 490810512 345896253 534345323 792173362 838073822 142244358 784635099 776854035 315634898 217328804 256172438 735131714 301402355 160500843 877998716 631813598 231061357 201258118 915190573 300056844 611810677 129840530 308800531 999485794 110388360 697982612 589801083 224197395 681353373 721731060 884406115 837904786 593929702 307004650 152453206
100
249932134 212490309 818731469 973785074 238921248 714205605 870746557 934824352 33134360 706052269 920402652 341302801 584282450 931685115 759300870 10184060 689539739 266385687 710369795 11634418 853532065 990592702 79675737 734061438 957961299 694830523 212003732 256744768 39795523 589355077 855003812 371915505 648366003 402786991 338081485 466873735 826755093 540586420 499656204 443111529 378715647 327458087 781448124 293992202 124904369 746941400 295045350 862641324 623949947 970298567 857717894 97038949 381781785 108856706 146982816 2541362 575517895 893363739 784422611 801634565 296990784 493228148 580939942 446819351 924926710 562892455 775266959 278134737 47772570 356695982 802348005 881902689 430214423 435220429 632197283 815419237 134305575 404667179 699559983 716592339 49063194 779348982 938519055 75436603 644475134 953489071 49892147 972697909 980410189 948799431 211565297 901345781 573690105 836829442 600019820 414378286 758777119 677955395 297700999 881699238
100
249009211 977001188 202061816 117167539 339686238 342543936 847376797 958831740 248527172 404031010 131953041 608963057 202991759 53349929 420984390 795051096 901329868 726026195 956996484 885015520 964951489 437101356 467740869 371569698 79745803 410090164 581476227 469960284 431342628 854473471 58935757 636785708 260475321 754037772 588864432 534276027 810190972 114824555 777238726 227609246 735806073 479114106 828107636 922946230 340043021 902420112 973918390 739088905 67539609 673976452 773135671 657141273 54820579 289696962 666625049 76310693 491484680 679655899 6556329 922245321 210125506 642900274 437994238 912689634 794850319 139231942 934853737 757935650 148516082 651337077 275496916 443512031 131886882 985040707 818848944 484956541 835954265 813440470 831336996 524619126 808908060 274062312 33664151 373938949 59917019 300347259 563372861 457827206 447359715 442963390 153748855 823566390 975658603 655923441 793042306 396438775 78450463 525337547 448796921 308757573
100
712050019 161132608 917678699 647053743 850341454 583724374 948546870 154628025 322369579 987972163 754849392 72955167 779246295 511057350 224853717 576048408 64775537 619952076 619782735 745094528 948737882 657931445 776530966 197777381 852940960 967377642 736562579 994726049 715032426 408551758 699061866 440161663 156028008 244946824 198524953 378039088 813508762 316412076 377305822 595002404 606369440 945498852 391539552 725677753 668403042 111638259 106470670 997384217 413519830 346732119 87785134 95826972 380152124 116349168 813835624 231018210 962415364 404213907 220649920 758721243 135454207 294554316 102595158 517805358 483455928 515129875 286498342 462935118 30587145 949449171 924938059 999092740 361542532 88562440 294481883 248923097 163713199 680835208 873468081 225937792 66518309 52434577 674084616 111712847 253801351 521746348 188692050 52946994 83691722 686681948 163252286 196444409 759232527 83357193 63907964 781206204 798121016 491466093 609193150 164035523
100
530308819 226324203 157838787 842479286 779426374 379315684 320321828 682819752 424125623 524057814 640121229 766832718 692974156 736503056 238955565 832502328 818287639 415165902 373589721 446806134 973140978 735725284 543995321 475553827 830366644 638780977 749106706 103817119 503168758 842896937 710531707 123000136 139367912 415308955 945575449 714528778 864680160 126027386 941055679 760128557 725519608 938480141 197246071 799076886 577058753 574695446 710140587 865670311 473753548 704474532 132356927 200600821 411382028 358897826 240364152 584870884 43635123 382257171 368324536 493353926 387854082 107355187 536368620 876297616 219142285 452955253 513020516 676299740 805598041 446828890 563818191 617689416 248187423 710844089 839874869 981535612 562943854 168508475 736196670 453933202 215655880 362075820 708531680 81187728 739952615 981431291 646383138 364189043 884997017 362390178 324824899 377123791 154763274 547413518 139579061 302791062 399292796 50125059 646444813 801974897
100
340949642 944560592 773218584 463927335 473142537 43959659 685159100 417919886 554183272 814906061 145924933 329280748 142766885 906346662 927446215 336615244 262965079 49079727 656665542 712708896 547125141 633497197 190695634 886305781 971889658 856930213 239491389 809902355 124682168 377979398 343961388 725390730 83318078 619542378 831551598 767741220 196172797 949433288 229627435 783149559 427648113 944798543 673594583 845686194 41512370 343702956 345718112 650221098 85524076 621931652 472564143 282417048 406834301 228941467 117543286 183201004 711302782 797975504 126844974 296439769 443852193 91255965 986544770 60170151 490461170 551256870 813058917 356178314 119509468 610178611 710543848 862664685 758044640 537668166 331470201 236667452 78215231 965633192 396847626 230973023 860173171 314359329 635084640 639545659 306455834 158680105 188115629 447225149 996160407 499990723 73625751 677735740 261206932 697792285 826217282 555533727 374313868 642185964 69721445 679416421
100
454167117 745766518 388190245 84353554 416039606 93209970 200387223 57615298 92839241 315578957 848524811 329543309 111311626 969309230 948911531 443205353 998023479 339346098 298700804 78624864 312901597 728832901 432772717 526024194 975081080 247866191 750560488 924208158 573506398 620217126 43456528 640148611 261702733 704597817 787353712 948559706 923770172 220345871 634630192 285449198 82518289 648090191 4099935 406624594 945648950 449418463 189135563 682091557 394194507 6425285 440318008 88044255 498727605 126366237 905938254 970128186 567508136 779516553 769573334 336455577 794734266 672300751 385508088 84271033 673931954 952973693 182315590 805877222 440741269 425426838 166202118 167253553 834235714 985891667 162934191 630273564 221035776 352116550 544862287 721600082 512433613 96278107 276731151 757798967 368725380 965508945 79290728 706047032 746897371 604625477 287311948 184669560 366104108 568127060 910582923 226341206 536327431 309076771 386213407 18455444
100
865277152 138603581 371712723 32686814 517544970 799554662 985026189 825190629 297392326 81450212 638003226 794593419 180765340 176386878 898454768 881363309 90391610 929976805 279806972 276448688 185144845 371225326 164515882 66483307 952763648 216737670 539111784 123894015 811436740 704028470 641452581 321326487 309595399 628964111 675077011 663611392 338721174 398741959 894224758 968938465 24159143 157357259 240442916 436538682 256046173 29159081 404621066 459860906 191675811 148823710 180870326 425878201 605273529 592674606 967191377 828424905 904147013 59014877 226645221 307115238 705467162 94019969 309714263 863003807 791179494 769208373 151745769 147854041 357800346 15745988 436364330 491787699 571395840 123914372 549344239 308315504 742611048 121911414 487146332 482958368 995439164 576361344 718418367 965148029 257600307 30424612 863054408 247918416 177123634 698761983 765226589 594635692 784266689 900092940 840805545 244749562 886847769 181827011 75548117 311531574
100
609057550 263196720 458029610 432969520 80347836 30927479 439317647 798871833 872922359 515592460 340822472 83195074 409275393 306442734 872355082 32930045 127169496 954998655 668269629 305368895 543032262 885507112 955538892 290538963 837538227 944836197 644234290 18709987 145605372 314766475 782611194 631602038 720675650 650820608 776220019 302163071 825505227 859737345 352226479 967114265 661839918 649834218 550551532 667953728 388479126 722177736 516062263 685605958 521696716 996119998 671422 851926483 620379640 179621169 984732039 913475070 557777623 521137735 728506828 116559307 462272028 188593603 640439552 470887997 81200554 335661839 227100977 357746527 317799032 341608902 346213573 345782462 561480716 671474998 265193285 618199884 424989377 981175177 108968349 329175957 365171332 16178698 81746776 971171487 974457876 140687687 898223504 130759818 46124836 199757617 458302029 1447497 284672460 781997512 93035998 707860403 888627432 34361774 518121611 902281375
100
867194423 662142375 515124770 727523217 110364842 725502104 993211294 638580380 782646180 752762417 463957817 303407576 316721522 826188979 244112491 579597671 463252066 598729690 668459280 653766402 124868059 408092290 3811798 330115140 586438195 875541517 312703627 121068232 337345080 998796467 132257654 667596363 572767198 513751518 576197915 860806542 704328774 955295081 433872698 164977943 849733093 545258272 906996491 325663037 375694049 179088543 67245376 194076732 877783523 987193813 387023188 828355838 296107583 929696397 412161774 221716820 606168071 10659529 543659487 27458813 779338073 655297336 8934707 306158411 586137900 99783231 406586766 818789378 267189345 775897667 791722923 496053145 773304132 78864628 992933189 528928448 204767563 687039859 258584888 666446004 548815395 500641553 4620325 698896206 900718253 102725667 504069851 983538892 788134005 581375086 323087371 531315311 52583596 202201655 284889652 838564032 257919197 527110407 36556538 825963016
100
677706505 537752294 384652747 81395468 509658694 930471563 213950397 830678855 492944276 707736232 865175782 618179516 585940915 625246553 819820708 200938595 602875114 457094585 985924240 235799612 166337930 961816728 413125451 947530205 168975607 582495474 123855634 595256432 445046948 848902414 526523644 514054250 64798274 970315479 173697453 768394853 285179968 451863410 90208498 864728340 596401626 527476177 734574856 149535972 86664813 949840559 975096249 465079531 801693268 65518638 89263876 971177823 162799927 531882192 456027422 262350690 962288203 905222854 503649412 513136274 971108185 855099590 8247255 549442476 153505479 384614434 143030515 147478114 227882968 970869235 291808434 752658411 472560978 954971360 928907148 734908139 189749600 494328418 549476842 411605069 380901593 193808198 575541759 810234981 867333189 730092701 740567978 199669895 338487305 38416306 650933114 427619389 558610117 886129766 386000983 985992844 254576735 647853594 955263348 961915590
100
833763720 354742512 421270838 764140092 387449985 441754493 158456350 121395502 397020180 917702752 475726396 954814357 740043198 685996737 990030904 553321254 613914111 152608040 431086158 662063524 175770797 147007963 674165380 29051767 715069595 603322699 511084575 56456623 655678347 379717780 980113930 385862737 679746789 978247398 619182099 870319271 561423947 512053315 98990500 719709668 177831764 461857308 640541836 888791204 471285910 63642682 387059866 498105474 161159041 865864236 432040617 527774937 911290108 815207999 339531057 608486659 688190651 507742962 225157989 476038149 841481819 455830739 630808279 314157324 205746333 992257460 579696308 227617247 147688753 27424757 276527988 206874337 367265863 339834728 447042361 535198819 147215104 193268896 313913816 93506086 913904671 37178958 511708474 719117920 234713012 553266603 480988602 71319505 823921230 593014223 438894011 371490538 201966038 690977725 41951877 62964009 220497067 343645311 605272334 4789985
100
438964167 585132678 478234332 577095473 604646755 639442174 704568589 947430032 79230971 705034071 798433102 150333078 833542736 450081071 928321712 949589065 49462900 898355778 801833979 640663236 569160363 727442125 550720366 361308239 40657156 480305237 820002634 909566333 242344670 359222892 962737559 144527389 564180181 264759955 695947317 307578745 590952599 3431461 579985207 421213764 802617005 918113792 170261740 374072655 202699781 196413306 754942402 415696729 509185274 98720008 256351548 568702776 181217225 633164816 730916245 262358982 917066866 639668703 574124535 623814945 673438477 226128472 109851675 567021620 595741295 970908088 884488428 500407114 7783207 882822278 141103579 987671493 705949072 455011306 174352559 134722804 337438693 906307720 511955781 323959442 235888767 397970771 941324940 474512704 284646163 213213625 557426120 659287894 225360809 427823823 110637691 837951592 523694594 669876835 591584153 767872348 26356297 110293917 209595422 538762040
100
158289347 863195004 179516513 315595337 401203018 154358926 753291667 373723091 144594853 425349510 495293068 923953590 398288495 462530664 894783156 787265800 370857744 957946961 835950974 537098109 365130904 692667425 204970082 146086425 69241804 675531581 157614783 659383807 139249172 812374925 372270908 403534992 715757176 326707669 362793049 691852261 273409566 957100023 508575396 94434820 397539498 399118066 725496650 130392252 569676121 393036390 872819023 636572061 53828272 691448858 321294888 344883726 240743855 521731793 551281473 411012772 19646498 936802473 961736512 259718731 29888325 526851878 878705854 266429379 594997348 223130882 134397676 407076589 252077313 148669303 628168788 945117346 287673581 931025574 113217410 289409668 574623238 44339630 987437840 118126103 42193574 432947009 990186475 941161379 983720770 286547948 120926488 151498131 913486944 653787768 214209683 84967412 425008391 90828346 423323858 897491682 812904243 443981312 700426936 171213830
100
806303512 103632340 689532476 823449376 789763248 603697728 511118167 22210349 217716145 461926386 72209574 844612712 119666727 776297050 778662096 411086035 913788720 326603290 229391781 913503335 49963922 318748981 479644610 917612934 233776262 782967720 511765674 747740770 830334141 252324437 307028190 194513147 380531940 442307353 777624635 448009815 723915173 86017227 962069068 204863490 756570586 580869221 814866062 853830765 247439353 975329169 885972955 957625330 147468772 628074615 851035516 188579792 421437800 324219716 287435512 368493529 203525812 68746972 793104932 704500079 97600929 338118920 144974635 814556309 553269774 140403288 940606520 717993879 791600634 653804906 769733304 931645473 162428561 446124681 626574101 969544591 52728199 749745536 8960606 99688255 911600146 738311423 728862066 626065130 203965678 934033716 239198473 790244256 230979420 61051832 68828678 394559381 910611292 639130017 368752967 395347766 74239619 284969393 118766596 715858937
100
163154680 161631684 516365426 992073279 449413076 567627081 756593624 466948272 138536554 850925636 214744836 907709075 18887271 238474344 89504388 281952867 843233426 318161676 662311880 809340988 677499409 359475423 404564517 333531680 27337184 81141316 530195133 942813005 268552731 561962492 167076090 864581884 299793926 969534381 652020266 399941107 986096755 61143165 998509298 910622442 901460523 466088400 652449501 479390978 559331384 754172145 335844430 531012816 776450960 96751865 265097958 736125647 640739704 768906930 132926673 980753480 38223976 202131723 853524701 927708473 38243570 366573669 269839612 960080049 740783152 784604747 430886863 438756624 93707832 795501782 139730062 131366877 343100380 527505382 685666380 365730568 875434865 900668480 70582042 430266515 680424731 553748382 891615026 969125722 888707617 244763641 799965765 772182488 868005200 750922289 468513460 674696383 88165492 458442966 866215560 756313878 724821561 506218078 390841707 365441115
100
354378937 119638014 809191445 713230869 567563155 894198258 272421306 855690288 273766184 23638029 379019784 686459586 586161760 436506409 947543540 903810151 996247745 677772856 165686617 528693095 175929441 897285899 489029552 360427117 211107390 232157272 78162010 691460456 832221835 466933697 95209393 938847627 147301661 721707177 791277831 908625579 248160430 813321325 192009083 479812801 139171007 152304599 855879891 923585044 967514559 493625111 582754769 939362067 870509662 274492648 710929889 168289167 491963283 889210468 975332104 153447331 512761007 584558814 721308443 243309177 720248765 787467049 804384003 626398392 63820620 432210612 418999888 1140657 707787387 3702252 387508860 34036525 742485368 392827876 663715044 727879031 695549397 318215991 856278047 968535494 561963977 497849797 911968687 47268853 977201150 52881961 33674066 499388986 575656143 828638844 643293511 88082631 370293914 846426773 839657706 527407690 857597261 196691824 712813515 709904307
100
404164782 119720358 870183338 331491470 714135973 747015234 106182394 418963205 555129681 441937245 926483113 905377973 72391448 47885254 127744498 306632880 481930417 543453515 229839986 230844496 454355021 110898514 473587134 560583795 880144952 808750343 619341746 574025309 139702450 296908511 784212827 472627581 313607596 413701604 540380219 941403861 942972249 609685291 761272906 72729261 46391882 566797584 17219671 807676591 459122157 20412453 412049669 663601768 660615486 265448996 437803102 913278259 987474365 56540689 993910349 301205059 96556999 774875584 147379458 760120857 693364935 890079609 628362485 952716185 198171148 215058687 719965574 826992876 266338787 258479719 347575960 457839322 843849344 861982159 270009127 541296271 557270341 341700778 991296939 537939781 714862120 595103192 302099994 369154356 992933098 837393635 82110960 312555593 881986643 436351365 503069422 103966988 45410814 793771028 132716177 462960336 914515518 277070780 68036671 11880919
100
692698124 880610287 422165520 685753901 91441155 182326037 497029085 136208231 875950118 734469396 179767979 874188229 850077662 719737700 372639690 800938089 287155032 945178823 911424212 851759919 82856591 420109064 407441868 887546754 924271621 391115124 921938942 684455927 91740767 914610148 496846453 772760701 791706887 241135200 16015741 846880577 114396054 218406674 714089623 980016290 510710374 441725009 898359106 416846103 3011586 760107428 109407992 414851541 564366480 223936586 512103042 196693352 944506181 481687298 152890825 497853726 290534280 924076668 810646940 464395326 416153694 236933837 149090148 512149588 439624042 88139192 7604257 915757165 831493689 453947918 579835965 224290269 869831737 693341565 840123216 335606392 188187562 245626690 405233919 732198243 909079992 982742955 185792867 725488785 369123774 777998435 100158968 395211134 309171701 386314125 28352813 958513241 311559442 640418162 105031860 653143369 947965950 409501392 312417733 977557017
100
141961378 347276381 473445762 671055597 735521404 583416732 267280148 724270705 191079680 54882472 255310766 305302887 910646854 635829615 890190604 572129805 747682921 288815663 806458375 266510894 826276919 743209666 72236736 154884025 228014974 472216988 679502807 30162360 278792581 289412044 482789939 538944239 158477834 761835571 897329986 129372184 55389148 427277055 655802580 985397434 692599573 838217825 341572928 969981392 37112847 208800117 770894827 647542763 921280877 194572266 176944642 769070295 258010636 45611507 286445946 411468538 530683947 349864055 860928680 473565239 631073307 195351430 16563366 122203361 37039493 78441735 90048667 173947406 946940005 528940078 507478020 741508063 236082951 450064853 52184831 156215738 498103019 501641087 302493407 257185183 535426012 3286514 492824758 87860448 442952000 460958200 645937397 520364439 290298888 81614033 573011313 960131243 262821380 437000796 343839380 971316741 839798185 83480328 672841688 603271830
100
587913538 100163428 342816427 29729729 933999209 62852447 437576459 341891325 440774192 95527608 890817259 672561816 208782985 543826151 662028521 479581715 481135748 975669274 994871855 133242560 75941493 544325420 528936637 262372613 964511538 569314517 650208890 165731354 937453585 205896510 760251713 446188181 120865169 984771589 235067030 280293521 645754811 599062000 977566999 948164776 866523753 822162973 34578896 678253716 329395591 701132332 138585768 122113542 646010747 58715231 929477435 583667679 231576330 36693953 310240555 685271694 821945990 392180056 426457309 829671346 623740301 828034680 70900130 800684954 398020823 962072048 91772307 280146231 226755707 395868117 563980693 364601984 526460661 162817873 843226438 775808013 504963292 20971784 743994182 187610619 764667985 571112789 940453013 761364981 200123334 671194775 998147253 777814982 474087143 884298495 411188812 568567330 826351937 426879134 711612326 708175634 33493037 828620539 527944571 154207891
100
925960660 308509453 839344507 121533247 468279555 607367844 697204352 119398037 550629102 584412906 926878121 409230057 824949991 764717419 128627744 603361425 523236972 26751608 631258773 797117601 263723595 211170856 824068722 366641709 441461071 982460488 482145872 299380976 539807836 338394868 211522475 534956514 565025099 927111448 265415488 292579777 108143291 295117414 836785970 630009346 543473601 44928505 954700800 618799610 806211558 957451453 246677369 348144957 884346729 790619689 730351510 431032551 88818979 203993494 344994784 6717985 56046006 337530650 773351550 273556037 399738283 100615450 578016632 669400445 868088159 955849122 183857817 404412953 402274974 201829025 251540976 259021074 338740844 233989185 332275848 808437477 351675302 31441715 186712538 125902358 991769522 718607520 546610517 948799660 774508120 969669753 63588107 70884486 47518409 420437348 476299407 263120330 994260083 361548786 780576918 975080134 434952264 636349263 33933555 595676230
100
355531066 306660892 864378131 488608993 727118840 487361288 967892260 921175928 340533424 369485650 626628779 454437058 730537160 337687696 564604160 828649787 544181802 377611358 440815581 354589265 96056311 581682445 139605850 594937675 906443629 217691158 811232263 607595962 441503428 273264109 626120744 856848276 823996417 534553235 577113939 44138357 82607714 956913863 306412224 294204364 609045780 4970737 56747788 631496002 718764970 229610426 624788698 16292577 416998 117940428 463005324 318128983 11509928 381937969 733229003 739178604 539978177 352466275 29644991 288337015 305270708 941670088 278293903 961097348 750939725 354276781 453225146 604408579 649489745 435875875 204877063 704462327 289781284 605914324 846954593 472449485 155451952 755894528 519674268 19134118 322769927 314082821 401116091 865968113 323687097 687050431 74207893 707249269 537046333 468433176 675826351 460506154 284491010 77379959 229941091 162300866 380428607 486601121 471539280 448686901
100
243273405 996123416 62125938 361718942 94808086 562618458 3073741 348979500 738896071 37466509 444397047 919270585 582036819 481857462 113390411 704829729 761532304 89234588 129715498 223844278 832923181 281189566 688263936 506332814 185259000 925540276 839009972 57340053 768205131 610260037 21553479 144415764 664338321 702345891 730170227 789232608 370536587 841237335 413765632 832046303 271004821 983759773 268874620 953367468 421349718 60064991 892427044 864572366 485878179 55357477 707121216 981385095 357885179 515173302 981941740 322865850 292605666 813670400 556978314 477267674 837309609 40262745 355270207 169185649 821038372 453146442 173897017 894097997 519202732 35441636 526962692 772553965 610579272 182907334 709537326 448350680 376692355 945322967 344947205 275257328 44485891 806853745 335663207 671314815 937006379 677247720 368990927 187132869 516442761 90923328 516651269 829034018 169382816 609886006 24724505 933503823 588888915 209299039 279439251 881442151
100
569295037 993076309 210963279 233916042 75845739 261590705 40715815 673419588 691881566 553865737 31491561 512803700 506339327 451227849 665346032 198061574 680891334 442795142 245854039 290552816 445539519 540215876 195944278 976605265 600799531 730184769 434461477 875221746 559379409 892990956 642056753 719620589 150753947 4809701 953364400 485978423 951897249 789290132 487003158 963753732 57660525 625402335 932542298 132903306 745548281 47639482 7840878 794861867 260012697 833090034 935884886 500551495 472005976 15357768 833854922 439522099 690344488 401202932 906830232 492110373 420571724 528875709 624987275 876561767 555884953 593845729 867345953 925578342 180841828 18084494 497401582 696471309 609735699 102333411 302279858 211447453 694039759 718191641 377761096 611333881 127023245 259304909 943952231 720498759 56187228 975098874 613947499 493506980 764047950 395404208 595765922 949205447 658299661 524892019 645475119 490618023 372141352 326225975 92407612 935135155
100
550728681 630213747 858559745 831545743 507039283 420729043 774707262 827793628 76666384 252632492 912033431 925827089 34133861 165833873 229634930 652546614 136366784 348511625 861735516 667497426 896130150 737881690 177178126 536721073 899193572 404884708 121581684 350641632 855287185 443272267 724905861 99370815 337536722 158511757 987948885 752541319 77152785 497650968 35030887 971349319 465615766 764489307 551839172 70353504 338829697 962522340 289615244 398557002 975185322 458154325 682541817 193466657 882575321 748657572 524708531 759716268 132625147 116059171 752298780 519702553 312655393 707318812 734919913 509127592 175737192 17076402 465558426 182728408 542274387 55453919 374126416 991588957 61887229 843637290 424491973 555256992 884185516 285719337 491057732 313329242 535367825 828235031 799433845 165484870 225268123 91189463 147570027 331988737 7826443 336914052 311848480 510014010 7581786 153585678 458754091 151652716 63228968 639765319 293049954 759857549
100
48677472 124764568 965013428 583223078 160051256 141231274 593028983 442882202 593566441 971386949 778934684 379782410 555646836 257624070 445678920 561950773 826423440 631249361 522667563 634833761 413236852 477315485 884618886 114350664 660793248 564812265 346246579 543606620 404106405 629366630 748167035 378586160 185591760 45639446 115802667 134532707 329003322 801691777 173507690 94015955 966409480 786470683 201514072 862455339 666333731 835342170 727822382 741492682 489818584 722154605 683791546 722007031 411524656 429103396 477556232 503805775 174472696 590533730 793974281 873722430 25904926 966252294 122842005 840821600 574156523 264693689 752201854 111453759 832096698 276334501 547739426 409662810 220861465 909984487 894979402 864067624 107774573 528117537 694171644 632265632 521899616 356217593 567555552 99707731 794145628 946240805 624293785 119151381 992829455 382006332 701567874 192856144 803269079 53920218 512911931 705829483 579425454 390068412 429181046 986194392
100
485267687 963088515 728664164 964954668 578787219 575374310 962538405 844946230 705598334 905489029 506028000 316114018 552147301 925115715 145194722 264554 28229164 112368531 288933444 435726391 920358122 328464298 208310290 33362757 469082183 965501040 948822179 678166267 810110971 1560967 606112506 583985945 98533321 726382871 654557762 505761685 933470502 467041568 294186853 689207918 87636157 56880764 287644415 209264294 486905524 178809914 995558432 990273800 622778505 548983650 773775324 449522791 546966900 369936358 985374454 399701297 690723835 958503387 63552919 389171567 439429529 678728541 261142105 945042251 932232175 950931693 996872957 240920326 54671422 634857658 661518951 141923923 866284169 508874978 526701483 970664951 437065868 339231335 659531403 243380873 91585369 692724545 68240953 836200820 762750946 319989319 880183579 278140440 218942230 484575763 782579055 710537819 494349434 508741830 485357790 173189759 810309889 863089824 42831284 945856528
100
489926989 909634380 196997975 629341612 989149255 844389074 833985476 138193132 510708684 705315230 281858305 680735955 11210061 960688668 341740737 939657018 290753684 257112660 298769238 985173074 89640022 327437964 380356159 778198552 458251898 761571535 221263666 941582886 155713589 346651564 644815148 36915916 890561929 544921840 253654672 998570451 897014546 895921495 706993612 129193067 509443560 521143457 616635002 950474536 823774174 606021348 831622993 334475626 333226935 319322201 934942377 632369417 291595125 62008453 380086042 914969819 815440349 601569200 896732582 599332471 925826069 475906085 429228380 739993033 203160362 256424301 888511309 447137234 913123450 494948534 956084405 716895361 773925025 974495440 838296922 425648204 720366470 233569016 912350338 686579712 421116709 940077397 593762594 892288997 410826371 669972607 292320810 344719029 301596392 123998602 587268093 536280469 192689481 52629754 84780416 899115316 489450506 458416918 724068945 682942877
100
237161080 899473850 243267934 943459067 247542969 718172602 616178409 29859310 558899042 926311487 48416651 629138207 255376890 666567217 946156677 660509409 730426244 268224718 645487544 284134830 327157501 674806891 513524552 241830041 991133298 910392512 736186480 757309818 880816365 61449130 52617677 35985499 918005010 177957282 625824064 923356296 146766957 313347753 869518631 55007916 883287236 614730139 296306460 342292771 271534157 544064964 708264704 66061934 140365092 535798820 915520892 345179020 769721158 57740101 379360403 963119174 790513541 64191726 955888963 581303780 409580878 757146776 659392681 570809995 760229227 353926838 212094807 742124303 81127322 393565568 170320549 543994726 126832610 667597609 905939764 995583725 730810607 521677843 785051136 99348662 525538076 796912431 622986003 816214162 562177490 736737330 259017315 266205001 355657758 695313500 641152353 157619313 498787419 656878520 345332111 266825087 68631174 233371729 129035754 796950903
100
934775981 204170111 696654953 251630428 518503431 118598296 219908859 467605854 528993604 978869603 529775566 363106363 363048900 524871486 627162378 378131972 762864364 668324443 463100260 894393280 86666742 14760538 286348391 463802205 555944630 364429043 616954320 510773818 590684769 690392377 5589973 66265006 874712260 90087463 546862453 780266385 745188041 6558641 232851763 596453696 945669334 245128379 866802898 992625766 669650428 659169094 387755817 918147397 39944339 585795606 867920428 159911254 222000515 323833484 641257334 27314734 191412332 97408990 295579361 234753674 204139733 548820123 131215350 642569794 464531 418331078 851991327 145306584 321209479 491556603 328487325 379720076 675711298 475663579 203812463 540180565 678537996 295160363 25888192 173999917 555392036 937479448 15704964 231259074 393054234 993164508 110559666 830275990 249857576 207649129 450212770 627198462 547053949 161029415 787526801 863546734 88227163 985790026 345700682 16482586
100
408436545 849784517 165587636 547822064 55431590 47720318 294459350 25315702 567445923 295844678 204837349 961933853 454500155 791264926 516768844 627021607 287680732 710628664 702727811 702940229 838036078 673099209 692961536 591438607 700258504 381406042 920998916 552147528 78256073 633347241 904225751 448570021 430375931 260795906 376406579 519674371 933092095 181220246 963032439 227702644 331761358 549135745 379341314 924808525 810743155 107852614 448498857 948693123 638227847 121840934 949575392 480902471 141706945 181199541 987218402 55363840 215664784 887756499 557853588 62451128 856552179 333641743 113911129 741010192 771946042 114363468 484886460 602715551 329776163 824314963 33961407 773786511 587235228 126110420 399618516 152663568 103864197 735524391 170633820 248770046 947203305 147512297 48728924 127322257 129524566 992575 229780865 500812840 922598753 722230250 837037193 325627915 91935022 188957571 176638846 389938205 287310842 120265787 844823450 194983434
100
317480455 295204138 268585443 564343068 479253613 284330604 308124448 128472925 386081053 13920399 404839865 564427515 85822650 715610472 510953179 191804542 175213893 636513835 438170832 772025386 4797410 356766573 487649565 694205972 969038731 514995479 685273256 561915674 788449320 400367958 648808384 204359021 629507140 662777388 351523357 175688589 568965377 800532659 452385167 900983755 711232839 872223317 706186129 207499746 991215489 112894686 612090762 940173364 546069048 279054215 697902273 488497115 678482575 71369267 895515159 567118361 193844916 664862362 519135123 253892651 305379622 142434931 108776666 632689729 801297771 592785482 789601159 444344210 12908486 230840467 692511236 500437164 139828268 832388819 969410106 284794177 801063085 927715441 526218631 108881266 546197917 787301971 592729347 10637356 334591471 173962159 109646520 435786094 983525842 139509845 722045522 668541664 821138935 614434522 445655329 369577969 38772569 538652459 37813178 98683304
100
200171425 444332558 266514774 416340775 44127717 677604670 904499682 689738309 390331609 880211860 400354420 501565051 383112502 216612956 578267058 950261073 297742530 108573139 404342252 741804544 641252045 765266968 166595778 931457800 167939982 277338614 738841263 506679384 120230603 509473210 413565343 209778978 796221691 211579665 644911235 266060398 419253110 9455528 807491632 666659158 160581563 993384616 670363478 455006561 156831274 13456980 79018530 401436304 378715460 913291944 443932242 67949788 617281329 867533017 400827964 434713989 801542495 135839753 858447024 790967282 712179465 166110354 855604219 906442839 41280544 600736149 756753469 812831496 688021251 357908582 276584803 871985709 255755470 216383494 466073697 59620295 149069251 727600343 584704050 817953881 278902032 518930626 8421563 299941908 993133486 349926784 287253863 234044114 622865722 667381768 965343665 830368871 798330733 391469957 310105659 515891434 147409987 667694318 69502992 530439107
100
382320766 805091373 702273937 543638770 844761275 127857163 565679312 228180399 452422750 469795078 822247302 38169472 523770903 493578752 289188087 831577491 746114527 905686682 661913117 812220868 544746446 276279998 552193583 972126581 615584627 936211407 663453906 796705452 885256950 266126164 380351008 624489116 637959932 36904883 705049959 414485834 808172957 913837131 125232291 153455024 31049443 571580633 856422704 557512138 413352490 985242295 803235025 706686899 234269663 719926579 555276668 768463916 677564096 734386 241943734 405531792 164852943 474384994 65206638 920801842 561540526 418838362 420758256 873577663 736385889 932983936 895881477 90669489 81563565 595835329 87831913 316172216 916804243 191036534 14617120 908211588 517966645 44779692 590310040 798836250 838206774 578801081 693922937 569730458 344800283 738198742 795183861 538276507 793037526 602221561 496197490 880762288 962235360 890550367 379807011 175653681 226901496 172483013 130293287 996484776
100
126176321 457166829 877860707 480856731 46096583 831541622 230612522 324056680 29586938 527500144 918068009 837604220 537835234 742791227 851316425 912248995 408176492 748950551 646969777 15850993 889103531 562584699 1669753 739563312 414368077 286782534 269630374 452584764 974275114 441609742 895644756 432223925 209229723 240474219 448754183 997228733 310393284 509738451 933924790 913051200 963534706 644639764 575328670 217542509 591383034 753484846 459564249 814718848 312110790 442491326 615112787 785028923 12259928 33066924 514888317 485737136 922552767 904030973 594795031 935568915 167529634 341209398 5251103 859114456 238035870 575791868 241416114 467835774 544510540 986641069 883162049 461298981 883178414 31400816 203165529 159510148 845752580 325611136 323077811 663933461 186171033 975485188 293417995 266669812 89425202 633960512 333092314 550276857 194447912 300332846 604185143 704719249 653262806 477489249 252649687 597332442 501090694 893195735 739999710 290216638
100
2976478 668686841 377715070 998759077 351674809 25310745 526399968 714451329 251704031 9273432 328681672 226963340 390574126 309996339 495847908 291713070 644389073 971581877 35255750 850578229 85528829 975836647 23480979 47022080 909151158 69919201 693014411 578727014 385634404 277032607 189127185 216532992 275096826 478441346 296764239 290189990 108957669 331796364 264533494 982527405 944591652 558684893 635933124 826380463 305228207 750360250 635270534 697470664 181643218 277071451 964161592 141282401 138733900 539592041 145378593 673114171 768353063 582593777 299265813 563145607 109367174 224784779 481629824 147948156 317262574 43859883 79393789 810026737 642409182 972804473 405617232 435581423 675940985 625503251 296304100 139778474 286252202 132245406 437237241 699404817 247333740 799631941 518643312 398430617 359446704 6654369 633254776 729197366 996639380 109156966 240988068 141489469 502374305 978548853 323852703 947912092 525254611 258352376 198046620 371533974
100
725213141 634622395 790762629 989318351 2366823 954409441 732562370 346296411 197382767 563710678 233445510 516137121 370605662 416720249 809233683 145770313 483189183 338996318 32211206 385356975 690544216 233369886 267274765 197080629 308853168 837063626 279675583 527453686 988705848 878921239 466591549 889338642 131795081 69868049 333071585 780280215 232104452 882392379 882836422 345008458 227354857 491113573 468456807 8255819 483618119 757641690 712437687 939277238 2079477 17980857 972909979 851399272 790641928 388507563 514930227 275124060 214062233 588856893 257295355 674432003 745290139 693641528 496428680 383504362 418525346 402789472 232613496 44613684 168783721 875891210 904454045 169901471 179440850 447344968 903302760 396072702 215914773 492853695 759362006 254169156 364795763 682902560 936759847 956054626 469868783 267107960 308672642 500565462 355472917 992980136 619524350 782305105 625665506 280473879 820676208 962505676 213023291 419122927 116213990 945299208
100
458332818 652250148 427049583 79261365 682778027 421968897 125597133 733212954 29128638 993412860 128073002 131773895 383169112 324673337 428103711 13575048 442174222 889092782 997276444 838543548 74232481 355922659 348291636 225428677 37503755 857716041 546493168 143330290 710756551 323433825 524017305 139465128 236189216 29200406 466044166 599199792 733174470 241437617 223901428 436091050 678104502 155518314 620217995 269589286 311271180 358074816 906396430 589587155 712096459 153522699 137218868 826773332 328847500 13365340 375912836 427434934 502658174 377499507 201131921 32514280 770084172 355720220 673197710 843776898 98622890 350302144 736162971 165773264 868715311 569995540 695230421 695761083 342175206 303952477 781560802 344111291 745306513 53389902 960423667 88503448 564241883 348746487 534010311 471363062 257067750 406203022 624273592 252213717 134602630 323141306 923841495 402108376 296802909 268935980 799878834 695194296 605359712 496967553 488654698 863615184
100
392516290 252683380 829666110 565739498 853058756 798495250 963425181 91300091 806744010 65687660 65923380 252240684 903650465 627868443 400400919 391295523 735857788 319492177 854667931 126944505 926471737 790174590 125657518 85205221 961819189 508956765 27785945 752374551 297261840 922647143 193714208 735462930 738760198 892552976 767879214 710379123 141966861 672332154 869679365 19194580 713827256 375600517 340407007 137632782 311702100 262471997 799670812 453803886 477220953 885682155 841688503 128625478 141826482 579293420 798323448 188320092 996138412 882454463 752246812 570406596 237952350 483053245 381786702 581993022 636367485 888469800 826202306 212410779 47954995 264841295 586617065 736860850 969128732 457594390 592003092 85812847 285954556 101249961 862899590 869386174 197343302 480662373 409747538 672515231 12195477 35991247 356536993 214543956 147167179 560190532 820812332 387165448 690448208 956002262 368755775 723148077 954226380 183989821 431557325 940433595
100
817546659 706371247 584939976 61626228 638159628 871398690 877944878 842651981 182451049 384316625 324775131 747781256 202569236 189699026 857922716 821423540 526294433 640719034 798450959 423931786 505078186 399614652 828053684 293560053 732788166 826848484 808475573 530568953 345487643 827463359 200258293 572956898 528231978 848772501 493514366 786599308 67806499 283107524 806775428 598182461 744178880 878636663 463017956 529847920 213692015 334493145 994784991 332685953 625637015 861806770 284174840 355786458 885703173 41117423 807813702 673398746 14978192 961027907 18513839 257810724 693452039 174754648 626061236 755723079 758223045 466968348 232656289 855801680 657625082 749380408 965112411 768127134 421055983 386573558 382893002 940718659 958187379 542177973 444117089 474424569 346224129 989026903 542895511 651221203 614700765 81143795 248135949 797042367 961237310 200977561 656410552 469783604 370641733 146032552 328840371 340708522 772088010 352493766 526846386 219002491
