100
100
43885330 281957169 352549094 681404205 433434237 337799584 243479521 504644609 34512747 498051025 746566828 742790938 635012043 643839292 607567891 830130680 386824190 708178167 466648116 261322825 289527326 395843175 876319303 709222246 35067796 743322386 475989019 897388637 360083625 255303831 262204816 258574515 407779061 612437963 955897841 374116129 279283035 140825519 586998333 341345248 704799461 76758849 826575379 821306974 898560136 265781137 440166661 211945234 10768473 500816638 436098234 376066959 656638479 734120223 760593580 762472461 551999521 369519331 613101458 635996105 792152394 834921212 890058369 401431083 814810928 264623555 640144222 220043349 484873099 918364934 157379982 208573301 909893394 763348044 540411274 769642740 677970401 448161175 528545394 934665457 248690340 12788012 57754932 779981184 846898970 936438848 406243602 530399899 912197255 533306088 341094567 648860197 781631140 887478173 589641600 516756111 121644103 450833460 459819102 662230340
100
1 2 3 4 5 6 7 8 9 10 11 12 13 14 15 16 17 18 19 20 21 22 23 24 25 26 27 28 29 30 31 32 33 34 35 36 37 38 39 40 41 42 43 44 45 46 47 48 49 50 51 52 53 54 55 56 57 58 59 60 61 62 63 64 65 66 67 68 69 70 71 72 73 74 75 76 77 78 79 80 81 82 83 84 85 86 87 88 89 90 91 92 93 94 95 96 97 98 99 100
100
709308597 274542711 863920963 15510062 932847345 374890871 499819125 39295646 959028041 300028423 972191971 506767481 598193882 357101030 295321770 434454668 356954857 719343155 428686180 806355880 603326351 881290574 716345627 698848112 800236700 491807476 403606957 326525773 948406891 906559306 796766727 153175150 957248922 77325259 243847818 992599720 556685030 337848976 801743326 944688554 550502919 182310072 92120000 875762371 303527106 241959416 529576437 467928650 172744599 262254791 507879149 86396179 751841470 130817893 176788495 842405714 894987525 845719068 454389516 821452742 838009637 893887469 956922329 899434557 121373990 223383774 834218701 766443394 847337906 856124411 178479616 713610028 35811494 287890883 306655279 817506431 134915344 894112235 37729694 962741955 735798924 400233050 485835402 545202472 305218925 123779856 270362344 105584786 681081305 194680994 608263155 411134643 835576499 359061310 18768550 231124761 21334890 898578021 394651288 909790797
100
961884531 438521556 152608837 802455722 227728587 814875332 981091176 322659382 732901494 766110598 22803560 573870693 230262749 222772437 870346004 454364398 397130974 155616812 196560280 3126841 349510008 712250689 665269732 110995098 387163312 557774061 642354528 548903441 39202342 286539773 797022537 27443145 396668147 721861326 173344712 363571381 6385081 428495396 602139095 182503174 104236880 490672501 803107553 407871728 715583445 665665038 288830182 873747440 697612721 663484447 370125002 547166120 530393800 87646981 604348794 114578267 75610351 543597191 550285876 783510978 504538855 235323535 708289949 520676102 334998781 960237390 527672704 127345993 315570762 342240572 880347989 315361529 295524024 493464673 771501086 623682796 692858294 138283262 883443922 433665018 627659337 278954501 724977365 157596510 693456940 517193926 706741879 897436489 367848253 720918798 256474800 534501867 950743974 314366443 637781396 537720205 187911117 277706516 549199100 627803126
100
696078751 343411116 574247305 791795348 520827982 741458735 675296078 379996235 470285002 430501602 597506288 258429749 193580666 108235313 803361132 399398462 642986588 442146480 605707112 475309605 763939535 178968689 100885086 996190881 581114823 757704034 734905188 731301039 682381735 832880586 557603817 876821263 828515296 856351006 227367984 489219882 504377335 855530497 878069226 522872600 494597845 827644734 39244062 983013940 157050482 822027994 4786937 907199246 447329185 846947185 398062877 662550192 533059587 77589792 80875723 629245660 648447543 980103264 147862446 323975889 314634645 722063820 745275269 960858286 602181340 203994492 626386595 2824212 245964084 888802709 326164382 229446761 549189958 278330073 865887122 175819144 342992387 681919923 346598902 24452001 784908016 695608105 778344491 742395113 672415449 166088472 579269283 511479280 205510919 247802437 948356481 770057098 418051061 22702355 977518671 949021703 84340479 938573049 597734281 301287036
100
100083880 560816145 156856410 474881088 482006395 800061144 325226531 932750928 517829594 612704941 942696743 48101488 392159143 706721997 402323842 148510266 211515076 956660464 545590643 711442593 527342019 912237220 797496877 479314658 633055070 563839454 517138229 583298613 142814031 110259065 856201477 117438470 550814872 779998843 244296208 94428836 320442995 156014667 454514973 700886427 235586508 568904889 551399787 873562094 187859896 19699846 229215752 404935578 482010360 292152925 773129973 567295653 133339739 926753945 279995535 944441852 550347569 626464113 20442457 216009299 352425573 481590542 267938690 747575756 629553198 372105004 302891820 774551441 211999952 310867026 822518881 909937226 653980219 527181038 437989223 44539021 497066208 655245114 777541217 327021569 56316027 114567582 446463344 741759993 216880838 90094620 973019639 23606068 515382148 120355648 978648374 578154216 507129975 487458132 271282006 261458491 468542858 275880251 351660904 687783181
100
850094630 392872902 192436314 85840929 424156530 770006607 166399482 873288575 235604544 850151892 474939844 532151741 7162770 457961868 237386139 992462159 197066034 198449054 427151306 978671998 59372896 518256254 568898353 528323703 981639353 885529544 2920617 209588967 23278157 935178544 41595001 527954705 688582026 521123533 988411660 925041243 258873762 319261536 886791076 322347639 505745095 607844286 273185083 103680256 51100429 101105587 882263357 934459685 21659970 745879090 390708483 806029000 651246431 520212732 496122578 705811348 506961882 879758378 821801809 232839076 670215947 159612645 596584651 154685764 856039850 873473418 488172144 751595922 319191049 139234619 829496281 114005953 599894900 12959223 729018448 966518533 719378232 905047846 543186692 379545305 431581180 518819951 310859564 648939965 798149916 146724774 472341430 200651156 800865605 733962810 341260361 867157309 725152172 706111027 71275131 938652149 519062164 3877150 74583465 141950527
100
562197983 782369497 1498791 697070183 706607808 755096373 809342739 659039603 590955588 84817081 359846580 6796488 651659362 200813094 391796378 175819217 831566099 624608981 242062151 593921147 287656658 499292337 235780032 260474603 437916956 541422583 112333586 631656945 121927867 194844616 663151258 460675642 5071204 763176159 371636731 905505903 281960883 737037332 443967589 958732534 471305964 269228960 92858180 868592393 458439967 745744222 105701822 989915601 42322176 951139910 862144207 345033439 682496633 2380376 264502699 913655327 822484677 695240008 680784864 942408820 524893099 962126610 256621059 789109539 966800299 704537688 410680011 59638027 602175094 122816547 606021258 948306602 842035819 106514604 903511775 587128996 139278091 17299302 264480802 409415935 310732577 481850196 269408184 750243740 197194508 862601016 35845000 1840599 792655797 855849036 37400957 445721025 371687098 980990240 699278218 291673022 45012250 588656186 183102709 722564396
100
856509685 62201989 622867536 508331417 285017711 787006474 507768325 8057427 249959199 555851685 262504629 777133971 807475874 691949293 358009059 898792447 313818569 352094128 866207088 647230351 398938880 306143105 105310365 291930724 721737482 567656013 348558023 779391768 265534456 12407728 290004590 676505927 672454596 178199554 546669788 843044930 711075632 748847168 344005390 754395854 509404613 937540508 332402642 774397914 781466284 755533168 705557999 452526023 593932368 201706976 17494467 801341985 489940849 794040839 711970858 489437858 406247163 823223313 927981090 880998718 760376331 545527617 200495987 531187113 357000484 281785592 752258641 447455941 317574106 461656661 294278875 236134538 394846281 613015808 74100717 274191375 2486854 620027220 532650429 810859918 639703547 82608839 224811567 730612613 476814952 41382464 100504437 176493782 351848254 776187524 684325653 292438336 331954665 825628772 932237580 599931197 494875732 782801896 612677824 941043741
100
727073790 469718270 888666288 527115319 181563361 938064356 517076391 956046331 760202410 412094975 742182089 313551274 701859016 24667909 222955102 290964071 431759784 657050452 269730848 234139973 252806818 728239574 998030375 511958667 740124438 418272399 599354713 837562064 678071563 89220271 261865787 378940954 886627821 379869598 477977691 845524329 602767219 387090634 132197388 483032391 930637763 130736807 573584895 376402920 859432410 652984862 811600289 730990151 126934150 220392138 825525648 189482312 252379529 866750069 989940762 293359004 619688025 877106676 920911010 602978758 256328636 501444250 685162961 466752114 622653721 325985970 126849948 267967713 74933388 118025944 732456739 796674668 214709498 414358940 434662126 974531007 995177311 583625666 262394633 739515974 451878530 303536601 382862561 967656633 28859250 113788154 777221774 462635031 951411129 551024549 795014036 481492631 433125419 530751387 548362493 746692043 320151939 543842365 701077108 894666566
100
875438478 447804246 258223341 475082726 458688168 762984490 917544810 26439876 447915466 885178948 867407669 286459553 575793776 500599621 348126224 639092699 941623580 512646046 49373445 182457928 668210324 934378173 820548663 335482193 726500426 246252339 456191984 245042173 22889586 461100551 167789121 196005898 679205249 719104888 931179416 418272936 103435595 283074721 792024477 200735792 383289906 695230220 40628370 412644943 77208803 947916875 754423019 878438118 850395987 352703568 900999528 316537819 292498932 208679837 665659955 146707065 806828418 418298564 366302096 97760844 641473896 596615179 594086439 461397620 813988930 135879304 53736539 293144689 113162155 947282498 272681215 673718996 414032522 221972693 151458000 596056477 849289856 476299172 898705834 665316267 323819506 760603205 92992147 803712540 324102481 479393247 563563119 638500007 645454750 722557205 966907116 633712791 33850267 914686561 805864112 328120905 63032193 924800959 409859192 589126083
100
327792018 669692736 422185769 403354837 751415183 538568244 534662689 258249585 953363363 989086730 224569368 54048618 357733481 666709779 112413350 475818808 368718771 64701366 338733063 994806583 582450306 122867472 259756827 891624996 870629709 127302211 158914750 197518716 26633727 875251988 752602173 821695723 271352047 812232473 18310260 791823489 487385971 884983590 299326441 5146741 823889695 293676805 484927144 251500786 463821583 266634684 711102554 528635947 737113086 254557907 289433979 340768827 403648873 573587646 552605970 227069719 874019065 83871564 927467397 179179641 929924934 169506603 781300114 110480063 932148034 379352803 711360738 395375642 101196828 416212666 885936494 52564152 696137346 128448520 326116587 462995068 713324653 958658071 671432441 814366248 429028097 239378148 218386854 629140318 505590378 261684688 973680973 632005394 115334221 539254121 848050906 995458543 82690931 196433949 963798585 781197265 72984776 316742325 264921194 501845747
100
442932077 215527255 879191929 737439974 126096295 429714101 747948924 876655523 230437568 534876347 395417739 537594172 536233092 681680393 745854865 489145016 874890179 227119175 623017422 165631731 703815567 733094018 367362886 717014934 310738512 709492577 882468782 851803103 913746730 758494215 864420697 389813111 793898112 722372899 483754024 191088831 44932207 544505890 463871430 398766147 690143098 807866135 303339581 784366228 398469571 768870574 258957534 578230425 564490066 11835099 875888304 736706892 89999523 753267056 735042115 81422518 655183002 270984488 935501249 836232021 736846510 743749600 227534959 173693980 552801568 437643292 318374034 941758949 507395274 125897275 184863456 150677629 164001663 81130338 611275967 102812053 758620416 212790398 217929497 567933357 290533693 27246019 752292339 840689284 517506618 162083454 431543566 447946617 824159084 345572464 692335650 620094438 651841594 989390724 342681285 280814016 16975304 621447633 365017864 682626531
100
419462699 443812197 573641026 70835209 283817497 135020514 790707358 411472932 466429783 985349790 3706442 587569327 748561510 876371152 491878538 61350879 856502990 50643152 706659384 115244070 264947862 258114960 992123949 707860947 227124423 696675447 460151999 797381996 308311651 74352895 242922203 203094467 22980391 834733537 517181310 638347674 444663110 509669979 100934875 960493 327062944 263795978 695814852 832357376 979553448 208601773 742488365 971464458 549252694 325554445 24660749 774366641 408481825 217313994 941447700 541584160 431707497 107663295 784642603 503248756 578238608 461102943 195397191 71255297 833841191 534927734 776708444 677580042 497727885 83263546 442594607 765572269 136745028 299037278 221813706 853577004 830970074 675479296 165516303 842321216 838520991 843849810 346424824 964712306 865424954 970367848 845755558 669999752 518566920 4209860 180150552 232745709 698951323 680850005 206514613 443023671 152352445 24659030 150727508 311856939
100
53675780 455787984 409840940 387013171 454578558 914091294 766589017 606025494 166790526 507856290 334425849 512871942 511819959 500749279 549824152 954992150 34176378 137766952 632288690 255606691 600149736 116323014 768402158 499121059 104855031 277537940 889429582 971953726 23809810 383926130 347188249 83656888 388741788 228406539 965969107 586979577 288436216 994048456 984226309 591990945 556161427 902816486 156102847 142046274 273237064 30254642 603160381 622862149 44091251 210301418 254557748 6315218 661116969 540853492 246583213 179788026 163441335 891371205 269961540 268021056 497719003 440483721 569723583 252777498 876266774 889702875 508630811 131585877 215446807 208062690 256392366 998467156 153780078 735773817 294154219 608162634 140562549 961567677 554434106 609830634 138571157 217312628 704643685 902325096 383175869 325707470 705399082 72750246 566211567 212756923 771818525 79183247 550794548 573219519 671140274 850246649 891370518 556958568 534075323 732289237
100
333597971 827703194 815572849 553332131 277431811 693202124 481317234 62423915 981231207 10566751 618707449 504594491 530100962 127611070 97380377 192987284 820685357 973819871 956993179 504458234 660424909 35520620 636527559 980355487 729132977 403511277 467447102 281158757 525109435 388076174 869141815 607152409 904622533 793156314 228669397 837243763 101788348 598977413 899277617 173518609 32871387 959605525 130806060 88087857 891183862 98172494 722243356 164914581 396590588 990105655 362417974 301131869 402954233 248271877 183076395 696184137 687314597 254979071 356152622 640191534 44115420 936488785 220737166 376018474 560665575 810708938 25655950 164324576 315362599 109528870 596614275 664556127 144810161 353066018 409767727 330096183 543007091 206862151 867073966 165811385 262629101 932612426 55080255 128065557 177595499 873958473 340469714 943094299 837899896 493060692 976001148 475941458 335992407 783373806 446867010 385083606 302718996 618194964 153744565 298017424
100
968036703 931762565 217495891 505940791 69741932 852839458 346319464 908699861 284965132 791793410 731430671 215319866 884605049 318674621 46746287 947557357 193555189 844459479 260003640 102262366 706091864 366519792 603882336 756449856 169251514 608839700 6502019 524175092 287259559 304861678 637892213 369148447 123335819 47191807 130504140 48783718 623106976 314474653 683402851 391236004 626520543 7288176 674433788 377476976 3131888 848137888 403778727 646419300 206116178 557564138 193375857 444324279 843514222 974508618 954107554 651833128 286259739 57999335 405369386 20870243 879892840 102622418 245519010 402393915 2861024 107451495 223017971 929119704 543860359 647454814 813077641 150579320 200090457 361507649 553897428 902629764 887527338 686124326 942650544 365010524 748701885 515437944 719829550 502739501 261491041 935619655 959024142 44372594 211481970 101916602 910489586 383688536 312707945 576146767 62189715 534885568 101484465 896892553 439656629 821237010
100
418262460 253814267 214347099 797922814 562603687 697428997 923369311 852531160 970641885 770286556 722183727 512136672 164613903 955333680 652786660 41174149 240430478 48203881 83365587 28720371 329570487 462883068 312388718 387642142 796350204 781553681 392720455 960609077 966044307 609194847 209382325 525393501 900198898 792178320 882994806 314351439 111838592 783147960 496294519 658985125 231663389 118564319 613699058 43841394 46593217 969347735 612884760 907876207 577229405 448428874 470605349 392674781 387690560 947279659 408905747 53599540 337666967 6711952 444772946 944062140 479457090 262644837 286644492 984330820 528905189 338156337 142911527 553719963 379869818 898678852 709129860 329373573 112586487 973579461 45124703 738954364 895153430 473745330 688797827 569428627 445661878 560773563 937502681 989483980 37129032 1696094 349419484 10369605 951774555 793068518 380939065 617938565 59969316 122807236 968106484 825948955 778680674 439490379 645839831 381335896
100
354786101 579569044 500853202 907990439 825078515 866363963 251228441 865225846 657016295 947532815 398138842 492246672 151027110 507727261 531713285 572902826 972615444 69038103 653777969 525482779 130516527 709644080 723049839 731939113 608794875 449818374 487532845 958044975 52945574 945496640 674791389 858557142 209806953 735231539 627246928 348594324 255500687 736907040 194403616 445743786 312870862 781613239 448495702 178215142 220094622 235176726 140743867 962939359 448856223 264907120 624405712 221482809 583679198 639741188 338375854 321126196 281428634 432967250 795377336 642814171 612126518 152976925 419687746 169906296 327725791 635493870 105770531 280389157 920388698 617831711 30330304 561548800 554713303 394883934 892304853 559428014 651820031 606744932 140842298 560223088 697230404 115334926 223853970 364798732 895686984 797366408 170525420 539016742 402502043 223010468 922266998 361207672 74917822 460971372 341486369 678591099 711698112 974486918 64348854 407078473
100
82422052 443233706 300950207 167632657 505239342 173941525 612117084 495482767 44576676 849393252 123654753 773612128 841940796 760104046 458698714 244488271 102034702 571385294 832996664 204796735 124140215 679420399 382375999 96713717 156507647 911015660 297832450 550982885 775491577 378924997 571033463 641841462 879260204 335920946 708809332 159401508 664020482 389953375 604931448 559351601 269921980 655778117 813190573 365487881 884244412 199708245 504915782 598011842 872440458 510329064 907662041 558851548 634815513 980926362 71621432 366518518 569042304 313321354 961026268 692954098 158153555 487838617 13550523 277134789 165956642 814287568 475043494 691386152 739489494 834121992 127214475 705203524 93119369 318088400 957567299 47422470 899874692 830418575 337177731 861682515 78225082 438239601 241926258 978798909 480512407 897039173 932800307 859221855 873851373 242079757 667256211 124719952 566882611 181683759 512739297 998385180 344268352 846375837 377858248 410185832
100
711597923 57932690 55149709 411324819 622703183 702737549 520680033 306853417 5467144 234130275 739601991 587193367 731347311 674419088 354246768 906059561 88607088 839256457 783495834 630370638 242310376 937268752 434933785 993439357 801542322 333923866 993886463 537772687 210971509 674133449 60479855 981450382 86813384 993952312 765461685 101904798 872486853 810752594 780782005 749665202 812933830 275543786 552877994 449578038 814598803 158078802 95017027 861368345 268510520 490301835 906548316 795838825 478266556 936742640 861407373 377661128 951529314 18976998 531238922 730677809 97700557 347015884 625329639 624622371 847671303 956918327 946978826 981239009 259132961 216731159 888491374 605970920 954434158 299210214 187631908 314755786 962474257 69644525 244245947 620519756 375231722 288697310 862613014 290161529 614403182 160508491 73442294 375259432 634899649 65286772 185226947 494908446 255675309 68506315 962081353 640414842 790107010 17897574 792776942 698113385
100
608961615 771538065 110617029 260154266 651282427 132071597 929471722 639917003 289501666 186955115 402894608 265581769 212230876 495077857 862407930 953396820 125625187 283072265 7519850 179604750 825683236 867528427 209239860 284104200 957273260 986018571 159615227 414402166 989537769 586814285 913295128 779916639 587348351 684009543 156935940 568809020 230245906 533803690 850884507 55933978 725787569 64320402 198188012 915405188 940289043 16499330 214874417 293073225 816596086 736463477 334846020 394282989 516357947 88081607 2512283 51144508 108604094 251465082 965322007 45210164 621819975 394886308 265890994 591845165 380857296 401692385 471941480 37421086 538511934 129234867 389005752 721695197 835273844 74111263 732468970 877672783 655613341 600631529 77809506 314781451 21196558 306603256 984643730 465884693 261860230 727716996 798218930 439831992 519018641 793487323 814189199 111892548 65663153 702347751 325868998 205178305 7255717 909284076 963664541 885268752
100
46394113 81777053 237818554 833292203 657527521 295960392 70021905 845039296 424017029 761795886 394342013 618618014 214259700 715195045 935618293 917864237 882467709 557288588 734347535 560053699 531600856 185056053 961450674 471959164 113866456 16001179 295612219 348562941 825799324 967488347 31869972 694550319 316182773 746793580 889073835 415970707 924696797 233243297 384344245 134158047 462532408 300559774 470909723 270953128 300211010 165151770 941393686 707939350 649964758 11716552 634052888 120917576 14139070 58837922 254669652 910829014 790543328 676011342 721302160 585749956 327501835 796910541 323458541 786603863 790498351 529608305 368870182 262173025 638400224 738951318 331392620 126089698 167557158 259617296 970245416 308332317 700208611 199208757 426486569 89771071 874521946 507414170 301994736 974705018 979101796 270179479 575390281 727635832 488948156 416642426 112451596 572946669 555440254 175306440 768858643 192869474 343603531 319466937 98564313 71642995
100
567029619 420578387 18659672 925007402 87516033 745560688 619035221 917370592 579570674 130706852 369713091 39775513 363077656 49832274 333514399 543730084 208494702 328974956 972830814 192843442 931144262 541459618 274913126 102145629 219760620 697990355 983268660 924863838 649537107 237665489 738310383 757712832 688028479 681687093 8726592 19465727 523266913 220433431 225664297 637710261 582292686 227803872 891402957 113810268 942122500 803372300 735496194 181553125 316010961 145275293 260223753 114509232 703138352 435051500 588038323 215084606 474000888 774426746 390357131 513886948 335322898 105642198 671619078 903260537 963941699 688748725 423150232 858785408 184039766 714892800 983382197 134317044 60983785 741330253 669204635 702923157 328308432 997801206 392247693 430833549 311472087 894974759 827561896 72166374 140624731 75585779 523981999 205889295 644558271 591289952 285339419 419849305 617008886 65806592 240035541 888084287 261846534 631559754 455754051 978804320
100
324777420 453614991 612330801 57832132 73903709 396253615 78437243 852598758 650280756 953402688 443610963 673270621 321452233 5070869 506307006 454522880 16505384 719871609 158303341 123689863 828065274 874682534 940240050 329564907 13027646 8955304 786481397 595923600 461957077 521187795 399811907 261575067 596776669 593243166 963300441 171843450 944320131 940933637 255523600 264406938 826650690 32637980 647229805 69017360 467100004 329478289 746036833 531756406 997737881 651485212 36180652 899828379 874773787 142691874 939017351 927656233 542956627 128953858 768579338 725482091 229244800 652235936 615803308 95381207 423099785 464827718 140686845 677367096 449531845 20119464 225528142 290628965 18375740 377705002 241220187 866385827 80101538 110199900 85886819 9659826 342913616 61790116 277258057 497934841 740352587 711001385 822170535 542014673 642265351 852461608 127727949 556353092 282354898 991547592 316754503 100490755 842742880 212056879 705870378 533624569
100
134550350 764506259 734962778 791490164 89368123 409897446 151808993 368008489 84068686 170421544 919816402 380935019 178752697 889503665 381756065 433620882 609856094 550767098 525684699 912226659 628648713 696220373 754464344 143229198 84656882 414601491 894537736 732673550 49065142 188981384 704430730 343993473 860404611 247422587 601016397 143766240 745127940 876935898 700430199 567706454 984818152 617165065 80255530 944738814 534812903 840030465 905995888 73169292 307506593 381686265 603539445 108562141 868287603 189158406 832722039 157244380 204714033 591349910 865034365 25293868 406578210 536771119 909169517 766989630 200701299 836538941 477183070 972417650 346818285 339314776 784426506 990938052 697094698 26227637 887643109 239991258 589677812 554633001 179978968 199701374 346671972 896115285 450079055 153612771 198387966 302040131 966874183 166645543 412272091 498175188 534638451 757299404 729443423 59470696 275585239 236460504 581575779 759711642 73934991 82217459
100
187519741 754425921 235232585 320315801 114521979 67011792 396962016 420331003 225256597 300883370 893480475 964433599 400936455 728918380 152980162 759657184 29829611 467384135 994601568 30891788 116038560 379180631 841108019 927052118 855094936 909747676 502305836 73754666 956463433 957881173 507691192 607993409 614464307 362511924 108858727 458759724 822253462 96509049 662960310 542518017 509025139 652281115 225438031 389991237 840498462 3062946 927083071 588684652 219173355 262476411 677059212 880489249 922790761 236556428 187230027 318032262 676107370 350589746 932450738 69311111 5777115 613133417 643232481 875117420 537433065 223343882 636049780 985345807 807780156 791264199 577269122 587044473 442036645 6569580 482311622 920110985 219188900 490466369 499057873 571385423 43699925 874989488 760207406 615976634 336045051 769629085 423094059 424919214 733667874 195606144 621593011 846802675 443476588 177305507 407712677 317318794 373588012 429666139 80968309 148384727
100
186120064 480545600 487396048 602940326 227996660 320255235 481544437 675191916 38156689 645312154 349457890 535968066 735296958 913622577 710690246 192722923 202078151 587313044 20805800 719889564 477971981 309473479 974643994 202544325 45688151 805264503 733214161 644586473 760444558 353050125 296095611 855934894 232495836 65633086 608373282 306324308 271131703 581842631 734832329 216985783 497931025 30679428 253401023 77765521 758909598 898369432 887335971 316454066 956030757 557252182 722504706 627022335 827498468 766117248 580589207 119373457 601686658 855677795 522799627 387369284 50333198 148867465 269097269 565440373 378523296 905866403 728591016 254178367 361520210 329357605 811217756 177181573 8659975 79095544 732013342 169661553 723474258 128883778 166583515 522316357 957965533 814555034 736843028 346134785 602559531 935697429 813708888 202302618 112247569 361546174 295128612 276861601 721492466 879201551 1881380 811835941 807902274 604196581 295609020 313045208
100
798288183 814570736 930127847 68965132 430431158 30279455 404208076 774931733 417155118 274640718 658276867 879700581 824993416 322171673 374153549 750210553 49054583 710499742 207909194 49230504 248394079 556705321 682669065 499392870 251820860 485506984 116143327 770781715 916009766 570522364 825435027 848999812 638820189 811045552 59357571 512957833 37458168 933242453 936231643 212680710 338990838 727961806 754088207 987580278 554082131 614498894 561443310 309407061 629735259 335435311 781355262 294715518 657685733 481462438 301712299 500850533 644388960 348503886 119341457 473654369 807025816 326805701 801133037 45100716 54569196 499967839 928962145 769279543 547006825 47258918 990161297 495070162 659916328 665650690 513045380 752828418 182057482 182796345 571652486 301728351 163259207 521422689 857702324 570763421 550109135 599746903 729600236 621141305 253448646 923720812 374366875 440980037 542716392 684306378 854798985 864146403 100480448 866110637 913135804 808952508
100
985748889 840227507 639222809 590854274 335013140 861890034 626047590 647805375 380137685 208138250 375159110 107526258 432914470 899536573 127682035 651068333 119631769 560495907 288985636 579463799 907519020 539352946 325336525 217409866 825238094 429884405 59794255 929557500 989133511 821419705 681497106 118320422 881802854 931590445 488127518 571621149 223090414 41170850 454597753 923983587 140181904 823616170 887659537 732756062 284064794 807424669 481472329 740446362 101981295 607824241 96446897 28482070 543736044 806671867 580747185 456367638 736739925 948272836 864303696 420275101 717859109 49536806 309851363 110629498 324167280 408056444 246595972 458884135 349223711 46379759 510555741 384945343 241866902 437417979 256477829 167255839 947679555 424975709 715619391 769099399 390634756 803240925 957804839 673457578 405382612 533867238 567241930 727154088 424090553 552628273 300088200 580525215 145747440 19778432 896382203 742096688 175378510 395741345 746155656 16028384
100
92487809 735058418 652267460 947049245 68154824 621531464 610711627 60863134 27370460 617318228 994329609 806048228 507019101 179447719 347625394 546685533 967600493 733037291 259751027 186998539 264806225 298854219 985639246 218887106 320019973 146654173 405635434 710001657 711054743 442040268 972416266 959189704 62935657 995260455 281001979 574820277 901686374 309482431 801772828 455238465 435574616 778482189 323486403 745286095 919918686 973718794 532275670 26487713 942193500 919095248 628874127 884621059 39320781 430309513 663196449 237404407 761505307 569405272 77662511 862085896 906920205 349671938 194017473 715062653 659985371 586269367 576655331 226001926 399515877 406824311 505384672 257262331 752548084 130401867 55655428 111085022 872832903 124492509 721273725 752195805 318962457 646103779 465744603 795858911 886648299 503179360 910252721 206309438 617114601 673702510 152930064 78174428 695780850 403129912 317731343 633616151 5168051 423066473 955425073 186577839
100
161861779 473383394 592618936 882034910 633263598 661348597 738507518 128305632 167531126 611145860 962822697 213775572 111290549 535415133 15081905 428198029 254123242 768516462 749316618 23240661 759838160 57598712 828548067 431995807 876151126 636146704 824981747 831096245 593261246 338271826 847214522 342078157 450296518 70897278 189155235 304690105 720688002 979545408 287490941 151184752 155470697 27006770 334848901 830826734 363826059 353514746 904757650 786503483 427418215 395841838 147024405 83315603 340317486 723944450 600268325 379206553 269885976 193775815 410578807 973894990 207291207 73788082 434620301 782586170 567994852 797511193 609846983 843206238 557844780 115847947 533581831 101839255 743860866 592079498 161121268 453575941 399352411 55451864 511123555 6649486 623854196 607796541 848146112 742737689 64815606 167852079 931748723 195996648 813073560 795273783 283324606 556937822 183228304 823485845 186391363 914375416 465806205 407900716 336763266 475615102
100
951481368 595575611 855014072 890507038 535099360 913093461 505538684 164759624 166218023 619985110 109543876 529563659 249696491 431411276 808043453 107093061 585474970 402104099 290612394 805024605 710705501 672085983 764550820 66396232 781895805 375371277 674512722 94117823 994114747 639515121 508780057 967636995 869739951 307222089 924443343 128735051 267524577 231533293 507340153 478460224 128158845 129329325 662321647 803226886 911220965 76875851 686853958 507389459 722473704 52482405 201416504 705748039 937861691 729619719 484900327 165730010 783556861 790290248 153998675 490341315 82440452 448268796 816728542 467576491 779271390 4422803 820075882 850195840 759814918 979531056 919893729 555201803 625778618 456011391 337921611 226426466 987322730 643704426 938164061 525722603 868130133 690960710 929059477 673528509 568492742 128790872 632513372 494871368 304725591 260155212 218396325 851531644 700052474 402165199 195575168 859287682 378574645 159588058 18322509 945097228
100
972104711 658835032 987880913 762552106 959469284 203034696 798100021 546475716 235832884 815027026 349528396 311122178 984841000 234162515 271511354 629402000 122278428 999924673 651264183 487139725 132579587 605866436 457104487 207700208 920441627 147644524 216665612 724075937 691907012 674140897 724812473 180119630 556347437 768596285 686305749 150809796 206093153 142937323 287886419 722630212 964713594 49773896 430088482 261526032 177838372 820061627 992874270 469962772 526343888 776976692 272379685 436504755 58822197 35956652 446522005 362704329 731165558 325434385 861131559 130557931 293299470 313869301 174378946 253980162 343347891 36943689 298541576 889557014 932710607 455296391 604599873 821286043 51488684 982453819 109804096 993737663 175955430 529021328 697271190 489182502 97770798 796006695 264865227 609612312 924976727 776065664 55896144 920294732 503293963 854263814 309924211 878301538 70883908 149744614 437203040 189619441 549541348 979586821 54381 400275798
100
740587202 193131634 858773497 94641753 735737966 941087629 101288411 620415733 774822552 512111831 156878150 20911270 997179270 300422081 397375228 895381740 25702522 824634341 200013282 996733775 618558750 238945898 125767098 258788819 143929540 986948003 86204075 828213103 260720345 734477877 755701440 643620097 16586468 969935359 378661659 54569433 147980829 720237240 144504292 710779583 854760862 523262669 174858212 355980718 609903498 3746703 328767139 696929484 671811769 512266852 175866423 868846720 874782480 533240372 808037685 637450097 498946978 868762098 118604959 494645854 538450301 75844185 705716067 265310290 7314581 535275765 339171511 395380760 935378625 921778238 86792123 667068413 60841977 127488018 793143732 709556711 953766057 395293753 832914276 517516729 737922000 87018963 754522581 769193615 88666656 177317579 416790016 15728777 497897958 387742986 161976366 404347783 66320729 602598291 192347813 400950619 546432222 196843220 548036576 703589800
100
301669779 595878495 307181629 246544992 434993073 595845469 782627502 856992212 587923961 207249676 778996621 118989506 652469510 360551916 618472184 23697816 722889420 58811471 787105764 866714111 441397253 231696252 58062431 42784417 56109833 968302057 300629630 609079711 959540491 738441112 115848859 609793968 814229879 60136699 894567188 200926839 557118734 231009127 584454394 763520807 232271452 627068087 631998210 644347803 493212559 586719589 598178146 155981141 258077755 867121084 498585018 168655476 558802865 36936034 267872487 518596804 997602885 379414164 180152409 116209953 127310859 871930850 653144322 932410651 222070522 300847088 751927612 315103735 119524992 861926469 140666278 905456039 698896404 478206221 550360757 848054740 498004211 776670729 483273446 461273025 429626029 2892934 775128764 257216162 619118011 806538033 471767199 230343865 164012865 895184777 727806632 745348627 184141170 457145277 930742528 737641627 12845616 427929222 812244837 81623471
100
269382135 495566848 900219403 165303408 173072171 535999978 448615958 488033704 349423081 941155597 930980567 16482434 725207798 939109286 974311894 639662777 358880948 760643128 38469788 242183290 531230476 970645275 982748623 171335618 659687353 425027498 864106773 100056371 184677548 913271206 708602151 48619309 682409370 692421704 957364548 138254539 878927910 152075945 72801012 163539830 421617684 893860565 797324302 402018171 349093849 474308085 496747222 36046068 445997744 259476782 173621921 6066769 200667868 181162294 195680351 601589328 126770854 7370987 888185445 423639568 879685745 793797318 183317184 400782945 7191300 890001405 830196640 16511659 445316023 410543001 879801198 219419192 426658550 360934806 868748355 365816246 989903506 98183173 603167594 314314713 881105695 173442141 101238287 379283558 471841511 827865495 366702364 931120515 914679063 448665783 691898663 550839319 800927108 863966153 803040152 925092649 133553899 895644130 838885055 657966743
100
822743807 809408665 758474331 175083748 440488739 56006086 67896671 39615404 709086440 272548797 331719997 164303143 580783871 976406743 375275936 395697851 986885313 583860277 130726448 608682764 945325182 400123842 85555135 734140688 883712481 809451128 55388028 284629893 484326041 715816602 798343800 583154594 785039322 483659929 921570948 851575003 912299641 4992092 315986962 610536728 328077068 919955467 285367051 710821172 186306003 339225200 619321583 634341707 527383541 587241503 549827959 341814477 205249053 703095800 320923283 855258678 49858025 339146770 987972110 361608915 484316778 556674117 398046408 63346096 911341300 616187682 170259170 77405454 820223924 976748369 150110936 883823556 146422561 696510660 524340769 189946645 899266282 45960921 248998280 591894712 169984653 598440326 803777874 674976310 822491530 734815874 309420087 570845719 482486678 654631792 423125453 668392330 755529915 986091325 522041234 70791003 247735788 438471746 29171003 741659148
100
121679392 359297217 297904510 406930350 749521192 667850434 524385768 872932318 252712017 294862250 710814210 201941540 933356941 134489747 748579892 19828067 849399271 885991511 220006764 7544781 989006500 310702945 185557296 879968550 918882049 750057626 304531194 569050901 335590875 686880039 678128481 650579173 139446344 406664958 229647099 702812997 156015292 32077744 831274933 982040607 721968232 991180167 241191474 123134699 27420809 894589917 580400856 387898413 343849673 808434255 906287418 938012417 181931724 303434 364161186 13366485 870861530 700201313 76052955 816121259 126054499 688316751 905679612 476900198 771464619 423331800 331667099 237282449 411015382 891425300 828804977 347912385 42104108 44638444 441378205 808499247 140984951 824254127 894497843 208647236 758686153 836593668 470799135 285282156 523110299 272968984 273843667 278701311 850627689 567514320 562774653 623718091 966267686 452762259 256373466 93150827 618097283 290041024 672521293 134874474
100
797085485 299054168 225406980 708123556 618443786 121221396 563938966 200402946 639900362 211240971 412793237 458997860 521708619 165925576 747157025 338149479 752134660 87405838 304203292 732265431 648389890 313117082 253594298 385593784 944849082 508249815 287855342 176549114 862830538 176645293 282713937 527849172 549473593 293949818 743752831 249862999 242515338 526640610 487981394 900166011 458475684 672765037 163836478 139040467 355033792 297752208 851366661 137251309 679711916 104187521 934321387 105291702 189931270 288942659 492723124 513700744 78885096 188236741 304770090 108015757 34105839 14206903 265153384 153498669 87972200 430295012 739597816 101437020 662840964 998953760 687638741 342739945 735330156 971209587 573609888 725158728 98160487 919115316 488742113 475803938 464748015 537784719 784361999 741955870 930840050 120230905 201229931 744722404 610060977 137070358 564160119 224321268 292587890 842425989 537325903 933905922 862047892 239129196 716145519 125217316
100
334813443 97386478 657697182 281524930 180345581 999024903 745359521 470975152 609168319 956215022 3031958 31390644 890522449 43123264 401737497 237604005 95993999 158352514 953958977 91147116 821871091 980953886 581216731 956555885 616151023 331536182 270819674 449553643 870423109 149372881 349110830 410261121 136308234 342565958 758048989 937925643 154184088 337737115 855946177 834346369 612668183 915510172 546645355 574658119 544182781 667439448 670642098 483369020 773250090 348817435 117046125 890839912 425495148 122734295 423847716 956207592 883324472 839315143 767396991 110802569 990384567 132369593 172214310 814773175 177376890 574787130 694791943 832563785 794170354 511356108 175946251 597710145 968712659 416954206 281793946 490353622 683432165 620657762 757806158 735839095 824158553 550641026 251190083 508809230 636805541 510796798 102176357 475154200 100636358 267671406 85098235 894423589 235374956 81306757 872668519 114502690 863993562 962145304 123306772 178955697
100
79150081 617339702 333650312 715650144 831100750 408828542 626078459 304546475 62817581 761450802 725379633 975624254 596383169 37932094 534606042 517622580 702624950 556510929 761282614 194219662 23998273 281969159 536810284 273370340 980398882 892158453 400621499 260715960 729543691 310185365 267288685 241710829 249228375 831901470 113627093 506805336 492103412 697850722 770691324 910120181 106793837 377775072 38349922 542191748 133262874 754552332 328873931 984179001 458928560 208769516 188429984 78154073 267536042 479997023 134699410 954848820 154170760 466075878 553018369 760647668 242697269 841802528 410257151 731838876 920629887 317937438 878126390 678656642 84793496 636677852 213259062 536622759 711971372 161593802 879820887 534647610 121376537 704140935 224592856 664326333 175626728 443685954 859477068 640702400 337036007 420126993 206860551 495870677 912825548 805501575 231576524 749702010 728638064 233562337 914274406 785436126 265906157 552206245 711035079 704924561
100
556255988 621378404 390755495 262252239 840537552 484510952 259205180 673462191 852279789 930284994 559615350 477603271 768836212 457942914 284032281 413232596 992877165 235046350 520020744 917997693 86050583 652778402 129717055 26801157 657551700 15467485 344768882 945296170 452978159 381531697 544435297 828103951 371230348 995271815 235807763 942939906 376142429 409930740 101024208 656663082 967884392 868975197 795167285 768278635 902198466 645370684 321562105 820018141 980092563 459506791 540174530 638039624 443995129 116698669 40576767 621761697 630961988 465396230 570630420 691989933 846316194 964753407 492640547 625758283 34387642 631409225 966786998 353310291 196949311 373935498 624438692 994840169 333562576 570606693 960192041 469517703 537105081 385851983 707436269 409378061 58728363 168730133 231205653 102668554 6667766 913575157 199238520 281724146 585504713 922411856 922951739 276603585 182682407 610607902 499180706 847258236 333118423 253417620 84679385 217525797
100
67530622 395187360 222267039 29512621 941723062 605437664 569532258 892969490 771915276 971133892 893912073 736960990 980160194 135382480 705523223 351305763 175205729 429006479 99843660 72084773 116337499 863872663 244116780 153046540 426941496 136690025 606914691 50325753 574670999 622636342 569664307 633916800 583489058 310026460 15178314 452368352 992190909 882319703 590220560 349258330 181849926 430503172 572664168 602712907 627245612 241392317 721431312 744954156 770660495 460517366 524877635 512535959 361083243 648725628 420730133 177211703 233726996 405192868 326503378 299669466 554663527 938933066 199230423 462037040 26696364 136022 403758778 179388099 480076408 310606668 179601802 910767768 17641616 918558718 176264573 288981355 638399491 308088635 397294915 183978493 534844115 396868173 397065624 828680488 343608403 549028547 325394565 403465699 834581719 965400341 309620369 149738425 629949987 841910501 14631628 458259391 617889079 641979012 118286007 206114886
100
684975862 170967612 217681083 271266223 979669309 536415522 507485042 894952589 262556517 102255839 131365551 459653352 533285522 664764398 859707571 330258641 751945088 388197573 256049277 989334296 845660551 975103388 89142258 864443107 979748099 965737691 343840510 525542928 579554712 323514306 946257881 270385744 162795273 522120785 912747204 312710924 67546184 851649268 112736408 418118622 73331843 714298769 557373699 881283833 17600009 912848425 307899501 99956526 589937041 847191851 883133185 765910936 959044378 641596630 173662418 294037721 747734919 890156285 323238667 980873704 100463967 895974861 249060100 40663537 22928295 821342817 852038173 503629046 5000915 912434529 592612148 481087461 765338811 517704761 738790267 163965645 381329736 748039478 234349409 106226390 818155035 368436680 696966240 143432210 321690697 536691651 799239955 671169645 807257280 723431566 150177616 293808996 534369177 105620240 990537400 86799742 945412881 419055421 843042092 422131038
100
949325684 47050476 139289033 179657591 364177833 462454735 281355566 21768612 664107482 33371650 908008335 456298803 667035625 773767375 754099319 41979706 730383257 406494600 105948949 93904455 713138906 287520259 750891789 173362326 76942681 81823519 931476110 534537795 754445092 313312785 58330156 504319760 971711194 582909280 184855098 501056921 862097178 294289987 612954686 858766663 680122857 342248190 221145646 337953381 524840896 595470394 745470225 872179195 603710831 184804100 497862691 507171017 637024250 104254144 802936898 349622252 962025672 692573851 636382666 63080531 944483668 177398188 834067259 709320498 741966378 939326300 903864459 347511614 116696123 597033651 75513029 547386911 880195808 763322151 250790377 326322117 525944114 820363000 364454178 1510304 151238210 338923021 261107243 558140268 979979071 471278782 82553470 14974019 346220404 482077006 513862416 433297195 526908045 464345048 429799976 514081933 951232805 764868881 176251160 135017355
100
973681335 505563803 852207154 20868882 824446637 639358086 745102267 49647848 886300381 186385670 408327003 813489157 177935711 255023451 973711497 967565649 221192362 979488065 512468981 842208073 833586379 78497563 228581759 206644781 777358086 963798116 11921272 358926975 226436801 575233115 646699374 381143069 868622136 39754734 703502814 960222534 814114385 468991299 78724969 842496164 877248366 286899116 651312804 569297205 227065352 822929307 322984298 441091644 598311492 182991773 132122050 280505355 513547010 161982846 449417348 443742193 667477813 809090528 867201798 291624350 406771586 181837150 893623747 662121909 125591432 303739736 689010792 474215484 956817118 687471059 219926846 679720959 619900254 864340889 893958196 729311818 690196321 704060291 910947857 18376661 796489484 897588033 843593362 167948229 188604775 574366073 781795094 467002989 555836829 252792158 561789063 572680581 407907117 669871070 912821679 178012633 943321812 681772521 413527300 654312986
100
347294844 589477088 683483151 460641847 840069301 440407244 237625981 438001236 361321783 387418737 928779886 732372224 322293687 83610456 801466680 427492250 49545175 502375663 212903979 4614711 446789322 697081608 881869428 856352130 939941598 230647775 681310749 83618238 603370267 176442499 742867665 168257201 250026633 242064278 464127345 799076536 481811651 473312330 170603989 492944661 769790393 290274440 85575073 114102052 271359037 385011969 817375954 326006180 140384365 120027257 240512257 172834606 273880900 634236239 587512541 226074800 487735628 309530320 963290385 921805478 463106563 118665936 115741818 36108130 19694050 639691798 774944566 467257738 399491101 185857893 626556079 155499006 845360487 241017926 823498549 873732571 448199542 39217789 445166945 329580050 531116147 269516548 462678985 960090171 440928341 750350524 981987193 534541568 825919645 85520345 797820160 838897775 614909987 527511614 471781183 447620668 30684555 162619945 265788338 440608986
100
42765878 726689974 221240272 27564810 153634820 374409039 979864698 616031736 33410807 180602246 780944165 25325850 647134368 299626298 616579230 848035813 6586197 726373710 762486468 756846797 423370891 794810790 365358823 198118675 121221445 56141105 782138211 230438222 24683564 289390365 54351223 20834373 97180364 758547082 599491026 252549620 844563650 250017009 297339310 29051731 293031378 718210664 181027850 235147547 960527771 692095318 987856725 681696364 508755166 711324506 654241170 57201726 248221357 85833357 2599053 119013786 741153614 134423785 392244833 64545417 413095546 117575411 110850467 38664440 944366162 270426065 148154766 326220190 593198000 402258562 513673033 25996387 853600830 310465502 157927268 760415735 38043230 959151756 867780368 380078978 446828233 151954676 474204902 23733021 735205484 907688228 595512626 415533673 256280119 707290065 902259485 214797167 334076415 438163436 862621756 64219414 805344555 321917106 402067028 611922744
100
940993977 477696916 764376715 177576336 852173245 741725246 636425739 901663681 178117855 361813242 426928320 819964165 417460007 653549997 954231862 329177303 119283204 91935029 73580177 187481358 613213711 677735799 28336474 95384088 943824829 118712684 663387503 133563362 117726720 528626001 814304654 135832750 828167116 275690783 74313271 822142076 107089082 289703149 193227593 134163849 942620237 270933351 804198407 867028681 928483602 866029287 991107208 66709382 883772512 436274878 93048650 665578563 150804191 342615743 116777648 442679813 999731975 724082167 609116727 937296491 842153228 188308757 387602799 123578106 202158309 829768509 463288051 275283747 908180890 546776251 336179298 298038356 731101307 758638306 51064942 879459200 396818842 186976139 139530704 103826118 805711708 59248162 391784834 653798936 287728511 529565889 671810634 184694690 603009305 86445345 634469413 18589842 748613057 667277419 828406577 335047862 323826027 262577235 846625964 429317786
100
116120207 381850734 131561840 205943533 566305129 571839748 394641583 158964752 299708192 930612948 391637484 648370739 677082521 743973349 840141491 819847729 492404067 350706305 124033872 266862770 580898245 137977064 142762808 866162973 235568288 803375442 435659919 919955503 726003077 448339026 959144058 619411634 783057882 844650373 496971013 695245040 223367468 407350798 760880457 268342039 792444453 979939375 142594801 996382323 788636797 181573696 948849091 157620283 814367192 218462864 453076454 955854388 833288924 350751404 665321659 744142716 754870827 788363812 612555542 31339867 255716229 460375071 636037744 810438541 886415008 961259617 580501636 321208963 853588077 932905246 869077141 999372817 9532084 508159483 812496442 698600064 914169345 125000460 973870072 25445769 943768803 329418403 300247538 623874897 243995920 366039393 846298375 733644152 600362353 503919035 403876537 573787897 680711756 346060459 295192187 359518071 594069793 88249873 382170756 730094139
100
454259919 262453112 549583114 890048969 78423925 919174967 683044583 247910889 897534609 978767586 75489106 380897974 933345082 376530013 488784283 96413629 955436819 942470437 231278585 483220015 305745927 718949728 153688296 522181628 588565267 519331893 750461104 797290798 198220626 404390887 479256094 124587303 451819982 269291991 72271582 716385040 950157736 347245611 907695522 271512665 435909930 75991989 70153934 235004235 997598708 27001734 117526567 75449285 477264557 516914541 918499547 213967952 775561307 576666866 420210464 317486244 890555217 183071944 587852460 334707050 64500098 548124419 936260946 34990828 93616290 350504714 964194817 596752625 59221251 203541456 467082917 708327387 34420533 912784973 593660056 463241026 373136722 684823020 266458991 615067686 340389391 320266415 591709290 79303799 560365280 335145883 996553035 756261488 345089210 892849642 346643451 507100214 884460830 812070037 152613598 919736993 266035743 841662548 528872770 664928082
100
771355015 226904541 154928067 918967596 346779682 271130115 553424805 643010222 674818736 206210582 751437525 801149115 816296816 10827034 433428717 215773852 763623181 537069687 588886192 203202686 200753152 451428788 292631156 358820383 277358870 289473500 812402539 157253356 799239093 169578409 473073219 68031196 768575682 285742699 555654598 921234961 147095133 492026318 545615462 123522234 835089461 796584642 797817346 94625868 500895112 273635853 296785823 128380632 339300537 421893424 701785177 884141430 765206618 907318893 674961708 187269136 683747455 205029302 246474735 782189632 682432620 393439478 245525395 687181145 497432536 742863670 364000778 636782947 824562412 888387694 42220118 456134265 43207403 83611327 652243008 941070563 303460481 558140592 717285186 476208156 742874603 81191438 231488922 945886224 720727661 969678201 966146439 941214718 595344051 994875982 152548718 556630141 633011010 728511324 532986062 525527995 439616301 338034125 492212613 988699184
100
652093567 358581363 217732214 317672124 853957117 646539892 828908775 197770727 746864431 132830361 651278660 923853609 239927366 705393392 256372540 81788863 225073302 43251808 541582767 756097606 453808890 958067488 485375054 526576391 715011241 345256474 612135488 317698760 64980614 866365449 612590489 496734203 475277486 614640985 89309975 779624889 905743152 377130304 53182187 584217890 968009144 648807711 288696901 732736803 775668579 512970194 909189668 132798476 528091372 498016626 850309371 613831421 942369363 498897638 945009283 272914780 734892021 389131157 930333859 845634843 669757588 866469096 899947182 119726535 168124985 398719317 574878194 151470348 377172090 665130275 55184834 705055741 595140019 365600690 81435152 861502312 122740870 458099875 773760730 814804222 645475646 695506923 83348386 42682368 857177625 872337521 562448484 706253828 358407891 980172515 626804713 342131142 421753046 183041791 269987859 542189143 903266074 216207151 362474715 970311862
100
188935192 396196142 828160636 346453896 553176614 880945254 522634473 809735889 82827456 279796388 192525071 956732050 345448906 445860590 349659868 634942869 133037904 667691070 634138103 814002547 473434583 939560565 159307822 617164623 631202018 4111686 478696449 49238818 571893500 551705965 748580673 91120335 89431229 767760232 617581537 186640813 214289462 774222165 418883535 524975676 837543285 124170301 149808585 577930395 775684732 91262900 780640887 284489461 888503098 835619998 451032140 595509904 168332366 321836384 686260652 680738724 635105321 310711880 232860505 720977173 328503500 99268664 862335622 96661306 443917775 105998900 170065823 163156990 391272706 680572437 530649911 71533573 755786472 561519182 101886133 67394665 459622725 582221604 266458031 912959212 160142375 629151313 577256608 158244689 56117416 223832880 919032456 118411080 5292070 951659906 16982844 499104099 819332446 870163918 71317349 447459806 433100287 172059267 658891335 176128678
100
17174904 91977874 182669857 63139239 245123912 868233194 18439506 876829650 399535 517275133 823562052 795792004 554189763 582482522 941739643 935570183 522550395 838208032 692764044 71473497 731266827 509762274 685059520 842774235 964024742 707037749 287277247 724123991 137163686 808636639 770755626 108325597 132440194 478877280 606583718 275516083 38547140 7766239 176129956 256010489 210155090 335969067 159031236 652481230 327582499 636023548 409951169 735037296 784132691 753301982 640379650 580365390 940546177 635192247 476178857 644338151 468566043 859739313 369178931 601733489 317921827 563406489 138438863 570649352 891670553 856571902 890073760 694500861 517378197 422240855 9699241 715102354 928823563 249657765 803437475 407378490 321888130 686180901 90726941 821334509 890280342 621894623 974855044 269947663 310835839 695120792 860810931 417484150 351183422 958761041 512842642 544963944 789647790 591456927 289175802 261683935 574549966 183586511 537918934 349326026
100
303712818 823234973 907311594 545390806 320139547 155356673 220291678 456826821 136191039 873659131 972308507 701662312 818289075 438469761 652718562 389703052 517049882 156017834 82320824 692331204 37344016 583812909 120612252 32623559 773683802 870458724 425516842 815824282 869997211 996420783 510455706 390563266 801788977 753595953 814428159 86870748 956281080 452153457 308549438 192158998 587675039 523356398 664758346 634283516 213402596 281843006 171597667 654744029 209982639 394272805 403124387 851066302 98669142 900188348 280856132 35293244 407969422 728894297 431707346 413121090 252382702 444107642 471136112 988595506 204140334 996811122 797664286 528107646 756770159 39237399 939470666 682701967 392501385 391639266 21046829 954123167 112841455 521094014 377112510 250702577 220675127 41299815 719269807 151660124 70490492 55323816 455705672 75850714 937585363 546755572 870400830 919221914 578524876 632434360 11126964 114292412 888325344 126518484 404077364 76044333
100
240549133 51720057 344129658 170060511 233053897 795921453 998173737 664901931 594852251 791565392 792595930 571701973 661676320 709073634 10529614 33442974 652144552 316769287 406835216 671553711 582689935 244640471 585657434 118183704 893046591 211382858 972599077 357903826 478126576 233989935 892653791 449470314 691805914 919546693 827920820 430611393 532535450 833382433 235376961 958897928 801633993 138512393 64449226 743614630 696842352 771007463 960492689 49536696 163538760 128090396 456117742 335428402 467046994 515961454 341983853 346675872 163426125 60024212 491353774 645092985 550537740 240584294 286093620 25032444 14787919 772475972 354125722 112916960 378731044 917420116 108458230 951052071 355438509 867766269 988741688 191321920 278223739 768702791 973526818 27038122 926203064 23559538 268959928 701174678 101032700 505562199 500593649 924302052 663209460 398924249 41559108 523244566 929440063 311533012 506180147 252960281 125809232 988491143 5025752 600691492
100
922050114 641339961 29543865 578967223 447729949 648864557 585734099 634063735 191522695 385803826 939080516 240316597 591424780 391614634 897467993 810648078 988888064 967275918 799225147 419479466 927395719 783324000 567185578 583280328 632056733 277039167 796907308 150799009 604230673 852948807 51357117 231919837 763596268 845838353 116768598 287292431 555401257 124678621 778687162 641022233 232327546 431103072 458708553 466944945 182666774 983432846 275528330 132406896 775517095 671856573 828646458 566028242 892651977 360343356 920421419 410047376 967611577 265514093 29399182 738209530 879559360 892229064 758550337 743850816 961268609 409749287 16678291 975547952 805884596 799337242 138256507 662091163 987649751 9961672 779843533 253905101 124272867 135344904 246893732 605299914 666387974 592908068 746424647 18322725 84363764 666910455 855397595 993001667 540249639 461709498 219475193 586930993 62613531 994359061 320182751 11362073 271188592 651562533 30355067 61900360
100
825218593 156507576 655876191 408881329 592890338 783856914 948142572 948009521 212347424 848574432 606459879 102118349 734040381 582249460 379485248 996099079 590391783 457402693 874957829 589267161 151219102 988187974 762690536 175863649 946058971 175660754 736214423 246594803 49167795 186448607 549641081 416109747 377835709 569153288 464435360 664186903 810193960 168485152 192991422 647354158 735751687 926401920 418635803 225876278 411158464 970545194 759650889 866090455 39646575 638427228 20309741 488653876 670022800 631750128 18241796 830323795 842027461 793942936 396677549 187274780 130942894 101562825 888633369 475283986 353659724 762630582 499132718 283269610 6016575 541279718 618990175 956193152 976149689 336202389 218703705 545978718 22653846 818666808 310761314 360771364 670324276 237999530 796270835 824942956 578951910 579388387 983371060 80237540 306803329 359790513 472525890 777815506 792386329 674165581 487411728 884696936 313658335 604304146 976634953 62630238
100
225235402 298637503 235163023 31990629 234131423 865315131 204899906 649511116 224896389 280091336 250290941 274302476 970507421 619655825 404255264 452577609 469510419 235715217 574875891 158307506 51763145 399246022 21716875 150140016 158384487 548963402 718670605 894423054 62066165 710507801 538094274 689120038 46246687 190990745 198900148 354350001 860655889 364317237 239641567 197743702 559917250 847927020 677827948 799591642 210122033 508649633 428349033 1762254 388104384 775926632 297558713 123877852 182665083 207387366 648779849 169583020 615634725 634624331 322379881 135173606 70947573 265306891 673026187 460783383 618835706 225428231 503697538 794021674 145354361 601192327 182910445 987775082 715454973 602211472 866339327 433201298 659184062 379568612 590527283 150477648 182215153 207118478 82986949 933985820 481637497 818890107 59280230 576245313 74473614 389995531 868093312 35949477 573433010 359219020 793298653 465924052 460594960 36604716 245393702 732259516
100
540108608 835901653 656952289 847045598 646389019 800148592 315332890 323935373 232555115 57259560 392604105 725151872 559230065 683195166 831684283 104548965 488474899 859367525 206418328 490221398 612773700 204549578 665566649 227852394 460781875 223575220 78992227 37121065 372886722 144437570 312333846 464305672 112221964 776739143 378917271 217426528 745267481 60626375 418347850 440436283 380005418 868862189 832076198 878559482 297480699 916012090 405449117 103992913 662753911 922904173 830052260 422203724 177327962 567301096 66125361 321698313 487890191 765668543 986932383 910778261 945483123 323355426 239592230 925093494 695908808 167282054 509044713 570737373 348419389 802706157 20033363 395034335 295423677 914390350 599827856 954147349 833196388 594291339 168294794 424669664 120103223 424728453 795327508 254385192 190104158 894133337 878896438 485074799 248127476 398049726 780506739 934934194 701033887 779425857 619868782 859692761 19915841 368418959 324611440 681212747
100
294104972 285951328 897455274 106270478 16048684 664957461 289809570 892148690 116521059 264413450 238846419 825483371 877017212 745080665 958725938 473612662 473763852 852167189 303250767 637930062 650308460 660571290 571361645 955943191 673711436 421997159 860743378 913785957 195335926 538652209 125701592 814118777 463209199 802371207 478615852 111525571 353286349 52990924 479268531 1520172 240246026 702344146 391253750 196645595 671566738 762454928 766616025 351035299 953201665 760970668 118850886 257524874 717148576 973236806 791859558 218677560 246286891 142381366 247387999 487285408 611501644 429320634 483460872 624068694 737089738 232622798 416237345 179489809 412242840 864258634 7478029 849037159 837062005 306275768 771546222 568426559 713569268 566063748 264246210 617710670 990561916 129370449 63772524 78637346 755228536 876852376 371554557 824201050 377702384 369387062 873232452 335804944 868124727 744424048 502670645 418460367 787656217 190598080 226443803 93017088
100
349679421 217219196 936640348 148540377 843013364 852704128 116741575 271640911 56163771 140351262 198272302 952552873 933428838 842484039 490829110 2384240 981325467 410740800 648162014 141091104 155116228 461698474 188063388 440021415 77833130 402122524 836264988 860288007 24680583 703593319 182877158 451828583 17322103 165712401 111317064 560456340 82815983 74097080 146102208 905802297 923989394 871045550 480998259 613375395 501064665 693496018 726647006 753763307 742771367 267942476 425947222 244691869 948371414 505970292 127386260 272393575 475752320 74962486 527751979 140604921 125141918 72803418 572749877 475194229 187988565 301153474 475880508 426449219 756299694 908479867 873824553 74703664 153337166 418110474 94732171 384760919 111279392 716008800 428006648 751355115 609837528 379563668 830197917 110455014 797135824 107153430 260008978 280266545 662304309 739665223 318271965 978175683 863313371 268958523 811834122 770117811 583465437 888799559 630811163 65017617
100
341569297 774484012 982520674 137906979 894055918 977387121 995307209 806244900 880553396 879969302 482992541 66897847 817862573 565182385 442479907 375499615 32204494 549679763 643456089 697898151 298614843 564500081 685708293 374955752 983212096 101558859 216298327 665598531 628689881 595509755 967517845 70124435 112687680 214328424 151786579 83411666 508284370 83776244 173950365 112507640 867509166 102083228 138347848 384306006 794264728 495857516 412902672 343375744 601681489 474922448 281928515 727754269 506632124 126549211 202001975 231592861 246039408 672100149 66482892 706030226 946884354 207638222 731045731 995285089 16520749 656213641 503752181 894490071 911026021 166305330 53695805 786101775 837170730 319824086 615640077 727669564 726589374 671731780 285950708 680936804 741278645 630293057 522693623 791012552 851849562 48657940 802235738 910397737 685626681 237602131 58499132 793164078 400930401 899143185 551661270 451450319 501431610 870476361 710952294 289401475
100
559050584 750649448 63659280 447637369 924760111 254989172 405784584 232279841 464802674 147853858 188954869 915720466 142236667 449931822 790521379 183281708 83397428 19614812 215532005 217105223 823225463 910634818 617533962 686241888 472473034 527756985 629636375 115029720 430756187 685477138 476661344 740880733 394614352 739444835 219325845 449895316 346559180 947912727 14970234 869731485 941705768 94940508 769180163 309994935 759760321 722632568 947941694 871231752 621087735 199810616 561255267 262534821 577770000 764277700 91633947 361256789 427298578 308731290 353621875 31242664 708288906 399577360 503126182 120354939 407675503 472556268 830653093 819556864 18239210 788404181 176979312 25896886 851836948 39719777 496544764 420217167 338051465 398447939 361397187 951970197 443808748 342902951 969213543 164619382 458542364 38094368 70271096 966495830 861262820 123551602 945237771 115044302 405098570 364451559 597783055 929844619 457459791 860605780 360300554 257849109
100
149937715 758454107 154473794 770848565 994795904 704811213 732528688 910504968 61008538 470363516 979524705 446674768 974897433 722751629 291717206 455825974 482477173 12641715 173373741 274541447 499251736 413815357 101655278 399196673 229722652 49615021 590698631 145752054 661264875 764022574 948825926 163364538 524044617 576042871 446893089 231527243 765495545 814042397 367511200 478681706 854390798 580136020 802164771 187369660 104382731 792560410 991252263 319920486 145520299 978868776 664476247 689000965 70855936 708675350 312562831 188898508 633773331 840521889 365737330 920936151 814180698 619200758 971651432 455671983 592033986 678320167 188206002 71704719 438104122 241943102 492952735 875416629 352685654 233552317 452974354 565983943 960934826 338592214 279202425 454861910 48570128 435120639 535616558 440600447 405924239 266482809 297810334 670996667 373865921 574032429 714250054 156546235 493071583 988450343 401520642 925368684 789222063 561831979 534393739 553263376
100
504570404 958786116 190804328 271950712 766827976 26465995 985078607 699544293 859270393 314151209 693336967 779984250 982386353 248433484 597793080 91871627 612772523 217658283 855433033 486187447 142015451 460231629 6051481 931875022 701269206 516421765 514566297 326162470 132106209 905142609 180028916 219710252 989152297 478384587 330315505 354474124 870592384 64239756 313049379 876644041 308562578 734065330 599391145 760503828 705768973 400733691 327968182 695603338 813351017 491909497 809272418 755059180 902787678 226288184 918318112 556327695 172547333 316927355 678932485 782023916 117149110 856887136 629241747 52944423 85357173 805445014 575628313 696939196 829729987 991265470 255687262 117750308 130391945 508008420 303013203 206474630 627567 554942366 372660557 500884559 183471114 462993044 750754630 902784017 628596085 781846574 332682859 434240308 95015741 637228413 114051777 497024969 785240664 530111417 271391419 672403278 491898350 518755267 748334053 8874466
100
252817550 926361590 715492817 60803292 871179278 340184199 172270940 958864698 20397130 364875449 409298455 254195852 683447695 374702584 831406062 530432409 118393243 572757795 871023574 398452879 840277221 329059670 14322162 471915956 623288753 304128869 573740854 448733855 149263611 399812216 286241279 850618377 503362030 863343445 320079315 38340072 122146840 715630387 849205815 519818004 738054897 823276637 264378253 19246615 739290076 434014215 225509746 502578594 788768651 653046807 958342309 819693305 199404018 214896188 991159427 789310177 430820160 606892769 694582524 77716294 414907180 660367003 542824631 237867478 216284329 518636793 864974295 508406266 669105209 821309557 992119134 214213036 497433272 495192253 114965073 341266640 439332534 239846905 547634415 395009579 758298108 212918594 422572895 818015440 658586468 592678625 1352717 344343361 639549760 321044085 85752850 168688905 828146676 924724350 404700592 373850734 984536451 392232088 998121849 574643844
100
993945718 665403888 90072368 205335577 178499015 829842255 124116809 332743699 716543293 894752770 629644846 756021494 349565674 185082578 188662421 465774447 291280725 206698815 668513782 449510281 913761069 611801638 795555635 808309745 619072084 421727797 46614080 425830670 985735310 141360274 587348078 439587042 38649224 257459237 772025774 310045781 259392541 814392078 110564917 801539207 105397750 748590540 223905639 184633360 222895913 78802288 80679383 761604961 194125256 486198764 878921531 28908373 181983311 868341261 688147823 95721500 921032610 925629021 6317023 67673259 838603488 94484792 705137818 838316411 815441182 155212808 343835495 165523716 269088079 78820760 367059615 466977262 28725765 510552941 745860919 306425349 775658710 26976255 175865299 793982917 369540545 608394052 8868552 717807052 441328339 645680248 743659924 267090358 359823281 934016860 800894507 894908368 762163405 521652452 880753591 175632948 909641028 331932368 913689694 31185250
100
636685994 199419086 61005307 349552764 387933550 447166097 411830288 309136754 650859887 789042187 136562826 824396319 857297664 700743754 158569028 544537382 103461781 992623933 744650499 602482173 758468381 344420652 523378807 181561341 629904579 908973594 463111940 701833875 649210505 525219375 967447832 399478559 734433628 852421426 946989140 254130931 133044314 668877908 306015243 589287724 603030956 564880776 677526170 951236420 13156150 517323882 189060260 473619516 853085037 761669597 532091024 998393047 925117297 713046676 203729107 517853986 385853797 633059249 410544318 893245758 640068550 803653298 199800696 175202578 302672073 226684409 219030118 293591575 641507195 194507914 622156952 483264840 811142631 228915583 929603060 438344953 247515963 346694448 957386161 339940049 63066193 928781018 872794632 540358948 992720050 977111148 771948066 521157991 410081466 209274678 171224649 960765289 896308103 553092576 708008257 852026333 243807418 131697421 363312644 599005056
100
250292119 932014197 492033143 877098754 256994601 585978833 426869628 193678069 873077836 395573860 334972121 253568821 407469948 106120113 541769792 296701107 39707555 758529018 269157315 369355562 848209703 183704075 890829839 843436462 239165141 767484958 136680739 356788876 369611561 421387941 675494757 505313760 74617565 822382448 211206551 928587773 384605830 779213250 547140575 125596939 240816527 991234379 270149756 647941806 60264202 395852050 432805984 571006726 715253046 575830018 986526181 555454301 960153184 415361210 996129691 254659423 292988770 722547727 961105829 28901998 566353201 277893430 110055596 726997187 324632018 326134575 644132039 223239707 883952766 668562714 368947361 109812926 369106038 342232921 43068011 181553295 390373627 309384838 64971689 888146679 269511087 516655596 976206161 700777865 578826009 177082996 507049003 536170419 192648788 206738816 446173039 323576381 298518409 455884764 879145557 822113640 804537642 73879468 288961312 376281061
100
515246172 208442185 673508812 362640814 569044720 187063844 593734353 216517232 807028207 969501556 263347362 230302857 330896647 494863397 289397186 651807260 224127573 360434914 995048152 267402709 425425438 950108169 538173484 303103918 7899991 42168881 887765286 763694105 505980435 455216021 749270165 894006330 942065799 666442526 264845272 131963838 478326085 110175214 143750667 878271970 870827321 699387367 530997520 885032677 394888102 310655690 774485084 803927697 275401551 501483436 125477882 606803573 656806851 711715550 243283941 575579533 516828460 877218421 110417274 349172441 1184726 465578971 932971420 206699384 319706869 754117766 456843072 751065706 325815737 150306697 385400728 966234843 164565739 784732248 121664564 104929777 860124183 156699803 687393624 184633297 48174708 810611853 624268000 387789602 914300353 506126492 459182627 56022322 525180316 151975033 356154065 769798062 645374839 640603654 102267974 239744463 244067491 771633425 612707813 250733008
100
590567811 751871769 904544345 356394312 717006473 895952481 511300084 659084961 713300978 12896928 273293045 369115527 513265190 936788218 120387557 569748812 823519623 653158164 298796365 760207509 90690718 508030388 153084763 156113015 793722892 51883457 813645822 943887620 552901341 592929825 823405338 35994843 62465185 844116820 37438570 293492523 220237584 71703344 209691810 131374748 38867642 367283991 272460296 775634233 405373452 461835425 682228809 248296120 630229505 809052907 887732688 269355379 448453621 302958779 375820520 807719233 68769921 272462305 833282345 359556737 30979410 71291234 362516513 997315877 44568436 551200568 625831115 696274734 810127483 907973299 738960338 28450940 64573914 83140045 566345197 164070197 11711567 743625500 73941572 219188568 209585943 357884971 652648989 546464662 541834542 558872801 433844956 915953888 853078062 638097707 613127181 396695103 287901431 500281638 781062778 180500686 422576216 870353640 835736018 724356246
100
253921554 709232473 199116835 902783228 387505349 950881686 451242404 441569496 28475457 719879417 55879261 934259027 183657565 712654796 695202370 339292405 283440542 984742091 669722154 72963889 335283983 108458397 238231555 280477702 294396263 664698429 129334849 596305834 787231085 195043143 177934448 486195543 575586528 127885577 229746068 545239474 550366153 727901462 250381770 314558856 558963463 954704619 68724666 768961651 20402592 110239987 56524236 286986437 181329955 685755073 770525067 280666190 268573080 92292065 160962432 61188193 575326717 753880107 160013055 244850624 408587310 653455271 640186989 20806794 776978867 732808794 390158845 519410060 564019457 789514543 117515390 867309269 307559181 319025454 797116500 384580877 988249480 971140053 864217748 792843301 330696182 136809414 707517255 136554957 490223358 468915391 473629174 655693721 585592854 290299308 916387536 546614472 603077897 26236628 968933021 985866051 594016538 318284944 465007386 122894782
100
483347437 537641480 387324259 388107175 473333097 640251399 355019262 628319965 568344197 598053362 704314680 770402131 357657108 528373117 587104619 161358564 416508221 759172402 857105503 574618677 198433227 185081272 873980780 30238966 334611087 83326977 295013724 342069983 821149419 14088780 740632909 244497162 518377911 352714034 350195294 638984673 743661418 122786931 151256847 657055116 422685653 625120832 458755445 596768810 649456544 440623771 832929136 378719925 49009620 131619238 810074299 430592944 600141291 756347240 227293789 573261568 277244508 379963723 461550772 546893225 449929197 508097724 928545530 282038768 182222027 82578039 656636585 230346955 339046662 447782368 567898587 302664264 154642655 612486499 99095230 55386818 627549568 424865071 199311430 458899325 436810862 632636727 19001383 354543827 525645790 148210394 393572525 120640524 859014517 542471703 166119672 944720375 511598391 284985612 610624622 540369718 551918476 887477585 732728530 725500380
100
86286221 254268628 990226440 578022008 472337164 838474468 441706974 522195785 729456146 210749760 865582562 196063847 529512815 966017307 874819716 870892895 248804464 862600272 916659831 309443282 681774068 939233676 545998741 993250320 87532898 748546221 762351312 37094387 67016503 662997829 27833022 500286731 849659434 203823972 880965929 353432998 138450553 896793458 862602615 237114020 29641328 215448222 806516148 941852118 310009227 527346538 52995012 474766567 543195040 676662104 890010498 792855311 197955966 516277778 871719628 202068997 660024306 445953043 486834692 269913182 680578224 343419942 141277020 383998713 433949297 588078090 460118568 32087852 485412332 456862054 503090924 198587038 909667380 986263157 504875283 153749402 804167287 505779811 931287891 83930698 916795546 240702068 962481715 700154074 73513461 18941267 108790864 11647313 824916409 924609556 188270803 236523009 52115377 912556046 367323693 109227434 660277569 691965557 222359064 327427072
100
752682080 250620661 192963419 459114913 449610123 831604222 756543905 117743150 477578210 951848246 21340737 949390807 693272823 431861493 835576729 668215159 134674844 264073386 507358708 46154583 310959938 2379696 902842629 722294961 354102098 170579736 409991117 595985382 403721885 650455056 242321236 480755362 917645634 881866453 853240078 44007704 162985912 513552860 304983561 278100934 710385984 851185899 94700093 236967587 143358785 59982941 211761646 909612557 266386239 214724381 43222680 682951699 174959563 520127821 814904423 978093944 55938489 56380146 936229566 353518564 876210674 251742713 905743791 139230408 382288207 925961362 944289364 990146729 198027008 150571066 43206070 742780588 583476056 344016697 450014128 918712858 782886619 112884261 428842165 781709515 968830749 500365867 112144619 307026449 387622568 45009614 533966978 800914177 150242497 635798611 80242576 921225357 648692766 990985586 742985877 743938680 546475435 698600489 788998767 524621342
100
809964754 876856362 732679808 478512852 554807119 179640453 999992729 468057307 506499345 848663134 804619694 16869883 307955833 943940686 187689106 392822193 679760399 932874617 201534959 804676411 994811767 781741492 492022974 445304242 858988350 185305217 1277814 82144870 813947463 143903589 630541984 384722004 357628861 855719688 426580825 710063263 672958075 327275538 444774564 66990390 421494419 787446369 21357499 494693279 278659087 245080493 695385568 133791598 306048367 200733772 492816972 273250543 494236757 289253344 226146551 507172694 955275893 785897061 530369003 478918069 467870640 345043170 343397894 396456529 549941504 66878480 950973706 792298385 279277605 81040118 936621539 52032147 660475920 626432224 689643869 494192290 532814392 774169985 540309539 160756312 213632273 633225642 579911665 973288923 763368933 80590008 493947648 800054447 897107318 865038430 554209889 626571756 924533904 436797047 575941044 117142997 20316209 18430362 787014562 131145763
100
27372081 503842493 887070288 810262025 964395214 774579496 359963410 551447225 340377442 227645294 266905963 269798388 199237493 629271951 195665796 204277211 756458839 694125240 119528213 633386100 40459941 507665373 652956398 121156367 782369832 703354185 808956240 267299131 974672513 164889236 170699995 566858536 214630905 745187245 726310479 646209432 778957344 612372626 771109126 188885785 712462251 912040257 999790496 402098186 425952838 963585689 783721183 266282872 271048135 731639404 788419190 929956876 389668992 339103330 883864627 95721690 974379188 236487979 669475612 811563278 491222387 316844151 510422844 257020701 467630650 381411399 920379533 781056757 516224631 585765443 298094211 979779650 686721322 891541033 677222933 332273849 252854236 452324633 758364191 650102974 111516690 892899263 275405996 233673735 76966698 818700164 356512240 900627363 919661200 108110514 503615924 280688004 805321227 614967287 245612105 985689847 884277960 854270414 765449126 351931522
100
575417842 801455245 178087721 500228507 428185190 877415123 460215301 616135243 663364926 570312358 746941797 645531040 665648236 777117494 918818358 158884467 944263810 442280656 446903027 447531169 978647469 946884395 116079386 854714167 19503490 732836176 625108592 620526180 168944872 217845734 325329822 151270204 14086137 176787187 499129247 311605170 996926495 317169369 963796711 240261624 650031982 209961195 195715388 126225391 910369603 261811858 311213957 141360597 599960929 254132514 565111666 601255784 424363997 444155600 927111299 586009378 579755045 178631680 89869425 394698604 406431967 672283103 353765247 426988729 298081832 970950309 277122013 126505950 948706160 222603920 783036521 206586440 484620331 194756480 82885782 57708331 711254226 910112120 82594886 771245704 927278381 328728732 225953287 616944317 887839496 608404256 616007277 95953704 15636728 617261838 268281881 400517745 258177363 135734943 947714293 470376601 538458324 592370715 512087506 78685832
100
591109299 392030314 54621812 803680962 945224471 126548943 608439470 655388433 139948178 137587368 618193614 166212439 132122401 595629641 154871202 669790953 339977130 365732495 356835257 731933927 970515256 95853672 69050748 9229387 859557970 602235916 957926239 141154482 893984481 663624739 419515496 144887882 518278567 134504886 828039269 637627854 572714062 152359874 236549273 966394864 766413325 117536008 885606508 885972695 680568752 679334859 145573342 9982917 765991145 625567830 364078917 223313515 669712899 394100521 582187690 889467516 350835725 644081642 141400568 399913780 756862284 946392199 524240262 677006382 883717580 380959086 893004479 703271249 812918730 66785345 646317823 347224646 337400834 266406168 997676850 298414845 903218377 808028943 949932929 5085105 632814306 187991476 414968178 939529651 845739321 935314221 385337493 686816750 211235709 437634800 456599238 317415482 37730253 200297552 595888487 837440961 192650026 256475730 807195435 249576486
100
421946844 457059152 430925164 66115071 446426517 623765749 459968514 358372778 285237783 271417742 709734514 206289792 379703032 601589610 997215478 788815673 903011830 201505368 485553639 860016318 87481689 226730246 237207358 515290084 155390618 855079352 855007501 208859102 520601707 857999258 611064478 125445823 866062173 797861254 522016578 781860115 118006493 758169245 30584538 606267790 653926883 583114456 716385366 519787878 735804402 982330324 606693253 6532676 748993549 786648170 232092437 696128289 572198676 205861986 634856101 52347768 394541891 344373441 110697401 362671315 634067325 62430739 646815615 372303120 63646386 830455869 111911109 685190734 198633858 981621398 207218302 899596961 821461564 138369678 566452525 455843576 863293615 817725067 896513284 142242891 547640365 81802140 602218538 704774805 388241144 727148139 115253354 984744973 914450065 463659340 890486339 199464947 183251490 405318132 877887582 223354300 179758202 152271059 817505790 676845771
100
679248252 662688593 645884668 742108692 460392232 234323847 855774036 881363766 984016587 105747334 764469489 366204371 984631464 913274221 134082823 624707533 548920701 513109855 457269168 338169090 592117133 280810235 166856128 95523789 559522755 631683214 128331814 285458138 178679941 212575696 701887918 852618207 700335966 850591928 846909101 521269141 357764804 244330010 731282946 330624434 737465366 324467104 932113648 562352235 674703870 142711394 790793700 747536991 676026364 806051830 129463740 338506348 794760843 120121866 528294591 305483019 925115230 112641333 336058294 685680983 255157182 497262284 28850881 678468956 820547876 682495881 90235529 769940492 405505357 126967315 403450918 878784751 770473553 892444781 720064759 389244349 129636813 421696699 250468253 655558736 922510636 512088613 266607997 279389596 474066018 811310390 462876253 737260287 115619905 142384462 310502514 997659688 998256776 780253537 485875170 55575150 880792337 258252155 521636871 783432685
100
665334084 577684023 146909652 23370234 850488333 609514541 536217783 432183694 441072179 137985818 695887402 218937425 730162695 200695842 365097997 16925590 959367128 991023565 680216658 765272003 793441814 354862028 161301100 880686066 652335865 794697370 377346866 724584409 279127816 395265220 175063743 875656420 52740731 205186022 105410210 308782473 813480113 343464206 417003602 722084329 851908075 344497309 766389522 949388835 209245461 43166021 975641792 484078868 480405059 736217184 808190769 875784070 295149569 24047682 125164735 290480435 199737865 663819092 719732112 782204084 348425291 747403488 418355511 85122324 801247092 799216332 561505770 234447442 142791655 559157094 953324415 54460249 426508842 617244526 563058673 526062020 671125998 224387357 890695586 298816569 805451898 406137038 126679094 775766968 265251274 556979527 102232949 205954932 139167374 208711582 606087055 317607406 959554595 723941373 335853039 570846485 433041471 194304065 897856479 537089099
100
800651236 48738812 163820747 629119535 152868034 494475470 444962855 454669185 176710751 939471176 990430128 247196670 830611422 874187870 575764 906781791 298391964 480220074 55844592 935218533 23325740 426176584 635488318 920848635 673981371 89669681 386101047 792189473 830301916 260395654 778422291 220870710 507069368 896739707 26299487 314963120 603187738 160337125 333597650 832473076 326127514 481464600 317686869 136760743 961891410 88451102 282275539 885530080 212378999 471663386 739774973 645560828 881278451 135556092 758768099 42622562 245417869 928196547 592950571 177074050 994266333 882487709 175775189 962037347 191233477 989699545 420080190 930622553 11216264 799191733 266044173 952903405 800751756 457138045 310380829 212411709 711382723 605963426 211517618 798725549 113194315 956157386 163950033 126492497 938513436 800501120 202321045 69727934 394573974 716729191 597403407 267012155 927338147 343071312 39808909 942740511 870334610 863393276 348156587 902079190
100
425571358 777185604 917203611 303355590 262342500 265406535 831909956 774985740 244273851 174706091 792851456 858606409 926582898 78247586 564267439 946980902 132968308 62234080 502205093 70593327 871442380 691895748 546316872 682988730 835520687 731206491 650064896 972570344 956733653 287855382 478048489 818121852 734239113 899034231 768733610 322206024 189154028 538700777 688054577 129280126 700014808 755647515 856284414 653141441 278706342 88578640 259617394 823877743 965830715 17190552 864678887 340362507 785894774 418263218 959763583 356189615 586415514 76913648 128399542 299827096 737826643 863797890 302889275 796996949 408151722 770110992 645164759 282695883 312188938 643243382 664611122 831240211 184866045 408873877 709061725 126309976 490127956 290649737 597566925 398541925 501785477 479161557 120867226 646378124 672955717 999497279 429611721 520786694 71561130 633419000 158980184 767093502 615696297 189845610 505563511 998625058 222492302 691122608 34880978 470559830
100
393498796 379513940 147980065 476510137 4875619 39601639 480909051 242533474 463962999 503420665 214507821 905352193 888127585 765639512 859024020 706085062 316956736 210207125 436444777 558790579 888835256 522376061 300458828 857047468 503785070 513276312 773132727 430197475 53400912 895494238 878957417 14626137 630437933 67707672 503777620 78259954 657186104 420775432 739069550 856825164 152454092 809143094 38358195 810875150 120544734 70322539 7416439 588939057 610069576 746390899 455422942 467293598 938314587 164382906 172022889 351633447 42808082 964335462 716532694 387875881 767626464 550475086 385506327 909001156 770040581 926231843 884736635 178085179 709945087 960673017 495929869 502968326 548997392 130381096 316592488 326829603 20746708 143232835 587398612 11469967 452552183 188149441 245557853 280987666 272308049 22010649 25663681 670950901 686520411 478035132 485157749 763413097 707712892 894164704 496932716 730128524 988287615 237440869 7340729 557862415
100
54254932 444494676 951584826 507215462 477492831 690113767 658929466 989216582 144431233 639596241 508686238 824119359 244097154 950454347 865878254 236509619 334596503 51210436 830428793 593548700 523978640 907425068 48133340 103641257 442292099 102434443 562172664 362154662 255560940 244304337 714437198 17878017 473049816 678897764 470358870 868713088 409587593 831389554 623346500 512277533 891634579 944775966 192077897 752713877 801019600 76164691 832616978 426535369 573229079 69605219 343968756 998681077 997162339 143581472 369312578 784728750 326540059 171015649 22774117 392054185 760268002 973563440 336297441 33829215 584176782 223568556 237686190 921809728 319554338 650127614 940904949 742453382 236915761 849499017 665644055 564418521 880240430 744520947 476787545 692865562 833783151 204606349 305465620 650292454 535140026 105561152 3415057 187976009 773597989 916475950 431144451 253768546 573220832 623621075 841469235 334234495 579162755 652008246 193561077 402294356
100
546439597 99570923 521430218 548705107 640605016 930346774 275885543 572397422 651940328 153100073 750531873 669195377 867991944 840299582 728187544 160242576 976658388 824817572 539565972 315221933 54113562 649383633 378043382 917079937 58490607 654055567 420404922 953119049 795734996 961545429 880757410 625721920 524145277 515068905 700220243 672946423 924106446 53409954 684831633 447060832 399107833 645096637 216691223 674254312 614875857 102920567 361902692 379255417 191315119 102532820 7963092 514290597 215702898 944706447 844676953 327102915 977752623 702304485 902559297 177245969 209717738 771867704 521662431 904121610 350454384 708351619 494192579 338658729 538149002 708692678 374692957 305458369 415663513 863415743 9130543 377444440 805303366 408953342 797578404 744714616 782546179 241593823 451768357 867772385 903481356 382666038 724268578 71013796 131252300 989478565 537672629 224697976 956887281 418629098 596779768 540772360 820054515 622949433 731170153 108733898
100
898747668 658712561 186829148 148610927 694226504 762245809 702694190 940611518 862202008 322973243 5608322 585525689 583975127 755387079 849861501 510061789 962137979 396305247 324636262 40220107 998363637 284208084 587352308 263345655 869129363 550739554 773308599 14632629 786221323 919623429 536125347 286018405 929202677 907046159 835809387 192609762 176254299 221834706 899353645 205163289 51888161 376704345 218362026 770193229 739109936 503185046 7756243 207232520 590007709 813043795 31835569 525142983 56252142 655110968 340450224 504970553 346982378 324149276 914779372 688266574 69455645 978196084 105692125 777002137 325649743 454379555 648072894 55065448 948900104 677959163 584595776 951141007 11498026 42371957 549682209 983953907 928694627 909289950 59542362 196109197 542454554 56616802 15203552 740040311 891010969 664281818 588326291 443301155 664242302 976447199 78454972 222199016 865687615 742555615 913565092 206676253 480052665 240681118 441455159 389893311
100
303273896 953246997 744334229 642758020 230745765 812793821 274805356 787181547 387423646 21781661 424415567 682338929 625501880 96292315 897913677 482735583 981000728 258222326 18860452 207567653 35619367 957897857 635862714 209076060 662084742 493634974 618638697 651926153 456330618 562725107 108005660 108323652 855342542 922274435 173908137 790403990 77103584 787278899 894669674 325095106 616091422 575632739 171645566 722748182 392993252 583202178 370703 742020562 129875918 965679296 393304725 438104723 514748893 404826096 616631582 717972367 545867691 820335136 615575731 704602425 28178480 169385923 379684916 148184633 382092619 549849387 796915038 374883080 568706546 120228133 694440925 258659540 73688462 159300965 224550217 435401623 572412999 906976828 727349115 684025685 474951851 506409427 950927693 323760813 180844187 970191264 771811766 933251197 423651701 600190598 689693933 649046838 251965877 994780729 469408171 290022550 160982344 781017061 898526054 712949523
100
633380292 370403552 966942713 207191738 580856118 254159918 73882450 937055916 232346463 521062925 229417766 198217146 768853026 426229578 919118345 783417415 354193932 395206908 541132502 669048182 471535798 436734188 150916539 172639283 114443193 95118709 253852213 585430247 199075623 694677692 173965366 617819370 962808377 755196992 265682476 808789756 710482262 799967763 664537264 835595367 880996662 517488161 702109771 633417207 275026555 728200348 963517470 775151440 456418275 94798329 850741098 267933524 588306131 860177310 70285091 418145851 230029636 108199274 892918108 139927877 317222425 487925426 126710097 486901121 554465890 342749465 225079186 837760476 232100623 867139904 597396307 930807793 708018442 908464503 435700500 787928040 184489016 663245742 160763907 903832404 290629227 768161024 134441977 395457451 78323033 328124636 949302218 162227571 768952469 593786006 647759790 801754258 479626568 639854545 374341157 958021981 640896825 569756644 217010037 790423748
100
319085138 460174361 345619542 797531892 907067069 950219735 974926323 36385141 709156385 27013126 789969696 334377270 465717264 703046795 623428991 623248076 771425240 596738164 260868382 675306553 898179249 794669566 910176443 422768859 605092151 619072269 474177124 501098599 30510483 367305494 219916994 41605848 466663507 922063542 710453660 712219313 285526193 909512645 887149050 435102628 453298210 103515361 930490356 236379550 721700456 141145676 749984897 278245183 933374443 836587881 59025789 774241486 265987088 76433584 955320385 728795580 200470439 100810949 324104362 62240051 23519228 763590844 779917583 310708255 412416055 918940576 901064552 721267235 60178850 502934503 381621193 606842932 340116618 473191971 741026831 771648129 836168832 811115867 639390322 713078672 600287547 860558230 548466654 708775387 638891169 671288907 206277718 362915307 616689289 997588530 697628162 497742673 434564641 760665914 997318128 893934756 534771867 734013663 589945535 762602172
100
75826047 156140116 957833888 628679550 407565716 8180509 854487512 908336914 511319245 468300324 639318101 672010771 651446751 799000505 969724523 169879790 187818839 108538938 796647083 576408227 241000610 12139117 559502927 523588514 105457241 946853406 202569329 413800245 641331414 649135304 83643154 664154833 917123609 965656250 304750051 491844128 998980576 902876141 975296297 784996435 617938902 283238908 16114733 515531158 373745436 248175704 933253088 345994532 598819555 190050992 196366175 908021849 223630372 106246856 41504272 525677108 357883543 461678594 106429876 812025853 877514606 975698030 651720743 146863584 943666412 779077256 122679865 200824371 897756418 494857887 36847955 468976526 827253343 249712309 775839037 252194408 643534269 651467464 626597449 188826157 860452333 83548698 222230752 295295534 243050491 927477234 856842995 434873548 160388617 313916047 980792213 447827168 836002601 718765722 368252178 510476868 693673637 391438936 130040035 201789473
100
563247015 743770239 546666059 861812498 58515038 138165124 947056336 382006720 901590236 941363434 736797189 158313143 994429841 289336813 279572909 354707181 179649564 959997160 977695699 228013492 165214800 544719212 904268443 695952586 504295774 918337610 533129219 788206411 536355726 697786862 844109599 753900822 341470382 281981867 878697896 142462375 656266385 555652254 886412193 54863713 285106712 494575363 71112351 327632907 879907283 341828657 84083023 527305277 866486368 183837741 629914643 567457835 844440589 882731161 633530264 382448400 384409751 738241759 126847351 122441260 266599943 871675059 259316335 885479220 414144731 520141405 370429241 972039811 270933833 162276485 696579209 374788405 736518850 140983289 770505435 282492500 284132687 354880419 373883264 355031597 446634331 683912200 874425041 174533613 980509872 793425024 152049660 811986974 814538508 149460359 682080892 897998579 333569978 735634557 844865623 789589803 408053889 759224317 176580787 387298929
100
222392088 237846733 16258390 566562099 494336946 65224611 303104088 312117112 523786768 135153192 645194734 773308982 963227928 819430475 14260867 314787359 803596070 972657685 353554039 218344850 917675077 826228081 658383033 332988548 556833819 229073972 974834425 312167181 259573371 50025007 185317093 138476757 43895322 370243138 471552503 858098759 60987914 787874926 120459845 407387660 128794312 731919523 626250780 850955240 986911728 88081472 415194784 269968906 565246065 92635952 291406267 797557767 786742222 916298960 971730491 973336962 758056433 893767613 69637414 477122161 783240057 6014920 912559523 33217439 949474839 393004685 191580968 27950615 383485030 396221709 103985148 625025637 674320252 248735263 571148381 322510502 970022413 124812449 665602592 365641804 885548886 993750243 110349777 82821099 843128628 172132786 902671773 49746559 700306602 977082462 776163317 906035474 775344161 558048272 427264743 493006934 940441228 354865475 650593734 102329893
100
489292628 808251025 715453111 519315452 329076273 358352445 523272067 27322000 3115798 431342715 607377394 804274496 40615871 712146865 574265578 191299427 652295867 622269591 534450777 171223520 499316206 912702752 62178155 227181967 120846048 40012102 718467435 512290360 847852763 14743036 387381539 563986071 65831245 514385512 643598864 520818047 351429026 559646808 47427023 179892675 233000464 260246845 410807258 375493409 439660371 73965731 796449162 258986264 456967400 689348687 190457177 744042135 386417038 988258068 376350453 134111399 533457581 972122934 48144400 934630498 306629538 108810276 853486675 118102942 393349128 514085605 47509195 417647160 923290930 338309743 779591608 810822588 354360898 778870934 479630762 935673833 942161418 57135369 927399473 624128660 831951527 769361605 88171278 504776194 725063017 455122060 416401574 423242728 399388777 673046920 603812135 978690063 608094437 102775559 496503408 202845384 762520364 574687867 163589514 621500830
100
361430559 294296663 48114786 381431111 452549192 121242638 934345532 821424312 319522236 976207974 700645873 421246278 618933935 938444495 465496323 794576430 68060358 417370174 79384461 802976218 878588215 252636947 36578466 332254832 791524687 475671355 125203338 51488686 406273758 784090561 248769654 153553383 292499651 551092380 136744466 495673209 891008241 699684368 609597046 44351396 71417559 758740776 365412198 769940439 662820839 255195851 741155587 928493661 872040317 144831343 68657739 504570144 236652749 294440866 801427460 865792623 580602944 659104089 841787311 429489773 871546379 711117020 206846505 210618394 469261447 126787020 352239880 612698800 658739924 184593927 582666634 9647560 232699778 711081886 590081055 889749599 163841455 679493307 596654538 195920104 346395638 557095691 815190929 479177095 315377322 883970838 150130200 681233266 794297387 418818793 476096405 231380750 16444826 23292269 89017798 669828349 75843494 383946441 780456953 414168662
100
637886647 134049300 737355217 731007047 875535954 98671060 531797088 834288740 753622036 997511910 979384434 814558907 44620567 493997407 577532038 227298386 775622014 205015374 209813435 431823231 411683856 720542815 536664318 178174966 196584386 435527669 469107865 590928866 205510746 340237371 370120727 63324330 3097333 328012001 585803184 288194114 341282868 659108902 797742436 148046578 889516580 894240017 594455746 206148490 399833103 535029122 438861058 181496824 327965886 383150914 157744906 404122450 337669415 166585195 255744331 623030301 666462786 189258362 455263477 866378382 430917734 38812660 359525247 187129134 115802815 726787797 998157317 5976756 447357082 144201565 330187451 319393331 243301704 429770025 798930332 184101144 192909519 680241303 970859774 705908555 770547136 763632985 263249465 206043773 859293907 827603569 282924211 969072897 487890138 42838219 196785059 153029817 829913065 541369158 508390141 315754733 76238746 286846970 167659662 795174486
