100
100
323655671 414051963 138893341 113653127 954231786 787424147 846142615 9562142 258171337 323136470 98648098 404826325 721458717 967652003 876339633 291688291 688253119 364191197 207580731 392008912 173138390 249069140 398068194 931968665 84657667 479302606 804667870 351025865 207390436 470270350 359231428 166887559 839915128 88548239 899097679 404296856 480357186 665335693 997287349 6653047 460678651 635171756 828282410 300285791 166908329 589678780 547804583 808712212 167581643 977954755 777662661 101198717 612477000 19650203 714039927 971060500 484026230 545066119 746251906 168932649 835967423 31354918 168252312 996856613 492497037 567909780 752651602 988305647 234012623 517915459 862356710 110809916 595706488 849357048 508267880 669916253 806888675 512719041 383052107 479193841 623626485 500709688 726802249 741588648 383631130 712833854 980006007 859151481 349624591 694780715 828984126 86297463 448167611 705268600 574119654 721336976 587435055 936264748 167031164 308237758
100
1 2 3 4 5 6 7 8 9 10 11 12 13 14 15 16 17 18 19 20 21 22 23 24 25 26 27 28 29 30 31 32 33 34 35 36 37 38 39 40 41 42 43 44 45 46 47 48 49 50 51 52 53 54 55 56 57 58 59 60 61 62 63 64 65 66 67 68 69 70 71 72 73 74 75 76 77 78 79 80 81 82 83 84 85 86 87 88 89 90 91 92 93 94 95 96 97 98 99 100
100
570914235 702045250 451893874 966798576 356757015 52562237 754787010 203541983 351166451 482620520 551371524 48785083 389981381 821791360 333137220 229388108 957442086 634384598 558625603 39343336 373041224 540899545 650828347 894478141 279498290 838576095 488271132 869083101 75385641 656883559 863073178 73836608 998679734 556881672 270473413 427172743 659282533 753743961 738680242 522910236 254827718 106062607 573933453 14802438 600443979 177047025 98339675 47009697 373707816 333560813 13364348 148023898 394901695 69444554 319682099 846517232 747219836 229804723 766296939 974299235 586556832 229930450 725082388 468994732 678739859 25046697 368143327 893164378 154699810 863323874 50304193 882962625 846031088 2314211 745262625 885685344 286912331 745448226 258684352 813546621 831350664 589268695 451414278 135007226 173259954 43118868 459904122 124704272 89643851 473259868 305831647 819323025 519893246 125798286 206368020 550898385 237362714 41279695 270201613 451516045
100
258729573 765345641 923203553 657947283 755659976 69405125 524217971 329543342 179649288 703653313 284329067 517096357 259295474 687345024 936898347 102065351 560100877 246539624 103666454 162606345 741782715 492481230 580350139 546473089 901696130 726004145 80336291 704096096 80013380 326999024 276132257 400176331 494878348 501034115 68522007 706687512 964370114 233532509 235198114 630492540 578121544 323542668 756993885 679343199 507267877 163698748 636007446 173045597 135670104 308803498 734462996 692325026 451445994 501533081 152393275 244119200 918047599 798897074 240496543 931683331 664081787 207608785 874451512 424385853 519278784 365670139 663750701 94190185 629194819 20388791 477216375 310829951 628205339 870860081 869699184 880433021 820538031 928900142 669293050 544353351 503437964 495306809 960298495 377433750 620340272 331867756 560969840 635857076 728966361 761680954 871027093 489668459 842109710 677844591 591095266 879894876 35460148 868599265 47677377 795281324
100
328439996 250189028 892365940 565548742 666575405 627536377 823350861 352541457 912496105 155168061 733206921 595152577 548249916 366914517 36944886 676085091 880639577 851570716 47518806 157375210 121035710 698446829 2465990 280241931 678597385 91169048 885459685 386331359 122430672 83661953 856721544 758361908 632688001 867614610 439451575 779195380 901721474 918080983 189188617 111222895 135338116 881858060 235784648 146155068 862461380 699103627 770234192 441820335 472375170 99842798 449321069 591217192 556156768 285302621 30263075 18724626 738732080 940490992 43764196 950157457 82552177 78991283 794083362 776509034 976366648 796489808 237221263 104476833 72123975 128522732 788538168 703991472 519902447 959675957 425840066 519887535 362426492 482192069 909164241 881134901 752733546 555878820 43721248 338960702 441194517 429422401 835986688 220884396 181293144 654026746 261184303 518223042 634379708 762167112 608890917 472439385 650253645 382890179 574760756 264385591
100
707640506 459844783 481573029 374362789 50514280 997248731 181603440 922016811 617308096 201718601 745648706 64370372 898099719 625970160 770733589 361337826 152589844 4575822 491183143 163018670 562316532 158526504 19357098 446349627 141095952 974161423 143266733 189881382 304275575 58949517 14006684 593956585 393203811 851389666 382840484 687323900 494522344 110113313 790407530 428024836 199038422 32785860 30669617 858841961 791364813 500884453 890281317 504954785 885431864 291514332 34386529 783985351 760686122 613121435 207058866 499525175 556858999 746859655 50831409 435734472 49509283 785108544 465130526 668149960 340639856 846143656 366060965 575380999 420746444 70536575 298484656 557400827 672140757 654085177 692754249 55314816 835397371 476919998 891679507 101937877 590576727 722174961 230235860 617357136 422115668 608640785 629380954 894215271 226842820 521081629 549048701 493225468 498588922 498959532 552527852 529862204 690547893 939771250 40426552 994803922
100
492438932 575136572 688534755 98823868 137366035 365978401 756815120 811939488 909192329 5939800 816941640 889425145 539180776 643724523 531568026 378918976 347349976 230607238 495167328 180313350 530588900 54292257 144881482 544250867 78025858 512553725 270424253 751864293 680040634 75239398 148308759 319085278 742630931 889689448 391065466 846930383 741578184 786554645 877997597 485720404 386522633 255912023 524268243 139907008 519978185 514267819 234023820 230166021 757980862 854020875 443951096 270613988 660685758 222553503 761875609 25127208 644092284 817910507 488329081 500197403 260249619 469110226 72620334 443381404 939228134 752985515 263462675 993646389 679457822 801605757 324600026 512366861 386936456 990205262 475995883 738390023 79528576 55617380 118816010 730363844 415057086 653103199 97399415 186357378 822794718 543104347 583204447 168645376 242604847 439258677 905417404 239685545 249107783 921038087 498068607 874807913 412260088 600692768 498463125 115552987
100
419782341 285469406 380716375 984902005 92469944 755587290 514107548 1480093 154175013 664542477 693895328 837285139 781939736 804882777 66304257 606519239 32542024 552884110 380176 363558996 369303107 278913131 75295504 551117256 903433894 678929037 203346874 707777863 240899791 246236511 534235805 22894821 423801514 722821293 134307647 123862564 684038524 704821467 71003413 287649091 707443212 379155057 722733142 992281392 314630391 819848226 933192071 559994138 814630233 937677491 731736331 772307750 942955508 43922669 527183536 186098420 250252886 985045749 653767077 606499758 758888359 549425745 675748152 561056183 696986756 478409301 586088968 986899357 999704675 695593026 796690878 534740095 140202563 787319925 227603777 290120067 308643523 573068107 49442720 30187639 524904452 181093413 121463194 304984507 91132781 338141293 148537919 352881490 817871335 305597269 839942900 638327633 651889788 854982463 792491466 205560375 462998899 965888622 179572346 827176383
100
309376125 706051355 6890668 410744069 481318787 370964438 886766240 388174497 409085891 299983989 958760709 136146507 854151305 466118758 122061009 869379084 276605554 141663444 58387530 200643111 243778620 245979145 43654370 874044395 885002213 589048286 762831306 989637357 993662031 470422474 502368110 568103166 588788945 809563706 428109335 165442806 362631079 776536964 611946066 691572654 913474030 284276827 837279921 535153019 490481131 154159438 100145517 941791729 790958601 415967128 646345400 943761568 46714801 369506989 563306263 585928879 530922735 994606127 472540525 200001310 599874302 952513235 788840227 753857514 985668348 243714804 628970734 636520958 91269504 241070780 920215230 850354305 957419249 387463090 844574957 967924798 944759506 958458378 233386274 722673294 438139451 902308926 870122964 648377298 581216929 327602200 920077651 86734806 80148466 567590060 852238174 434221657 294451075 357953677 956577333 477346069 989140573 174937133 861958845 890629651
100
864049056 794185599 780030007 739263149 500680432 393967063 738034493 93320826 143575635 868676662 335903026 271593988 70242159 830378517 721809620 639714486 853715614 332053599 937433500 776982386 689268534 706531488 874669116 6963566 369483558 687466692 555348919 184750959 293528877 898146906 611878920 769491728 779933435 376151247 927634328 777379824 690901552 774059639 726677159 971888088 727492380 536219675 122946168 468895588 95932929 133387527 369958101 579365337 731532430 13967701 621477908 227474898 805257325 322243630 436048121 538347468 248523549 105001889 64566899 989883868 206958612 182294243 530441450 574722753 761321218 940620289 581116812 977243930 130089105 483035849 6714502 172751194 372953632 48357998 521452234 654009428 683271305 195527160 680490214 324156303 771126505 345558207 549266020 183424643 50458086 681218890 234981998 455315792 737488611 715642253 499753655 820656131 365184421 585859159 188958701 275992455 770406259 971267834 590433164 576863708
100
239081543 474655173 191468872 968550536 803762583 552391102 475067013 274436349 515787458 236404662 75548298 595912348 398313136 266850181 861898545 661634663 154695683 946107600 217402724 284104238 678025388 529917086 351674214 482007139 861128796 1175409 678766749 353298848 43687246 175185188 570227668 81256195 845289137 402461806 802339450 341707383 393063104 730227977 413162396 300338260 688514467 561524007 894468720 838352642 781809602 892757350 440863259 426402079 695496611 136810821 339043748 341347790 395432089 559375172 523441480 90403199 890592710 451619619 384141239 451537800 972832210 922532000 943898446 228830809 138431179 259169660 458735065 449669916 226360932 712150162 898822225 216317205 589198549 479842484 828248907 72498069 754971852 429758794 174199798 560969936 134415977 395499343 444830593 230853283 899202813 232291444 257924060 320139431 721713239 973779083 248169073 884233830 581586415 758492938 598622643 976333261 659885330 997838783 722667940 332202603
100
499340668 987954026 240894003 214787812 219107955 609738374 180119286 421526478 31194202 153281158 411842067 456397600 463742655 116738805 513919149 459418144 682889796 539144184 475185584 308650606 334762385 921980349 632359731 848302247 516566507 93719957 448240398 664092161 422791203 988099392 830742377 78420740 847048158 289833263 662137978 253974622 395488654 249917912 251729755 166305927 426204076 372203042 219148914 513607997 711741475 558774161 670199844 341651494 909549778 921486587 668020352 722610188 477531205 271267677 53438948 576339961 351575774 268283266 536834135 132378708 414926433 762471558 780743855 972106900 735687659 193251198 714513791 547384143 636090722 651224716 85211675 539877986 202007949 100743286 423097306 815533481 121844183 923696478 245102786 619612125 463350472 623773223 672273579 577984955 437712466 580614430 832212726 647954619 880567002 983014623 180832250 704804334 493478996 238428751 467127397 68529428 827714392 794425525 590434727 199013352
100
568903875 345000088 39719691 909837728 217275230 647376037 157916297 568170686 652207315 487825206 429485795 466419380 109631663 958888340 774177831 810165691 402443295 405177421 736599971 843633699 645112892 669517465 879939814 109188762 325571634 360165450 245557056 867860944 567309806 767583541 397786892 569757909 756005800 728052919 680690325 503399372 785825453 858946973 468671644 8226904 326621431 974826671 813538723 692904072 570338116 123427920 862241108 251024569 52146650 54187950 878244859 649352489 835898265 318188883 852378147 201657984 45387653 845565621 508428941 649594674 716877819 251594550 688357633 784948086 970072842 770267382 341084973 997904831 857341620 95389131 381121846 856678157 991606768 13349775 797882473 777342028 255426055 979384025 513782878 89539133 22521495 231584604 604582085 939078627 787108153 950680660 783249633 252069835 643359888 931879709 335154460 891074081 141481687 486439605 672597643 265643188 523767953 389007460 479114484 101069165
100
37863823 268802040 338233361 841135059 773108759 416816597 449206423 99128272 343249525 638537167 945333275 908368774 851862333 685837238 750050561 291561592 404998191 619135235 119307925 197083580 882328118 831246421 895754079 327065240 339595326 961789307 286997879 194853027 556083420 299039043 377751126 873168629 731644771 958607437 154427779 200616752 910883939 542933550 261963475 431132561 600581290 678164881 634204389 43872126 553529119 829012819 125721208 244083318 652313932 292869294 938614287 962691746 1971724 375543906 869488128 145018375 143080849 970477355 864346859 818196169 785579815 429946079 646323249 296203077 191763828 588477887 516298537 837541875 946690453 545198240 23376503 953755148 28146085 121777481 710309947 579131850 852087413 941005554 40103001 283227252 515139936 586343884 837756159 923486268 698377207 398215680 758441493 539639490 246923318 399086642 831296177 482835547 267763618 173546338 6443487 393906040 799359800 31744912 705455526 644246524
100
768119323 253951055 830116230 524276404 69986088 798078558 645647750 591772283 745824568 499776106 746250005 854874438 45038595 756096888 978415618 697440276 405061378 620883083 297347396 600604774 308615751 445543520 572967577 834186442 982448287 969626825 334900557 32661146 745714344 872572204 357420418 998970196 741474852 151333586 917951504 382162039 758244709 498093001 988164156 462611562 341104659 660751486 97471730 43652422 979877150 555212623 970932781 310313339 226133458 908847742 69775120 522846969 147713810 827495235 152048628 256970562 459635400 835120088 524098066 925477874 245237431 422066920 971700774 709202540 440129571 817247987 144351925 950516587 795907058 250128150 821696128 740209073 948702002 846078308 510192353 588446737 472950365 841214597 78302349 690891657 762470657 206750137 969228592 546716116 959745466 401811064 612496599 418627574 66445563 763788204 687614290 834526134 992949166 828057133 793341267 616918349 978606869 367304121 457545367 852215523
100
513605696 810579998 644187180 821137780 201395327 1485846 425094726 82744804 289065261 26937215 897555048 98748698 483398673 28501816 586349310 860629054 804248357 316232355 614755719 664551922 703858794 723399210 591826243 960668315 555101944 13706545 479398631 864478442 554634902 286351862 992921411 222999424 672913918 503233148 580010710 786930675 631698911 212840050 301508695 81779827 25830000 387285105 697016045 538965013 942517205 218429516 872889853 331582898 64209310 5629902 858554876 144900692 281968597 908262182 23587 547610856 554553198 148162691 911527135 441601100 307463182 13989453 20924194 924247412 514369344 922725490 230967680 196660292 969033616 448993249 836560983 509052204 918946517 520498513 541862888 726195691 451883208 999295460 709206302 893822250 338072842 765503524 621810731 449744617 653029872 880794847 170075906 737509460 863432404 872367425 100860062 919203556 367853302 720286382 849782942 133817295 668706958 321468653 127750273 432159915
100
370665935 690760320 816825242 906499649 470944778 330498324 123632473 752411456 768773484 542116051 633662103 246653606 783474072 807822476 32524406 403891515 964528195 908624872 837415813 27961558 362042729 468166764 527117091 224326171 693659104 130210119 650584295 459517385 199285027 955850370 614976250 709053795 217627612 105501958 990430406 375599785 676104826 664217490 625029258 814905143 711985772 411213236 316560475 181118034 616449852 214806363 264464580 104965781 989377838 724366591 637973579 172547005 669798432 700393491 413170775 933043664 326643358 95502636 587846384 546683715 569236372 947714365 806801531 841555785 267825841 932792219 70780829 36886491 624604202 347610561 632213707 458356554 542789653 115945415 578787541 927562288 161119596 924279497 781675504 675969344 995522839 53199662 2719266 269626600 511032492 628537408 446910160 569867765 102537006 933887022 721645358 215569610 736695702 187426546 561669365 393108366 820484028 376666328 846480047 451350953
100
395409993 606783296 488867960 72247768 879272701 844757845 951027123 517451752 366704087 270466994 540513688 681269378 378010456 808175177 702828909 609919752 916172616 945101923 588677848 584064008 674854059 828591715 228032631 403892787 615194580 783821061 50482864 984138276 874952319 486499890 54476920 407997422 175457281 760204342 285875488 450559078 839341900 729033798 514457862 595098583 511445644 474248732 27827126 255192505 139168535 237788457 477840912 259530811 810361879 495297499 51473531 130716171 994106382 823787905 114469107 954539279 321067024 553378519 299611149 287259046 502114078 87486246 448291976 132969228 626545047 12231191 21343478 872709248 458039750 782329150 660579145 249458258 639590022 300808305 964123632 542360940 570100948 293516433 894042064 820787432 389841700 370943497 900363635 504634051 211645500 620460741 478657949 178208303 568322751 105655158 582776870 866871760 601677190 853477610 641151406 329713103 112271254 937065657 97865981 965150496
100
451833734 727935953 218570942 422193862 206872294 828406276 610430246 914762279 86349282 645017201 102128315 636733347 265258255 746194640 485942663 148787904 469788289 496414087 347297112 66203940 959393972 127818997 896632421 280325009 515247605 34830424 644749267 542065608 542120235 880753958 389547118 443637932 239482714 440276493 29989763 367776019 571030611 423474505 736186639 113109121 836302802 506222069 678676523 806772375 898523514 118271308 108159597 747729839 178719415 144716173 783338359 90977176 164978742 269462351 501386738 382401892 967413941 897347737 170135058 379900110 744897666 449847180 158783316 947316087 860806507 986745482 454467855 563987020 5397239 802313118 317619176 105527946 429576917 410058001 391625200 983095515 282819655 158465880 849071729 288643821 119828890 565759842 28788068 104731895 300390820 333356240 248350998 337510985 190916879 598743567 362633715 267316064 958719052 576770159 243729651 907426979 874727289 562074215 626164006 628653316
100
843012484 68049059 910317851 967749157 464565119 820639933 777397831 774980783 235321053 829795023 437868940 291721649 313084221 719119748 365460072 823847539 115861413 568802150 767304981 200721623 998002174 603547548 149451126 817167712 650011976 719039360 573699366 216443174 650434694 814693054 900014682 427270934 947135211 691813073 902984935 154686653 124113536 728913530 611203691 306055176 637832827 701698764 358305931 938398404 413040389 112294848 137324841 544897495 492103877 814782839 105519052 117961502 499537851 354499151 745403185 962821625 447089630 532663068 547472492 483770911 327722781 309864164 790946454 66476338 62413395 322614923 596274387 173555835 947375919 902075724 989018801 919954271 271001081 798018897 909618866 406220404 205209134 461359773 891055673 569874598 55631220 926487356 895934697 658369886 69003415 821666887 132931545 783100716 537917713 956136389 652307386 628593117 953116329 27695202 594898654 41359505 141962119 103147081 433804523 53903692
100
555265632 576417048 573244230 671228943 278285036 694566895 415686586 909145320 910449834 513032865 462170040 307081548 35282537 70789902 298956400 302923060 924581000 950870501 773686475 595785149 132421038 438299561 301063940 599310155 352634862 311768025 81137551 28254953 153914084 570223346 609832806 908017029 340194188 808804904 156273601 604535400 804536977 205031793 920738769 145129297 159534878 328655707 744616330 75187495 120410501 198742698 944483078 521708458 348431881 416285298 540416979 571332547 92564955 353284118 268340139 240376587 563568001 386627840 77951202 720964616 588609223 28571102 894935839 786263416 793665126 927129195 340761273 184563501 141650983 263840796 306143117 365264944 853813674 671452353 950152986 576875090 59806172 791894227 920324357 828425594 393897069 231752498 240524922 205379959 640596281 8244386 782043174 436231388 313172643 391364430 129008598 487530390 899653463 447807320 832747875 762941470 38157103 24318122 575088038 816703150
100
472204462 538475146 898911110 420457643 905159822 965615660 339587075 319539447 670296809 146354675 737161423 587118252 509400470 116902507 987857750 217128114 374714157 518864786 576022135 760514159 805617442 853883165 245482153 10589422 806876799 748394245 335067673 368397449 469492082 959661515 102626754 408295479 912015137 674622790 465241274 617899471 981061111 412982334 325783840 954161489 159931884 424251553 336587936 553545291 305812242 127748201 739184360 409623016 271788018 642424801 962542178 530899586 610023036 212621993 164711726 261881557 446303404 400856214 18885009 17476681 83160761 731282916 212897201 70281020 783488150 809953744 490524883 610801150 441746906 798644768 347812271 4576194 44987584 281433369 320925576 46911211 623363056 565987234 94684343 389998682 975273551 37105234 616381609 42008654 995231860 682171351 86809620 287812326 864703787 90700734 976440239 621311749 810311780 533191202 137771332 831636424 861055996 350569646 17338767 846894857
100
328857812 704170375 733667866 16860925 238054731 16478585 572317944 439924952 505961386 139674798 643706645 646426300 894828267 61897868 515368241 389994583 256127140 268314802 851288800 15241140 55285776 35198248 877276936 31217987 123815313 612537019 787715820 220919295 831368110 872807871 518543568 45951544 888263968 493877302 499873378 815243394 211916008 429519289 391651866 974434726 614473566 92750668 485200342 426449797 566901288 534493327 179329553 58231159 713397158 868039578 646573557 18742566 249408923 121929023 621358756 956915210 967099698 98813696 653905613 89289176 885148089 140038884 780169721 972325785 51970213 748461961 891164135 785260264 357797131 187006712 500811915 896457468 140580400 131288147 394010545 7536990 180787237 371631704 595948117 278755005 643923478 655035775 961286793 909855093 604931690 563874837 930324967 754125985 512281905 754356251 167032480 825023721 528020321 376966192 550754121 750087121 756953541 553200102 472987601 224943252
100
295330391 353035604 71992778 938237342 204873267 157412179 309307485 970839419 333931502 861117691 842953753 726621155 827792624 89058113 209014934 698144236 605147912 581829871 406820429 738420839 348996438 259489512 253621573 947427596 106302023 346524097 118493267 51708472 932459833 363244264 18888419 167966883 11838134 629063983 708307785 118938495 821219887 966893322 682121420 668988329 412084566 591541129 395260712 354460617 157923564 447431578 79519944 484401368 3421231 699984437 270532293 298411107 593290702 694962548 404811458 418700545 696532356 41742594 238885020 166419903 720903512 47361438 191014252 190408286 405092779 702315120 273277090 571590950 54392118 328191559 180236254 455838558 873881977 36336108 348110870 988834835 277194243 416402020 703414781 451330410 967161484 859442210 238952202 584561094 769532960 270452910 690858031 711420703 880177496 463825635 635841855 971784104 808913426 837598042 641379472 527338960 487960652 107529842 660145503 872871205
100
670731283 11537813 60511910 289118315 488322642 966399011 319779788 673881157 210476382 212449807 155458106 794244869 52405276 949150139 355454967 393744234 726167287 421982777 129468800 392670528 685579604 221877645 563087881 836632999 950173129 820122287 951781719 307352649 282576677 264904037 951927366 27937746 275022123 714510243 456060619 428721540 156693410 212081059 988494364 921953894 492154837 720814562 440233469 916014492 277807064 232755825 631090918 376999556 71144715 539603391 979785267 166961282 508733039 764419375 443324260 435133686 870696334 814529225 956105708 405972609 289158623 527537660 420717271 650452994 899508758 487515180 455129272 432999686 858923237 179440743 327733691 965639519 136924199 460319183 959416641 317527004 624245671 388436330 284974800 143566741 782201261 272363681 224738120 596715870 386673095 552953178 839914949 439784838 620081726 126238100 603932191 385856620 490274157 280089633 474316333 196834710 533553762 703074610 685067056 246956541
100
463698777 697791090 13645882 262685709 479083665 717971782 272776887 481830989 156446721 960667224 123971955 136087192 443975851 913831545 308257924 577127184 933292376 980957160 633301871 404251543 402304665 799323613 425630314 600665240 252869454 733241116 320245093 375638293 261369091 167878704 415975781 748707096 145120290 812613040 554351350 391238939 415689645 596811939 226782975 987620232 713889764 3486370 706947791 504838465 73628850 720741673 434411389 427947165 986031471 535702667 490113755 268440113 463144045 460839097 104857528 57822669 437028226 231317582 9519311 241528246 324665817 103210513 870543510 447603957 527024180 664578351 376313561 882309633 296823136 410785599 780099258 941720925 412415314 170467594 104109836 811696350 753813540 598944522 500654380 697422863 306453817 569610688 577563907 828873365 418916841 587932522 693242559 596945527 368515102 22242688 252334723 21708889 197342098 945987436 382350776 373173424 887878382 860740738 215706523 149617374
100
109217712 114724255 884093440 719755836 164973859 698469523 797774608 203222329 451246709 205324451 574716575 209540771 42599718 731351924 616586580 471236553 860878406 101664195 289560186 545184216 814638502 169637788 783573772 694372827 733756214 954667986 26006638 421107871 609403725 756867673 603404304 346891435 526925276 774899778 613963836 57876223 175688800 337484114 493557565 577748256 506783443 369149344 660672253 590654231 483180983 849403421 970865432 483469611 238874052 267608026 659404361 568635206 727999567 189240517 322813222 778549908 628057109 727804412 49513200 138101000 7446756 909189680 52555205 189221516 254236925 965262949 162439543 648765012 671882207 699614112 305280221 273848333 790203171 49401699 705435648 556633867 659798724 409415667 505377547 433711168 765194692 124692477 57286719 29791000 60862226 474814263 701407783 177494024 740525457 899439239 747080310 152555755 136402595 26227565 516339057 859340771 945921681 735341170 337192752 398450313
100
484208319 526189158 842145712 531228494 830414215 32884451 72841132 67798125 132101691 888510368 220551194 515350298 770156631 197619323 486144701 739421841 863358914 525580593 30868103 327725063 344245208 318217781 436642681 889461273 776442321 29619216 693774814 841391027 919764929 259933983 101311380 629032878 642325917 756259319 399538873 463924642 735813097 801714309 108558498 709524947 405406391 780976982 707339609 22665968 101043819 428148282 483201436 347754072 194685037 292052700 60748326 440062084 531341853 871279284 305692537 330947367 716076985 512761216 848718858 903205747 378006713 877259362 220088003 324566881 20467483 410012900 534054714 765214857 739913377 30628700 594556219 864301902 752831328 31144506 154092061 49338688 604747564 923339150 834614711 56621311 183613421 556850498 858184499 937988733 184454491 983206031 562046687 474104506 294535133 61905582 445394863 730772831 913222913 172759691 637339418 55618225 272600742 374536540 988464481 299421447
100
445049499 597412827 609806834 327099530 255075560 841116174 297607757 201908215 849881805 235401329 675575435 599131431 490243952 811591403 360879151 983618189 102523412 968998497 262486762 568948396 6696839 111424859 866179659 892455635 397278052 437831053 952083330 74744571 872883092 573072490 91409617 329824382 822794913 85920723 603297655 626903380 162961411 563775090 856532550 46881904 937778082 678934642 128489526 620393288 642181467 94019569 774354441 284031165 995032235 974738230 592397949 609251910 701482374 958060033 975895557 90271716 882026519 810925253 52238706 733649693 212363901 951254974 891543769 243409684 514993044 41696620 659414618 715637906 226333315 774649129 264291305 704532498 424886708 252922467 324598054 879375734 497665806 985063491 711802738 722516902 61377043 693053522 769705462 450282354 343724878 657767778 629616625 406135379 846055974 542723493 184134775 738469521 663632588 80714050 345876891 689735820 850450539 553081892 550729448 750763340
100
66870853 95359175 694312702 10294778 96016412 383913362 814690313 845804885 624726355 812303929 91134243 461590269 544104895 344187699 665502564 552532714 877989521 310388463 62729901 459459563 145467287 535361787 631618451 870594608 657254141 985002334 684558774 938729433 464495493 243192131 134356017 429667294 287756206 155633004 727374334 353601927 647199962 881769501 276177350 53266396 340693246 42786622 730905745 732730386 690060986 461072854 515413516 264089999 618580063 961454720 540156936 80937685 870392251 361804871 983132065 192162324 623833951 393347457 403523771 822440931 464438115 434818315 439023347 499916064 805041472 639805620 269500937 808954660 274535794 957538704 136146507 875886368 654109090 519392759 870551043 115302417 283158870 554156184 640781234 500074289 801892713 931839089 85196489 967764664 27210453 304473947 120493948 498077474 81318987 444489459 993065762 739951354 917155159 465418551 912754716 272305300 84391273 216261197 816679832 789557755
100
606358098 753264140 799515222 382930433 326955341 638634051 815931379 971005977 348879420 790691313 303357817 513420128 45002509 826758051 942754401 215555848 53881149 27697725 349399470 632323012 446853375 824347419 623233238 282257012 809898627 240862491 317366318 319531056 954474083 577523039 2343288 813598077 678522258 727598106 17597727 587573640 446953753 240180781 588513246 646913231 904940360 179112465 54368915 585740473 917382716 226826610 998612195 912772889 624503072 911233137 340616748 335764328 925532965 134810652 987028263 904411804 885868797 703131529 28958683 835866319 342518437 728784422 884471478 61318438 256688891 943276751 328958674 861489345 780954907 374283206 906347689 591062302 458864295 283500357 901336221 565280276 473630578 48609472 847830511 283782960 621640633 856844009 227942043 137849138 925052150 141061019 71702017 588044493 558831263 414775576 254413658 222367185 737306564 694151467 138086717 599809794 202826945 739439708 961225977 228463091
100
63964384 555815372 256683131 800631748 5007258 14217106 505525476 450019231 947149831 533463327 354990116 119243857 609899431 483861350 453857958 553218489 470139315 923873762 416749824 941889336 553996045 526068976 809159885 831101284 349237677 4996667 415133666 541589769 521277745 684928973 513104959 576664760 154348611 269130818 918420584 414318650 782815004 911573120 632909142 596956080 273696507 290393092 783618121 868155072 160903690 926382523 313809343 943571377 500329619 921933271 237607532 422946086 687073725 138238162 564939853 746137215 133519832 575206232 892333557 486966923 436112989 981884848 510610144 700101534 916228138 437365890 601224104 27351938 99112375 133557112 504190107 662095643 244987421 493600564 550681325 159163865 15598390 108392714 271397946 4091178 927940013 867622377 13876073 507591218 704372475 692835797 336088524 179838966 885047423 745800866 814612248 276351366 116063643 537622803 485035158 640314747 202182600 744481538 338881373 288153142
100
489963831 227440953 431425300 272470350 422487104 253754617 259647483 336225465 521934817 200860108 518288170 485394142 905721629 675859139 106528123 573123803 841064166 700518769 310349596 283708956 508943955 634652806 395632365 748430126 837223643 848997553 865595175 372687154 401653454 994211930 751670628 303321872 344946763 160839874 132916554 217725547 961826909 36783179 956005794 694272131 117908066 723032302 140379063 691344009 725414571 495543853 915252648 379801726 277965384 447736477 600503224 460270161 286593942 818106591 244069348 49478406 365127270 721555560 728820686 558026728 928682703 58225513 88079200 138491914 370725248 113023792 768211588 251141581 216175625 85738719 31261098 167944191 530439802 864384879 776761430 585938943 432476420 724324530 612807572 286186772 529398739 749468554 460239242 914916216 20799745 728240216 10374853 805600507 610147760 188768896 154436041 133238515 608850018 570386740 344754022 163631431 437262158 990508408 609954076 80747237
100
964079750 710390832 49702462 755477626 920182070 596455197 404010834 324576841 49653809 674038111 456585757 293186413 125054798 378551549 610606771 725562798 923320082 744780335 850540501 227267942 51235028 630697924 801168461 435848574 339022645 310076373 166189901 877444172 785544785 508749242 346254594 41019514 174616970 673256015 516139083 148186445 714757085 202574086 45228341 867102620 243305771 312681932 849678237 801381513 287805946 787625405 760615530 606677608 967088997 291983007 54996017 380701215 821612062 43345517 151317545 290072396 171334677 706844039 228882583 653132904 517501622 899885390 770850443 347346344 76393425 461560593 536372381 298684768 180090350 954897119 315587265 556694930 219243599 902529771 55105798 266110363 667001052 299590803 521188439 395037403 298773129 280809211 146801729 552467976 401200993 907765300 821097339 609876121 590890348 499113772 818680944 248407133 261276274 456623279 113473573 378487004 333187931 394323988 47878520 368546391
100
479107024 202766178 520482157 816914533 613356579 135357715 514477141 718772701 224551172 430410916 457967123 501613597 87567669 764682490 979434372 79648699 511986701 724587342 386103860 9362324 716033123 980028835 581302850 729152419 611433711 961017352 937807920 165247083 422936264 578900563 398031166 132115871 541485006 125038309 200265808 284334487 979486118 755050728 158028259 983924340 807903972 500338253 955205652 383779356 485974037 153601749 538544464 625682781 706984523 821841344 387872104 606169271 732264882 315115639 438778303 727817502 769913463 317031431 31082687 542594059 557866257 196873123 300319707 747127566 971472093 982061373 574682101 87449056 84183075 92824327 564022006 492099544 110683161 507356351 493267461 969732706 560080221 8072537 685386831 341573837 650420095 115632379 249578178 166659451 504806098 313509736 487798071 404856898 295545345 576986468 471409242 992162734 223417806 160983830 78535185 959551668 565162360 700203922 689473685 85849923
100
765968416 406151458 453845814 191088837 277610776 418723568 608287014 214655932 391995028 458522523 464694569 631912050 567637582 125922074 615429916 910597192 253458967 125559972 5472545 892165802 37607966 863040051 542160860 576427716 39345864 789509238 582589958 956012745 911816628 214624397 712949790 821224996 550933728 235684942 122674237 663064679 284369779 34820705 76548263 426430070 436846305 802023764 884166062 872435597 206708743 272293642 468987783 606188838 341975486 614860342 52563271 645067751 705633581 333145664 752905955 583356051 559561868 512424857 559693021 468407307 954180498 490582227 528542494 379336507 560196846 357368765 689136827 863403379 770556999 212025464 918860241 975475078 766021377 744037978 385079176 57363765 873227688 256786252 115597101 220333257 432937271 744416032 288063215 640641779 152554517 512937311 780395936 466029654 355272748 416522360 95664802 393739154 142734202 445812552 632077672 515039815 799582054 283126615 263689037 656524936
100
925405361 494419677 957628689 882849932 890267682 965592832 410172887 50726303 143142544 693502177 784049839 846647495 890191369 692175702 467805335 659776362 268301357 269720102 295883576 207486950 684907780 787464659 807081871 271978510 829780359 543808533 235725097 270297364 152344661 441939364 356205910 240037809 791171838 478498103 29721907 834092850 777834342 978980071 631255111 481461424 380208198 965621105 773899393 77544086 758734281 698034883 440232131 535819839 267458495 919024675 812120616 153056376 455415215 487852554 917685117 27635855 27921750 182040934 631398917 504869973 465473899 950676125 62399967 575784584 694138018 218830416 249425326 743319986 657492219 682899743 550502791 335589976 505725679 290638723 722243150 275892421 441025689 974787575 605875265 955960509 846884112 194320099 585774966 974179919 288118493 670012992 792682166 977364376 725588293 856939333 883864053 559512657 487502040 16285674 434585767 796937777 276026922 854161322 837039701 81026905
100
318545627 507127642 76664049 794692409 500979503 284077255 104223231 558449894 243741679 870980839 154384790 879110609 374023510 16036645 454450386 693720001 525093206 803774935 468777455 337347504 531552872 810585224 416327056 888090792 417456228 64429642 973972763 623373977 87201764 875768334 894633831 504982076 992092130 569394817 342773164 135075507 657585860 849424055 689625467 39572404 184516043 272021788 528733338 634708731 378152369 636919796 638223577 982604525 642150037 513261900 971855096 451490928 817751704 16785803 131759338 265554071 823793711 319556715 343794735 392469047 106391709 371476480 981568219 10330135 116624994 860710609 109963923 473416301 410284722 158562359 329244342 122181500 247221506 747654823 363061659 854597663 106920909 551501364 341589504 609244851 775929774 897958957 551845292 589301945 720719326 264154297 117449901 954705995 261417822 274798583 549903294 353623649 984267293 559779134 790654983 436286678 20668892 788717328 240768235 350704263
100
256128399 440214699 12579382 769938523 205512300 731688814 462208006 540400540 518555454 864333775 75946571 601509852 736347027 530137193 748980991 370981693 862978757 49163701 45549939 399882538 239608136 439178274 240076236 234455935 651125829 443420051 849767994 983442496 454427765 984602181 648305668 168984559 552199805 225179084 386248947 618539514 375178408 56274385 799455775 999926413 933078997 113761808 298694672 630352522 135079049 546172894 10561318 364999096 470653663 330236315 999550101 605472406 265719960 56681420 750394019 258644864 67167331 477114721 73682183 427618502 995577887 307618847 340346999 7446080 108310208 390182952 528337657 706805331 964873883 216295676 757103947 2943172 362876942 231921961 401548537 295784030 667837812 924176752 15507323 939822320 913523093 833740016 521202063 435465184 405546782 946018747 303551751 47936493 652144205 70352762 654351027 546989147 873417512 12367404 856194055 950570149 329711283 469744768 497881296 372890474
100
384103325 539106622 80355889 925174196 134240774 550676905 994394921 183244604 753848726 400498310 59204352 594712911 862311389 142556213 598878369 94056863 113142902 293739814 670261165 217160280 717949272 694974502 705934020 80122477 563076097 588433359 905285962 690972072 366757945 129763971 397581275 536816675 988082604 94333145 379592564 907834509 639765837 430115131 363453475 92588177 494091860 329963859 248056790 530095649 517827671 656336571 339622496 821668980 580274659 970984684 562817763 712506968 476254345 610439060 737003622 84782227 82459855 303418014 993556523 769799055 664646255 750356204 437147588 898473696 499384293 324645846 295527261 12653620 840271973 59014206 946445493 4417642 380705880 920215122 82367692 700484188 540726337 703869726 632067253 519905377 68058128 533951742 377183124 985086444 89221393 913859792 256480889 402424460 133161299 32390250 482614576 775821289 125114103 708780998 402832036 361184746 278458373 465394432 843073923 950397589
100
411142414 779131552 434603645 21099850 566870407 110275595 333827950 147338905 4613004 956665589 908628780 153375201 108238845 58006316 461442073 970584944 622897791 961682144 399547192 539869713 191727809 80473259 68729257 650647153 6167317 999546395 612250117 808973457 572116044 601228231 983692964 675835867 742318799 879271849 959603071 874873136 206528504 947572384 993848610 942149896 477957444 400552749 820282681 25790146 825312451 11286838 993267911 269697186 788852551 499517043 669269754 929869755 928493640 747115239 362203439 814520589 80312963 346234011 177473244 994540909 834885779 486897162 790946398 765335616 992066021 235344975 465010664 360787454 170195736 528219056 888443743 935021979 287373549 829528759 484563106 92059480 160976021 82871978 901888237 940193597 849823833 39471776 416211342 927132051 231509946 595704572 492858151 849786590 13816596 545816246 808257405 94705954 666060657 861620823 943008058 579210043 635914171 648217811 552895702 93726272
100
568059941 469950546 462770 410161417 842643538 614249991 832053962 731916647 247987832 695227838 266230623 146442429 399947334 431533789 280865423 857147417 67527015 635348027 245929079 752669367 791455798 407958871 647310658 211225041 921292202 105616459 55387240 592950784 303381700 688665756 354506464 474843160 272022046 322627831 143287243 293141619 637894360 726068937 148454896 173565932 363293336 338489259 885240329 676135587 684590337 333437539 258522229 709393890 626774937 109992823 467745836 394459258 666335539 275707415 288836733 209435345 655601213 239159975 950326360 411711864 988821834 180803281 629208208 487113759 820104353 751550162 974698079 929565274 289429650 521621972 857129405 575566034 224810922 327216360 990814104 869726706 36895686 392107271 706595922 487529771 698622654 256778974 796025810 699558409 569248919 86930275 829040904 819761174 444570313 793310680 119807511 220218218 18416313 942606103 214966397 699172951 198903952 424166949 626206040 134539181
100
633705240 547018153 459705417 70920370 800511025 72798114 350166330 19726804 602339030 949853305 446725332 342281614 788074398 312533910 66437413 484848355 40292499 239372432 879129081 62058391 815916104 991970974 512129018 93870422 830990611 714308073 798790332 256920181 52377439 888602396 301839884 619286996 852822015 467631465 895915922 80964604 481840809 945960388 763181811 324426457 475927998 422872424 13317794 314346451 641607532 546184585 298328691 782489930 290314551 165485739 729939108 467876392 333866696 881323308 973661590 849504285 297124017 762769968 361876739 633698191 575731278 547955597 736412260 165455796 547721239 935080670 658048828 126933457 54777716 184674721 724458193 577533168 30414059 648015326 494147342 204140278 613565196 574336458 906055340 956885240 949132176 836512200 194405570 211327091 782588344 983030932 125895705 687499790 990322908 144095660 299982506 622717394 673699487 952093823 60051551 507399038 178501659 347027354 1967315 534081950
100
189299329 87011394 391173544 307433673 795882644 573926640 304468326 77368279 417161351 608755714 963237740 562757482 107088462 922658179 549443504 149027734 446001696 337189152 64691738 491669036 959754644 529945592 800740083 38701196 261333755 223952438 263325825 910006948 830472219 882286387 869846434 442918509 441120959 950945697 402169708 855560598 610252958 294806718 668129607 806026630 70472760 811979566 224341523 115617576 79062020 55454031 123914091 322075502 776844040 146419844 303536944 734972307 988358201 402324853 146718098 881198343 754471758 98459942 272682272 118847727 516108652 939733811 808605022 334696989 495861399 180665196 267514972 920016278 190550717 270557237 359345026 650311931 994528687 900301039 8893653 299716515 265036598 203701154 355358365 906259781 73697812 170039874 58229789 681053643 363507826 821857729 5801562 114934955 987106625 171903882 247671697 821484163 669517325 474717335 308717929 724485975 20501741 955425794 220980547 468732318
100
103257971 828733937 326734400 160261570 31539563 310764750 133313807 60040544 70770573 818511914 862244913 614219047 837360225 686528239 347652260 476317526 475314267 417782751 306127311 579141099 834511468 255018081 64204236 98496333 932093346 168255101 177889329 569984851 234055553 302675829 407841837 412971612 837282713 478080934 846183224 150993938 479627608 857632569 642703778 49527624 448805475 420464855 162320956 926792412 109394747 706124291 783534229 950602479 474345752 749735319 244766981 512093355 50816336 203595024 469087918 283941446 378260097 606994735 497392684 540755103 444950039 438334824 484706234 504156687 344061415 708018538 444384957 418522069 600899705 95959860 155629617 441106968 805645786 709678975 146702082 895004253 981994154 211456884 140652789 689784802 827844380 100849670 957411601 971705850 701617666 264761528 43834578 521081232 492773485 645376960 823612211 661248581 152096333 362031917 517783293 694710142 557590304 553219376 465142804 837066031
100
908729538 712750846 701018578 167538977 442583907 745330615 715047661 809660456 290650382 636957266 643046870 335944109 876365741 573401027 908902819 599812198 604997234 128188854 904442529 621889187 222502040 921224678 806852878 699655555 286847753 453399065 78190626 49615058 63723115 31855156 97726223 603722922 861223150 653542050 673328849 379296784 592979713 660540090 205399713 313521362 543852357 150447352 202501900 840197161 828326966 266090919 592771902 530023940 592333459 735113582 496274768 625495282 273200721 9160966 41807417 448580970 333030088 76420030 305946200 14359877 789820200 208648410 344249501 635771217 77335398 690346576 563450342 527554429 648033325 384189264 665436608 108338687 813381649 890085677 855605443 12967039 22276689 4421426 726789336 302809162 529875497 803552082 734959991 977036086 743497350 41046636 809146047 571875341 557347569 458892126 402907882 631648584 707002862 456594276 907549122 627611505 888436733 505314363 623525789 826309774
100
892135221 534780630 28896299 334523658 638435838 483117640 554938651 616197946 787928622 163004058 924302911 629628481 740311080 790088999 833844963 819752442 182968468 613729850 837356854 579792209 149410139 342895170 119602693 366973449 870895257 642323784 520756678 773813741 734049503 454288689 871232466 298185158 649308650 208685458 851484744 516425856 972178482 169996037 97654845 409459736 791527765 748831490 401413792 515538105 763461830 480405768 328199393 129061792 817831281 593148045 707241715 345998818 653752562 254721313 97868428 119576014 489733357 176314882 709081311 647247716 836219136 812917076 535572770 978049600 957080557 754063680 139761899 333589098 698532857 738750385 556061829 546169079 514170738 173491260 337194469 151460733 436099031 672989504 117547596 481505315 805998012 100530685 723076598 266840075 322340246 702345232 3856553 990293786 52141329 581230382 907743492 642373383 559514989 498131263 902533115 320798348 859190546 7334992 90551058 319598687
100
31306159 895485625 385436467 531459224 877193846 131841526 765259312 179869828 520741880 584805564 22979756 592593380 185831168 867199053 121997582 255052965 761881406 588377562 440661796 513491369 857126876 917282124 862886879 113249797 662849468 943192889 785229825 16500187 985583701 659791310 168819826 984440961 863590176 274487141 891283188 69142285 780897741 554718819 614918695 468802593 874657035 143794864 678442699 27268656 804307399 134110821 202660722 690158922 206875200 790546693 80446590 964048389 698480015 182960637 58697429 704082359 734740685 969520328 111787436 177664196 259015476 150408763 45634506 442850290 632972455 544472705 856482534 766375527 317454698 606777202 526734929 906258308 602066578 48408501 365123157 715801619 640569787 992641110 35395236 651437137 113351920 388090993 51349300 558671804 595697036 61825504 559549009 470267611 164375733 773749632 352577475 862330803 862448330 69903220 604236599 270471354 841205935 281131741 815172458 997733725
100
832338042 864760866 674257516 821240896 147086774 161125471 789480254 863480457 362748860 384414257 747281866 262425782 390223065 398058158 59815491 276621137 173600213 861449770 537952431 109800763 530911436 111221575 366957243 588095918 504379388 77367883 66843025 115095381 291239974 263612056 525434190 411774366 959949173 877007812 84453895 391572659 202390639 184745694 870415661 179881270 314815247 593318216 629369412 444067269 651146825 900833057 944003450 869497343 294558450 920439124 979280339 71847104 518932571 830815878 63193049 133584527 716907821 485873221 41821977 175083396 734425015 509619746 509626510 926062626 765165543 661930639 430901993 133426776 332317992 109294389 566087179 297711290 719979469 314639388 282265819 396409455 781801224 105573733 786962729 958101538 952339995 155346923 209970045 578411325 292266455 639580089 285521406 787742988 865843987 945356750 72867189 124189410 453240085 578636503 998776728 263007886 118073476 423036733 448388360 922183644
100
826184458 869481597 778600812 299877240 304622049 47866811 598175030 743038118 208972929 258669827 543370180 636232674 400882378 219537128 223791509 442544256 36588415 108636590 227098759 906048988 681279997 38924357 459138472 41500013 375107911 991741395 813983333 988912755 582250169 225717256 90597671 414762448 863051756 440933374 429553515 746676821 461329704 407839156 771384722 478601262 437290902 375487821 948941550 463919046 886986377 569230826 202653163 323432959 478711046 299236537 589648864 696430963 734747361 795004791 496378890 114989895 457855887 220729651 915621927 375305732 600718041 939664519 623040942 625958700 846940610 213804003 289630502 206122226 187259664 42879191 744267388 380701289 934516248 482291643 15508702 113778504 319864090 404177346 569084818 552804114 249496761 979851393 574135645 107384157 136865196 536471771 328356684 632034677 828333873 898607734 900009876 861864004 508635792 433627412 558448808 731549771 63613391 58537890 370980666 291550153
100
874097151 399799510 151451717 510079870 283613081 92563700 701169914 204185484 213731493 35816058 763675786 195134968 704732844 24576340 252888802 712278865 100974681 523859731 765513458 662300475 184314947 981108003 204172693 401482381 193281437 242470643 304897085 67947756 657010884 610224432 224586942 780092296 477998642 454222464 689652823 84763599 554183744 52510432 922123929 730093752 353308159 201270059 565078938 730695963 321827480 438074983 173058999 545006096 961777022 876512613 131265304 149080736 430268502 136999235 350485695 929483161 699669078 658509790 336663121 392742552 924196401 210963649 843975988 786080263 975097260 867745960 270648341 461558406 793951279 754613882 677093501 974864851 439195679 200071026 451609126 468224729 265612628 589930965 498708442 765782169 291396537 343661706 495573027 747890982 170962210 355452833 128051051 628893163 778142462 156955911 468460545 906092423 957407655 703750866 99018158 115397188 570144137 81699261 488913020 369777256
100
263133369 970958448 313608791 201627636 158488746 90211786 534121445 624366260 373950377 941360797 557522217 57045816 842560234 160064987 676702492 331582769 981867193 387675752 980979537 509275610 991425035 98146200 937748030 453512381 864434521 324281122 387177406 320410077 108246617 17157564 899335529 129176212 16568643 775468997 559203935 170712566 651222499 559259278 722807605 171516089 798131225 669741102 396725552 545840647 222071975 561000569 326928552 571212171 572655073 453711168 803166326 749360805 770882614 688747205 535173132 688469535 139400833 467816072 199927151 940469496 569769979 325917788 356264991 737129788 82182137 695275851 199052771 347036952 448092533 187971085 851250870 917969572 822916266 595685979 95846746 817363415 770505159 539757797 215425692 66272104 686377319 883165152 285767103 38704358 796278937 31672938 916118801 941001152 597137813 257885804 123401846 9120137 816980668 938371636 634084431 453996241 856263375 456331514 220781319 429275240
100
600603635 229414970 662212030 459745643 140497251 809134284 930707573 925520301 544749460 287661943 938241241 219686673 862269356 895951139 330746517 255592530 910435666 509456348 971143920 318768019 46690473 1691628 721654034 165737411 822461620 792575167 78000785 797391046 393049798 226874058 36504949 952846780 460768990 922791915 326702716 765104717 160083731 753045529 672367914 323522779 203340757 544454798 163886194 470615153 702605675 654112492 23684225 373581231 832112504 102942379 77628510 586681076 552332913 274179247 666991965 965009809 311925409 252143924 508135898 44592211 267278653 246939870 246641103 918733601 718407596 480874292 834744984 682092385 894296478 871871276 568573159 532397885 703964839 57612772 652347906 155393914 580654836 62505521 153797465 249442124 265467768 453829435 876779146 460821908 661156388 546676337 763734679 743192552 341678828 303323662 376971016 320238056 607270323 728385883 422094894 694028745 767490049 263547791 162541714 276959281
100
665855247 346908068 86396042 737921662 125099223 690731249 818352786 723825904 284819304 972660963 705474870 359128030 312937412 971425781 286975346 175498156 85579865 580765850 938749200 329765489 856768046 645055009 355956648 54812518 413090426 616435528 346199619 636728707 680323747 419356986 949967005 898318296 373775774 300277297 68399938 901839457 585438422 64700538 900031065 794633402 771951117 180132720 150632145 996235252 707884785 229139177 926324400 209946690 896180757 375575860 194846508 937358687 935102268 588832788 331813463 802791471 346048814 532571356 182801811 724361968 944519546 915474157 515367152 616294725 524077956 457274002 311630153 669793428 504139872 535539667 190367020 385672512 85173095 669264430 237270610 196361624 511769373 634226521 581725175 881245406 769749509 885070840 897675665 417162032 246130565 749901255 594543607 711258018 756322939 27502682 194811035 795010244 705574645 840239330 353854912 145587011 892303120 302417146 912179410 510759980
100
610967653 656687649 82158092 78377359 773103925 196514455 718414317 587318625 263696023 842787860 296792576 518038539 278696859 310942507 828324109 623972069 947591631 451346993 191523241 242877724 738921657 122936954 405376310 409961653 122534649 336729088 310004015 747316653 335341709 573173833 489327201 487120922 402022854 609489453 523666562 339254687 784336360 313349229 484255398 171895685 821888133 711837233 969239163 39856057 822025662 217250359 990132235 41783953 635208701 636044403 846992124 645851889 820470330 239380595 906156268 64650143 907639190 311347 570972310 625963777 443193609 260421820 432361857 872075749 694114261 986976954 151379956 279527021 524471965 248916929 594898162 641996387 328482565 440453825 104586475 658935395 193181504 830938666 555887316 746825531 585885919 17071965 296127742 545859863 688277273 186583188 231536389 428983462 982671570 213713465 702634898 510829438 574241285 110598266 466694245 954723865 659032627 797793598 145278899 130499711
100
90285383 391177652 232941291 825059987 47859775 489280995 104751456 681068746 29500633 568891907 215229588 327185611 655120008 30313021 462962667 708166666 428559563 133009401 829298278 699970368 172514254 306834292 632300196 287130042 597249768 775342593 449049430 794794659 713930325 975087579 35722860 979437033 409723853 487322152 877254672 197004791 503459712 543551395 503236497 838458626 246748209 961061571 568572638 965642266 398570857 691118404 498175667 451677582 481802369 774028561 945387847 451505524 648703588 125687258 592445595 516672897 590181372 320802314 704522651 639371935 443808491 265028482 980790328 993779190 984642246 111140343 805846268 452918494 747432423 339889343 878910624 570759843 732582930 474622945 381025592 234234068 153035022 60016298 74764629 868847127 541549777 820251268 362389756 713053791 602442287 397577941 27802146 895787702 248253155 472993137 201900389 637039775 983305038 614673974 786423956 420732145 680551584 922238747 901999515 651157265
100
594811506 9997797 416076103 583541031 276770428 709171265 1879982 189036006 871594663 646117990 540866919 714539716 356981756 70310467 345828722 161546835 383911932 655633326 220016551 771052941 445920288 44853681 317425000 503487451 948621772 748543372 203118970 429354391 486224892 202956971 567229150 167591483 719862612 705045486 758813102 929165476 276083760 440561863 236457332 979384141 642474903 694605409 250194512 626101501 829147156 884254488 653723121 211601000 331079764 660572615 535238802 809686821 984983136 247609186 997402682 877805680 305624950 910489433 206179155 321329861 588283642 535011216 366329121 423427502 294076459 465691077 328917728 243297585 701057078 725630350 52703302 657872293 680962891 778794038 217599390 103962624 29445510 277087120 834209606 866950095 160509786 593849086 302558316 392906392 5401136 618913883 469822795 691866407 589404048 325256968 301478107 627099468 806092886 242451486 103880657 481142889 849273809 373282527 722206377 407480044
100
453562818 921070935 637879029 142378996 921227838 376030152 903709282 457989117 566782323 763428578 563320284 174634891 601433778 57622707 54438342 684237931 815458782 556548927 310466754 855373368 385976099 359453201 692766347 23644735 837914717 62429475 262403921 344819633 710021774 193467946 194230503 807292743 566438980 806745675 805810070 826565921 554799790 935003562 746398528 709930300 690944528 652735755 743248109 270468140 537986810 18159549 508745542 555738162 138812841 1941973 610427978 507013578 125812194 509587767 250898009 663636678 114985510 579171772 407472761 659293101 374734847 669888800 538845413 620851396 913038160 50659126 231921058 497363433 156847498 980094186 753605744 240619857 323832212 2303760 575903249 203827446 10553294 667038379 238897281 265571500 141981744 762653620 709868492 153411848 290892198 595342238 123639798 382962935 598644530 665681279 358547823 703524532 842152129 736258817 537396501 818768693 843079680 31337479 466890852 501672480
100
333985619 315288221 510523396 556574426 834547611 776989629 554351960 974061679 602295280 108628801 389563034 462501417 710434185 921690460 417531897 109973177 735244442 541503464 894717385 894267025 744530500 707927385 549825399 877174478 368715789 680310382 399990529 267103306 428205422 491413371 667592655 943980451 774312968 268024122 401757376 693150667 557653671 207361598 194582352 707525253 93734034 424360925 386954107 742077648 397702929 89633879 40582981 267158699 6528985 816704776 406073827 359211503 970161135 736969789 681928055 221429802 125704676 532873324 573529841 920534618 755451851 688068523 603514394 908563963 855371391 6770526 869515880 9589782 585417896 193661229 367632872 832999582 622758101 566313791 186438943 498293089 80788072 973592822 45853250 666028705 21877134 184129727 355715498 392573952 437402602 183364664 102566595 666295449 550856846 283017519 377483720 670003460 516129160 79488436 65711292 930256443 22424600 269701369 341327680 847711270
100
835122534 345354362 471989475 746681783 947676382 436204001 817951784 411241265 870403010 914179397 747315211 599649690 310952831 276137386 335009688 591653794 64816671 315148615 762279169 77673348 787778303 183511684 503619299 464248192 588681217 189822132 250596085 233269885 323238162 464840635 364027016 308054573 947254807 565481392 662536954 323458765 950267768 796202864 206299213 393881264 122496658 676422829 934332088 242776691 683502567 175614779 764768234 711738139 275714173 786335357 503867218 933047620 716667389 504945797 637648096 572353321 215330651 959351885 671691032 692039250 567551465 18632726 768481696 990134765 362031099 295682479 274524699 760944544 81057869 457795986 523063614 896989744 348713920 184516879 516469450 85899869 356498885 254993922 7817697 226971303 579433757 919186570 290905943 198329262 178122706 87670216 250046258 840996074 276484183 454468092 189873551 408411155 449225425 4585904 96352772 461619752 694659948 729264040 402642247 222001455
100
270970321 412727112 393921819 618467706 353971907 149970563 136947334 764564260 245686120 776999301 631238367 629394878 205326231 719988752 92365814 354727821 11929986 784661150 694680554 532128990 176913801 10436918 989029936 521964082 606962767 966779421 271485297 610691010 172805696 857750713 843714370 683588344 297532478 187618852 253846154 804164812 604213433 135895015 340561126 22994810 335151503 629578211 505582712 269916587 962662337 676147669 674815363 949829150 558195223 614768928 723806332 204966748 36039509 981290622 869541585 523012101 110802052 914082652 731642770 660609278 663781339 81594669 859216382 338717594 47758071 549076879 173975601 900825874 409679234 260987542 407147521 278912979 775956597 294938534 434842289 146928608 117199896 534192050 701084261 869423363 938340186 458157848 746069956 241043124 850936833 662174153 443061637 693826930 682716009 266484912 917380879 963901761 575334916 945445733 378737810 671738860 483254609 765987108 934084529 108038894
100
471325492 943350081 770370352 514017957 126910356 392204656 236340667 422564009 639487541 989099511 702882208 693533071 954143682 628340075 600484270 134508525 904039236 770882266 823585486 229978622 176225664 136641062 223092231 24455884 543705187 965997987 26320923 188400857 459869564 715834159 829190751 48944018 473655281 657981839 836405570 770147582 385349782 340584464 305950287 350666455 186494450 513602087 657421108 122735981 664334043 992862257 132889413 732459987 20685684 64805639 541854425 173279361 353601555 26601603 457790656 625328870 455944463 973936771 414990986 768879672 7291761 183205851 825579868 220234493 478111110 746576327 58596396 937416017 609907022 679828475 908920053 392672178 197117486 174753047 936231750 788822531 897258967 96995406 83612348 283039808 949402325 613333603 730553357 562334319 861660974 445661939 335862555 857251129 75752559 716707 842997658 866242505 241559835 296472196 436093733 817738850 967088712 957668472 18330890 524448523
100
136018607 621259529 3989342 65624605 692414359 653702397 888722028 70353934 541011538 353691279 704443990 719862831 572691572 437067853 881825259 482564009 675919027 211015864 77031219 51192561 239477682 159362915 832582226 353148156 427723784 91802257 109843806 272638709 836241907 402404672 447385047 269417124 716493435 978824461 689134200 309826135 354928719 556657356 814098524 979951217 909428264 834925217 439370144 415869480 111129161 993408746 699828182 153628351 229673911 914377702 570133621 658404526 566400681 718399874 753746606 642364706 880561804 592649127 330552051 854978509 111894314 284421980 164850948 113685210 446247919 830916309 286077029 242739711 968584152 402618163 766283893 105936579 148351491 770237999 616543580 795921322 139370301 886991032 544915234 710908679 665006962 720905900 693246839 619712727 338351791 669102670 796643568 506267771 880682472 66541228 3631343 233145910 447361374 697972941 40508636 728507109 974454437 31572716 760807520 178700788
100
892994185 526902891 829375552 539927926 551067162 700333605 36446543 379533091 606459911 135670391 503958924 735033256 444381780 291613767 715541820 86645648 480096525 378151000 10443646 764263606 214818896 690739232 446210426 364844709 364499526 546649543 728158543 964266948 361502163 881841321 550030132 161975231 969182383 812826826 961897073 221847243 23017210 485517754 587693996 21466139 309505693 759235077 435505639 294140931 436326311 679180604 56871883 213847274 485079420 227133475 374803129 645442246 959671479 193299868 435635953 907038816 312265126 692507834 812765663 741362521 93605476 451524007 465436911 408305013 221774143 449191461 542552899 51321158 533908837 174746244 694014528 689734993 688384552 513060584 963793991 43752694 989289462 324528855 873207410 640074388 790335854 581201372 476692623 616779719 98803920 236957233 184189486 647862989 124994915 103719952 183279784 563015040 346991303 4017604 876027875 277358117 255792318 874635435 806621096 23482967
100
979102006 802585280 85059556 397824083 48580427 766719615 55904426 418921241 93746065 83601819 589131470 660822111 959412041 340108208 758110267 835855972 103926519 903287923 127852072 900155613 775170999 475061030 39215481 155481545 278014526 555957708 102501312 505326243 420777100 293683212 589404735 369192276 740367615 863458575 781607483 399300350 596419400 256543381 117209775 334665790 958095144 711595642 121786520 516216717 756060368 959388592 946697194 14928690 48691070 438818170 421687783 838366063 815803674 320867512 506152183 424513541 557174169 26754630 126779134 940056668 184207173 653717707 343600742 176539480 430446983 642694757 546141808 710341913 888408884 408237408 764670284 313068840 947776292 204476678 995025222 306342716 256856691 594179471 600694849 712414405 308327544 292017895 905203180 780809725 416304590 469330625 820601831 635577747 661376721 648836691 522554867 643668411 675221609 556657029 619688886 971427778 812100696 591212358 753632031 928069642
100
698134257 127851235 422228384 433147438 106795466 498345884 608996447 141629150 491921836 395322717 737354649 877627192 337932327 156294740 237151897 598382977 575064889 936773477 586816745 831152581 970063864 400937680 313984869 844066386 824902608 914959680 22408603 332650698 680009526 161610925 34504423 311727248 520175233 633550372 674617836 229208221 622016177 926361598 351429745 963007526 988513784 449535537 820593942 284300525 542614529 66741728 622157238 625573140 421602122 536294160 556724604 892989817 410761806 365455025 753733902 999555642 485966924 479877610 313940895 63789665 75403529 71955819 473563297 805219089 743090655 572926029 357076020 886104857 16584085 624838869 856797651 140375315 859186657 484415075 443856570 625982659 381062443 310866306 237622644 81384735 863038710 884327626 788251555 89948311 130196491 556073839 203441131 661688316 388368542 913124737 733101941 646047257 499214409 166330799 111881744 761094012 553185011 170771750 740939758 499885332
100
302908149 242848096 974659473 12161056 940421971 909258170 471858881 150565057 819268486 633361490 275464908 570773442 840493759 422824758 30456009 513804477 700541174 554473962 473947987 997747952 615670094 712795751 81126863 186196345 850622041 558970480 476931239 665986021 880397082 514385320 952513959 615467076 317677265 215463516 716936534 808087015 950729198 157443609 937182491 108805205 153024677 574708274 473031628 376015789 747822923 383869444 908187487 147799395 698021883 147583260 793660796 523273322 589237197 377528812 743256035 803911418 540925230 729199011 210207736 788056499 510672134 852852579 480883001 188669214 391672149 622000737 316848574 670160459 188314751 429450502 304971710 136287671 323306583 229970021 893339937 413935244 932515306 810332508 98475474 271342674 563719669 555049666 659574272 870833289 298352651 252466060 973222805 898828474 463431240 995998490 136622351 748173695 226521821 424131182 560056329 784145148 620812814 412150626 64900322 23726563
100
212263305 428459641 186266793 382480184 880769010 754761977 744358172 2239114 856228422 563698626 91099624 989376917 302414552 655138764 62256744 857673626 480039930 609924604 230744705 88160709 436455813 161583135 431845916 651552480 264631468 399239051 622561480 907085277 595919565 425414899 23778590 350571363 441108946 802315131 835545393 108614183 943842279 144152601 531862658 393369090 802225339 586849833 366510152 866001249 672087475 545884619 34076158 607970790 415735031 870431192 277178019 13268164 946777722 418958408 616138968 802082206 153489386 306785141 334771028 662656943 212672348 357721363 972097841 678939389 960781797 488281864 442051048 290030974 738920947 482464944 10980604 747240905 126473060 836133484 715298647 889351643 269441052 949927220 105798651 82320635 863804837 168838102 104521366 717528336 535330544 340240994 827621185 107389139 177066661 357582553 658093088 863350778 587230319 587851024 133965185 68545494 836740058 206071286 206350338 852728120
100
923252264 835948079 58943369 562695162 432334324 672384528 974205551 146549277 536152697 54292253 604061675 360554365 402621421 891871495 638380009 719887422 555226868 591597393 241353084 75776589 695298916 791731219 337239747 339406292 81588441 128437415 833412037 59020969 810564273 381819674 568401554 510417887 743629908 890742609 542475255 156803867 860178999 671273341 27447406 12025775 163631120 369247195 218234952 529269261 483417507 322306394 398627593 73623980 392768808 628325853 283821469 67888435 299151271 24589360 751744509 654464284 657864524 728578539 666353633 272743750 668607957 979596394 16090153 290378177 238251748 514564422 532977566 844765745 104455714 576296150 322364449 807488773 553839034 752325543 614651625 177701978 103302490 605692407 947895828 631553870 70796997 41617406 493950603 532927750 849281316 622063487 544980241 741013454 537861315 476027042 37558283 389796747 330556808 997296169 61767672 916979569 218813841 846937734 960008913 481251372
100
922584336 362499928 569963162 137538755 448454371 424062194 364400365 583897123 328579998 869417329 762547321 549075289 696087658 389944297 613065145 700595015 25045231 646338623 407956919 101407078 820717398 751280200 159319518 95185711 779942308 120008885 318208027 195963614 720175307 947977188 718127848 468718681 294466802 904960154 649012479 761640093 757555679 608924120 597463354 654354993 584812182 808491183 345834264 912319713 573743120 889992850 260463200 830545559 110158409 584730466 626815288 924684328 197589098 614283458 422280523 310891303 98278162 830820416 240014463 486081495 285155466 312511895 781880625 408780191 82421146 543759465 652641359 586432393 958915919 317556259 22570011 605703572 754468869 884769456 396356517 472075529 949653665 816445500 742490686 686898165 753448042 858314902 74637759 870840891 68084581 224529466 928724883 487612066 181449944 350406027 957923183 996789025 285981139 73170706 944263479 767123283 532142897 656360004 674708008 729697311
100
777225679 265445921 546266812 271600781 136693800 399643612 368427923 403556311 463905857 428001695 793133291 809071125 412987451 769920991 688531530 150135572 216228732 439432048 147335401 434888346 562846664 499781987 157031380 809703831 201647027 406234755 756920968 102647191 590547434 172723593 491882531 571804963 371404928 894989446 187701973 117309210 715558922 5973154 301798994 929065705 936137415 248596942 930729935 464801826 82610121 858840353 245017716 588198722 510700870 452403328 547047907 477556647 164215191 735888053 310705046 325428219 736802697 520364602 604325363 624326347 890443712 360045831 126170601 982001007 443956226 279249882 155749142 185022499 396337666 571646552 629949962 69873200 311885921 363483933 975318983 735716823 339102481 810199929 277912751 363952520 216477152 390733796 15369027 689767264 237507335 751800595 771320210 572456219 272331500 51161269 165738681 845579737 576281997 623197812 282112520 396652025 152631233 152413228 588859708 338959256
100
480429990 872608665 268413932 800242452 424364512 355162030 146177533 464760543 331260549 456611179 789287644 372485256 744459450 287248755 102827449 976357189 673024036 338136893 883220400 323862364 323904744 151442829 599855362 915542308 302521485 667247879 392816251 112777945 864357331 702423252 918709209 681878006 691714367 840142395 618225434 378791451 294541998 975438003 728813673 955444929 183644114 61728439 873305542 996850476 636096746 283509664 575217944 305216794 637289117 821319550 523496663 707739887 320052695 166493724 667357705 145344411 826578122 189589145 724900047 942801123 639716705 966600390 656873432 267475544 197550594 437182383 478785866 876331236 57887678 285626790 650870912 405376058 420300115 715093908 883486051 598859883 887695485 898181792 158090943 742563938 721842949 360639506 658373609 165617410 99667714 958965847 416080027 244818539 666190419 920882460 912147852 437553752 66349944 713014065 966448182 922007248 103168907 575837743 60707612 582547048
100
499353928 558526256 564421491 342669140 797873643 554471869 243806551 519591233 524720163 712363758 850848278 859396613 492277095 546578819 535323358 784279399 40452975 298143811 743713547 424020581 670596802 695442147 889054606 39859743 131731384 821098970 665027028 688110700 80770826 422615684 811435892 720379940 247259143 532068299 141489851 59259225 156081435 6698434 170606596 288938699 704288068 317185179 284717186 695287211 795753453 354917915 749173243 83345652 15320634 698228332 477095904 552629102 293605554 623830042 727370964 624678037 743783457 656711511 888890789 919417795 447738922 391864863 910497882 953623017 266755798 289228649 163306887 888200672 865510930 549616398 927159868 265547016 642365746 695635075 704450146 32369823 890898555 73321475 735193977 521611269 505629585 489149554 298976567 904609887 341235014 419297890 274004314 358206112 297440139 159354531 548328207 787418341 552790730 194471735 821521381 197956519 374663739 482001388 963272132 283716194
100
888324290 588031751 732966562 527309337 248802320 560667905 975922454 114809263 243579506 302204394 895714907 514214372 534533610 323525106 354989127 132221190 432518310 63068214 449003731 326282957 527540240 754855489 117982032 71051962 827779124 291891721 788341040 939996663 454567050 173153170 40221053 34888022 550574807 206666764 891227739 985814282 930287752 72248069 554231058 180830465 864390617 123122042 528989689 377242536 905774624 315334645 206026797 747394584 598678441 692280434 240269494 740297039 478773259 943322771 644199560 423573381 798526032 755101312 478395288 312851532 265623276 868789513 934155620 978705209 270457602 225526373 434251803 780856930 445905554 326830326 946020082 375689182 492018675 945420894 807837949 264274490 615556710 755141587 66115512 730336194 592156271 505500707 786904956 80659863 479218980 803523308 121170742 408279066 804380203 769282909 301585945 773597724 750988781 707336965 643862512 946849584 403162396 367939240 291625671 752318403
100
122063523 873036551 736650222 165917307 673426586 809802846 664464689 979506933 887035471 342271494 544413568 741733907 957325389 858198744 538711087 909103062 798610491 616058482 130405813 512276930 214466100 703805669 781049771 864825488 246573685 159166348 497187367 786124896 66848991 619425084 465190628 718145165 698556721 294263545 124796573 231322606 20412282 531991078 420932992 799533115 159879513 307162325 887133902 995957226 826994328 956755248 951791988 421273870 825566531 711957958 398158641 959986663 885653298 500560764 280642231 336036807 300591884 537477776 39831377 619985763 342950375 528404074 741154367 93207104 594762238 371511420 168328907 301260086 902841508 878714900 193917933 616501530 617003213 295361398 371617868 332960238 566770129 706785553 760845366 490619038 608464139 514839129 85803386 43290748 371563112 86306431 151582123 458281251 252066103 36788996 461396606 441360189 943695560 503414364 633210674 666147277 4147629 500100705 785432726 427156567
100
108484794 648976340 838859185 317770517 877903191 407497132 862701757 290708657 156701755 789113468 827369944 291730059 384352405 272446433 273670121 8408945 573822692 429025868 36381302 117545339 866946644 433471729 668970929 616866673 53494592 5308015 212307748 136589008 406538274 903090576 441018199 491629092 294474576 701404516 102137190 558604736 496000683 61115031 925759885 482803477 891443767 253895821 522691691 836940141 416981471 741902787 213263738 968127469 285500472 200914863 336703107 198893754 675782101 951852399 305089352 634579363 717261641 316669117 433932083 824753687 245927661 474671387 867458213 933830992 938249317 184072442 824495599 839068272 115665303 13823536 774538786 625950342 547301839 116999733 535277453 709347538 366318490 796095049 316087794 794465419 437569445 876191309 981791147 539054837 12735368 245158577 9141734 51122816 710176156 520337238 464820559 574573979 934610979 724423201 506138255 807216601 201510861 846730280 807025042 425040841
100
326991796 312250898 290424823 700158395 957346687 793915036 151686511 897105337 755220070 59097616 989900103 196952603 997107784 437769759 42621262 625862525 512809793 930822092 919462288 112451691 897387941 207908873 706755822 489511205 983586726 452287451 992518881 297614553 840682519 108287822 833294118 930201928 865558847 57736176 257217470 586455321 170946619 778110613 660060774 281852922 834931140 885040731 873412304 203117621 337142114 699871698 802703107 961190877 569544792 418665845 211395127 999678360 807904442 825248108 802277369 846139697 772187005 643092146 169287550 819453215 57903640 532034711 226350480 256979603 102140933 606446377 18339246 544864840 134612913 978706226 807268497 916492906 755020479 686309506 13765685 68397984 146475999 25196547 904710922 455951979 690666131 127017918 869992506 767014847 103109018 807816052 743689604 52556083 743199789 126427724 979575780 836974802 411699844 303975952 719136890 300277502 222236437 354708703 598483443 773883531
100
745555890 311931051 86698682 784908406 741085278 808657927 402103815 62048511 695803044 721006344 801967782 791180833 867935545 903389560 687449110 798075389 950393776 847662839 155006417 296665646 124655819 576262396 403554823 417294344 209634973 511570225 273791362 75246340 983357184 133959049 601633313 196511373 377022612 871240778 816958027 350882202 39123610 851870765 601874195 439486076 624843107 257707821 740183326 683563274 684482538 770764581 925241141 371313198 720607326 334211008 772914299 247141304 589092856 515857717 776276735 687169752 270076550 271030846 359666097 801386082 336505094 769222098 977981983 556862483 755782959 49770030 576957497 807798343 827102936 145178160 32975393 881437070 54182705 761357271 455052282 277317163 914520842 831648708 567640898 897426341 73970585 667274966 365902818 2616178 595436613 705913457 937237662 20011800 112512893 781220399 438930267 261645793 179093334 100713040 475791007 255825967 62032485 408488376 426206264 868676726
100
413609006 96153220 108230552 628896214 907985000 620954831 562757109 762478697 267070948 952591375 943480796 764311586 940769944 635484770 473996061 441041913 894410355 385586772 615374739 542262827 825035519 314914962 631294173 623043059 295767712 738643297 293669151 20247810 858346042 673900241 349006935 385017140 564109720 611973106 773399476 785287514 256671066 266019928 69344580 98694248 856864602 604572079 85069121 809567043 116138541 318104304 426603715 829344132 375543853 440907691 471961202 119078305 841851673 498189992 17527028 107524684 429018876 598414137 468038854 54473378 197042748 475959804 547301602 934998395 881618629 634760168 797516703 978647103 529904620 603805529 228234480 542999065 608935039 847380156 653572570 993714558 686155460 732478810 521391263 528764746 636923651 961070173 521992521 41622473 154757746 595173621 208151656 512788767 259305913 545256791 592943002 333961260 640876225 229579133 102580220 207617398 487997875 840746605 650718611 704288697
100
321051256 811762998 970353096 146485641 94739287 34288605 141141634 681134783 358664633 647453179 742448650 767174270 267148052 434137900 923423919 783499276 135946015 275616052 347994187 754665636 799182442 375587701 362971456 965661223 930290370 562604918 62369035 283100755 450612400 551633606 418054413 404617789 516027017 730381270 390851754 729516967 764714654 214227877 214958267 109754285 754302729 611768958 340767016 166151826 956563140 72753331 204379222 173600281 968641408 653150234 619501862 428975734 21579305 934118032 176017441 310540627 969919151 398773129 718614983 725431550 879472505 702280153 831566950 292645044 516242944 130112715 483058259 150388105 258068799 182534206 495978090 810619467 600219524 716600115 933931030 254923835 251141106 28759306 352161772 12266357 239548421 970154617 156575441 301945099 865055063 679721243 277769763 369907238 847182442 372620439 84392576 843703818 810819283 174025710 2625069 571603868 413611526 232908630 655569813 604394517
100
75357575 584043242 755616091 598593353 8113290 742342027 92669309 462493878 178288045 399330747 219606849 830199442 467305329 961616712 525742252 167696369 498245379 95863804 35380931 534758266 858182523 431674912 829011848 651832908 528952094 209494227 592356751 354038044 611435060 717127220 809390415 39002301 233912139 196276388 899043501 987926522 368754756 588926010 81849527 778665342 959675580 886270489 853679207 260618153 565549659 765233650 141482211 639967403 742312840 120975856 263986010 794231594 716886320 173188841 345420385 880309592 624605366 701266874 164410239 214588515 832019787 509877653 397628676 555188918 389661906 561039689 367439261 24150537 581525231 995601100 435102602 736685083 651536987 204472748 531497696 337551503 225441186 25186266 195230864 362531039 645317190 154563230 133410137 994601994 907682477 718033938 131883843 543563218 532442513 690367550 393906340 12583495 283967935 386070225 714248349 651607757 836549864 499016418 223598463 100894
100
209693015 610575125 499884377 170903174 577200399 223568265 520698665 88827668 42535410 219458307 926700332 315773896 8305054 667495325 93477781 205204228 407257672 275872497 31757776 914481154 212175031 285852401 813571282 241666960 770172347 43677015 518554377 114236135 433959248 754499470 84567289 859122194 208795051 361356126 629411287 631599497 68749213 710476280 464056528 467074804 113137782 63298616 288258824 977505865 758693142 954398343 708903421 115652214 300014326 990403502 659223683 16903337 892367070 360794743 991023131 228496063 155253185 948182743 741214069 279847932 855433733 793016341 519425769 684154337 875678417 72311179 630996447 322332020 849173449 358127487 261103247 643662986 378649462 278858985 652747773 735989288 163009005 355713811 510298505 490684926 249138537 329854914 467487891 490237953 430047330 700956650 471476365 725098894 846271364 990237002 303827875 492616342 282332165 100275828 255086347 113431580 797554533 61825860 105560595 751674209
100
485547440 916089333 183873848 252981292 840038182 386487600 99405749 555176765 374611512 310931494 920755106 224511449 646572253 547246361 666932835 189203773 37108870 875648020 190068215 493624952 652044026 627896455 183677857 187032842 711283258 385407237 796292512 918567258 980310637 180288011 718668907 78327435 765462243 104276083 183054442 414854448 731484111 786985018 740332763 129218492 905165475 540184387 605702456 253809461 107027139 759339427 931993219 573794368 577668064 934993538 169190597 797152827 821923227 598768846 298873105 576755945 187940059 683964319 251905116 495738893 817826764 425258249 888484351 23038653 326033497 285175802 472165200 261892506 141390812 352158316 826153841 87645540 166655473 137530012 667636222 885713178 531619494 808377492 660281620 810760319 524176905 366692912 79160116 665295862 12163856 60407523 669084282 374013401 189259175 572233536 920627943 604443519 56968369 85085939 602374662 913995193 313242092 707356967 909591755 812605718
100
297179028 941577229 856051896 35900232 609996952 535320712 529998599 134929887 653517645 676427816 918663877 909263028 119585392 172052882 901727745 511714541 541570017 944826924 294038039 363251661 688739808 352904829 750213650 492177330 331324325 186005931 445881467 199495206 760563878 574805294 76840764 120158725 379477504 138422 778670726 432297126 408199030 697299561 979774539 440923169 325881739 114305940 543907529 125236578 273994167 75359761 123247203 250057718 340619245 830468594 548451341 701875887 29948701 51649221 991959866 873365018 368483534 848659582 923945107 966591527 820537992 144526171 705999314 981440628 76772818 131016827 243288396 727784879 66906091 949833915 759614490 538536214 695614294 745305603 677711109 707295636 754171352 333632440 363296274 436183762 784259120 197474344 427470731 905785643 4116744 291053063 924433949 904392662 393081211 606345209 239764657 375771975 816824380 171744578 92743654 159128721 577774214 13190473 652749401 169775647
100
229153641 881517725 403605814 917164219 223407752 426396652 231022520 822238601 965569677 646562466 988683075 471774386 524679679 127561231 109338821 302752496 988733619 833362229 159370222 109050745 534970914 560691340 271797449 530543891 893625503 798261286 456265394 858067952 641728325 131589984 264830428 715543468 147581454 359980304 883757027 116716320 513128803 654048857 792818284 521305238 821347698 836408975 859808993 489997859 815668140 155785075 78178879 301773936 561945 317344027 872515343 342839467 464750898 570131591 819470121 438741898 509628569 171423642 201580448 831457864 197684857 183005636 24661564 332428861 648459596 90066607 166214788 361931621 495916629 271723788 747846905 561346523 707100972 541880151 306960466 42974574 960149041 433249542 871814869 554034683 610475935 968279806 405444191 358637353 632755868 89684428 142851032 712001864 697428330 723793263 866273709 436352305 198621005 211369917 333160250 624601578 230778034 710928999 683150455 66989895
100
375055886 459264654 178616248 267886288 221928487 669558903 3733734 497486847 896265302 425421888 189365737 570377421 22161965 383052470 864277680 546977620 24528961 222082140 672164813 91118466 726045575 721079997 222265466 78044445 144008959 639296147 946432111 808158986 920228864 156008630 893964342 113045964 564309888 987386904 773675498 501615984 925741149 223477755 750402778 700487638 542054779 588802709 932711208 841239054 97028200 923078336 966427673 687905362 965301303 736223086 890629412 673848316 982322330 569351404 484464036 332055530 675222339 936163634 662693302 901825031 387145618 880164509 305692783 230949228 363125261 305807819 34777623 970030049 859821904 398922073 85351683 474564827 660666483 849997053 996986020 649452919 298550564 193785145 833174505 48143942 434520911 339413762 964376044 866936678 106244822 559327241 73124388 101454179 759862254 707949299 644509445 754378427 600799735 544353598 376823205 812847615 287081049 704776666 570439707 791478321
100
802577614 971037076 794499464 321735094 942232491 486630403 621898399 674181636 607257631 533505625 279239496 263007891 893221257 367270967 936933463 317406649 583989947 839007588 147701041 288323826 568320797 275753896 394088733 120937551 702721245 343244897 788318856 792056336 687801346 631072757 658574986 705821740 99656300 212558294 952738293 337839121 424519955 523901426 367999825 474205220 653049113 570511962 397795142 932948581 194743577 49279827 697186532 221000243 20087922 456026174 225849440 782633928 828849913 399228096 939204559 945339990 360326543 514341666 666743903 751617267 3067582 155568132 488767012 694366190 424136537 655713902 965181571 546975472 690068588 520492835 150983300 374168844 569796884 111688051 963935225 363644923 107638856 628919579 159337343 553444242 40837640 643650947 573276312 206933530 50871256 401908055 17234629 182783629 723322574 469284452 771296579 511865883 555160236 633691102 426119584 533373070 64845538 681158522 928726666 531018914
100
68693381 578457728 986325571 94405896 646911235 725247182 302789333 826346522 335448166 833168693 784009657 229509040 107148061 46244865 762891847 803926389 621440096 766377090 904717256 263753239 380124129 717100260 337476352 36054632 688745983 232825966 618881078 145671379 816975566 294950157 918830625 422113353 999207006 541516799 248385609 400753604 139184284 252197395 92731704 622030217 288871221 708993314 877013667 228330332 240277344 935529401 284071233 788792669 988847728 194320350 471153526 939108 182073224 526138121 162832184 418601495 382613305 359316021 342088782 839374513 682834091 975607379 557385728 156623831 119029101 12551228 531119444 671274624 139393501 689333119 748981610 323229442 220924988 28858655 375915019 77342883 98812878 669586143 64183128 135609292 784923718 314916095 50331207 576958040 688551750 424420120 3681261 863469238 94964711 468212412 921285679 445865919 231799047 920577841 129850686 558142 424830030 268926894 574006135 357160882
100
698712601 377091360 843865611 150924718 679948623 875249482 906894862 530919510 222393289 856973761 546156338 767352574 427053166 793974622 153209718 18109993 911906098 208628908 21123085 626536146 344430625 937711787 129216856 580294775 163280522 381363578 301872367 251576378 931615038 193573664 71665833 414835615 632045990 470392239 907871726 455500465 362056012 232978867 837167641 822256769 499068577 803455193 130748418 879732154 567601664 580674772 638574171 22836785 535542948 422827585 434327014 547512458 331416365 329995584 843900928 130798146 854279264 890024665 596444302 380459336 426842998 993720197 200544697 706300009 705068225 890599931 297382116 179024891 524918727 471062883 959454312 974863266 586855144 117742720 709190153 292398959 179236720 226246839 224886088 572103422 314261451 694095636 393936025 524823579 840557230 647165325 694838921 801375323 553684284 510108737 622069234 949761435 824626012 164202260 829569910 568099338 483044908 826464980 196643692 914275538
100
693765840 823252544 106361632 983541012 491695773 802164750 169350588 188623675 224790746 427254074 383370909 353139652 636477770 624419208 323516645 171284552 7934737 167484117 380818772 718755124 858018482 624409573 600614781 565763141 801904117 630227791 266328257 520501473 76574079 972970637 199220766 768276755 209910912 570732558 165006067 333193577 650323935 774609658 105785047 654150069 175280422 296749042 993129944 959094799 431334028 794479584 967909313 868286095 664983035 370710617 314660207 727084999 188313113 604478213 591713212 309560739 736185512 458917137 704260762 769192504 25008522 239576671 863365748 577075405 332539240 912601374 709210096 421974762 904359788 49810796 684186833 985334608 613701477 961900133 309060901 674060610 189383711 24118264 879571380 834120189 389744023 430891362 860310501 583678560 209660061 771387581 395795082 963360938 362390127 206113597 161849757 33803498 574823368 741984848 460872730 706374429 385128887 698031479 141429391 425888853
100
82596603 435697798 916138163 553821263 233486623 330084577 474132269 892641870 207570149 303393557 115087503 107034335 452362725 324942124 890728367 345143983 560310563 823106635 217973340 340907174 13334105 817283840 954223840 912081962 174640562 46079232 211752641 311352177 465286062 675335900 817644056 433324099 698053857 454780627 691329570 913261002 740925418 254543102 690177083 257878154 507327501 457507978 36285941 75601841 395639661 769022716 393384095 996497334 287042710 826414193 991023837 708444160 551123235 841192322 240246612 281527385 390974902 522226741 945659141 910492327 546583171 163596388 988455007 75661175 458781966 246548276 990423955 797673937 610804000 746069241 851850278 710638587 80077481 642541969 938289420 431204796 497124944 500060104 425346312 799299233 275594504 926499325 778207142 207265683 330439255 130864077 893252387 18469085 38160798 593104348 752894202 259285182 85845617 602541257 83532365 144749285 227167476 710525458 240528586 286790928
100
19040582 246309476 543905059 461976918 26705781 799819168 15623588 483438012 538593731 348838612 877864925 145690792 740787629 513572879 158763932 9290999 965132933 873725598 960447839 732426179 816462243 204809621 206117177 897734385 991087718 107463064 11285204 995369635 503858844 658539912 647083846 697112033 300933196 756955125 591397543 991549541 893770076 926286311 289279994 538885066 774866911 571878676 875119991 632070321 814873267 358437748 910624804 808073836 573219027 435539431 444896968 815809806 421526643 263048599 801189766 305422558 755937680 100468891 791280619 561749300 69011506 546966824 659193617 840359024 419918661 832308460 565930498 198957923 809170055 644517853 938353219 533651033 712493932 135244996 84687249 845004958 348850175 385119042 761725657 594836486 421786136 63368768 275774630 962773958 379671940 37131818 416506099 450644434 448238790 393972223 297009996 74620769 273683654 401780015 781332669 670687922 836659685 227802766 638029219 460340598
100
402080742 668016579 792603926 368136997 152508836 969535786 136745379 961513868 949863238 682336098 423928130 58573642 367235029 508456665 639294060 921577871 454295904 890446837 627029152 263611523 735700275 684346459 468580482 736185987 942742388 788162222 664613142 67826330 412235619 868458742 532594912 670797124 165014869 761302010 945543652 50955971 901041952 51756850 86436353 853912681 506438732 110363516 32201683 76803880 819730826 894420547 665894893 681866541 436398763 571950983 634730710 587929033 157293349 968963036 60485556 378946965 222581108 512869749 168464193 16192069 585612188 567815273 916152144 37747670 988107248 988165759 612673744 907966426 654875766 776992211 348602691 524707410 490246260 560162386 57962726 958769024 917535869 454104868 624626473 330482491 871964786 5910954 381939234 950667198 468657158 342910264 81669263 980051131 692889868 2069738 751917144 30867613 925118582 515399405 295359323 292796445 390159080 213971753 49211479 972117232
100
606628817 549182857 35122232 951415672 66770714 383758970 934846413 569077975 989261636 468948779 857407799 203005368 25700212 595391004 690284562 215243336 540591954 849836911 112623432 673687407 235584494 996434858 751777270 871231191 901045822 707476190 877098473 56124170 191862257 157938644 826223058 662929094 71710043 851366789 725773655 932969354 776114279 217399907 811602104 341905563 676262593 373947743 793399561 227051361 137355627 303226975 709954947 367643997 732997614 443691726 238725546 99922196 695898942 133741627 736189599 546533947 429652485 119364104 204024998 362965097 591964818 390969764 458588964 77803958 366978276 379276019 483242890 110065191 772923181 60017239 247718800 215790134 471253951 905697500 474314779 616548920 909316397 403041925 926128207 312463284 649673834 19453771 99059289 785572870 730509543 11347390 36348103 723134867 172785550 451793597 425289999 957535669 48876980 858735084 891733448 881878744 202418831 510047229 385467417 271586800
100
220324920 346876759 490502689 589695298 368109173 347541122 105438544 747865122 796717075 618318952 29592654 27802128 748852935 734150656 706114864 837729848 949963690 546597001 42597363 622929186 861002386 397029897 346548085 677663957 769839950 83488707 836766158 190518144 934273075 409851414 915713562 225571792 45835785 716132414 315554306 749904321 675166954 73601848 803539478 146976710 438351128 750846945 606520218 473097661 984397906 546178131 23688677 803057783 950027425 810875440 205668262 328456619 142227733 626515883 474148128 517108546 620994789 10356572 728728379 649589412 675455838 21859991 846756647 852698661 789334262 113562813 479816303 875303658 483907768 946625256 944329645 598031362 498117955 173080405 989540189 284129696 576524725 806201643 948722888 261958843 166927720 965132610 847159910 603582617 118024250 347709036 146781181 580954736 535707258 586273049 522619082 398740902 664693502 884920714 814817757 374756200 998516409 276232373 835869505 752088333
100
716362161 787723233 54790281 381995910 497680512 425722102 830041948 34275158 571579991 944208156 836138775 162078451 670347871 377917282 535542586 958911471 853158932 168889456 990100639 472673441 427843437 6062668 473014866 453794250 520799948 822074648 137072652 202513230 361040915 734424903 19085893 575020100 739498428 775572402 135615093 365932872 221588750 512769317 24267385 491363605 382065546 723264221 691207690 411824289 603113440 323208796 909112688 466318383 612722765 969692671 238019629 579394176 231814405 527695118 286610739 597730536 797950139 323692159 839628392 788433369 840338342 703022939 781295869 694854541 88890361 111045047 224411776 51206245 781995065 733278318 235734009 910630744 754486537 24717549 734177779 811292984 793097173 841841560 254185277 339384303 683521260 596936753 895953408 579027891 829133776 39134361 718727617 504309312 566784956 890386097 108849254 710173085 77044233 14014316 194207662 402365337 559648426 790722811 669003164 651914376
100
758656496 408572485 351887950 708590201 179844141 372981288 994894576 418858295 308543761 670371851 246530945 29096276 930818948 60747697 88449836 148137916 167566344 607704398 893447092 338049731 563194677 987536642 210299717 251098828 62129128 627350154 395181593 854771924 324522885 152060196 605879348 136297536 315529053 912290757 496319656 693045267 31756437 99292945 284383924 875690687 661609165 343326649 301484756 751566472 280831527 75456048 393789433 166453911 71047825 383817644 826826055 559870894 307237369 558906266 481623985 200884024 389263534 345935805 135127743 776986200 549343202 406735711 702789389 720765735 9432790 57177002 178400535 338702899 725150432 199265332 994456705 569343794 596278929 558923980 264908181 530424160 200131729 706437889 267238560 985726494 930497786 856492412 131139217 614730288 207377986 291098636 757699780 874901369 712076469 141379108 190372222 104367229 419189476 305135292 381084229 467064247 943375132 130876326 192573717 295430881
100
733963826 680139145 381025597 709325136 705527404 112337938 456651072 649543602 339837832 559255714 561102892 51230624 541214681 670223491 795303638 988573040 134810215 172283927 297923474 677690302 374180418 780227259 381585895 497717032 688969196 229727715 544078314 559043451 83308997 748488216 998751142 205456129 453657733 603506754 329540522 895742992 692984882 264093655 182395339 302329123 203857567 14130525 939223252 830992144 64479156 842055193 585902478 959425519 441405456 433002244 692347743 374865780 915868476 428208798 403784341 332859601 501884013 443371716 127570991 780745668 749704199 344835801 807826332 102751105 423819917 322341207 114145948 902361356 492370684 199095252 271196172 181881766 557107182 29848328 172031871 771417327 792200466 925184932 601044331 186973915 681955288 242998265 594816427 435684816 582307542 716127963 368933603 91281353 115677443 98535675 383193510 492430303 423795311 885778733 959145115 584838593 178718364 749049251 142691166 455368699
100
99652768 65405596 117962143 790690626 312466429 369915946 649165945 740406860 15594353 315463502 494575263 102936652 441206796 181015966 762711147 154285295 900270154 617567070 403025956 249253110 520794562 749599465 469927768 510891348 292978728 111838245 736794310 58463397 551565890 967907302 312103173 693435305 321261021 439516699 954529771 29025705 606190368 872982866 92689461 100497216 427438162 981052748 257729554 388962081 147999625 993925991 846242888 350639447 963395202 788874134 802543840 970477394 487766634 927828303 130805602 615199547 548219537 260061631 38571051 433690993 799924882 58317243 618317439 587702555 933795738 253080727 810734418 719771906 40394706 122874804 386897849 314142720 686207735 722601460 721907448 784005333 11025060 719928275 185830618 915188829 880904967 806315876 303934865 101467925 498638606 248381554 74352844 11888516 35401773 774490206 1293561 56192181 396374510 628819811 207468380 148385124 596005094 599924503 216216774 648693538
100
108514075 763654746 110827981 376706538 635613371 819023456 72393447 720090399 133387755 673529203 617678066 398686253 138204408 579865384 706921415 280660502 436017268 701934809 937797104 21346487 831668030 499665816 932926692 339550727 517656182 286077618 355102343 103631925 767448832 157480327 985289571 48532441 401665940 308235956 788295559 267850373 682150093 45607325 509079626 325263210 554308176 431162056 938316136 30775305 531207702 16370660 203178843 317696095 576621396 722763514 330894056 297406202 714100606 508353705 81709744 141790352 396229336 902518340 794064439 768917959 553984584 776782670 332478182 577931563 368787326 126044027 627976847 990318622 752166359 982252134 870443511 508098719 565772853 801648296 514306901 492891973 98002986 644982236 399154929 488225256 995871144 496050545 108232826 602019643 367465192 188130607 194993450 611123863 554569909 342520203 218209262 959747314 25695940 492869009 853023873 780864444 786772790 759173057 612306605 987207856
