100
100
320922231 385786247 66045753 766044600 931363095 865832680 111698440 951182874 990240438 232185248 176627023 713309604 315267701 8021059 38590899 920091455 420085758 323127159 75245778 264159526 579467171 202786336 621105136 5016055 264895687 147025361 422442667 972426013 485094385 633688523 403062964 482137470 260615136 989955502 533258772 190445549 162051080 695148083 55819779 178023650 796347080 10412904 837682411 690195092 938680654 5524716 120135558 403393971 389827039 975952552 293742904 296373561 706662948 135645624 765238815 944165311 239943867 154241789 31244610 331652812 354244981 524112071 452302838 372324422 501450705 720502629 469277754 322733550 671247247 967688790 468835661 794340821 930070423 191206018 794325283 732515835 262018356 111804393 141680937 347931982 543055791 24285680 680782434 432658434 647678006 276043329 586917822 170996712 763674746 817173838 741674802 966069721 881062695 567159935 643149315 641496245 848113145 744566125 701810439 510253353
100
1 2 3 4 5 6 7 8 9 10 11 12 13 14 15 16 17 18 19 20 21 22 23 24 25 26 27 28 29 30 31 32 33 34 35 36 37 38 39 40 41 42 43 44 45 46 47 48 49 50 51 52 53 54 55 56 57 58 59 60 61 62 63 64 65 66 67 68 69 70 71 72 73 74 75 76 77 78 79 80 81 82 83 84 85 86 87 88 89 90 91 92 93 94 95 96 97 98 99 100
100
436534291 3814722 439368350 165832192 777118286 511758496 813906643 938619371 455532284 765997785 861832728 848464647 811992074 870827831 889383166 252634320 245763355 277023325 664861336 604413645 335620149 279031489 491297471 266555599 70363928 411062950 136697509 508225878 392796712 617703238 211463760 481033700 444986389 159420819 300997224 782655795 412662982 3751124 774540103 760639378 354308207 367663746 183015913 248812195 729225667 664776287 46074486 241806145 795548468 77750978 777412255 608114710 727025193 532252255 935107603 382002532 858311803 363652452 111831909 207087083 820665590 517925743 283612109 337605729 343330061 859643416 951137216 373365497 988530409 801202091 351336013 267752108 347495857 223110514 574077541 491465494 932108787 22211885 373839871 856743297 35376392 921941650 345959973 986369076 570060619 977155476 44589040 399494750 329525171 392748409 434332624 630480512 33234749 337985103 487803794 530836473 282676182 333136777 395297549 498378296
100
252026132 140780266 191118113 928110712 7030188 186318182 395431328 58302221 590166379 684429932 630031841 779752067 231279916 815017075 337869920 365875011 526739551 637743906 859899637 717834354 440367228 565372673 689346902 131612876 310062791 710246365 653751710 770249207 7933262 807341355 774618078 404252646 66215445 967710030 885632746 523633548 210295204 391851049 444155968 3740554 989839730 252350260 200570861 708729523 398211914 684627435 73447756 266199009 668417206 347822892 429081425 947072480 779890782 787082377 833725842 558485288 979035135 113566936 191673062 333739104 374242188 130119291 631413135 715212943 21439010 390159351 206970668 310699377 94669419 291231678 67364266 922444550 157086570 187683200 945841585 869340098 995334697 35065877 930627889 680352760 686309209 446035660 634502409 10817696 721839996 824152917 676559535 526297474 668217929 561906921 611344736 37270423 814337482 910973176 240686271 758715112 741214228 416676447 9359436 58998437
100
73394702 337539283 124876561 931173502 821931145 355291344 216754376 885091552 861768938 430210861 867772472 811562646 800425781 848044263 990889784 674323513 607588390 18927793 291844124 215732658 934391082 359330332 555193639 237704456 592587141 336341835 768315476 290152418 468493737 760221293 646530068 691236328 262958545 528792865 648890414 425083113 742863497 565165357 654339459 495192510 148596745 621720615 186433987 674153171 393178070 179610724 972015354 80427870 395868006 119746664 746636632 328184071 504887103 946951049 462271439 127487931 667659604 903418554 85231939 412218440 796793768 417899468 790573977 592385681 192708441 707378239 183602050 806983083 220965956 227280508 270110954 770331833 194718376 296942494 319379739 642653822 359625192 253618561 272832601 985286702 472560713 174131648 922644232 157954575 837540577 776239100 900916090 888217088 437808350 240989820 129266525 659876002 714282098 97727210 830015270 582026230 378855478 944025745 648916734 490366564
100
44609948 761192115 243968949 107734511 896534854 369446982 815535941 901483079 960407163 507654238 878235161 939189164 870160118 253765304 547519708 254389572 210823023 367654641 828675234 546142609 894958401 965980021 149434820 994270967 366898404 665135124 852364997 826836442 572300461 98394473 160166486 534559593 375658788 256731654 616339086 475253789 962716464 967434497 599911181 133062464 389369929 807317556 274855405 538257153 120857464 915571147 380670916 97681841 581369048 390278188 573115354 787397872 467474476 782289770 554512365 713177203 124313398 367707254 550806837 120620418 401305962 157611111 987278074 470281815 577297161 123225756 702777736 208401166 43599867 798550016 100829870 741617007 20341633 911186618 13828009 328971792 171367031 683013543 111543299 902099005 109895249 569571544 333471495 347674218 810984477 120173507 419614176 52530463 364353529 691422840 640317747 313727912 300612640 651204294 339719334 366583775 555095310 363198771 859332115 425641614
100
762913070 513823516 337369805 512005772 272451350 389938401 287572634 834175115 656466700 601047718 336953387 918172018 152876851 946222340 434195672 7870733 180354904 77775939 819890833 209707338 963396968 112204760 232861387 124896164 786158514 333959776 420371344 714114833 627543287 285236443 612684283 97562180 177970286 22801615 712798504 569971979 986911840 954832779 289400267 384996127 454823591 755497256 401263260 834453036 813864858 161689347 711096554 484972921 445525538 936996587 165459820 91114284 225387601 547753583 719466376 124440816 793219546 460366582 925121382 134443164 653976458 471024097 916211339 225345055 690629951 166093977 855382775 576319149 85559695 538458685 552439447 82644325 987576262 506225273 904969770 69156783 170231506 290583977 497122775 379038355 751826339 179919011 302628460 170045836 296227748 997666551 812943498 126208987 327987342 302553823 964241818 317383270 444231720 812862751 228121100 585116529 776935140 431249451 490708095 868103292
100
438731795 121224187 231956022 582238682 655516384 393743885 397270108 979675804 920386535 878967783 469345962 440958503 532058718 141368613 758008093 365932536 746511701 490339726 642164349 536351394 777148215 422691255 195934410 441759056 260682152 595636078 763931876 367969913 324204895 737440834 113940928 458052722 362427105 44893801 937676040 859134727 430032332 742678659 365059696 575559693 257335727 406515592 372562004 668002757 380576973 715120067 296059127 464468609 192683544 766020515 206503645 418343126 63476271 750338875 398993258 880064439 945033075 544434687 507668517 688467976 803548071 373839974 770058771 908450711 924696281 405036052 300304088 950769228 423670093 243991176 846437979 39287444 462834170 21100662 409953744 226128915 994077788 253625694 211647052 945339079 293621929 832195652 990579843 80617334 941491252 191492602 384661666 411395557 469389858 342052680 159060381 844764770 509060290 448162679 394179781 430261493 675869001 800244051 933541550 510582418
100
575575913 396961296 420182316 209572112 342918195 555640162 545642321 647126926 987196135 330746475 149559598 919436490 201167166 145827695 745312077 707102731 746895412 496348756 55098664 678009018 739576500 122309102 259802635 660600505 830318594 43764992 931466770 156668007 107073815 503852537 544577459 692818935 129103133 876190776 493191495 963763307 578788739 106722630 296291832 47299021 867893656 252755932 195844678 662541085 56719290 723466955 863841850 676254509 835806983 570506510 532185978 75030238 486600162 226340829 653209523 456724216 778587083 946884014 399841570 66943171 557118560 444694425 961333897 717491700 435112214 645751060 174400561 429096620 631718404 627508728 76379348 863125259 683159206 805835163 719010371 112886078 340564134 245854659 2519860 317442593 323514592 63201881 7053758 207308734 325347994 329484660 328808471 570860118 722463538 640546325 708166300 582038972 979775232 398899543 197104059 681446473 243498689 362411833 203732467 370200471
100
288504304 654917887 165108467 128693897 551128061 223515300 589162575 131247509 100693559 95573323 649609976 6856751 124312335 212309894 508811602 704654604 622016656 845493977 501021667 337386204 215423696 258888146 417514821 185756408 306683538 973495294 234438412 607042269 642553651 684345302 971843903 217885390 590841043 644638159 667979102 273890070 932689599 553973497 72485387 233734485 354807376 52399962 224790927 449870405 675100018 289070445 721484206 229137793 571414376 237454595 24277281 811444275 936048525 217350665 10559858 637568994 523606242 62608526 874981173 134937704 622137471 866856389 182379808 692880646 429165684 400107096 884255242 328159062 852273308 287115177 793484363 304387256 686716497 347549837 528899542 347084871 532449837 812797022 147347025 813492755 783079572 761286026 61932504 391725062 871222235 790847348 872989497 289209164 980698566 275084901 736979651 455221887 589787918 384087131 727550714 678631866 413398374 508599112 404104894 41859570
100
593843212 729645641 883538507 610072237 916962760 231236968 985155942 259164407 980749217 186568759 140940960 935606779 944897277 87860885 21114561 886664415 246392688 277343580 502466201 11344511 393222274 6409693 766567986 281645903 841263294 860937073 273570164 331248119 806050423 604375687 698534151 364179759 633146433 508555326 819647848 680875467 461411703 148040655 882948301 700457245 393824991 6277831 427935472 402669089 835884058 203551536 137434963 819805836 738691438 726555677 693932445 50735898 427425591 805843556 930186647 161962491 189564738 476416990 480694162 206637345 176408752 577379541 383960707 992137008 737219187 479059393 630159041 335711422 375671539 766802388 165647925 407850914 98669023 974691623 659813998 379781378 169475839 312217606 542501099 638080235 680205251 146457646 935164075 449248709 492717379 607451754 805446431 757063997 909394239 950936760 79114369 229169277 391534398 350407397 552608447 19969240 232489849 50723318 979363959 927847377
100
200460937 411981051 665763340 513307396 422676999 882401855 20309937 932523113 829649876 254390630 104382590 54514829 459918719 785762018 276304504 711209376 364495255 492522584 277224592 951887987 715489583 215797354 677173310 249153619 421670776 430031546 936170807 318631868 213072491 823774161 859292289 738294346 642824599 862822904 226452206 731624784 360937920 10488657 315927271 571498329 933508979 757818863 912077685 865796244 829286172 426904567 765476533 634437270 872089725 170440073 756719120 725315663 122718891 683099460 697280628 56028723 342247638 152146758 34369764 612054472 938608173 226172771 267288129 144802541 495442885 326055488 489854135 354622875 400426856 380531417 164761873 261573956 907860358 885736091 920917762 434326211 396117024 766260242 770752481 986306106 272063953 257061264 139717626 853352987 527234794 581613348 615397893 799943391 946535524 377071291 46403182 530450160 989186453 238445864 896746533 46927080 745484206 505062046 751090992 894873562
100
593112358 531578887 304659122 117251358 810680891 978201245 875260753 945803090 43582092 2455432 826955170 9848764 177175404 783277391 523315721 50342034 400345003 315817761 978512135 811658866 497622700 505739977 997258403 904095319 736808345 109044405 816059547 610649901 281440315 426424399 9359989 509319512 247168460 438325194 770768444 244121229 839401910 431682547 846609887 929038938 325132367 892430000 177153641 70140689 47443791 338342224 628088012 954084843 256956493 840344262 509197915 758762197 910938418 655945072 83865969 480788756 889888555 362486744 761989520 69979151 133884862 646938496 906567879 919852044 25719129 62150204 829586127 740119151 700830194 658381206 493313134 511513243 721519105 548879840 225090363 695477380 4753858 343547815 609438813 637861778 135655853 243446866 274817045 333219374 400001076 506046028 419688875 636148001 936648392 280283309 304217473 181496789 140502329 355821318 865050753 793546223 593772584 686887332 537345834 494597713
100
983508227 600741999 313948997 102088590 366967339 273913567 965407414 709262123 770422923 510323511 831374406 414436420 448270153 414247194 785059936 822629362 771021045 717807517 555315175 148282428 195539145 913959292 122088962 85383357 216683952 29412413 984033460 726130036 712768802 355071158 44645220 681182819 216158827 267389769 399717384 589974761 637214112 764943846 765596540 261675958 791307510 289458972 429407784 282476371 565045163 375919322 568809176 979235684 283372662 593332660 411890605 792942630 14589885 751492594 370223323 673610954 585447634 293737689 850515619 67450654 540972794 125635434 742195690 281065100 1849009 898251643 773780089 774924559 410649363 212538849 350553592 960619269 850819975 390988794 758946785 308351572 608830527 186184994 353660555 924753264 989713641 237178830 241792429 293579641 142997962 184690076 39078276 644094199 378778266 977932738 662358738 973854941 708122585 150674025 551508456 610754904 813240499 371958813 339870360 453149326
100
332993206 776779905 437032513 979175754 691089388 835751626 694602798 612221116 926777063 737681233 212140539 115647099 509283602 851478916 589880609 602121057 610610728 494042254 437072732 584633047 310074128 371855554 388935147 992467558 11391754 608951746 220791996 960532458 251351117 428005808 72166112 994854472 800925720 206202632 57702432 261840350 817138320 11560129 664203471 575911414 683388145 226803471 878026217 292222309 688325839 723831684 57304645 504466247 343254532 949920400 177547668 679106190 395858053 714075600 23206413 28691505 795291443 489067070 4307198 399037796 268614909 862923629 861820046 265612029 63631222 928345992 753393107 419372386 208995269 434567268 696209947 929767838 534233418 242380365 831473318 671076341 50804761 49483378 36026570 415200893 667049502 337182943 144044596 28756765 472473918 438007360 62220646 656683881 627811610 753963014 144312283 241482097 392145054 954290083 974753937 295324607 188735920 180837614 9853497 944740814
100
739415155 84269948 93425802 71517385 953779635 998141082 526928545 140868055 294241871 388358023 59430699 967509407 741004905 906590956 192335832 93063964 733399659 635487558 758148536 121849864 602832698 179252789 117125554 985342875 505382330 844631218 272261843 681623399 487439193 814920025 9241952 434198119 203233115 58709154 659141178 936692625 927363194 163654522 80973001 898587791 53162985 810441024 850791536 23169970 395955546 742353789 402886785 946024963 551308977 46577480 261987945 72818982 541218397 136451484 52382440 81145544 563607830 868705251 586060151 423212703 201125997 814255933 870030932 481692732 212502126 998738831 700899679 498940767 699361525 688309388 534337953 774064827 948974391 365785485 390387416 745281097 907882805 31914593 793240275 592587990 537128836 240114661 989809849 211852506 654527135 240736112 810594361 976488003 210639152 527970358 864034507 626020904 456759291 277696548 273998886 752427421 800247394 455956440 78439731 143938781
100
527528452 618992445 695420146 957738111 536468225 250858102 723928578 268174598 951094401 753128535 332213468 115224619 665303158 84152568 497150722 471694788 730873283 620802629 734550842 119178145 763950814 383137724 781960512 706153058 863710328 111731002 627520778 571651476 841696287 561547317 113866101 499850853 584103601 562441398 565153963 589332221 522425162 331377624 888932736 277041118 462029082 536258612 328814100 460114924 491964846 219632285 509770302 523785128 586313480 123503810 776268774 240015250 64883497 814393507 263162508 835412813 356023760 987520623 689183592 975372053 512267414 997217479 310907041 622463290 615037747 244811882 234013526 295091389 234869685 780584573 610323738 983989957 329035655 150861123 792821280 672527599 498211598 816335323 66235422 556131562 769161909 641823435 741554199 834496401 876779615 391123152 329411717 6955445 400706159 771066613 418312683 730877374 411531751 434991141 14911745 917480643 105843079 418683484 79108240 146887876
100
473327382 856290228 229683474 892312206 522318765 479492331 451102972 312084073 198324166 22401653 748013886 162712046 300453093 648301181 156879954 265263534 280340215 393515910 598360796 598422538 479007637 963563682 620559707 976378962 252245114 107654151 373815078 263110439 512183854 719084202 304480497 110500486 928160617 532263046 283581373 623758071 769496809 4953935 774903185 147882824 698679354 313458709 234422399 359366129 478916765 724430278 482065224 243702899 126393560 443362960 48959069 180964943 220768031 500846690 484767418 652565542 121846482 880752842 186091083 950142221 815995004 423224735 754718556 334147935 59018331 374717071 720968321 509180103 154299203 112040303 554824884 111719624 166564432 484245436 722076821 469393927 82816266 394673289 703956408 633794107 808604572 594600713 198690199 201541496 117496123 675154295 927625992 623887270 622496137 973752294 817096298 146884460 745872159 513344689 342170349 155600536 660077327 289199890 291050112 692791717
100
83653773 732471799 733376983 212429214 121562925 556264549 648840240 447031785 983227737 641576555 461482143 46902366 528381669 149662245 784407753 272009313 383415744 514521512 739126773 711951343 292431896 755932891 57703496 757610255 701907168 396654660 36128717 534429683 684535931 385669453 137469911 102548534 146645458 245501512 110816995 483677173 56229417 232316679 698246242 524109563 530357662 281651013 299811404 764126485 527332608 294186711 958258956 777629888 138788633 962227294 120174650 59938794 336792551 202630368 770646298 845753664 683287371 605520726 138349686 280714447 335895386 594688136 50912953 121911704 915912151 534076870 839983520 745896907 917602846 327031362 94139726 208071104 975479399 300320423 656825444 94812740 14628017 286713794 874018583 995108388 173276205 751891672 172425685 243798254 304593039 753523559 220072322 17811401 733939105 614976234 337986390 291731399 743527808 13830397 540553195 501113240 78505290 904621899 266362766 581602047
100
390249742 381501617 333233359 716657865 53049205 79157106 410367733 969336366 842470308 935993661 375762673 781209712 844772558 245018550 456997001 749023043 638650530 92991811 573577349 251134783 49135693 666470177 198915087 760949982 393339768 670896617 348423140 953228648 898250567 895945367 883104408 413856658 123285504 549078758 268224749 320130195 334757721 460521732 872032286 192914903 9661507 573336858 707210920 925821312 548243887 207025161 480373797 806298907 383964725 191952169 291475659 788148072 5765588 560352758 280826570 719088088 12485709 158790752 863038116 400064218 205396078 562535701 538478676 968794208 134944804 633568901 785991058 122250482 526125953 204366798 688989021 186799519 514764393 762746452 90321267 25201984 670496196 457059668 907266732 853002593 709771827 479231821 942944460 459418288 286092622 113814783 78870678 138486032 277580923 252142658 355222668 428623087 107049672 124995309 80554584 891930585 599493519 312034873 535340998 926984248
100
640683186 145956740 503044475 493230624 755792526 479254666 147934711 727164557 251107905 863364782 609974131 358088603 284054555 368746602 658250267 738743551 605500941 154957180 669545774 111599895 768510370 211120936 793527607 232519684 698945439 366039163 738977929 403134555 959170778 339610524 486711296 759154208 230573422 607703787 233633216 688164722 890269252 425935511 530635563 952757646 987565819 528673602 759594141 758764557 410177120 576882068 984409513 435776674 122929846 129243724 424843160 810926669 728999498 421951362 309409334 919811594 802244269 700794652 265523615 257202819 471770486 397312326 39826083 931644977 997452031 555870024 144215630 19823484 53654764 919209572 333643554 354440060 79451415 914827099 269315826 80043634 296914008 322820036 441926932 640966534 813279251 694621416 894848926 551260773 113982956 731833559 742369791 323992998 502925239 114492615 458251905 737132815 884267220 378501291 360341339 454893975 655224028 781938380 244869906 727500020
100
432212356 524291142 257868146 788380216 257123752 11837945 615698963 951037307 181502114 235864924 992881231 583859201 290912528 132800214 201992290 906430713 883309497 917799809 841545194 422762238 673783101 107645602 767527407 54537308 71827193 284283013 353225866 577700074 197963647 812956454 174199654 974633672 875769056 373721830 607721777 50876145 339636329 462808167 110033646 208008483 455388170 574200628 173785796 806286459 944309404 488982197 983897825 299610503 868857690 721927196 497081565 766155852 406306566 704052455 851847398 708225111 604992711 912255480 928973933 504006536 979228156 208395133 127640821 884227005 916448667 832092305 308187905 559346195 129768330 942867447 267326274 701831707 159596088 260701430 182205745 881431851 410813658 443053691 987913848 211429748 330356421 657414026 429304393 737871560 917271985 324244733 747649141 282499740 9474360 477071782 261208800 437415928 386788378 632965013 575710728 448272818 387931908 936035230 90272810 724546278
100
129908505 75293222 997517268 350247411 908398765 781752934 555650600 629960576 657999547 500176883 311931885 476368816 12144297 28834179 549563003 409685429 950576328 834679415 703955388 850480898 320350316 120055497 67113726 478286756 738365975 562792500 470054880 876113119 644573766 447071936 484799615 247296789 92801493 718142323 183298796 112603527 178776804 547693012 836000738 753699478 503849430 253809890 7622097 619448095 881956580 284104800 263362772 824983657 226002886 937546051 46483939 964708499 265195623 917102524 132964021 619017117 314246261 153920523 163039691 319742342 850515928 64036958 590638083 244501480 419446072 420170079 983638591 200068290 549575966 193688759 456611955 202381816 594341224 224083354 153594038 891744085 23123475 60688827 323431061 177854943 83754719 858337975 786382459 869717237 275826118 460029390 450879914 667975713 59915616 598767525 546425637 568481194 576867241 229982783 215969138 849287386 574786064 955753298 104451912 607862326
100
285102197 94431696 752606597 573292575 702020830 856514537 251128708 67667197 476179972 794316874 197625061 596248107 743813977 521198152 448689287 206480593 575357889 13882922 728000856 852170099 611510423 26885615 321564895 716679489 973629127 898671009 511620316 102304768 944465097 880421672 460815780 953326461 336738028 516355134 373899316 939091529 399957911 505905599 238234500 395000039 664682019 1303787 883401997 752626930 975987725 739717443 831588596 215105535 354982861 889384042 215420790 689988763 960252198 940384401 168638398 546624763 106170265 811565482 898190391 992027509 289224145 413587339 988629940 105974587 751654160 389707022 161186973 165068071 390051466 247926939 865239665 6248447 921520630 346341944 339747640 885794637 879599008 901877903 692676485 329095904 394018794 522393862 991449511 537933639 12692427 220201681 662470429 550134148 23222085 187541994 833135463 648840673 400966842 955902717 869704365 104887390 420213941 495156730 309779595 331657895
100
915019924 736998822 268934916 213231425 651593198 583626367 637136990 25747231 595895209 797810493 808824523 132084129 616513776 149795220 844373488 572963745 207905591 800287804 485441161 339818855 615657232 968145037 936914012 603807415 982379598 509859023 702729133 999677624 993915715 637226570 849537412 566702703 395599621 137913497 123775786 646979426 651957217 495616433 63249509 883134132 557390934 141825127 608510757 196585830 422413956 937175426 438568857 182863492 192095227 58827193 707616596 636853177 668553758 545490094 702655575 634845045 869491879 653008840 297820542 670458005 960406886 797656817 260670047 722908419 850524096 858034736 695639965 39360238 488795263 343541464 902061929 986777741 991977728 944322980 739200828 628173754 353044621 290592961 205361630 474860702 708057638 613740993 924080368 454366088 376399489 748353274 66385936 565063086 319124008 912424118 376232192 14948858 750486743 411260456 377427803 573732386 223494751 70691501 479253379 865217693
100
927728846 34456478 96453992 835925533 35763324 835783485 555469171 839275939 524283702 158315271 263863342 692399915 245284130 673282110 263482768 481141795 35261531 302732761 577299110 42311026 907546156 527435901 445175752 359989540 15768515 214605881 837598051 514380751 66507990 664276134 774829955 872334896 171218205 370874527 998688238 726590425 955448199 543704350 836165904 201512446 586908998 960793065 576088507 222784793 700080269 227341163 801821651 920532973 60315098 370120127 558427887 218673063 697622793 105706190 220461232 634979344 117935422 606865726 649825682 964458399 758381483 441416653 6749222 357834062 782431065 179456032 342289234 932405113 411549190 895601156 206833608 848899781 955489343 412288396 492096334 141260755 448849449 521519685 931748522 73960307 495397930 32186335 818559319 436576091 138390280 417067749 138935803 151538248 991544921 538398213 46517388 223388674 896263805 576543870 782988400 419531361 687562013 594559424 342611977 922891936
100
810367079 161782485 218765239 992424867 732524428 358525192 520555475 286269109 941525173 215867665 39998458 184157139 598188452 865495274 676765039 455210161 566912318 972926409 67710556 278487883 14149127 52864514 362601886 823382211 847101718 629578744 531463938 799558 953048493 925614 333423156 188318570 889538894 865051022 379994994 288762542 814004496 919477218 273862321 523288512 773060631 691385444 808311470 479880621 394535473 24688326 441767083 168258520 786805149 323418484 977650161 893585945 342243257 836535807 487372497 868881669 258642420 527839126 370570800 583279563 456838417 307589551 421052646 884699826 610021441 756788536 591349163 100388168 961925222 611180383 350786618 119512581 869508817 944761941 792692019 349715454 110619325 709795573 611793675 499947722 97719818 234804512 470214428 624738724 412025931 891966580 374444626 805625966 735801996 702600449 58646766 390986077 350370589 430620009 888098858 58220799 588911812 109843671 393057427 504145502
100
828507218 196939305 450181998 878016789 781766781 447997964 459448069 170151285 213262703 278677781 823202045 205594019 454270275 99809574 965438343 352283479 72380995 886808936 427186681 196373232 477295636 723462382 780367790 371902854 366347914 112305304 538323316 869639441 294442716 438993395 100085147 282991103 448442674 185781818 64522105 529615535 356443659 303477911 758394531 459651574 523123810 253104459 758760593 515573640 508448392 926705502 474692082 365457412 208259196 347103501 451986705 368163112 20085912 509097151 391684133 706368523 514569787 508078341 93801678 889891205 738274123 357238897 752414984 246332817 394527327 305014885 172061298 684392812 57490426 404408684 900788571 997769872 169901837 748144602 807527661 324540968 993027350 912887783 726476220 38530650 792895615 570809711 858055005 750204104 84607641 123167885 841432882 691940707 674307132 968100 203412607 900899842 329991697 686225861 804538713 470559582 992594138 710125916 901767920 981770302
100
660337558 130470184 95911548 615398640 618017277 704549834 683045473 375545860 479442058 104997543 920362581 77916629 210660267 938936501 55967473 276622890 46182707 461242340 376588658 561846522 289420838 989789028 43574399 315400409 893198071 356045141 995575758 616233523 479169694 368553535 140613882 506897108 253334837 108190400 239996748 910532747 631689639 381566595 356253368 169302327 406858508 974697975 663512183 993288364 763344597 559830117 150094027 78581976 541107297 937745798 716627285 25245379 847145853 616309244 250255894 431846125 861911425 231339814 335904334 663742723 625217032 351472458 874929587 77002427 725773507 686204557 378035506 873843799 929279855 449210872 166714048 29433424 635918101 793717321 997397316 328649032 107749000 263367932 22962742 36127330 239662361 673542972 899384586 193705172 934494953 453009990 422331642 91456070 596400661 221568109 275314028 237750216 823625313 345655601 397340578 97579705 782241836 511784639 475249679 307471985
100
519030349 666386441 65127057 782419646 757671988 139225936 451304925 811980482 842720315 714778987 905083729 204285740 82912257 77494876 287013745 105014225 425870641 278251499 804812717 823352673 327149748 95154669 244903725 359298910 412083762 380212533 924148147 818231662 348001730 941429081 629511030 900686966 249777316 728495321 674646967 886007948 645208900 321538670 710110876 948797989 153762992 101031584 811587200 827439644 600951728 249704153 855866467 689161188 215773247 127839744 514914171 303725836 302645716 543716182 232725158 331070401 201980996 939503665 387092325 897176685 252958284 756713423 225314741 277665071 591262339 350834691 285499275 301846546 849999070 201873373 19017665 384901948 663266205 710197449 65848902 912682855 188391670 140570767 803281037 752389178 590296529 845579733 6245806 984823852 736040788 320708513 49737816 305968873 957947373 135770547 249210683 919244992 709112962 771000447 265572217 313040058 682932190 537964728 980810450 935226779
100
720868524 726948267 289372249 635491503 47893221 681528409 958183644 231237593 633230582 155413529 830845343 11644659 608978204 933341541 806966385 825617406 317238117 254839167 904834206 934634254 569733938 263650766 330122606 448666636 340665432 408591555 710157840 680658763 511908861 978337245 754738142 290942520 444288003 671040799 348178440 223764779 730830459 624228273 321983008 553559201 876580339 95007550 928805064 190543814 469128364 285806590 324377104 646065087 979715295 197582643 295319667 487036319 995470435 529522993 125125700 590393575 877117584 644155657 771601537 481656365 657615792 504658347 109588334 952303604 428690594 161429287 167384573 181335415 340715355 769733461 964336480 497738706 77536276 909979362 12786936 380184682 890803860 28757736 910947346 279273909 981847180 27504848 334154414 357868590 24305972 184508925 392462203 764544420 295422889 910637846 772554952 685525084 909670268 312395225 942789986 329727209 483352112 221977051 676938258 741787745
100
915186247 13399173 197380661 267083422 134995376 126199126 365399060 118590360 477327793 183834095 555745844 951500471 359254739 984605793 696235210 406831308 315929990 126028689 621719611 677952656 37127344 532652648 493865599 496004787 378333945 101039751 165963634 349642861 914156422 577931742 663426747 76061451 981490384 410995359 430671431 923264742 862436146 413536273 482947658 416598572 326406473 952373852 164671195 690486490 75620891 288789038 403283 1827408 166440694 590528089 944882121 224365904 203326516 657619337 705069064 86385043 73057284 431387842 19545388 414150593 113614951 265006149 326057899 822314202 125740646 10983217 720114898 515594613 717911555 721444498 112287952 201761698 993237261 628294158 694117137 920501931 108153621 524978434 280886948 375946853 200850768 101488824 849090468 954531875 800177467 372631265 786943967 800724683 81201442 388651549 534154260 745579958 724639407 732635738 269400635 682890586 717139403 164163289 810159799 618983454
100
81783381 930601587 893047857 998979453 764412640 187327038 740934913 114016018 385900669 944711969 608717340 713082563 261467118 37520780 580955772 610409050 318046187 492143397 666719365 762074117 415824148 830707154 811281478 708720833 167435731 71688681 987983947 875639950 363793969 55397592 100070080 915153407 130660769 602229324 18647262 149757425 868378691 304817920 81946364 169717485 711644400 421069496 329628597 413848146 844864735 288076069 99542471 325410725 770876948 899651904 594285798 928690758 615812546 730438194 97091073 825049784 673356059 86241816 54511961 36348656 633703108 568637759 665821734 394968003 491704057 818857033 233224004 182165705 706882279 609092957 530891792 789394088 528544658 611033765 150570617 947439566 87224767 566649595 1667075 530823107 22960409 144382076 659038010 980805701 909567363 749835085 957252877 41197205 617937853 534353037 584454167 239992824 673834498 593020735 828898435 937881021 588118813 415337044 341876764 392382353
100
894836641 198852257 944589220 955988901 264427359 102104142 83978682 200012775 986712200 654017656 364073256 38757579 317056658 122362324 857810281 669690397 157073812 660769119 373081556 476592685 443155303 345624136 138997904 744000228 850711414 288018089 516981982 277127048 193811098 415828227 946164474 251545406 986640786 913000309 18661990 129130996 158694603 161017698 160609679 875597075 5126267 174260637 547821952 725748057 586411202 655223453 377469627 768563677 627627921 385110126 58560064 533992456 525386405 501607826 22463659 621851924 843689386 123365174 384100817 191759375 547279039 808204427 498674257 747229675 366058277 92985022 492944982 456201235 626473282 92142241 472906292 369143245 411915046 518587966 140795341 901406344 47339107 351792893 27883669 231818392 704085064 100184017 379863061 252907385 8335958 242196066 540211774 210369488 592434710 526667812 282104301 40539604 416815782 691349804 48825832 495451445 387677599 511497560 385144614 669197443
100
593410265 510580191 480385050 935126311 189685741 413425841 581609041 940599823 130361553 261132358 19513688 453170155 754208538 951564567 18624564 489497712 750986591 724979799 21393969 333671550 978824031 334363679 292409603 872135069 156406005 117643915 417328920 189218563 608875548 811526793 738105121 440280978 930401459 69670377 801741477 150731637 250098952 42404427 310972897 30268377 554113210 133306890 640309133 722014453 490294547 511648200 667548099 36146446 800086914 785055081 22192218 155564535 573604160 868382900 769254099 246247485 281339874 119161661 867330380 936739827 981992886 938736892 207952477 511043753 301782999 92256213 307471876 424536786 270106714 687294248 467694336 343422728 117360026 117136888 542796512 445965811 193285445 653183755 908346601 152649119 489646478 148198123 313168074 359819740 827270429 365517742 635597688 739118846 153607915 774811434 775639096 774120264 939337724 597644594 467863526 45808472 11401334 234110183 998711756 774106735
100
243008115 853850862 210152621 792164727 178962853 444610082 270377571 768906870 819532532 364543687 359460947 363299898 430919057 769778383 615025894 635737206 101585382 742069604 20469835 4815800 634816253 12614515 6133848 645442706 793609468 126655563 970254174 495250192 582842003 966058840 832960502 455302490 105292342 475545401 42208271 122798035 59444486 848152935 88959928 602299256 543798594 417477135 631875033 724101514 381270667 700615368 316328837 950413182 266257944 352582154 55339381 801891991 365236215 705939493 632901391 560008832 197508486 388513296 30688793 47488999 247557771 143927164 957075553 937567361 772433541 898170241 422468041 40839335 836021197 845525460 284345307 370385150 200899963 258638984 830075917 462091748 697686467 357736796 776897338 341940171 152472596 218069214 708023713 866896154 576099889 870230956 8200075 775224216 355040831 565637881 953111201 957694198 251493515 124573617 601893151 965870880 986846991 760692430 72737127 584978170
100
757918474 465443548 982013935 718074971 899286302 988978398 679402281 331036725 194251844 981326733 114020134 794101573 470972978 679756125 599629590 79564745 587650673 168360590 182256210 550658350 770815592 897950239 833710167 956566472 857312555 559906792 425831937 193979673 191837774 59470217 56204026 705815839 584319189 494484393 747731515 526529669 584013184 135929003 489599144 588923896 58795908 176032976 610726532 142409198 67773268 566886431 209701215 823202127 57444490 295303927 178511920 773921107 874376425 769513481 427181492 996911242 76375092 950228503 662841626 653057394 385854571 249771674 58472630 29895500 322548990 560646825 230222363 194744938 734893254 987449862 224625040 508977660 31922703 936442572 14442999 906656661 883817767 236391150 171425461 375068486 922657478 995830515 551378088 209983625 866716393 777512541 29548796 174720408 726251916 645475684 673742793 218469077 827692144 815380090 465567694 426801551 727257608 701473154 142565601 593173685
100
429448601 781346867 352836350 373388134 842348028 902090880 774580975 183648854 865259300 887044517 294931842 145134247 918423823 936422413 637433304 536962528 110308567 181578512 788855413 396695053 426821725 263340167 249794802 665138030 277362594 545543458 2652897 714692736 797007032 593220319 842968908 258931476 641739102 576268745 171979172 914491821 20991454 255352448 42961317 373420143 821960985 686283808 655029494 745272220 749166008 530319255 410907732 402313252 896983647 305667565 354063289 687780285 415970124 871285982 584252486 533903428 979865233 940371195 151241670 46330294 119896975 619073330 513973288 723262405 967034013 951390157 159023178 75684751 854875970 319759692 156354886 440579336 538129356 441039873 805783965 557949940 541281790 853781837 421274109 907349678 475644157 655183052 46526705 570148666 897285445 173716306 104299233 560185613 898893058 619491252 326153282 966155968 467174370 490246841 603975624 285522701 248401781 637568809 796616738 108510306
100
87003078 207469086 325234339 795777391 594260738 568189704 919571211 961764377 570725560 165049895 572791334 735107142 189102900 277607075 753303843 837836357 175293989 534190880 273829707 851719000 980822417 350462909 230221688 319965889 683275294 83098962 112379445 97818222 944035601 768024936 104482960 788840475 251979148 912446281 779592385 765651460 159380126 103504501 657120838 521283633 687556806 699745455 184276066 401468301 610912143 988752567 530028636 390096841 127936450 196699368 618177340 791150608 531906137 199746401 502989217 39742658 150819468 396644856 190927295 583018072 699002998 680686748 287310207 857557332 716421031 372354598 976332521 9190495 939730503 741548335 72561890 837444045 26151699 357172458 934413052 462734356 875244235 14353225 613202488 395077588 314519200 696489388 271363911 898068529 317288674 77561118 661802884 310591807 48101966 110442000 78082113 186405381 645469707 617401520 374930461 46676038 899374807 47567058 731629612 333661575
100
575790016 820296742 762775149 552341885 49416067 40426854 114967204 332641734 225662308 236791185 677624832 601928441 633063886 598965951 984554634 42231879 953781705 928999115 965722660 885320175 111600071 294602290 552174354 519410936 901568988 722807526 952548161 561147092 130849675 606898023 102779664 614008209 908761739 518663283 256118438 758425030 891631301 902873567 222696400 652628309 874491213 983808422 163964656 240447337 471728136 442708125 912731579 554010946 276557352 665022151 815608454 201869861 881530015 131072055 534310976 124516297 46904661 369859929 389949233 526789244 501498918 387655078 564951964 367081340 111476788 639401577 83792132 209297126 165059706 546667863 509201305 826452710 506802956 516764264 189052117 898814982 568149514 998143036 524391447 318325290 377113572 566936705 539748008 119079773 997538375 503519565 61284316 656301653 840454939 358370269 766407855 364352529 602352347 61268715 299431358 302769958 219045626 686274183 167371889 700668571
100
487101961 879873891 342802700 446115209 331286109 636755757 346647267 782347425 967597892 41242404 370176501 479898069 891182624 365277199 339131635 674211680 762075263 481011160 131563410 121206640 762769300 604862707 460348051 597607624 211830677 854795167 644422446 55997564 929807221 2945928 332763013 228682705 804295005 352742110 412067873 409067499 220541176 170152439 740669719 770348312 838471106 658356973 427393533 549545565 349918388 733169071 46597042 712482887 798296280 786394435 978017835 359620126 735819088 679135675 515842905 439314098 631605866 569466891 984560956 155736760 986598035 966498511 976588690 28886381 939209311 986033910 217409099 77359337 542924845 544802605 118768577 395747951 915227645 146199323 526324662 798786024 675597182 312668789 860183431 263049394 425410906 82133969 683397677 661879609 948968687 263814915 422238353 682443635 899422288 570222900 721710788 589359379 492821450 235000129 910233742 435043231 528366967 799170438 796708221 648361750
100
417888418 866295295 484801341 569316275 595841968 525452922 289688978 259735565 140517365 710703822 113491140 89262616 680070743 224057453 309921877 851038978 515557639 176594635 785282613 780379298 561698738 992254537 337396784 640129020 162852266 213806765 171936973 797069793 7228813 272570696 210580151 910853319 804853240 410929970 359548629 480689459 163474158 891052742 460171456 547221682 16793073 667252671 827991903 184145701 463858100 392558796 887634044 910526098 218794384 246850735 30513085 671339885 306317248 67355634 378967850 844141485 583798641 661712511 233334287 549130453 956242064 433978230 818469323 717098601 542000484 535812242 415230283 203754985 940053817 595492730 419366101 721197377 310988795 165216999 482741471 691911710 49152330 652851517 326949965 322219957 91220986 302395877 706538655 40219714 392174270 386985736 520882503 814756482 9416711 865730451 506416147 76175846 451980136 317113037 206659866 795748202 496434689 158309290 245250862 144044889
100
303665736 585402902 633454643 796352917 738343151 291210209 160581419 181194741 292638079 479633493 83907178 933781311 897717449 868742954 910024644 24914845 274739104 868876715 299419796 573710440 739894609 149889096 74668332 356246476 873581834 604218691 241014331 290669264 319485707 53590304 838390950 620324950 365968033 695001129 285801707 248390089 21591378 487682714 156681890 617321362 969591490 357363069 701650594 455589102 312504438 592166105 101135505 784144459 97180466 679554395 645034856 807007891 236203094 230092373 135285127 967814495 433507738 760523551 422765030 112973480 904296679 506815839 164299199 989801973 322743605 650488116 552040143 775449430 742644699 243403206 579469269 281650059 464344033 49790706 798626582 583547136 159823722 39366383 15445168 598985911 126730811 397058698 521626377 829414217 840298298 68530850 964177772 533674436 990725669 221638700 172398382 458476188 6228213 988314130 355998530 149969307 441068653 704389812 81017861 89020715
100
845024056 769329978 310809593 350926456 566066506 611372500 318647890 184897674 628537068 125033133 9869731 615602683 355503215 423745189 575231577 295826256 353999319 552553692 574372560 890280992 108000989 105208692 28589225 555908725 883461790 563481473 728859433 179710751 5309956 381634818 843964948 646996523 535965545 796274862 945969221 973669811 509486270 79314395 308220129 806363092 264404575 463806092 182978013 252785626 128602122 364506638 871946522 348130305 817723343 497136862 229009266 429120225 6454132 950299841 240075255 732267874 157588847 492133471 822068774 291809445 403662794 233773587 611545451 18812112 774782468 227208711 485846620 719273858 295116864 398198006 374256689 287376995 149494661 558082530 518335087 674248193 327532092 749300686 433598972 496291516 268575341 679026612 22829937 940344034 890285262 230117458 82090037 836834729 615290973 559376876 557492680 386357049 553528400 104022104 475843166 592018866 213320775 829941477 547116053 27461645
100
864276862 436630842 930079624 452424803 636630185 355267650 304309028 919281829 336495517 345112481 233517052 948775931 20550534 863778411 425641262 948361123 595544423 532191039 969680692 934110259 200092566 801065773 643193917 779354086 702761207 550986120 204382128 429094249 422557911 666311054 936995910 20601809 526225010 437332098 642054346 235265592 897685187 347629667 513620290 118559659 127013872 160054800 883556535 496883379 126001596 860361522 723544770 923819525 674982259 854048693 565933892 704489723 203104240 306031219 597834280 985270210 943186740 936194829 641878455 538710386 307292890 445002684 994752381 211219211 96885548 114130631 4455024 1013019 150467989 152039843 514809667 245993743 355553375 828846989 85452310 807623599 257461614 128148126 19942640 502148560 243169028 742297708 170115906 712215703 511293276 712804644 814691371 935155320 566098372 651700390 758984863 67398785 461052627 155661205 496178215 299012201 824966309 867644169 883522783 16050123
100
929067748 537590677 68168892 715005580 768060490 780084485 186610361 802642660 610100494 219467567 916386549 61417906 346544809 345669233 507198393 316619395 647987025 615740634 312055758 205502786 264629171 861974546 900781835 461104539 565975772 982761504 107920916 716971969 716152990 271522032 743641611 598736000 16140155 278781739 26062742 716244406 982397654 976663271 34087380 174120285 653883788 147339988 824355075 661769428 361856221 41017018 955110984 129283822 587561676 117009850 476083557 57992005 55381781 589746656 515114919 816965645 111821888 86174131 500351065 755608253 598895435 454654255 109446580 498500249 514603252 977951892 509175655 804384680 605525333 277761692 112344779 838514244 289378059 750190616 133032829 190546166 448473119 616283598 74086150 990364080 588034324 212037515 862781256 642721863 331780971 120035931 971590447 110320341 514315958 689775664 902755030 99244883 206269932 900076775 731822106 556396912 389508094 720365642 711619360 110904635
100
448276219 464048944 93433936 819031958 814185560 377592378 613640393 672814221 138557364 127427163 814018614 214831624 3583255 352956915 196874596 440165201 575061591 477427351 243887307 324345963 437419468 412780120 264357584 661873567 586759228 37689643 720791757 281353848 647108445 473524633 938247565 774604270 528650468 541704298 491011051 114815782 235839174 750824792 484943225 209480407 34347778 82979878 2954181 325674646 785946873 704632838 446141433 905660727 311282989 810728945 51010882 249555924 471648445 576906690 748556791 970108184 910989708 275771906 120853955 291934881 438538090 934763724 560797751 887516581 611372041 445122197 404519530 701543661 909729816 862688908 885290139 457960250 879131921 872473425 76763485 113448090 38100502 11110355 449410218 216049124 416781806 269595611 542811729 739347207 731369864 900776592 221936200 336932097 176192310 259251608 808303243 5442671 316438579 799079405 348661159 189768122 702824295 237099458 174258692 461316212
100
534421815 341887541 842162428 546796146 263418336 994444134 546679975 485498993 511703881 312680870 964828132 789806008 293513492 105149159 419446605 230749058 650787414 265300613 918753559 850538543 528482753 526735476 569463690 209936078 917038527 932624074 344322930 539624146 567171160 917078943 617562289 561520718 454368397 579190716 384344849 48347344 842060243 423082927 103847807 244781905 732674122 906005042 11667530 781683229 589782973 516066228 710981611 176215902 39753950 449185754 991478978 673318036 345113334 343006472 670402321 385206602 757930243 673242460 686593676 916970115 725133532 751589904 233145537 176659599 758626760 756517680 503584351 243598637 144729559 237491949 307265019 188983068 270720063 389946078 146492846 644792931 48969216 242752732 614968218 764128933 557353080 174113328 414234957 523297712 389257133 958479824 628049800 166397535 312092769 700270365 572124055 361634693 887010297 332082231 329130937 47229081 296631825 507365533 88682901 624297298
100
611361253 393321958 351785679 295327180 658148625 926634468 286723139 392956919 521071144 832197239 789232971 897616736 540211811 488041716 873100270 505299043 902784159 713798010 127519531 910793865 952616705 718832680 293278991 653897540 797679331 208232145 174356027 469374749 209535149 69458395 998255208 370066962 16209279 957171191 946964656 5993591 456280586 252628578 804951617 229697077 566267110 527800151 410847271 694594330 426402998 936560943 210618965 342690623 823627801 898216919 252717774 531090436 279123807 665940106 717496498 844350565 110326463 83613517 852223185 384459632 360757778 156762510 906524609 845156258 585795925 377151114 431960794 470059575 760046364 843865388 410162778 668883009 906823409 288363259 506129387 210900178 900590009 800893204 860588424 223939820 343682875 432942383 533930442 721056692 571295282 311527152 228669803 838745985 150975946 545839855 757949743 355018975 227874743 249302541 245642627 50350257 745735916 856243661 504235642 402029424
100
607239975 592016494 683380221 868785175 402220191 842160449 546137387 623818450 324312302 976044187 174062395 814846535 790722924 832368082 975830311 371291729 551423635 449431427 612216884 239628737 466788826 96872927 961258919 496438747 45674744 26238500 414976189 78369930 53028473 347333882 535933795 466167126 919618205 788484926 51329333 435789772 328503410 344174791 202994015 297856791 214037960 902575678 627160855 981979509 426544117 627629633 612995077 872080124 307394470 33764974 577307845 406874016 643806952 883183467 199806341 253010647 420673118 508696932 243305215 89978789 434088582 710395931 135290630 965444836 702560902 519338917 725262169 243907364 491069778 153974441 674863071 333330315 623207395 614707857 246917512 672076041 131472067 335972162 885734908 841449588 946841334 975382838 258562927 652636546 732687128 719311491 268247791 874779362 42450005 694765962 801009700 642315861 27682181 203809102 663529860 487937818 342240608 604003230 374316135 543560622
100
594532001 454199933 933757155 305992827 890665085 40629552 591713644 439720578 841590154 929644333 417602618 714673482 352784978 555007908 370980116 756995487 296098477 300727599 818477021 275086987 195868766 169742879 144004634 722747205 698492712 888285253 925968830 767339657 795207654 959603223 584146820 72941162 375031979 148722667 687972947 253340813 824128622 939516526 408722019 845113988 677318654 951973471 251681391 674332643 201291679 574350525 987852067 619598196 644824970 853982585 903203774 548423697 541478375 251157362 412654417 178587311 520909132 700646042 601256380 248097956 248972929 747890667 50064201 500785025 535289632 749252537 692601772 936108014 715734554 397837057 787921022 449765738 690147001 419154733 4228935 590665043 414659981 972860955 241067786 464581511 391712660 534163870 768456255 916258094 559237438 680268003 388443943 11350980 965564423 43062543 347933155 210996659 812049936 272952748 252440451 859559287 183490500 325216469 462743601 655677230
100
384527007 722254488 982816285 110723157 570892200 679242490 367417722 228103986 578120520 518981589 212514569 395422464 16497364 149013543 390766110 984717020 378530278 886907698 892376352 709818666 796265949 469420660 194249547 492359834 439983777 218475075 192228669 776472398 307417459 396276975 20488174 506997324 728223677 327047619 605177378 688471738 839378585 453849430 464512463 708192763 437856335 972868150 941396749 430288582 805469854 504685809 188167542 279276481 730259638 19919828 843033996 900432382 259533290 639959934 113464553 889342302 787397833 131751927 80004215 69820530 994337034 339203041 598737667 436855194 991392449 767442618 240480471 684830817 592527655 725967516 184956813 890548988 69783987 416259059 143570001 440085149 307021081 695055703 214643470 828621425 399198644 287922977 406845141 937412617 209746161 52897622 45211546 799161182 941267641 616224108 970772198 627856282 144126657 8373629 695474401 693221519 575949753 260865020 850594 928794343
100
71546977 918483100 533394930 730853444 444945190 384622341 172537432 169026851 619975268 789096106 409534072 576837871 590709323 524803904 474944780 380180303 734902813 44430499 528106941 82648694 376724041 471797494 61827289 593342024 66688211 404749318 814999310 271870232 204929471 83729980 55380169 784969587 43235870 692397160 997147284 543983426 587090449 750602747 272195891 640485861 739739516 599127505 871256961 365102423 366247213 756477447 360858344 50829870 364994455 203140786 160804908 833624616 235035047 710589961 394519027 940851339 124797423 666723647 87173174 534434857 370111710 940686591 493494164 698020332 740186124 686020595 992926837 894833732 217837330 400505067 878683508 348501578 825713684 384747968 825225412 7088302 269922374 594992649 640013930 449126413 318576647 111933967 114078106 791311874 338738201 551459709 133802541 463573463 834591672 283055239 693008213 556655240 355393093 437357854 590462234 749904266 906510028 758971038 367668118 797959120
100
525498932 833444956 613188622 133484089 803327675 759339251 79285686 663764402 764984024 272404347 638075538 316358026 98440468 194115782 625914922 462810414 384924568 993768162 122712896 855868216 944708130 700563125 228186792 38355293 355961339 413507657 283953754 675744178 297096452 524624836 189619150 218637996 908200480 912165133 522769760 165536061 299764324 329146673 388628355 121814342 654348821 124553754 711190667 748221655 493157641 226321946 216748770 63303059 419797124 771341409 830515490 182559092 391586627 196910308 468826354 184159144 506427749 742727905 419513488 118833907 933621998 430038626 837156898 317386071 469595313 425010742 861324994 679055773 986247951 386177787 483639263 21141491 244495291 54368627 64699686 310024329 831157108 98943450 4189983 170525088 879158838 155989590 326235495 733447413 485314791 419062591 956062418 592742092 451118943 633527275 37260214 478296522 735369761 176608691 556244843 115758841 452851171 307495934 957988268 228831218
100
86206966 467132105 291572328 956418607 823695854 283804467 478926041 433777702 262154830 125509157 727372614 488990770 144848425 137158558 948364695 216559592 878686515 392191834 693974723 47755160 832584418 771714676 556796265 28820680 94179680 727365167 591308139 986691744 537322498 227373607 862624914 593007052 267970780 397909525 166195220 833980517 829602232 954228305 557278034 11277368 109558664 35240428 922197149 699881963 898567653 813127084 473036892 59808730 461014832 453926319 580526454 847276281 743493250 131764548 746428635 556326043 268422526 589768154 661680753 60710031 594081508 382393687 29555206 605413892 26681529 88360668 571500897 908718660 461719448 666198157 821137235 433449750 945429298 556560871 438440108 718542831 505242610 55678787 604305448 124590644 2972068 268548479 685772338 606890620 29846330 542460155 994614247 225540833 445421130 52526070 625489613 604221014 724012222 448819540 755337800 742311019 59095710 100615882 124766565 294408675
100
784922338 778928900 412668344 612262036 610373873 728687697 111997069 263536110 751533391 666715240 942512017 747308983 203393945 849674059 242303601 491772442 874570245 127145821 366020791 903937855 322637644 504698906 974422815 439395941 420251009 287982389 68543136 445094999 410715153 266281832 363020668 442657685 102142361 486272534 375674263 223075165 171755920 875372067 177568157 606320500 833751268 915306827 796683047 689857587 957594346 486867957 151511834 351383243 266714008 522689263 251244467 157134596 400128653 263067110 607202437 579154387 254695214 138569060 51798756 33029929 797800829 701083251 927794691 988090831 100346334 158721586 778428579 995251054 401685131 884219295 985273722 351531535 847748158 336279374 841836216 591316953 204111543 522748977 605260065 874399442 361770850 352827696 136756724 311148609 553463337 50812416 746803745 179628414 724644694 95327785 918511166 167243498 81919966 734309938 903625283 878604731 498166695 488472517 931790142 547818185
100
462829185 296903418 874422260 9379626 699968722 372308415 212416377 938884244 734377748 323178309 788180303 855867697 237461949 200386720 718168495 783043162 686066462 539316806 393087356 619505283 522652935 373124278 871012 625444701 718647788 661623270 714077521 440490404 688148284 181191161 708124390 506122428 603974832 330076091 554310851 351535861 837832787 551641797 940344370 755345078 347219671 352033069 174387738 798809796 882370050 767048637 13205749 764980794 433365272 969173660 402424607 95723100 7318983 420372918 249467114 97481134 314350813 952590538 731158422 719976973 506343897 177804414 31257556 595257640 121569391 947378481 456474063 126676882 167966213 853835027 455857122 84014404 692268601 877874228 812864612 659612405 477436275 377789300 303414386 191938498 693111405 377253275 457195954 474780455 656917317 984926414 638528016 681090874 610665904 241603724 365362937 286286838 664568693 786954350 677795660 347913780 364908073 223555304 150422005 791023587
100
851103090 447571995 835967219 566271185 38864309 734497589 187291977 86876192 955189930 413362422 292219674 97997169 416573404 736533608 392367465 715595438 318997667 754261790 906179737 528086002 557313220 873533222 291885899 605539267 97644856 456240346 316838231 699760595 489774732 438557131 250095614 849832230 746513274 777023768 286441932 648024204 82047535 78400304 415916858 177856689 49030226 647674935 987118969 479044887 843628669 120296296 567503201 247294485 640387844 856925419 791397251 375452137 950949413 713815813 294028638 294382855 187695776 919316424 358729006 82516256 533969341 935174417 275837794 534503712 663777588 811357246 599982805 450521220 15526043 37437078 269836470 696184930 396584642 501484641 319775977 749670555 661403114 261626710 687341582 721580698 303700400 906061814 609731106 942050515 682390416 400463234 147702499 241134774 807476304 548600758 563946865 519223827 23637999 884027832 287947171 30749896 581486754 850042415 923180149 540752974
100
395483578 913539969 733398433 35935085 310492772 449808437 609135611 249685505 859862484 144882945 26320197 977579046 688161500 956574573 657551619 942289884 269015223 24151329 16666836 765120491 418816285 896632283 722782769 777374621 540311791 570421155 36957574 92869864 623918993 187673624 561722428 622464319 70603273 184704439 175419034 307440405 265618122 801766255 626654756 81682715 312890150 121864486 646704214 495069711 451941256 566145746 458525478 28026789 147640254 127990338 869643632 87137401 824185058 823944722 478779615 155677164 650118117 433848949 978424969 487041853 368428785 806755108 235261230 405155890 932850682 820501497 407336514 487152394 67956091 797705640 383734743 646200447 812293500 441949266 436722159 466183083 644262986 864123790 693557704 940173877 903570212 936324403 641447534 270748897 966185810 507087868 36961172 815743169 939821194 834930342 729303028 46159381 388987125 229684924 874250983 394149884 116523231 135865231 544942472 673490829
100
530883831 952677941 928065794 810779077 524654163 266832666 265112043 212679701 733568015 870148363 163968173 522779731 491176627 295183817 908077639 539342527 352302766 427783320 203478771 455469263 219742107 237162145 401933778 566401057 618969363 367809521 572043413 567543008 923636656 913871030 78815990 53421484 984349398 125465115 488433764 734033676 792150101 436426471 468147608 115340053 792375199 350437956 607451910 61203060 914235691 922301143 980043593 858737863 819457302 17669905 367721989 787150115 908711801 273915966 267925287 513564024 844475833 554851765 935674941 304547549 274421942 47598224 48482282 434202876 20321736 383538877 675103924 369651076 509812244 739304780 152754565 789066577 293358908 434659296 304146996 630948040 281628095 774228537 415279760 114534614 219500690 398167071 857450812 905130895 290775264 120459357 484402440 451527320 595603238 623199229 750459448 40635228 461002903 696342365 715856076 267888799 87569061 881717399 969872468 70633219
100
503593985 403338428 702202678 123672796 827782216 347500713 159543084 865930792 691649944 975198851 85209011 666185644 820086274 767056953 754009379 628027986 519030852 409572026 915637738 612171718 237870216 279868457 365382821 547481755 921468549 237084030 998759107 241241215 221580304 522921604 972413278 307246100 470126244 572923646 625566773 998722879 15669841 477535841 341680591 449425519 724282149 643328204 820608226 630220830 21812668 124909904 74447372 736833139 321109182 862251551 175033684 186336921 537278054 605590392 238555380 427409115 453307943 926430136 55369375 240329901 197765886 861961422 782036757 608196062 474792190 953500448 248739420 115915047 975681877 274217262 841297737 208252203 145365975 193490711 308751443 236460377 867340430 772129966 580816742 491092986 289600484 291751924 803712748 332989822 231791418 885494019 946248471 355529441 638942058 511684052 403707331 613498329 786440068 401826591 546932149 880670709 448428552 63694282 405541263 619053207
100
464223678 370380056 192889560 279986586 225402285 560641416 39719540 882596723 488422106 971592193 928568555 798017881 836258115 543056809 755875861 816328021 766499668 375802812 133356216 957973368 366608276 306793785 635253170 125752093 359973758 883271030 88591921 115482809 529893785 246485907 523553884 727150876 50947043 988016076 915874795 10439301 730604104 965739623 671721414 405447158 682645660 810748455 152323172 654582501 839756589 132456111 865412814 905213995 876093690 449469214 80538331 224949095 213279136 755162641 906175033 167325027 526267465 713691534 434070725 207746008 954385793 183597235 395387547 890232766 290300843 70684776 515605184 877182300 739928987 162070615 363577320 847944021 730381383 259934659 415276193 555271903 483470177 647666514 318635979 19148930 309028187 222495961 693288238 800611479 646343680 782983765 324165581 320855361 617271268 190833090 545509437 738470068 726336940 208307558 186737140 23139579 680549571 486855836 358770177 956784428
100
777244379 655502825 46303307 146952740 568605732 622700723 224744803 862556324 691694478 679107206 685760228 69512410 441892067 709074168 947834678 131189923 561880653 196847932 818064504 266162484 224890170 612339499 175225920 798477869 944346000 377113659 707062951 451628985 473067609 700443894 344454603 119102374 658621854 760488510 305092293 345055694 58521956 783421146 464542411 344620608 882428122 685714105 752269724 910651099 738102343 45758071 247379697 335189757 557026616 73743368 112985887 579350892 560915126 40687438 271662186 229237536 376816960 188704936 436549288 674330602 144118920 261208076 884268818 733184770 917887243 118250129 596356652 888156935 850119168 875163758 575937413 804689051 308199663 229802865 440330164 96064583 449192198 848408288 569110735 8646786 306336528 89177695 64369833 958529489 320871528 800137041 602432641 693624172 564259129 69066815 417470486 531160326 254920991 921245881 359669352 765911545 244413977 279066603 926590542 887807420
100
963995520 42691650 493111016 980806792 838856804 644610079 906560692 528795976 721401602 782250236 361046005 396833199 650708153 451260257 310792053 502153771 2702670 509074946 336522972 989675456 818496126 513561802 723879407 325927813 637698026 24789729 674734520 405326057 652916050 518303455 771006849 345927851 635704984 741111379 376733401 625561925 521011480 279039905 517759918 126238709 191180918 168665303 256081115 398520521 912476938 142681485 544590718 662372375 17345563 847175793 22805580 140559017 931205244 243947081 530293868 568801369 10591209 814790683 587641401 73209933 485128684 14155069 173010355 616868612 966168111 917924704 305652051 75110017 118249475 241070919 259443164 684795794 388179259 364117875 748414834 656739571 958995655 373314210 740513812 65038838 457242296 664853907 291567351 489702803 866740814 634991815 299714501 949949717 128522983 719577181 480707780 394911664 451381631 903594003 348300784 962196392 942854013 52478539 334559543 570047941
100
771891029 88999931 909162893 207878503 588203533 768169871 945644258 385814054 984485945 475307370 931185519 953611316 140225900 852290370 653775647 903662368 123447721 374320961 319092505 781255151 585955900 578225760 401444360 270591714 422424193 808840189 902106398 395573917 998684509 561769236 38532161 43683682 354084056 145975599 689150859 100129100 48489201 820767107 395732412 994067523 447018854 423590977 448812240 707221666 471183593 849310765 622117903 380459281 756739307 855694050 948007443 17723672 207444417 737208916 480185246 32903621 515715011 312271237 728390203 272132416 855031249 877701201 26045189 313761560 721164703 813572401 272726088 845228490 90049706 209120680 235432422 73959784 5446931 273525349 580037057 816217721 637256908 137450843 498074135 791797318 550710288 160065083 9380276 165575558 702320439 26015179 441447861 886681578 946973051 549779844 296173549 800365075 334182338 289721616 7752962 913743886 565447304 810023353 518606768 667514777
100
233301725 138306747 461793039 377065309 274085190 582502413 413133727 800289971 851175421 990738785 263283643 160820794 945525618 189113816 570553473 882443848 539297003 205595406 413882668 741327141 140022969 550066532 457117626 770513867 987356822 22532902 654884417 711532778 979935055 178917375 211139054 217620147 995004770 2875345 784135819 300605877 31282386 649019797 20320557 822966476 113043979 114171355 523079056 891657286 414279154 745581807 891844045 298731948 608524009 631736195 606455980 966067068 541232402 701775067 796894070 757935471 442184655 911339104 190408220 606869161 743435870 280774262 994417776 383500494 480692336 54495760 131167908 575367932 757689582 542579746 124788181 471677891 948118367 234344775 100806621 746576928 958129068 355312709 821748111 826885489 534708230 359246077 575245664 120398082 912268778 578299170 23594880 889613876 178787663 617675778 431017500 906635269 587539989 19382815 785865768 341994444 605586025 422079931 501973551 773557105
100
566926123 351112796 278878487 270022822 905810533 182451454 761190367 169989 841378559 829807451 822981494 860527571 415178777 591611186 942025055 469716270 611419742 732845516 521826679 671643044 784736266 939144123 946726968 511960666 28205739 304377626 496147892 927790409 911516475 284974102 428032802 828636181 810888782 715612107 993214199 634094419 220395701 510254742 289507014 534023354 73194098 667626464 761618840 157290871 381799036 242836101 121941972 652079916 979658069 955686555 636955610 424640454 625525880 38957094 443981877 957389342 46950679 607293519 824560140 539062132 70343932 877979987 900794573 461690724 590214028 609325613 832015231 10416906 559471084 422482936 52374806 24984520 814759029 194873238 725814523 197034787 590240513 543473650 474820684 841697427 295677485 139433278 840064806 308326817 395601149 163782694 46690071 391809135 289689208 512444030 368811093 475646325 819518008 753786205 416778149 202066501 887020001 279026354 777198071 425173282
100
366463341 207642562 870290522 853227164 566326679 98078660 811526362 692324113 846508371 562013399 761207974 93528444 654065216 401500880 530696200 379061825 598216624 673481135 684853143 677838826 3642430 260819664 913089982 102993538 868496689 661633847 807213192 183305328 983666614 661405912 550925074 698991487 412038076 701970155 844813884 828919504 575870873 220333177 598110238 26373781 388140109 203587196 78172992 203946476 434082698 465589545 94028356 617895256 178316138 411191244 380337017 566880721 411534974 130646232 291029446 769013286 94178586 244637329 376310330 915482359 536964582 355555608 253602408 962205481 355709277 793979168 735800275 617101046 689945427 24585080 274728195 212276031 972091564 678937452 677544666 676241449 317134358 528488455 896781345 168629454 849714293 661021027 542741578 465176726 21911044 973022681 515889918 826793926 493211931 953362170 748877112 265098572 848779911 83017339 749350659 191605478 960064402 697810582 397313791 360370129
100
231849041 429876431 809846268 420646417 15826222 897964818 115929347 140298047 99342453 967196513 512338912 932089514 383468687 42646602 222870458 497398581 17528701 333591069 924693577 76274216 685347059 953725729 136249039 487807866 554462339 505239239 50240519 886511869 304270255 73428463 123071190 837137612 253136802 603049291 684633026 155904198 922412372 775594204 742980016 237383349 125785768 649169777 757162953 29744116 474035811 809197929 447664437 210228112 415375861 959813130 41034653 779259138 443300163 642643516 889426810 163081007 471770733 918570758 208453487 605658902 31362835 649976471 765510890 538003723 587272115 356542517 831446113 568922314 218124452 518015204 999288710 991104163 474621310 677832609 181861750 583199454 532985279 441432903 668002764 800585454 232106611 223243964 120713496 508907011 253035580 619973328 794426580 775839134 831991204 296627586 615504353 269733316 48528823 894858254 397490566 904953750 375832313 252331999 712118713 145637566
100
699484347 670414711 422734624 170451656 562840303 994574269 953343242 525169374 6741591 883734249 150212804 732717547 116353432 79532699 880479680 496270266 932923794 153681256 668246855 729164503 112187918 594126606 664655744 891977592 594466725 99150545 739759780 54201170 210340704 137194038 758016130 287677447 587605049 435788273 170616757 803233829 616953469 596491225 499934419 97784392 536069208 716191706 261676013 157625355 96073974 687970024 958057712 771944835 58998829 663983792 827248709 547790854 534685825 300576648 3369497 473364608 388056788 142771872 775337462 813764007 645751276 577625310 552971515 62003312 698561878 263600186 203651659 580989290 987967709 617602181 141812477 151845433 164603351 656587537 153150076 868666762 134737741 760355363 367852387 806672329 216377050 991598345 899794718 202829288 551092024 912650157 997115129 251558914 625435743 79894571 136770502 657502170 744227434 343784729 824029285 527900463 209373699 478986058 901765577 660302123
100
605142829 793206331 542252408 989802718 700947019 356241087 150014286 396005001 814545256 707080027 72495578 919407752 941091807 491594550 667330569 786836388 705556883 487733991 903319778 214418036 921189433 132905033 17202814 144761198 656038107 453790577 817382936 838876271 327718605 278815173 641152386 259908849 140924633 806511292 345474983 4801048 84365429 561183474 904547854 785670954 953081876 107835729 723745936 167552144 167311654 985192527 510177051 407444509 679533730 211510850 455336550 166939416 773399788 918563140 818504727 154104591 781992259 957137050 184405460 816186203 162982795 540213303 857621156 64764977 611086605 660565622 313671963 34680744 642392361 789115727 937603083 766337098 182845700 742479419 412914814 495391068 679609937 467827891 131038173 741818851 903177858 329987004 368091021 596407026 310139987 397603998 73673848 874396564 588469798 572693113 701016472 530108703 649853882 685533861 435968068 160264737 204033523 502759903 429442046 376980062
100
888520140 170834675 408625619 989850065 320455561 834883788 168029669 708774977 640429337 96409553 631387044 636599849 805462164 756546486 524012674 506359130 703958270 160505975 523624467 985693066 310867926 322340756 748907593 733720466 2305576 856027662 586637564 697382236 588672136 713597112 308667252 141429366 470099839 815401684 513014910 762871673 533012276 236526355 874680641 447195720 456426830 50896021 395505244 746491600 380278486 270379670 918663011 772196299 499138251 137112660 299108693 481671812 547312400 310189518 484159438 988316247 320389979 958992474 704818150 464890081 424220546 1045601 954746411 174292442 186503659 737375444 726272052 272042259 49550350 983622359 536980538 579148703 262758431 661373944 649969503 92208419 608265787 532700649 230719682 1507328 286783312 454684030 299940783 505686030 886265893 5165085 459894242 724935371 136961984 462114705 111195268 520285992 133737828 736994542 743598617 665232332 463573546 818933437 195072926 455574756
100
949364226 241221693 955987395 376548243 839769897 40181675 268109189 529812915 156481745 256625865 921679461 146290046 391675277 167130576 616845675 730234961 707990219 441546151 398580694 726963521 613498551 543511954 470562684 640434763 67679707 112062586 174970790 801026702 816929902 811731254 132419426 689547458 492528055 654589394 90205611 463888071 596967994 951704836 957101987 147506042 620891462 166646090 825767050 602825998 133542835 322989688 736450276 781696472 905428291 142778497 395430880 365315003 622052853 551164946 155672789 66648739 65569391 950355051 322474431 75227491 393655265 491136640 267345228 289827488 560720466 1449276 318525879 232644305 386055933 603709222 861304914 262907078 221343718 299251291 55045522 932733825 491085099 271324524 963591994 533904024 357611076 554222164 979118437 468835725 596629884 628673298 287782083 538919056 205015773 846497125 165156530 173655407 738846220 878147269 559246834 99681373 54275711 700704124 887511804 722134675
100
445520291 101020380 234012984 74092029 593177567 162476445 489572400 83919048 323303636 444617772 263231582 534382040 716361876 186367250 153694459 780699251 863498373 611995582 110047614 710282919 852148799 470011781 275041812 843279563 655352979 56614591 897580691 69687602 169562664 421912608 137521654 515668453 969694142 232877820 336965015 390078870 351366667 815059059 261004720 767610753 738328090 113496026 916217354 501544084 668755879 190766525 877894931 517276659 437166065 633566339 395809385 690323137 248951763 356654727 171518192 198480217 135433570 277827521 717073285 595007025 765350284 228743457 463801491 720057543 30580283 554149139 724998046 896296338 509916264 438818024 265664366 539123133 197065361 990335509 422797448 234513307 729234223 747623051 166560245 852810272 449166526 685497157 424745326 283432337 756639830 48147135 390679982 235414213 799747624 69848833 48332229 550885440 245487687 717560006 587694459 957332520 88134571 854002691 80184506 200635636
100
840456658 38637961 368923341 211110291 463255748 989480618 969594694 969897478 835000443 187280154 924004414 163004586 172786076 889948101 526997976 216456445 774146804 403946921 344974792 635730068 971870495 765468781 547536479 913770001 687733492 316486234 773226351 502236992 881786208 72382829 874822549 20208768 439650700 825011721 109309131 36954363 710320597 482159678 912191689 132116090 518546097 803798887 563248898 927904662 144405734 363264783 188785613 752722664 590418099 983468735 879119310 129087088 725404920 335469600 516710342 896186635 829875534 928805770 111429981 920989219 308710981 812933818 43671989 285264761 473247803 150399480 334590920 259375139 617893595 199622857 454323739 939762247 56036270 648493669 645132511 36319195 413481439 633414259 813829148 321469243 284359390 360796235 134815584 399409541 667826579 280696695 327521195 263271150 696819698 593364413 735030649 171661739 53461058 462458614 571579118 274096929 990697068 804697615 362782046 806049915
100
433341543 57740924 198131774 451428285 305730303 626578496 402020154 369117909 734405309 612181082 384262216 39099123 774858039 694768885 692262272 453426446 972343529 731026178 642921040 27132201 768216064 838237297 152054550 827830373 775650550 167174764 918479968 53322191 186199529 150704250 322217728 986245644 130754119 176718195 5942316 329188404 383260495 713993171 730532325 982707998 39172541 794701502 764234152 662093346 507834902 992750531 833242814 925674131 676098667 689369121 826051005 935752302 793360615 491497937 739178766 958046765 232068618 675799794 738957143 368305663 961507655 995237535 662059224 833762763 741600318 158889274 568609437 674779750 785046322 367995450 698321674 145963207 593331622 674910517 255264267 912365923 649669213 186697937 803682416 296077402 402788974 903062557 706304516 430585723 965347192 196778586 380420819 335431011 38380020 484491849 992533148 919512101 443780303 48885938 507988760 911879749 937081232 234394442 714044099 945566675
100
737771787 878260695 563741071 340781603 316184325 501659058 890813937 560686145 587630047 623370462 621734901 347216455 948358114 998381556 719864087 420798129 353387177 143463908 737273542 355894466 556271265 357916902 98244368 754429058 590103390 76294712 422620302 749828274 322411199 848721259 287855242 163173779 240967235 340935029 180558193 321515787 586666331 194952306 171874487 515691663 754197391 994575585 164805884 556077416 257474843 605518290 496570055 451695473 874590633 972695681 193141186 47071920 382197402 896324593 638991179 388957226 182074346 675706219 609791058 241720098 764899365 364830352 548694375 187927633 387514030 39461460 279577765 123663306 73114528 366514720 843214867 91750647 973268976 955658266 447493634 180189559 550839273 919841902 120365837 677768240 36347093 244518294 817150530 549800950 188456341 735972631 172443264 805296178 213424241 58299554 818409576 966967814 215885809 955559081 795168362 434001516 585589089 757953054 269688098 997272055
100
279589782 825668424 684784917 585738551 153786931 700636292 30283826 605910882 877603548 293593168 99863235 624512425 422548588 266997121 862776995 655430915 850718946 654783908 916513417 863787704 225102270 948887639 154235173 532499986 581545996 655589856 115540638 481950855 984196390 35155821 516552047 800379962 501630035 651659869 807275379 125027091 758809115 160783859 310865842 581162639 135030284 302477752 555574770 78538754 594236057 358976746 602535219 685050092 627908981 129387889 655701982 209534677 678995906 687611534 359320364 487387410 771627967 521248369 629161854 33146161 103284212 563315584 774326128 392572168 427500968 998511142 247245423 846560037 677008629 614234853 164295343 746747063 436518501 982621472 339336772 164781276 387942134 247932799 2344552 489053951 155864810 422953348 851596977 107708849 925382966 327592240 62334715 347535636 926571918 136102718 665794076 958170968 821402041 181217532 758697995 787230728 634603807 866024281 89321323 792435151
100
347937048 911251467 825792342 705486818 349546220 496103616 134023922 192989661 96989551 477463405 805187337 473176407 833643270 378987099 801001101 501994496 40881681 554130010 211961485 394722140 737315236 633995052 463715181 66244707 238271118 877720740 850513244 29098254 920971825 882670452 964733665 7729679 757333351 77210660 165784868 578514092 751746441 651342478 776869774 47340316 761992612 588288412 880423073 738501101 389433266 821267655 826788189 345903256 422202716 737193788 230927679 433246703 714899285 174223494 339853911 537646262 257774469 309477536 487618579 312273444 159248753 35940944 152509274 83245040 311350099 279819281 79379421 57750447 773890680 677244113 478165533 352273760 184930019 409876722 787390676 423546676 277570634 882597988 273236355 725429059 376983180 213464939 690162606 922731169 315753741 111531328 915336309 519534156 537755684 842025559 97894020 574802537 257354654 456409590 110468889 924392841 211881560 231525212 476597968 845649907
100
341277966 44979673 804700353 75882999 506656124 294648118 117137958 188966483 311385758 205439070 965817412 711143709 637257092 950207288 854677328 448079005 360719073 413036102 793001645 311661847 611903935 157300095 883263198 976796753 71073971 538701941 672583266 730660565 348190538 290698772 369692604 48279779 304952261 135882143 112996363 388893395 76930152 756317519 72471094 701574810 971875441 581156917 306723815 829804997 525382803 659435955 714345886 818534049 139443466 785835494 564377408 385240566 64495425 970719985 582252528 807327306 70598222 245418018 970614627 681937997 14897707 967387858 533533762 575551034 580248290 786504122 4492978 146468279 445142165 558949299 302267699 87579748 674670694 997300309 756482283 181265666 766760748 841548097 27724053 995125242 119063042 446767605 857442207 131374738 996011364 292379914 412890488 73959100 254912335 761533925 773291979 455989047 240649205 589725593 940797877 453328258 800539375 542359776 777590486 321917780
100
465486459 986632078 154064799 746262325 710672044 437369310 793199198 423469961 833491190 997811340 113991289 316804899 711338892 251441992 940539202 512307584 254574054 194312207 838737703 893531010 781731738 469298855 25706108 625123650 311179493 293319936 341810960 963895577 314917740 860309295 121056647 416430867 572725978 414491790 976125673 314157407 495888867 16865269 568110919 516836087 513587468 873544380 88015427 752304994 111951664 280408889 463334337 616987620 485007071 300021721 581068636 622670568 883862188 164422591 28671625 62821580 940217829 24907625 647249786 119771809 428975600 878635704 458954779 517052854 946685884 993640790 111198472 763561240 970278486 496079641 790150619 255499674 189598925 632532509 534279525 780917311 713208491 829343503 805552888 529275735 549396732 996940948 240732860 566413685 489520197 30435002 224291164 843102335 324858511 736671540 755441976 512802174 354817771 757462846 140864712 589842781 775882838 647105769 60520475 846555975
100
837096429 648148501 732602361 612359542 881163421 817069678 150749023 531982920 143236349 759322052 954299100 404468617 613483942 311954890 121537 513946935 871417601 364916680 724227533 298445536 823921141 41086524 268981023 222870686 759149573 528695887 310077461 804431469 985936736 592403104 313553625 163102880 876954582 670332910 522452376 322195738 747838977 167660488 120496017 237788561 858890259 145864940 116909406 290951466 732405575 258245420 549351403 365419016 12909372 860979887 477996773 757611955 616516852 857162464 379255539 877798850 881248275 980214714 725549671 213451308 575846636 142068663 27399315 576284176 476395905 923937324 230352086 572285759 43369858 530226307 10418297 582254058 492658937 799652924 536258999 35808430 251953808 236502509 38640768 752035678 173710750 130171396 299962730 665957783 812078441 914380754 870528310 579268431 737160977 663404187 743919907 391768971 715346735 344130964 426608927 841234397 144007629 951524468 80602235 698157634
100
323926018 763347992 487197975 48550525 586625367 318359188 359088166 44810576 137888682 578391335 868489407 985165770 508211723 408831875 556288665 863649569 518743048 851367130 279360772 70661232 160524636 847849997 255557930 313635207 588336048 208578614 889173674 332157113 558450850 715989032 587945843 913348352 56183421 921641186 963078535 710395595 642530500 968895154 957480863 582896718 188521147 932526348 588568334 449005515 730737326 748940645 802006581 530011756 984920243 772702959 862317526 804178892 101625729 325823722 816389105 361891603 88415924 602437205 226834330 445384388 985683393 560626797 951970301 696623639 702898507 829984768 41969103 561043556 532369329 798303319 356018139 751119612 726409438 320252488 428552584 341612293 998657578 635791741 607178064 478075421 943469039 311054984 209517807 478338292 843733328 956996639 616202207 67313336 916918804 827753177 727472291 503786910 177170768 578184359 533233213 253689394 770968971 644149096 545963800 113164756
100
985219334 884815166 718874892 231525850 10606063 633599952 498903296 859219874 264944619 458883582 851209752 512652753 904215896 892135447 293468192 482303319 465709169 242784759 719350654 456715590 569186231 913438686 614428173 995824679 486900460 252162284 229657755 983900047 778367317 311030485 994756770 268553578 467518048 935354718 793182489 848126569 882621271 530169557 669715023 501510569 564000232 834138234 642158468 788235358 497996022 821838103 299708519 207223335 298256341 708597800 993613845 821912471 55931048 330049788 59770179 900598300 946809200 416385989 78222337 636414156 36706210 992265499 35086426 536212529 44938621 751381668 921146049 606818617 318342182 456107751 411388752 179918273 745065083 92882427 121797560 372086185 729579965 216209110 299265549 347099895 880749647 284687792 797799371 729162835 680402134 705357131 79299818 117158112 694952118 736591693 849145916 731151567 510392647 29320537 335394923 140050859 852734667 143019757 690029234 515533481
100
34429807 724711985 616942282 837403444 401399159 591485048 539776034 315035339 970838257 698068951 262989375 920778141 494691902 801222311 27324357 336940250 462971484 927513650 534823974 324824368 180740520 235266948 872382046 248781396 693278383 411151145 962577044 574262655 857558086 903842182 860898885 157802212 295998387 813065016 378415955 793396134 831135934 199552775 29580545 864410402 205161226 329207928 381264939 660935235 329755182 783359577 114919188 840915673 704174741 962334535 434061595 751455239 943858513 296182674 927471532 315237869 389047677 87667599 364267092 272637160 24948711 794342807 813010687 583433520 342876512 75185016 580047858 988544579 842482883 778261381 166664314 377440225 526428066 81331281 179523779 64750526 651536385 888443027 294839676 74873180 45453225 37356040 770955027 543812997 277613545 779287117 196453290 857544666 711122801 841182987 815943424 654069585 754487649 56293942 394013100 641781413 18288680 579484453 6421743 355576443
100
262490526 407252021 352796845 341288802 291147589 598807844 41924520 181575513 966425467 844236836 952712016 58027133 623315152 828404926 930014921 416364940 959378528 77117722 204016389 344567446 730952971 876746095 66854372 238850739 706823519 501629593 701088756 881597211 771063230 399788557 514313341 837914290 699473535 992203348 130043008 946693242 9819488 524177405 270435049 914469131 649532590 485806819 369878302 437900911 591927003 628550012 124895406 197527116 521638989 508351851 931616525 401577930 969648988 453075521 882685268 40355391 435984199 290353014 216839570 807617100 869374901 103186640 187029160 811675249 92831151 681740503 295969296 488211344 269270011 781115157 264307593 499180713 114965080 626646598 70527882 441394340 774249752 224809303 74292179 734348145 591776542 254136879 475961378 808926445 703269331 733821109 481846148 549312969 538696331 264299057 552665616 152395883 756720107 923590873 641808358 178982325 37248814 536272573 216152230 293264481
100
691948190 233881078 698313733 212993645 939907384 168453007 716661860 645595567 623238725 95734028 627565443 832056074 636969664 41083864 89159976 673304493 277123796 14510143 99048144 899773281 840139772 997609148 588181787 689920624 25693671 288623553 323868313 18100615 233158711 987673432 629995348 865336988 845902019 866679315 880861795 754442448 644549131 601970906 586645703 508668451 890028826 143951452 92823787 63708444 915624207 908783414 717091616 902301278 721529281 639695362 689899476 166015391 651459424 506099032 581486193 452335467 353003714 659495535 609348927 582552099 259796750 619276124 128700259 920784043 591737221 925258676 921179528 474958227 939684774 494441813 627038394 281938524 430887801 885764051 184748782 513767433 339605641 304228686 415871136 892645175 91881689 923977010 101456121 395958783 664028616 823418970 997007154 836043213 636822228 490646034 4228241 215796047 329182520 195359321 246709247 535918878 52426228 796010402 748639579 794927932
100
897727188 182301459 42627604 850700932 757552379 15366488 983694926 743900786 433119851 746675984 32322802 813844051 420224865 4646396 576522712 40082777 278598291 151212634 203529471 262706559 346693053 931317573 736228708 469369095 521795254 814875957 402349373 246890429 867628900 690416256 904061489 284793285 171358842 452754935 945282864 314313969 520464983 357847795 82469326 809716430 512268222 371287425 815976246 346420037 158634598 325440394 142643415 207435755 634275773 65216118 191695709 769672062 637690056 178255768 639855805 877489178 421900840 895157336 77084841 221471133 903577153 38217370 81065564 637904312 935496000 767225136 498767891 762072730 355885770 436214174 879668734 974668984 366973708 1614814 432562516 996139719 572131569 612194158 273344416 114676592 104683419 289532405 114076589 397183169 403799944 392623958 733316950 544372762 343624304 2801193 439272930 541402630 361801000 485491658 773263798 181161292 452666038 664681068 871405313 521891998
100
292388580 896748682 838430572 341032151 540535224 43341847 163898022 827899000 771174207 607328244 304968926 216853667 52824192 150839038 682148172 602507077 248840570 743812058 716161695 271876716 38638181 513624024 31191693 910375694 470192535 315826145 366895139 917505280 260732504 424887901 704728063 43702137 3140972 962969298 333593357 319305891 689821169 876795953 271696748 77603930 107390964 583789206 242312058 871462655 111397698 686348200 299890794 94990836 671246249 534384401 894017113 18218443 293033574 564593776 105115244 246640874 618147807 189752127 889994515 60392811 958644592 731734645 14314686 701694968 770018539 756364282 111756419 14342727 353328402 457794293 716524743 761916653 149847972 368931260 344055918 80125794 987002290 258671101 971250109 302338278 362484113 256317022 264695462 388602062 268542724 661328494 801153084 322579864 623560964 303638343 877156616 757638549 956073650 838674701 758836182 368046268 349975818 570716315 761194881 764364289
100
724868065 11243490 422529412 385824331 768630916 510560138 314931161 722005258 528408790 546588729 872784265 848608223 502098328 753328738 104161310 333854368 40345469 20946818 167479332 845176864 251544141 884007687 514865819 859520558 362656874 410200910 332774042 8768031 796698769 417781966 925968328 82616273 16160565 513583427 945790335 102698742 161287420 418188105 309151606 902974525 164853507 363664422 87893146 325881258 339140565 240868166 516303460 332441605 426849689 27723841 987122347 181040102 549358558 591321632 584411100 726779116 408065775 744226076 464962261 141520732 372403617 735604060 578357197 809979168 879344849 198725481 66629946 938188807 533657572 628631543 196167318 23841054 25334564 693179596 733954921 35273762 949193065 472796539 589673989 752054085 486559888 671916467 350181381 653128126 503566445 929632384 565997014 250861313 962472064 912032288 81973896 434233721 301687814 130311124 357090092 190024195 884171015 96382715 595489150 553999618
100
414419406 381077599 604962892 146454475 175556561 643279763 919844388 713156727 457354661 20492076 635606266 310762094 74716487 734057177 338737137 352342749 249853675 971689389 116779058 224301232 527050230 848498656 602156825 765146813 773263519 829359882 275483854 641287590 704061549 271534289 412720640 7225895 813340703 292452492 839574740 486201237 695581882 909268138 70122031 895697259 444379976 647025665 155360230 337133393 917083856 397196526 549505677 97965158 596453737 423236144 287678580 414382344 212712885 589651825 891507222 21834521 155730057 581668248 522597082 956105346 267476509 999186437 226190257 12603546 61298367 843985513 515572698 283665383 781315651 339441611 611883441 816654103 866613775 253172324 365757515 650645589 3776985 38160903 740975969 861444560 988752810 14293676 207275351 473494335 125242885 238557085 350052234 206121940 239878631 426743183 759957867 395981860 92084742 278086168 617733298 259710528 796767850 272776626 717133623 727275406
100
980593379 65444349 671380222 490462255 827159021 829045701 462467425 732242085 66353601 47809850 99121261 37373991 571679108 567164537 889987218 908341458 692917403 197659090 914404414 135336131 371598825 704845010 573255215 859556012 637287025 618035824 141924589 866476125 925962733 602624155 39826377 439073006 302309058 63717181 527179632 714023041 191775215 167139543 983579575 191030599 476088102 675168363 258545448 395529816 345648665 135625882 462074173 891072039 609724600 530267944 187518775 258677313 96379801 136152564 222231813 730218675 802572118 456886772 98836141 660991994 7192044 102214790 766007980 29000502 791827154 710146520 225276360 184614549 115686734 731996494 581353888 55218671 335361139 662990426 982869670 270584254 961086748 134289631 5381534 380015032 785515048 641885010 151063826 426933473 6967015 25937124 561292595 587903277 65758589 228522113 775926553 379114686 86399517 684812915 959690972 615221497 612071209 379741618 365578823 675340521
100
290819151 270532918 620030462 685997044 347457915 943812132 170507505 989808444 450089027 148962071 153731620 928462633 599071196 178841953 192340042 295978128 119364687 474014170 606638336 328063255 269807103 694129314 157885363 512441159 521218264 929246487 6159039 243735431 559533834 893112427 240460145 335768642 380349424 248990565 405294133 431358758 21662145 13811365 942518776 692261009 915725419 304787867 671939597 322066315 709096769 184587799 902654539 357435736 468144107 67468650 43599176 148410069 406293345 758920952 944159158 217308964 733784245 847523683 668466872 987508739 813524012 700079184 326135374 710510594 747411670 503075547 787573130 34093623 76086621 407247323 398550463 493268866 578270846 463603104 827384640 622830883 401128285 650582500 728936074 885689812 552911809 733140612 64861774 517859777 347928383 68155050 240316570 54159344 365227165 962493509 55942959 15203506 430522497 422166529 781511927 783921144 776053874 717730961 529081474 328932681
100
444769839 566920841 259174645 819065788 250990784 551519321 657003792 310007435 505015455 920766210 625257658 792434323 418181471 760248210 877589286 722056930 881363449 319437283 717126375 415479608 965107082 388095619 334604433 720076792 419824497 545583179 135847359 220578236 591780210 333440244 954568999 600977734 286634079 887299408 670358111 497675753 875529193 316540658 777007293 683513005 779813566 150805562 593401997 797943984 950506218 326667127 49190985 316282756 921546813 740459947 899465076 875245512 327601198 765705513 85539465 311573744 120288699 629035881 532030775 763973359 23693010 593487144 841476833 301882367 815633897 252810106 999763881 18407978 319317614 653536077 769964803 50063740 250865038 598622599 503825394 228250776 715705039 803039083 319302554 147797805 495337485 661944771 60764033 793742552 81197717 141928479 690012822 610186291 166472703 843242118 179180576 983486088 660768369 926711685 315791742 795748767 194629363 157576397 617410194 668053912
100
211582978 877693332 123822860 672900230 966108787 422726786 227353111 366523976 413875957 377901552 511282588 957280492 340807021 176567982 261389908 296564273 465719816 19422722 789900512 344297571 718489134 690952269 732187222 851691866 745269316 522686502 892207558 590650515 428815132 904424599 846932469 75831004 870113221 205565099 25874759 829393970 862974521 925323398 703495688 673949260 243556256 368727284 874250289 226421353 593120741 671490324 541900866 953232607 986167679 658717889 426283478 434100607 468220212 315214141 384988592 475886963 160618629 403867030 258211863 822329135 423542541 441063513 907954358 144084393 614436153 797392680 82731072 353225793 199942792 564244979 106442956 275096826 815916491 147027221 207273046 670863352 556341735 547419276 341523511 395423054 307358427 278792984 46576399 313497288 909930250 540932935 189058073 185038813 145342942 548499992 300463774 9642337 923347220 14265211 282932055 112532224 116174598 531097188 542422687 971843313
100
689329440 307210571 102287786 569101257 689305399 700585837 343870446 904600822 264547821 773416242 606459409 805943119 85245230 583382710 612931721 357687683 735564974 301466476 430501462 586363984 605005350 573152743 630097365 656873592 720545540 569660512 63357579 601844572 605550855 583438912 444184479 111519878 562493022 815961261 258628110 536515010 304067019 152396381 692585081 247326708 409501997 279725741 792520154 55170585 809320090 833478112 800991367 732105173 991732560 35747273 930311872 423922180 17422359 696290279 43752203 298909224 334617901 866541098 479839575 422928795 754274661 609811146 535730806 242289749 164955918 331257053 966039256 978423830 772045221 882843753 907445101 176699476 559459581 508463446 711092876 997419412 59433957 176069945 84254135 369476222 467174639 737748229 767094352 140341531 3957946 681710045 726278168 123165995 346530579 658432597 732013797 284819941 149943126 311962384 828571089 662001903 796771644 691802789 348226421 556838454
100
123368856 630464743 75677165 909019927 567348260 766764197 972954102 617278248 216227394 452976391 415622609 103587734 826942297 509857793 781093705 483500679 484010080 204578883 284434318 273666497 196752606 422615722 673718157 607818182 99432204 839405895 485098805 972284967 382266636 978377412 367831726 8082032 557344870 466713421 896930706 587727494 682362775 784165207 835584827 752972205 100047529 666534027 289436032 517439644 128294855 889587370 502093270 729912041 461858625 752411771 926122064 35880307 521170046 516828241 802416814 991878440 109589171 773247561 376926111 316481628 768564025 237271245 896613553 136268551 97419761 220120408 818343303 693467539 815237304 880364184 970150953 540261962 543764129 338128737 280835551 861187612 290029010 463871276 805549374 907041377 462656449 569543899 777076554 390337874 116389183 294402301 583106173 237071017 283150996 207082988 458971677 864799916 349333319 896235631 976450836 720815203 726804980 237588383 167798051 114245303
100
712464521 300093918 960112007 817405058 622946594 499319218 434091060 855455159 646535083 605019344 187539972 623330384 280549269 566714234 569993880 784515433 355817518 993722121 690558720 30798136 939238015 430150356 902880078 868325361 773314149 129552392 895414979 298244298 154867946 379554195 98932197 249502424 555246449 997616160 843402816 344366707 52308340 24180695 542415434 780833112 15785584 834759507 902459081 195167445 942896739 962616341 437223877 876143538 575919959 566032075 992793155 815997801 259265188 70792610 600467253 930331294 478578524 129629711 345597650 120033228 67185589 773880501 487958011 853879826 564379137 287365969 843531920 558668091 887771017 274454960 564128353 978231855 883137906 85016940 923289148 441727494 17953936 602910856 566659727 226002723 381773841 594536164 403924424 387317072 199832882 101361958 432936452 598889319 998835320 746093901 264864280 820673100 960273899 662847764 466160565 908662460 568238568 477390807 18274562 338644509
100
416678524 919644849 458280720 421598131 118497979 378588870 551240245 691571843 133766754 4758046 809567543 96668067 718471409 497937551 779061079 427013135 765978797 12503201 745144339 666234232 448595739 481182407 465215391 147995326 741877933 412147702 215016172 22710599 775109393 335471757 365038018 919007669 314023812 650651170 650895177 276051165 27848541 984139825 205149643 525748230 23818767 335633204 757504829 405264964 281394152 593789000 639704994 503869868 181756295 640097040 567739930 524028291 798952861 988410516 606564907 328536906 820380578 621368756 850123427 624299070 550027389 628837259 690837765 842001722 206104875 996072181 604844061 879223250 154628302 953120139 382573791 718283257 523693013 953759388 793238683 14916700 889951049 211342729 250317600 484206993 357467612 567990220 418047660 417156262 987106929 764144419 792731827 458029346 643751424 85046764 139319761 559395673 755117690 216214013 384681733 852389419 305566381 305005933 463478554 43051900
100
579815756 475627584 792861812 317902839 13613198 995549135 575381139 939013639 666683104 316864684 469686981 955322424 661000243 218868029 784964418 190396792 917919208 80802568 243846392 377095328 218272547 372383381 550007154 847178958 272759748 424439955 116281742 407271441 583759072 377870361 268283019 886329005 271305863 607752740 451499457 660222032 826915374 357613093 364854009 615694537 817972956 915625462 103462259 66999471 143130281 444817470 925795609 898396042 568990747 992819690 865454867 382470619 511334120 314588375 580338463 207450781 958067685 75031671 479788944 282649792 239463255 181208433 411174730 531253231 667855547 923370697 361347886 102295853 518164220 620027647 672307917 395011519 102353976 860924624 985307491 280592833 150697956 380104728 61485929 702597360 595806931 389696994 707494595 297986305 648958154 873550266 945511044 323389902 513274875 245585200 57895797 108542083 284004162 375283976 507073938 145824169 294882141 784770044 4624036 701096671
