100
100
328111145 130653205 388146764 917580732 310909834 86403428 357700221 716094657 211132513 82226584 326521202 542252247 760797255 800489877 112729193 725164441 875819781 819790637 750072790 323864240 625345977 946631140 755561590 587945667 66960817 555238775 950755944 181066770 267181697 314887569 954651135 954122804 320798786 257371174 557931062 317045062 166239087 64554271 846313375 192801546 525639069 80247292 954326481 411536609 512077317 229377111 15326291 554644667 903810865 12471925 559760753 465095412 64528624 86402943 339076466 552620029 518330194 100199472 399207050 677522628 297524983 698404611 944917707 407542352 703279260 201982696 95112216 822451837 437897323 673085719 608074139 514388242 285041120 149227015 71300274 654720962 150724130 499698389 214005190 355509406 159935166 3763677 123554429 16980687 385122397 820762704 196569041 255150402 924816291 703198845 222171793 992820406 995249693 177220755 157227614 612398223 348327094 158672903 834353821 740133251
100
1 2 3 4 5 6 7 8 9 10 11 12 13 14 15 16 17 18 19 20 21 22 23 24 25 26 27 28 29 30 31 32 33 34 35 36 37 38 39 40 41 42 43 44 45 46 47 48 49 50 51 52 53 54 55 56 57 58 59 60 61 62 63 64 65 66 67 68 69 70 71 72 73 74 75 76 77 78 79 80 81 82 83 84 85 86 87 88 89 90 91 92 93 94 95 96 97 98 99 100
100
805204459 731478614 816022827 530171381 155367497 896010893 358128020 197074848 203900243 315640928 187962672 110457468 277808626 5393783 776631075 576593387 129476855 175081615 397736461 34855435 334423665 182759766 126715127 767243732 841381216 43894329 437268175 498655653 678196002 750385437 652092117 701359835 522955378 843246281 160734627 390537214 375508879 597455543 802794601 217889677 77407983 391713439 751545125 306024821 454006024 947485155 435628637 102420346 962099838 841477166 596472248 182715768 757189001 914969401 825092979 923857207 308345873 766078274 773709796 832369623 707891689 955884288 363991397 485686657 142157446 186549259 769661028 438178181 169027409 96795514 611521633 266824051 230661437 14634993 450565716 306331810 108209233 456504738 360560530 635318178 134051602 750280421 86153743 249228843 617247817 965716550 592799264 579110273 445042800 740054797 64801294 434255271 13404074 404417291 569399353 518709694 768182644 606982509 30399263 891510784
100
769757135 438897821 106119263 420755774 226640981 866133400 949726745 463667944 945899049 423314394 857892608 199077192 42868857 31421209 836140025 696886963 477529664 743171915 655687836 746685399 263276081 589771863 427250443 323081725 949307757 862800008 675204829 858152591 214061219 608111126 550271513 3084014 985602473 931824988 858893502 866717488 945291770 408588886 315616421 624193847 706988379 762015149 91516047 253905470 922198818 503383078 27294497 891415410 981359507 949721764 194360439 740967516 754137065 931817737 950189848 755633895 120449270 617529207 105865776 384807393 272012939 49613827 154458079 965263211 423252608 653258321 97066869 696781844 228495444 241448420 410559461 701510376 453622976 767816017 654776540 569398639 904708008 651204744 760462414 795914661 899772559 930329679 931710074 352472263 242458706 334489750 891480238 382286953 621576048 580612830 424389007 436641663 755813698 164005135 477564129 219169611 435174619 728906950 215201483 301427651
100
821728385 96923085 818874264 423923985 227600710 894668510 810986007 220139056 532758027 721587663 103982430 283528741 335526868 850052001 498583591 314609554 818406059 854676154 252746175 211660028 266960778 319889911 574048375 350734192 305962812 526153902 907097177 697113255 887325599 301853015 879650120 431367744 558066923 851191685 249485664 169108461 687617200 104742394 945077822 251694429 900293960 407107207 750880848 759881885 171075409 173143510 630595250 369340094 166159454 629152142 581745079 565444359 729270088 625616415 439931075 44123687 620189924 540691391 177769565 908107853 701498169 287485596 820022505 278217419 438937302 787970968 114152877 904493661 371425186 95927869 138850645 309368858 703521663 96412031 975339 243143675 656175142 516355605 743942239 152097194 985483218 199496444 291370304 231141015 195017046 757370209 530301667 17180798 435638675 889348374 363320872 290575933 771332876 166676772 328261811 275657605 713045152 925928419 976261741 998509142
100
479748440 689913086 457771954 728023528 471970959 201945312 290049759 717303672 582751837 253936802 4829256 189741158 9345129 364743022 730696080 115585824 672576210 808163414 90142941 609004148 333152498 295121471 565286675 490797716 307522085 442628156 974256536 96613739 887752760 562397290 706620098 798258999 58924354 740622132 974678605 826024597 482781021 909242063 977202827 605222685 519564638 462858668 840494707 307074776 226002625 449704135 720742300 421223023 526935355 85244058 373665023 227904815 434679780 887116959 663497535 907265479 610462194 533344654 312847751 116496773 517033649 612021632 566185438 773619118 321473780 576565695 49835789 167934726 975732743 149599797 737820138 625711349 622477449 247567154 853890981 127978074 265558378 28884432 786859565 246812035 832221954 39627802 493229125 978906442 371351685 270810470 786542198 656125147 949551265 916179160 237270841 455721219 268887090 969784361 116376593 438957265 485744850 223711667 228110921 301684172
100
262700676 270416501 148094331 231502346 411586938 771362406 74375280 678238465 317475124 573028827 469370171 208257130 991101794 283156599 893127780 548246645 888369646 217411988 164345056 819622714 895628677 43015950 912779672 633028273 345287153 735730497 433593006 81919664 923522533 246402515 264478486 922270182 342036221 970051647 35358280 541979030 101319006 144552477 525574817 357071295 829119519 230484671 340659414 247147948 330004707 170213691 570735877 800217620 451534607 156133398 919383488 83442909 787334788 259124180 296660237 479778772 818964455 285099070 779913931 214426675 552536594 811550039 146091619 683680931 886774577 647450883 993571942 73370891 289973093 68549233 760311976 816218182 101814153 428636417 942103950 444369036 609402158 728017976 850531850 951945827 803097975 742723724 707445503 177578798 475235787 711663204 450790628 554977237 742636127 90426096 552453526 229513167 387493840 870202725 12883649 616425569 800993940 501389085 45321242 342264656
100
100560837 134549750 257627991 934385452 242250596 691150160 559149221 286332272 934616509 542505510 174712104 334247884 771285571 909646398 983495834 454094214 926486521 706236016 600070972 324468232 392113036 424289542 272516047 454955136 64661916 882101894 176040405 203168392 624409534 514140475 481148570 157965866 333524273 388147880 391112597 400655611 943984042 260524571 722344831 649678206 483218480 715662720 380953721 223786302 664291452 708536203 781076983 973632263 301503224 382399614 162468040 815262335 405016834 981652725 13738273 598753481 10770179 652575931 219571713 633902804 49676457 669453531 427153852 870557968 879234651 456508813 568077534 618126312 857707625 821223752 379040457 87582294 741271795 598717110 536901607 190310133 707213800 600476733 728062254 589477072 479474315 506137996 851626381 669292638 218845061 582783318 403085758 566057910 773833224 531290611 120823164 872166280 283825826 181630731 65978033 523717647 334604634 92576286 684345620 674233034
100
795778945 848937390 169531800 684041151 125609913 981435249 373966836 417442893 967819374 358174461 822038119 51228692 709381463 270944116 825128645 794480265 868076346 238414763 874549150 809834781 959130618 335978617 721247669 299117150 737459135 217793463 517025490 690683851 608642323 952605615 358430518 211700623 728647552 385701877 706797358 349074937 148495956 204104615 159753252 984049332 491905765 31876639 297206234 904489113 414112841 63797094 748862496 46171292 230092680 279389722 90370060 786892842 258621732 118883033 455975796 277580658 796544 449777206 433518362 906746139 89421362 489586741 856121990 328524998 833637155 872244525 848103755 376883732 691769357 395987962 657588764 842079307 423908324 509925704 849907385 304096610 643120958 661721018 782335649 299451947 150420048 519527754 704788577 55243979 809016375 902532751 130400182 571295258 325756342 452216646 462096849 375601644 438448173 387729141 383719245 434808270 390384480 705718657 612913920 830894628
100
671844307 188115629 509514533 833761103 459409308 333074957 183769065 894698557 131970527 992512199 587894865 453371133 903043053 981588316 510628657 928002763 992967098 17885170 652738763 499889474 354054778 335518093 116672895 921709356 254211590 739474728 954164318 587128027 90472610 765556981 184281980 676925807 854568096 469308895 987083127 42726514 343130152 332067519 329777830 371831961 134274877 841168713 411786982 816698918 294626985 807913720 19408527 46228849 782603910 246092805 34760302 743894472 883495736 891786468 386826397 417783913 480164231 884620437 976376210 985965317 746259307 749339723 612030732 36030329 565637269 379616286 153110731 392345589 548498469 975456367 840964549 296858736 89100896 860776106 118472604 757092675 913079200 414909098 140642037 870657438 109523351 915574304 706043250 359015264 184928305 304596307 35924165 878654092 328733689 265282888 587876868 26584716 214657222 884228829 485598062 19677846 723024195 281360466 818216496 710923233
100
556932852 543498095 270359792 389196181 75494860 808728926 574595568 445132443 373795660 345039460 875136706 445079503 221058287 69855298 395743368 861739405 712209080 920350979 842887487 504351652 165094188 720121577 500413600 46142817 686310826 869220076 413351062 121173783 395941095 458440232 79630173 470301842 503574265 557572652 445667779 207470262 378987963 588141877 872699398 139640797 857109563 490177962 351728186 867286100 722294400 127673669 670652671 453370147 988551885 526828173 116840127 687282959 619969027 587206803 45604317 336807761 676517544 8885683 373763499 829998150 257797581 358078947 53917275 84362253 802046252 511838580 510869681 411807443 808940185 662861137 871110182 857459569 189001810 774303645 355932607 874646095 714309599 743536583 609751039 61284121 286777303 177989548 501943240 420220048 633257203 586939876 496276139 661161347 32222479 843160002 487300664 580552961 4118418 21356457 332010446 49521656 864233705 460608969 254741548 440644062
100
728379675 344608577 915704591 345564121 405980949 245476950 909445457 82206165 10962938 894685075 92846069 947019281 699361930 123482999 404738451 178536362 12634229 195971271 725265167 702550346 823669663 425923845 79551068 514334955 21735993 70619632 508417177 799982251 474418189 742545155 137175009 922525001 883709644 250043024 955308843 871683157 598890837 834591896 428439456 879587076 38190596 159073936 284332885 65441714 220114411 743825731 281317376 317338562 103016894 298056422 504891624 8543611 356264171 862800234 965802102 379210551 971359056 715166081 88384857 660631000 192070689 875965730 113031486 237874056 448295190 393044493 639575457 982043401 514142321 347216268 837886596 685472663 125097654 705590010 568043707 938268069 234185420 730797047 124103438 601030011 523209286 204757703 858943265 907766616 752144593 884485023 24633545 915225685 426974713 525517769 104254164 483367443 330809871 886237827 395791692 167306110 385140164 68690470 770188289 947972154
100
105901033 936823646 220103504 894125089 342131674 681909230 258000552 350940151 40917389 756879065 425529730 702219698 885798679 537202712 426699612 293209311 180506959 190123316 190587421 188553959 241400197 805633737 797370685 247922465 886823215 479688697 824803936 258156390 632874342 906027745 30064850 720864441 385105073 240829948 233781461 483848239 553204431 301985568 371368255 557135745 275657461 629546152 211704445 72923953 849709598 806187970 916414725 687854188 321079855 626878214 263171383 660384725 285453452 374181480 85444895 477632066 314454053 578408971 80608391 346636948 307826145 944924416 859894598 47284597 468867552 797963086 465408249 427471704 497016066 128053105 771069515 200694529 2070443 829289148 21675713 304406301 859478385 842536043 159114561 535971002 191966511 890133600 261479881 890289710 443734534 102312739 353629143 89084734 56249379 266964660 32908872 377315471 106802414 637227253 377831563 122164716 124875471 897451524 564836403 642655276
100
408706255 806197250 979106809 519974357 101890704 159069176 812467791 420874845 452941094 15325960 852378200 467248325 530493943 137142528 643929493 654048417 627977846 743661489 191442048 188707487 565119658 944394099 472147588 152496031 841643334 789207344 669731573 921834425 206405381 938146717 803392846 10169486 447431251 982049971 932212472 156699094 529560091 705745214 870944803 94242817 16563263 265180911 325297669 156175332 807531534 250968711 508063014 976691108 341115868 736312132 988742784 774276695 345570029 752822521 380145928 678653137 353590628 20473400 48675673 478473497 120292305 280394788 472462261 700470611 476304977 433939471 768069890 225121180 892693645 911120449 122732882 818228479 128238655 35859812 385232394 896090187 84444758 2300750 656739745 828655239 843477210 807331026 685685884 456310270 307468208 389979666 514017525 378784470 573220695 736760970 946563245 761242078 227682872 739830905 876881897 317229978 173649613 447139079 786709741 656016088
100
466249415 151871951 144202758 613768814 498050309 622802399 367498312 558918190 985340669 231830191 513455305 131530453 111069225 887743015 302263214 250372750 985073727 451065431 559141916 460446527 244273728 892024386 758677294 447416488 154042431 805434237 581424991 834940917 708204832 807920954 504595253 992101381 276154340 500768844 563808677 573941899 617473311 593057554 176805851 558410642 872258683 494301715 244475275 747646375 770691466 265510166 288505000 168864528 918616417 84964356 431545766 735014495 422139499 80909060 302171102 298957483 752809382 373922779 914038183 388354252 519929888 750344105 676618593 248808441 417889792 163928185 352121258 675192044 968575042 93965303 180204283 732872685 613459812 176571841 587097625 876050327 313117193 73225243 752754766 655616792 497648601 244219950 55921963 159700800 720549470 643285737 561169290 939740443 82686781 13741659 813119174 612170585 869306107 456513362 122638865 946833709 731398224 132720127 127818622 512096067
100
953535478 407175860 994759500 115851598 444183214 531473170 847207093 917010105 378684119 515261214 217818272 72017896 584238363 935096868 310686025 114611021 480529925 187289185 387776426 915644842 80154744 298292872 411087079 524597572 834898520 943635312 912500020 724288842 441253200 501435296 362183711 916704729 555440781 54851650 1014377 841371709 854530108 670337034 900254737 664407164 265266599 973334338 899652089 733262887 548275968 834863729 836810765 898772710 338534319 206095806 333002283 250567336 511773108 698706182 441169161 869104004 265608154 673647070 469544897 531132822 486226121 432046407 300173820 716661471 811762240 37527641 803825256 519691352 277924347 867735840 483512304 369447400 863516199 570621583 767636628 299297421 737613755 721512133 369074369 485589416 711943315 571144694 403911912 603629963 927258516 190721466 275344701 232122497 219818883 311282460 248183352 850194005 767693119 772974219 786940502 233690666 94474548 787916652 207928391 964278106
100
336006255 869774228 25791385 384003971 163334939 283705881 63924138 154684601 585712 50361461 932630566 147693595 200803598 363195320 452284832 823783298 363727365 556413716 363724329 874235442 681788492 528471734 33529878 490669129 404209563 838199177 366208912 164815245 398657479 625729816 629214202 910897094 901323083 247570637 936308722 834515661 632940627 985727019 470180747 915666233 335967766 814753117 124840184 752268750 812001737 436446102 230823294 444779883 991265178 123434825 137154512 882324347 448440107 20739203 748721245 166782147 666055738 783809211 509222804 454943685 867830730 160509425 858392376 842039843 760914982 988232950 97200225 458922876 834892079 670813557 416637704 216180496 921672539 901449972 219424044 68358654 571601117 839568132 251128178 838436482 323672791 551052399 476110307 983936759 866615493 618657093 107540491 841325620 904637186 630440236 676449511 280172598 50839838 619566672 916934929 972101219 927656334 722118653 170092999 483249007
100
126021259 660254205 115123149 638921524 719432493 35542561 811868996 745700690 352685985 641031421 322807418 436232903 135606691 825898931 295114557 73120520 994440977 313305714 748942164 781354823 313694101 7768759 378125799 63440208 838581915 499920068 325027398 71973874 563364506 995070915 363404562 319585103 621044037 766120693 384401495 265311114 528607304 744013365 200456595 770879086 1950665 720650304 603304092 270312893 354410512 907179689 63276531 295413889 709239952 312895209 50393168 463240531 571144150 805103161 445970743 797636819 368133194 24577680 796254449 776733647 851053255 255348065 694223294 148240957 266739574 257831053 477990070 4028847 596823093 444803611 1302498 989755086 617842211 720218530 442221944 553436799 737073668 877602683 20921033 602506358 314927645 22747703 748129491 86522874 61991462 89391133 562390357 112924151 331440105 646757377 557092536 241240939 858974127 483934 640420939 317099211 152066163 565635534 384569823 787777845
100
183209550 185864644 762598885 763561025 633328643 439800155 744624729 339793032 738941516 664477721 454927757 226970241 389234350 935386405 444415961 92621001 215496572 313437625 313846579 49295777 727054761 490643580 364589131 149326730 945010784 525344196 921805863 277933455 23888869 117711162 879929389 86676355 726238831 50228276 624125156 638990356 445101951 220062561 565659112 906953002 997424198 268049962 86958436 383251835 927050325 591456606 828582035 83490711 921700404 202890686 966100994 76481331 769335715 508758761 52333668 978444752 769007894 840344887 42890968 515138329 309261852 642245341 226532306 311456975 846518063 501504970 141176874 328352630 170278741 179274666 501072844 1153992 584073866 138861135 588863476 752169192 905988566 336099558 338463652 72233781 363414369 485855228 673188642 338445043 230544823 680538890 150263580 824281251 404027465 501378830 91445721 578752768 936889574 593254379 945693330 685507933 196564609 151002587 58240606 236265630
100
705113665 846830356 751384157 832207319 953493626 616979716 897314243 658753649 627045000 538068581 895458522 866824210 992821748 428815541 733518661 607114518 592453204 59694405 114528227 258849712 174687204 661648116 450072096 131343094 875530547 98428491 868772808 946270154 695222763 411272842 730185790 574870710 737589090 883545412 95593313 851330256 621000927 471135408 277355396 435247443 549418742 756401999 56999028 407671195 576151621 443113448 478685052 500240979 184880503 775056081 591980803 194745487 492132444 957422830 808964791 238760382 462956393 270165109 895567293 605993401 207912071 394737170 424958544 493116882 814301007 799477778 421142718 738035680 378158768 253619270 694078048 110745090 363345982 427984893 217621202 227462241 71511112 494955308 751050219 313006736 607210762 995463193 98390975 400789440 224062295 265969206 781659492 881742453 315432944 357855616 7627362 53464254 214621490 549178389 95716383 852870965 515816897 922388080 367355055 674059686
100
625803171 366787871 651899 480591042 610688014 887136630 555673000 230015017 999466817 170990213 195822500 633436460 679856112 230321177 714487244 198950386 376261528 982013263 455515628 205154799 811515562 576147204 879818876 868674910 595742022 468424092 129530134 344065255 891830061 910622981 402735562 824460812 561707696 975192952 963710492 669065557 599497225 469652519 221412880 4531091 113364795 216588515 33178095 895930450 984840934 680263104 719560165 936220256 871414534 70246310 250741326 366858647 497831674 380186569 487268054 307328183 390149957 665457462 609411667 690048075 162867328 436779074 690974135 966951777 235710930 246617662 279506569 223594579 376797825 334950881 819480631 779940900 172564870 277440262 880246975 446417182 171069396 809202797 955925493 776085250 514248511 680883406 64090317 271606834 208350568 685561966 6968340 849759761 402751520 556537137 76438840 96248192 73953997 522492421 491713945 946381164 880685013 789368113 228477395 377730377
100
842229128 629253705 789049719 813591084 142478162 712704055 779704913 716137678 790426035 131212930 51071762 289431602 405218663 249871548 927389184 92050076 686611907 706987208 731140087 551488961 274053124 831564325 917283358 652469467 38994485 473570364 113024592 554311448 168360866 788262558 552062575 413960672 472943584 54213842 189306716 107155924 232239595 521516358 65806449 682596284 669604332 91190588 602021452 213624574 578317780 367968942 389777748 160999534 812629235 909668149 901320271 845639241 552879476 199181920 423789647 257467544 370542124 375776346 598277474 220668953 82285952 274224441 210197150 846507033 341715499 916480423 814840139 529432869 598644486 549669349 937867288 837590718 571662029 133784136 14751844 165647611 542850384 454763403 927946986 523929600 450755603 592668994 185717325 550807721 169708514 257932706 90833787 930131084 897067902 83301970 489655376 246654161 216466896 687294198 420269136 241557089 831483288 271694347 515910153 359955888
100
74909505 649593866 68557862 321368497 175407139 575026401 74346432 331649878 923482047 769291647 34828191 507396232 373279326 255286210 104953312 375558225 133574263 193445912 666220261 558220509 388560719 436004994 767461399 928014832 377165708 591357543 712023928 68447952 532875782 137153710 926487462 247342263 208609385 385180746 308303450 825644246 193984709 818475925 700861058 199645573 610628382 630945200 399410163 346978887 366097701 891982167 595937983 443095094 656610157 902626838 418582801 348012212 563260031 978594311 36306383 755302143 629752107 136848893 406947697 186934448 946660055 942689295 62917767 718910289 485991359 268139052 889271071 998275161 431371064 45357505 550683694 98392612 485737880 628445592 699185438 165061197 564572137 207717565 451027763 339671219 591141861 125906771 742051973 704512596 767222822 379814889 676851328 455041646 16996991 127837292 737936255 326384307 759815348 743141415 718845163 497447320 226909142 488042947 758306884 801708202
100
668515287 570049067 923464422 999907675 702153704 463296041 723762574 766700672 24069675 176713797 732654325 775958961 265965043 342729704 236916151 358891742 383318452 166101586 576590256 403193735 68973796 132545008 295010013 451537457 36562859 683667865 881239701 647081715 779626031 306467925 597708540 800376953 585654698 221366664 929827306 688901767 606202520 704657340 949696193 676181500 450631181 929291064 122001773 370819826 46109341 75299057 58111186 133754868 679808726 572861841 140219073 727356683 907592546 437197251 38066971 195688395 788763951 626126524 564250207 10684669 709588634 79934051 170374858 365234028 129819687 974588317 11524957 421992680 198571455 860163205 197774401 635153299 178860617 296188435 402403396 470859368 352853256 230121484 674282493 82112304 41919769 239780894 57650756 75643388 594121638 823331267 270327779 788964911 973623255 810843895 702199880 727459980 325531875 9614064 4205149 70113036 108514946 25837716 62917427 500045447
100
809326407 769729702 377787748 273998368 89790314 873918819 634268036 670710110 168971711 872323346 30326394 883897618 788658587 160941962 358694888 697024975 284672835 601015691 311606583 687148142 447235573 42963503 269775493 936051818 467597022 376705564 125403277 311642389 735374218 512618373 778897875 387151654 537355002 51628555 903771695 920531261 336601334 22254263 698719779 306792909 732473010 5241734 630338223 745655507 546232475 501984947 950724472 340842664 97576974 607244382 453727919 764239794 692415449 473220548 481440240 243666483 959151881 928558923 457767476 21421273 519857010 114761585 168735512 510670696 965679847 184101049 506470977 974321254 26181166 417725597 147571127 551382704 724903535 617275781 225481212 550542550 614726832 218700798 904631895 627567602 616157421 383120407 724621703 984186940 359872162 98949199 645400 533360182 631204735 130320559 739198782 705900297 447883355 799170634 611711735 841070225 415930363 490811850 841488047 774612087
100
718908136 975775990 630392665 833395799 748431386 135591331 328098220 310775463 109527181 310244734 76493131 453435840 275372227 492553504 758307804 943749508 912275627 989694919 692439696 470310734 362157741 756117000 258070780 88185071 894339183 245713822 254652977 381884126 819270439 139101642 911966772 286243338 749139409 220245386 524151992 511841933 539415674 223238560 812203861 427204740 330713582 469332180 208510419 651819720 710598173 250636147 851525346 999697131 248290625 895806577 174772544 528939531 837714018 435371348 906472624 667745115 20671931 445063740 974041219 870207023 302728575 210516351 136232474 19481986 558322144 272966053 866382542 138191489 724427705 252764443 389052553 218938309 343995094 495815060 790058828 81757507 738549874 538792306 982521959 173056733 771604824 345888749 510087215 903388300 716186038 320111319 875019485 911223222 867319589 916902871 779872622 379630599 792662696 624943680 662126569 713162928 53481189 753617048 792691221 332272251
100
805119486 268169721 541378019 659973622 534275252 871303220 223286521 275451228 209063605 244126223 308923120 664428935 428934754 223130578 75792385 600150 530677594 642290804 968070088 628673194 315705354 182245050 380541073 683149145 720721091 336422446 680504539 23454630 127724129 802531888 118577155 731461673 524938577 995154608 955437412 566416648 770777446 436773195 41533383 434254136 578520286 402752028 157134457 329578645 556390429 436441315 199409268 473047466 19875180 15723167 638356687 975888995 183085955 919954608 311635290 515649145 876494342 660327155 982160792 599678440 190699725 891274680 623870652 48199958 702161561 85235229 463112900 677547757 793615431 908832795 137462228 788333668 228072033 684745130 88543885 822223317 679856961 822426031 518842904 225208858 163187534 920091077 803251661 488979598 637941173 510729492 307813548 206262925 874569599 797918084 606295767 708716613 553262925 613411771 449064523 518507267 213931170 512355156 991201966 892273614
100
945141800 723666576 338833356 638796271 257640202 677274865 33748536 512944755 29471019 932570574 865122205 328883685 507646860 407606576 763367905 280960044 346608109 844138129 599459822 965144931 35275498 931142121 378593452 752899486 186582309 537263702 177894495 554954871 468755889 172155288 976828883 103991878 890568963 456216952 475649406 581652845 141859773 751746313 184329911 785177497 252868750 627784514 742496955 222036447 502315043 717540077 501733975 333145162 345511042 529669454 686786935 403121469 190558830 971486585 118915885 970791988 760122521 489779650 367545405 981929729 511199768 328191501 461921279 935970194 289654588 916034478 776123557 817984872 112824971 106096393 207480883 521568575 896298325 235407676 627617758 282064699 778243819 892348779 201522729 23680710 503965313 382961100 912609502 754796095 57029810 210323665 143707538 941600817 155616299 607124631 949085569 4143625 362720486 839604203 538074753 287467760 119695973 13317828 439350795 460684872
100
59018847 415541478 420856515 604742916 440828075 268703393 760129521 596280935 828531224 837716807 657361827 366208652 850832287 837284996 439186925 780020854 915313328 269801663 819216361 662868281 729033802 641379428 142525040 428867677 636759193 792934268 589518011 775230207 292859529 851338564 455319166 478386276 17341562 998634862 413655040 379216190 388966064 621195321 291261112 5065254 56513465 171920945 544757408 840841526 130197867 322870482 539297471 755375274 121719412 402244271 875869994 770063769 474063080 753467679 810730149 848898674 40849823 302392988 689138792 198552943 994858798 988755555 248524123 786663408 622053084 404752200 174352222 387736082 126084057 951598241 262546021 609734544 122436789 255049458 391538588 753266644 181818937 591383810 507147959 654103127 701448310 409575702 352947647 323018291 404824255 330213327 541930508 744574777 646642999 998933196 647002107 477625610 811501559 773001850 580668444 20356357 471154876 464884926 153732805 985630650
100
185468670 748153554 462695271 457912931 863708280 453995549 90387006 736664563 793895470 996958306 47683433 877165888 946700451 873781753 957571625 12276413 340772237 974688025 54088436 17784863 413892726 988536988 290845006 223779243 184962584 563330220 392155967 639915285 752148069 375741010 600077375 67633993 979905357 864690076 54169578 782926308 605150109 622736607 840344392 778048064 677418066 746184817 548957779 479345816 831778170 537484164 923792087 208360813 556593397 93929444 65339260 865704220 12069723 709707030 146085691 575554472 420947609 124478815 528579637 612409236 130866046 300618946 148661464 579810289 998303424 645916806 360850969 635509059 456896545 385199749 846514888 449809853 215590640 467587552 843483637 108488421 414643328 523266856 555612244 787050731 34643850 977529081 792054539 226522654 615782999 676879389 767689286 660287216 330148703 931611025 485743501 732992249 690332685 619783636 446156197 725541443 858948116 337782530 118013721 417417817
100
927065580 633628609 490562713 106857832 993416400 567949915 967379511 357332767 422550656 668639952 485236346 457516797 923366980 536509764 233896896 499799975 272248593 358590481 766424131 188759431 803454960 137399365 345091928 878844313 147935595 364821304 994592069 558503265 493321241 380239774 928131446 270136926 355043642 164108389 969298954 732934105 774139201 869638692 998429483 245418577 391129143 822478582 295652601 171832799 57938936 503772905 459054779 103392373 759996775 833953264 401568789 611118546 391331344 883505586 995081411 805110628 853019954 618531260 874376295 886014242 646958753 326135769 240363829 372795707 367867858 25557843 541182224 774521888 737200832 924163490 908026648 131425295 286072463 145253679 945670027 335701139 272925243 503289082 440539426 584024137 176213640 898048849 831788516 825055113 164736120 134218800 423786244 838228192 852932106 549042133 793100495 762566023 2330698 168224481 426264738 837791786 310285888 546499239 602254087 4840641
100
350853449 181091999 531658206 35349828 289349530 664212793 90335843 319931932 171730543 741767849 476663415 883869417 420330039 325520160 507254963 37950499 345164677 173131800 451759182 74974738 829036657 656192260 325474468 641902023 407226652 336310603 812790362 483282184 20486958 217536101 301667705 454386670 525898003 470287737 577113712 465704815 608117625 735157460 515131466 177478547 608771731 153440049 611266320 764750201 469469092 365826563 410427310 45146625 964119122 299072627 233492391 819033932 497130050 464043971 657078388 470405552 257890681 82862787 313298297 687959973 754691386 855776434 135714395 208798134 745500290 373137948 481563458 893332716 890703891 901015453 864535570 585708958 189312790 833455549 323074945 656645335 376448135 318752858 721000113 637151687 304559788 192015333 291725792 970531669 417533032 264876054 862210449 437995365 642860065 386638006 429650610 169104169 124537538 714641519 397332876 684578051 707247005 771146650 458724269 619123191
100
27001895 848210444 373411719 321959811 298836451 319035811 285182331 981974892 878725920 176920521 906385230 668086191 836849154 675545952 185664607 895202072 669003826 635836456 371137503 510708913 181740274 39856169 324443920 479842438 672659538 464431947 355254994 921355418 221802220 721908297 510621747 336609174 20040921 107879549 458568970 429013223 94672650 890387228 790005981 427992464 253652726 278004811 308602949 421260897 753924940 188391752 250495705 924666077 562021756 464374401 661771953 741627688 388408319 302465809 715353157 585817427 34620195 801733630 628696028 790828194 383270721 669097421 733034255 384398897 984510760 401264196 767268193 721864756 616409700 564648213 771096203 187817295 272675915 852610148 221235882 498940823 368598055 816989971 455773533 870806192 264072885 161581820 986062900 471370579 921084945 517131648 512708832 173645837 465118312 321165174 585268192 77706526 539647564 649554793 827813623 441419676 254085828 914650359 14848048 922571058
100
276605211 962166947 890924351 999630883 332730304 377271652 10934384 69156087 425180312 556241108 503932564 669749561 280842301 21075832 613500581 485159721 57166683 334275845 869206821 762029845 81996867 227121364 166687140 854328389 729698591 642950639 840071399 935064015 549628119 937701059 609245731 172608769 89994204 435409655 163774470 442381946 801858770 836045949 347930784 820681356 111373037 456491279 873919977 139219703 967561261 117115625 693814529 558002594 829663247 152788862 490721945 963172828 225477238 550130339 451952799 997622340 196704131 587859135 266580627 628798948 433678337 960196475 112067072 417517281 876724475 75001061 556433975 714030718 55509858 205903876 664594649 939369359 15690853 787564075 403893154 35679559 903478494 305230714 197883016 277487341 182389624 590226414 667653926 319906149 483079325 839813051 640399932 792765808 411458831 19206185 775747411 904286567 788659573 369216646 843360185 160270416 884042876 888387438 860145859 455622471
100
857733028 859600286 624329855 758829571 240505395 721916752 585029464 68710782 702884631 764764129 457264655 517361167 309748789 239079860 66630624 148140517 191967758 143762712 525811307 798161037 277695246 110766450 295841713 544804494 171562334 526778147 39333363 488413501 424030542 726926069 705775030 514972942 853760974 751567339 1563609 914793137 742641520 666872283 587327502 82605865 880554966 477437291 471490689 531805386 808660749 177865268 961654435 662410989 218531498 37235985 802326488 659426894 589339793 182951048 593180494 330600457 372035132 541566475 793533381 458087089 921941699 129134212 76001644 361311072 118314331 497597801 746401537 964316588 681275800 564491926 700951591 55290949 259270810 889958132 484360828 525482374 759287221 798331226 46429667 332132492 730235175 109089751 575277301 33365146 777404325 94662021 213367935 611154950 927070646 120463569 907984644 663966776 216028029 889287521 502669822 680017173 745091349 492128154 418877510 298234248
100
455216658 358459032 274676899 961077971 986979359 172144018 589747667 37985644 444565771 875144378 600055302 466404618 594769546 91179106 709678300 574336792 188706821 372917096 579850346 501856700 2319510 204053796 854193494 207488808 271622024 498968180 198413082 220965211 874557818 711508890 81885992 436896800 599450192 391170974 523452724 876031128 221688867 955888754 454384006 475915817 267539254 812495224 607237550 957059760 48707641 536386409 649567992 302847446 73565260 270849918 742331459 206760883 611180294 842324738 448218430 298259637 726538163 625752487 256439467 760378865 3882416 427661521 569706242 118578525 12097339 219089402 644957435 6078224 52579167 260567105 362560038 854305072 565175224 74797273 691787678 267032770 899648469 90962417 867388952 557730379 105119651 634912525 641831363 28607877 444494918 157660137 894999233 694928339 686852911 957669230 442219633 205563577 997838012 244980241 54082733 96782201 557699580 248148475 114187462 540472570
100
406778246 813133337 437115191 737909859 634967800 659685599 562523134 570285175 463540370 925014747 570667693 659526777 909050166 767337903 575188869 673986510 193576221 936260952 787698314 643158897 714577180 581391407 417958082 587181111 168884070 988562727 849232282 392236551 169602795 407191054 489994189 503721228 138191583 518485988 589366491 841028126 138763657 631416666 54421959 339232127 38799441 78513906 633406216 64205781 173503725 942140219 445211251 493900054 25728126 348581429 204288835 551689053 742320196 170833380 816091054 954066475 299524635 758200211 156041476 97426722 338419403 575836706 91728720 452643400 92903681 526778607 698803296 79268796 762872239 870275344 434328563 786128234 840892553 765118644 339754261 496621930 180139120 466630009 982725009 386851861 760843175 809532869 255022575 803606845 275929311 799979036 450855418 505397757 219937230 174753579 318280132 598652461 724490509 688755999 704054631 957385220 303114718 280995634 479298035 806923494
100
72270449 754370389 504731605 370847674 36343980 202226792 861860374 431054515 354831015 378587336 473536516 43887333 348069494 618080664 581968056 969156056 608239075 337190694 883388647 543496869 158297987 180220352 26677897 433663313 777882589 483351952 513784891 58593927 45756301 471842239 485562512 435084572 669790093 349908148 206341334 153949446 346732774 910163951 538944291 768622932 962891483 578874909 895083366 165714193 832011628 351111020 546973745 664055047 686784128 660789990 121760315 854165257 509495891 697913205 56092865 311670259 301755057 22248451 2242834 433652527 865684447 877485681 746215420 90780618 511829318 462742123 194695937 879742026 261815553 855314263 301584868 345567091 485450072 373300226 741767039 581752614 520326699 504758676 613436685 653648842 617445500 409229360 828454637 166969960 378736980 638450328 936418023 309015190 390621352 358551785 845083467 837088668 795719204 56716481 120256110 300520766 215300054 524103241 949552944 246815535
100
48375593 769585642 772995926 859028193 107962255 797700775 530774669 3607689 617393827 69294438 909545009 972007997 786053579 898352984 340396108 732000755 803474339 342133038 896396888 568586143 794677352 963385257 806079936 668018958 123226901 540796319 965464818 875286484 169098745 811510776 493522171 400225630 967463742 581318174 838962869 848854220 363190993 306808953 740224377 890214061 993014430 660335490 98160323 72046554 469535466 20638873 309270418 436312937 112624066 289291800 494707211 399653403 938056930 377421817 406016601 892003395 169655471 964264265 43654281 980898655 638760429 360408596 363343283 721417315 468796458 247396449 216414227 181211269 439996758 174792498 464409599 16315240 741421578 107870743 603091194 257099503 886182580 984164778 156111554 498708007 193983830 589643938 344464796 334980729 488921149 15543576 149281528 899364754 954925436 707876841 385868750 205862707 431056868 998386225 525623399 69118574 632156453 654552578 523115981 717037137
100
736466233 969114221 52266976 545205610 785326729 371784463 532438541 912735788 602000352 380171429 146012603 327431516 589470945 168109435 849419804 574433830 464368045 287236694 747788714 98824308 597920031 72259963 581857908 466405165 456809276 915780650 525372655 285763228 49195166 929168785 395875430 531816437 267616060 662889541 879051668 393281402 858499267 98863286 134516003 585591067 161366260 105078464 996456858 805474121 407364271 991024794 598582021 381061076 854766793 871775829 598535608 44422125 116025540 679004687 147466632 541583716 496432067 349557593 88867030 455797565 18900191 402136978 295760184 922159274 690065302 643372190 314810840 111467 848225672 480576731 855464245 814935418 929195942 729250805 961209285 552866206 93320097 17223054 679413134 33517088 712558542 233732770 214227228 202584561 510626021 548248689 180648782 918624605 799245631 870024979 117645580 999056762 371717339 901672706 294596291 982516664 287025436 455428105 259192776 86097253
100
66943189 457269127 296336175 232983233 96397091 614470280 626932375 200460176 75144775 548887864 175758282 153195992 419443746 932852542 235775842 886022420 875734861 893571404 794901993 3492556 135217034 173212244 474352097 905646248 344329047 562530332 459996488 910546818 488550451 564319181 625269306 624519549 611871290 965547966 631812666 362759000 982579245 933430090 876339657 789310019 513027733 647052015 667498847 109564746 339154112 863352611 226343208 277023605 513720615 35989421 266504769 498068407 295426152 635483953 622046456 331721227 382759451 711220474 953370490 144222357 460086234 794114669 49235760 561204695 745503215 342555427 91132735 46158173 705195686 781752857 139346001 667376528 661133214 443401799 924533733 444492782 997530577 871174757 890608907 378428445 227111381 898150572 844307498 478757849 589568636 170474101 708931476 818427817 15363264 738077974 889716080 768015417 124276189 730590069 762028310 735181427 785271736 11804097 27577676 841580922
100
729797770 216705300 865670382 670013709 218629951 73002285 721623555 512365683 450056473 64630568 41577640 25005120 538382297 479887039 17013849 860315670 812401382 788804391 451104854 808867587 726320275 173329735 832414420 357426810 17116528 681398153 361272344 847419654 591804900 827910752 277120816 804504009 501339710 459831702 197936635 563683816 982588083 47065267 446724406 493194301 108874103 934437339 842783403 471186150 566587134 453574806 809627879 355386218 117851295 480740722 680624739 100978530 306125568 760121505 524997865 524404378 4695414 894875923 580123842 305855794 670261243 249726268 370254482 722774566 903188626 734629445 2163121 242459663 987130266 381975318 786215796 947156471 931994765 546117607 467617935 979691391 863721405 677305990 37804883 779865476 481316228 538930212 507108230 194307651 523875410 741118626 110801684 662026590 909918580 68456948 857144275 182278964 437896553 885174661 760286852 458335901 236515306 624200146 786125917 804685250
100
625451009 954228975 300641861 444996169 448407004 792783075 347373151 197086489 305802030 404325061 108243169 823661932 854578908 492793677 122472401 868449791 875184917 747547799 96363788 637709656 450734505 743920927 66707795 236230598 349487377 949918048 64317359 660546169 71897181 512606384 567451621 660366574 159009951 27119041 771639849 155138969 751928960 241364842 679519190 413036393 75013178 353624995 632911594 145974007 979075259 707455944 319413250 740845317 257936877 584851375 820002767 794417527 329702327 400216496 424010868 838764560 557944608 665753877 869173050 349375463 205263226 584061446 789446818 753120387 782991604 424132859 985491503 434162840 772241667 534552818 951284558 91718881 797673505 933534713 279215993 206760262 391476608 630354924 779108258 46132074 990911123 97852777 747406009 536880434 413359897 864130659 662682710 189174888 146979138 421046819 790465203 115503147 883725605 201380585 891272122 384907576 555108668 864848811 530389396 448579155
100
385451603 322283303 360592264 546943776 576875422 293912170 478632931 144745857 262648937 702363848 924830986 843298362 243915268 698424815 707791815 766199440 935409622 615517787 120790685 22960775 851383456 817528515 788199934 544007877 94273676 216697789 892143410 630367487 574455926 909542699 34452255 386022460 978869256 349933619 357702817 319191206 243142002 17798608 924138961 312560407 740307328 598320473 240941949 552636808 93753162 582905478 334422218 439716003 379088975 937228110 279993853 115141090 301847482 2317854 32214247 252976641 868101699 75322013 236030895 268740585 112931543 52679721 454723661 760163414 81894102 395028004 808434083 561724987 395034538 706757883 853407371 56465182 83957822 821386240 496139036 636356129 793600880 376108334 482411613 913263795 516051941 39073413 562030184 707583404 441530338 731851745 64813421 156823042 470276283 448110652 898878036 402296452 445143790 441322332 5209782 417178193 180050146 955587845 169638329 148222895
100
997190814 493210574 266157402 148268692 940716893 588041290 952741876 965371556 198835529 919237364 643285775 228099778 818861063 270924878 158973725 971706955 397097120 464987449 40364835 28106236 576471895 444827169 228174413 829606930 934593846 748502128 709032408 292800553 427895703 382809795 392008385 820655112 100329838 797697039 403455782 797027133 344275018 98618895 67587593 543231361 314827342 807672030 234256852 740446239 388150369 850921083 780215314 397819612 804713437 548974206 530548961 590400532 990475895 908837705 812793104 570831742 6983358 144274698 8982973 647409280 839797417 944400629 151846711 778315214 569122839 256728116 699310864 975487190 248945907 896078647 557122715 196368561 347291726 90160520 421484416 563098969 208036817 81411185 889540613 676501494 341366577 786073020 950842585 761481303 200568349 297807632 32191869 563806257 219669942 801117797 623219949 59241576 696363785 815441875 304535569 696749615 374405179 985463216 740753544 158524088
100
147111185 286489249 657171429 900374319 463224106 584189104 934750111 518951727 424695639 528557046 648797460 604718856 293186855 120450847 618463521 315838642 198560178 410626929 372857341 954742509 315970568 589213944 778823170 296746915 938869849 641694295 425376563 737962483 175742078 702032885 780695462 682600245 109080406 279698693 892773033 663924335 136712772 953037980 876887846 682076023 228349044 758645127 227502517 918329705 87456627 796704179 177066539 680611590 732542310 313329484 912860108 429343459 556270852 300728442 56664363 910429812 843421808 822306556 871660385 967137937 762217512 550326827 758367259 690349943 193623611 998414380 682223336 991936778 487112848 641506799 837258364 831733964 805671131 520080890 902237368 927239183 998908606 515948605 938416391 933151656 589840903 57536468 282126942 627184146 39131048 684612291 305871928 314536261 160427487 218477735 396583700 942816199 526378913 294597878 206426184 783417206 793012328 343349030 72444217 125070771
100
114449220 352421758 120026745 62247217 430784030 216086492 631885402 359499270 46540688 327979986 681216840 231048805 711220156 133828531 998542821 505241583 728840452 719306932 954858493 411442906 595533675 814874159 577879040 656715462 151723573 67594976 489401172 564931564 909968150 286944657 388011249 644412480 468544294 173423263 107910315 455837325 173053752 882173042 20659135 804336301 183244136 223724522 503934814 124082168 275859276 85879280 448715669 785420610 40026252 816721359 393699329 917201245 508818116 876356342 768699602 44617651 562651115 350383052 748489949 170508896 216465372 808851574 31013573 853210173 865236041 868512753 628808103 13777593 752708533 35085349 35958492 429448666 319283130 453945457 248024021 995518590 893018593 729286417 931173574 284727351 586243073 249963288 18401568 554148006 115081756 365966438 642388334 789186517 549638836 922322354 151423300 909065067 766276431 458261463 674824028 16900837 499067204 618353305 425861608 958975324
100
408211066 703501279 768413435 217121533 821159514 706061929 236096337 399711035 177204238 423005629 339793340 150908760 341340985 873395492 457768006 236988304 732407165 949705035 409953295 54104636 985333181 18550290 763118598 660481801 75313539 363809455 173155407 185136184 358702609 814161700 365387689 857677933 957001314 730474548 320920510 340892565 186628980 938280916 36385325 640357246 765494899 200005116 504675298 448044563 182132093 899616927 615376974 240038220 545288241 77465554 156131050 3924178 827936978 172122643 578385907 462404235 587989905 416739689 348432306 551599716 862032366 521007603 781432026 471709539 124586288 543639291 704235180 163774714 692500417 854702826 53980047 611821697 894487759 200837809 850329249 978817086 434289696 307444399 862210983 149942227 700100382 566805200 40409769 318287779 590664459 43000486 128480543 821375938 969808679 762426151 940355278 135521235 740789673 895537065 456680427 436861961 111667361 470556567 56078367 470791212
100
55427179 775904981 580022294 9596763 11864878 921358443 807577841 247389380 993407092 640989002 241821919 638912275 144973399 480132059 102921642 54079129 87335915 634834212 604163990 305479655 309353399 103893963 583379783 775909717 655867807 684402359 447440943 501437961 438742334 816793963 342571996 573337661 363345273 614130575 563570189 177810617 511407509 511688595 287143841 691067302 681526078 766069977 674393275 86369335 622216355 895101085 798900274 310212215 508399948 426768458 16046828 315063043 926215403 383082640 960586186 487329165 521877603 599521759 249453940 361305391 830165314 741643912 789777626 117830193 588885324 458101445 180920485 190721116 533464540 962385910 545555854 857353311 79283899 795139282 62815308 889934039 749966174 205359291 370145963 777993790 703904167 702577002 266768168 246628033 736691688 569341578 673738252 411684441 607799280 668842882 916444162 305049737 138941841 815328848 381440513 491495037 847885034 363835741 932891737 31379622
100
235384733 777597029 484802502 29937593 446403567 739754113 402786333 262734533 106705725 589372404 276501110 80470402 125655042 907552645 251587416 135106164 288642912 257375772 684731839 16025231 704196779 564898938 196335105 515017265 883129642 183973672 97227487 800675083 546584745 940546082 521763065 785532646 4324197 522074817 189561427 808930524 531747700 972066297 497471494 484728427 136916289 870933164 653829527 730457048 206168787 53827876 357801754 860911553 149882529 710693525 411426507 496948403 23882422 75904197 803244183 116636426 74945210 517080256 166189992 797729001 238531683 224341723 916942991 186168435 383287993 922157716 569903734 42685806 820654395 747468590 459070001 820926483 144167133 565705202 383832379 376840362 967632374 603631187 366702823 836177260 934042650 862745521 772526644 48942593 906510610 227507346 853788306 598780393 357636734 200320904 895040826 489355336 785742435 977250253 593259356 94937408 861334553 560639851 914389002 641263904
100
957770181 213919926 467479052 150969649 640227976 303060356 835248976 453366824 882331296 227716419 905541082 671337127 688951948 600959707 62971344 31247058 622454242 109819602 760033512 472069552 900833739 326453608 759630196 227683460 442064322 238227665 416300986 373811223 114020185 983856057 589359767 547207063 55003224 452806143 835488682 639842713 755882678 341817735 574702027 293013402 22694764 999452489 262397559 519244352 373361136 977725608 518836736 396710342 475303000 62924305 806507211 664157916 378476028 173059718 620891992 616488378 188001119 545578076 335236933 671852099 111382334 194551486 24300707 902719023 992232756 174687124 681975298 489092585 902075404 748824407 479791702 486137881 289824430 409839977 280700654 872129086 779259772 231693174 518972483 766803048 85325406 672080733 595043644 437030527 480091640 567680861 653564731 163574288 94697595 740250050 330532953 607887561 10346706 403132576 853579896 226672979 132836618 446972076 725882362 420810054
100
19763609 499901586 551433962 404467053 658995504 60873061 392161740 707143995 674115736 274311349 644850461 931441445 121775165 123731024 765916192 66405816 710645883 843800547 638362124 405750500 64923675 573813426 409915502 640003142 983568058 562769303 280956223 977500859 922653969 381156455 55968266 441782031 974361245 957477118 757608125 931250610 611144277 923823752 142336031 443867431 477943858 254269162 406747040 29906352 833660905 515106476 809180744 628943101 409862413 565498454 493015268 756840887 599200698 60571059 20098953 945022953 211128565 412240198 861658341 450607168 956191331 120175214 225310480 33320211 103954829 902203677 138739543 343149059 402665619 411661570 253994367 251276205 34860576 967864582 338127229 449276040 42280169 95894144 509530226 98064450 624307477 724369541 452824734 815247673 72729840 20920327 555776537 880564995 994569575 751194340 776024110 745213220 672435437 390276388 456114587 285494059 311943178 479079514 698589409 313870651
100
543994674 400473905 678558670 821872954 464195427 18629139 482903190 94143824 757763647 132222320 794227571 30767038 568342201 953973460 151517188 845528962 100557943 74313512 573688591 787198881 497758772 666143210 753053797 925743836 321006167 15667489 578148872 504200260 548981304 338406655 21492868 52376032 798888987 15654015 151398477 909181365 386012991 995525242 311323473 792412354 147258185 303950746 39873491 826754900 858266549 839978091 116927679 928882226 327888316 162093196 973440359 208387473 770735845 872339845 273039029 482574509 906959621 369271469 116948574 222593853 969961586 198109084 992822685 101369848 580440786 885800174 752384061 663545791 128980157 657922790 903111045 272195946 201369855 79356687 335069431 758728904 222845149 137562823 689644639 753361524 987319269 199343193 640983236 542576961 157010872 608268818 933171021 648828031 445798536 662155517 943862661 310787673 234488833 775661037 145831733 809885057 778900207 260277104 706361259 406837277
100
699907913 620815294 619370190 810925930 778841770 815423006 232319972 755116091 671816537 425455454 420622378 749408073 750534611 9322576 62402282 117647943 915596189 449768223 751131583 932007011 113744717 377426337 671144737 31387670 969718919 593110998 596539492 966139838 531611007 476557874 998611203 916011636 511337743 535576547 938361639 711448232 189801604 853708391 324980062 308074384 761695879 178625407 313837850 229431777 325231732 508444713 133730444 763257075 462841240 353989560 519786734 613901224 676455668 894954950 295633579 169731814 754499548 116099351 785528691 915646199 468533920 577520433 14674007 370291410 965391033 678661491 644750247 435198745 346001741 69866964 628447718 126702692 379501251 128244335 861811630 515552917 763702603 451958219 218934982 167725014 483584471 390881664 103298406 800337587 771037725 212890834 65641925 762369318 48199940 63369821 750582214 894454424 430262227 863546378 275208581 921062634 971453655 867127318 545371806 90315360
100
357012922 899273409 85811371 673888060 593672443 773816907 294801414 945097384 73991017 820635640 42519718 530776727 938930328 538860367 763359961 933419232 839954802 296828109 468690488 920941551 617106408 515372045 789617167 258881310 580327718 949150794 330658227 932774620 3573427 189102840 286387106 855698211 512609455 740901738 631557511 458843571 609431392 187933469 131971178 11064277 935608756 501503687 131562461 945817300 628267705 857893514 880611150 515886595 784141934 85676217 232068352 660935851 385101468 248848919 165513662 380886224 155150389 835489612 423202229 204229371 10802730 201864200 57131409 969237539 75920796 312531675 357847755 365395718 317652407 800430390 200675466 303172421 635142090 572900937 483030268 881723760 328562817 543878150 256490485 734460499 367915345 717297907 506739917 207666436 654563590 443288004 104263195 735617314 925252122 186697737 501939004 831485016 965109661 527864380 735678709 96591171 490430719 787683673 923480383 769633756
100
752492425 260969342 980492989 889806467 996730380 416633249 740875774 929191016 51122685 488322687 485649812 908607728 341305754 956259191 848826482 515316358 319906504 878877391 402942223 881020641 184465749 72378718 400823816 197684419 77776297 614936609 866661456 701020143 936034271 625649784 847887566 33926302 136356014 268557110 26792053 637794880 541956693 358894002 529788601 476295460 754682475 669765531 307875802 374495818 616696249 266194926 724604810 438553429 431974471 968619636 596555769 461294579 371332566 20347926 365724165 594376777 527166051 462147118 623473118 885681050 224133081 858419235 106131673 35120762 956109559 88742190 952753213 921766138 661039037 940836410 242907320 495862130 330669949 849141146 482708306 957196781 333545130 193134014 312341568 631485133 601815946 950792 846738870 563263483 7868852 268971236 750037014 496071445 599080695 996593555 789737432 602807132 376558966 238379035 3857994 68127561 496342221 790424917 913737811 163783081
100
9218586 518362152 306194110 182855260 429376211 36492399 898293247 68705042 428651988 173963502 662819325 770263146 656859726 803109818 670970057 802160364 658207532 466807708 451569271 666707398 590773484 467124365 835788517 546111777 353289136 716301164 426875813 628612344 865458860 537216967 893683071 610337150 857390659 74445117 981443670 571671389 909497594 51057351 685695218 742467661 430361154 208478938 774155990 600000515 398487817 720136784 4644424 229855125 813208499 711713080 424127396 823504022 377323480 605694109 508279204 942325895 249094182 619312616 482656008 564243647 121788251 211563084 980950445 150117081 29982810 314268244 33754012 800431430 606307667 216852825 338491765 240586544 859737032 247878485 926403225 47129507 341872109 127938032 447055731 982279322 608602061 800248032 588909397 746718689 346069445 724506341 637471056 314940087 56356558 199375031 504472498 426474700 83626385 948235456 559337872 178118309 855398818 187180424 76646502 139098309
100
516505351 408346651 387025868 595435717 635245728 676994813 775891321 769057765 913872856 471124614 627365723 80521562 690690837 765813158 45084594 736620325 250371802 569421827 587214681 312958330 889190239 608645100 577066735 155792026 81249306 865853533 43206456 332192777 570580251 542405840 890095602 585784081 36742126 143972154 520389136 661466546 857484570 321075839 51720550 672027103 760585520 888254268 718836348 486028592 9489154 434322031 603924930 803494226 518970379 848663593 45487504 812038247 340319052 672730375 618576687 962224204 113577456 127301708 162608500 780797041 1544935 684413211 752777278 832346175 564229290 915632196 12237936 320220205 645924983 541981768 223922690 306268161 283841717 576765406 437592804 600249499 714756918 264086685 170608469 337717220 667086510 243775757 753007871 702653696 423163053 158512438 196322815 108017972 229062759 418033115 646133194 823904715 555039387 711018313 479006406 89387155 999669123 335169411 317184982 390856802
100
715265618 663890294 336137973 427634210 974854503 377290454 142733877 71107882 544896458 255216159 847975663 229958199 770629853 744880274 569321267 908449029 174704853 924407823 661161146 596202081 493005599 491819511 722022154 218227198 160243348 546506426 212548358 103870283 770181741 691589253 513350031 891497221 138003123 796793090 717642760 118834348 160381033 113064390 268519624 49017273 263458428 371740376 326095056 925085828 289670854 969092878 298727166 456122922 715295351 759874526 189582376 883608929 613740162 49290136 871285140 568142594 662035411 837022426 289524491 865086962 42484030 998314440 947879734 127875678 511946377 935779887 806930846 484236185 729906596 223732835 232224864 760691501 76475883 876434846 70172306 968405507 135855177 547701603 835440963 665976350 535841081 938193549 790907172 717556125 83579121 281079596 310405937 862650609 887181863 504044383 165437721 247739174 83109117 629049665 506795981 799751805 773030887 221956003 561435316 885635866
100
183255064 766148981 759804570 385286527 53192082 451574024 778245270 771320194 487952588 583860336 928173426 355067228 442404214 164502248 222625461 976164726 788675887 682753713 947769682 414633346 489240236 231984814 836701227 216921658 45828151 455980402 608930596 918502264 161740456 802008963 960862246 967960039 965883665 660059466 783423886 818717408 883593089 562234805 553230726 186654051 865822998 523124035 882844858 666624847 312312324 300779585 477889206 258316426 268028023 563285024 424721064 411803858 573664588 130459971 963311374 208306687 559950975 105595732 464971526 286342493 926694282 548146776 347493971 760957146 793307907 158224185 325421739 226309612 338241044 147450637 640061927 649490006 895117913 566393005 862823511 65477817 950163914 294078843 254401211 911998321 814521048 950620378 774255912 814172255 440239475 32167676 703770586 376965572 858530273 907575157 927968046 696235637 158810121 259817426 425449486 538743058 1825523 732246175 765879404 373855821
100
349320890 523192487 577379951 786360239 280316008 100977580 109764938 557936047 131282250 583942877 14879882 92875933 62718173 988431402 52094049 645738723 45150332 699518074 680550830 171244893 969281928 66993428 120783361 819286060 708165430 880844561 846606965 184682498 787532504 689382869 726037889 644805177 654497490 947369466 588850632 501827656 918170580 987680738 70890237 790505891 618257476 357710624 418514224 223957307 197105374 903408151 228087814 837198804 364459399 549719282 352466919 873965005 826001757 534122387 732388220 845352357 617153470 553473177 381549955 407263641 996046752 283408930 609394837 68858280 352625104 427895072 797648450 700546081 831161746 241273917 352455135 108923348 367018907 771303559 222503703 806916032 271500528 326052442 897442829 985913432 156981621 748267672 430005435 32689668 395997570 727972188 562270480 410704874 740368416 337873651 877066965 152391599 536680961 299483863 336948311 183042051 388787670 193685117 775162442 489906396
100
980555769 224951783 993304090 470071050 714485303 354666304 663539958 257949950 41084989 237157431 592666952 920901200 839807368 266233081 972260308 174198920 266908637 490952758 520724126 605528160 818585201 501094466 856541614 899294687 713227620 562925358 941661883 684827325 369864451 365715203 119789699 576353749 297267166 911433709 407207391 110509201 940065819 88600635 475575964 572334 928686980 491622942 848010244 105024696 305121681 520450879 538712036 78696097 487908153 599716985 759595092 806722349 248676718 501415176 661851512 395616179 390708129 255638149 43144188 19054230 627932168 936412067 998776920 213948198 895816102 317418959 65280840 385428702 1816104 229242150 735744180 563718321 299036185 798390455 32699551 803569402 734307180 686444888 874093076 977699492 213542852 219290496 363430683 346912016 135311397 314717682 913806960 696136266 302769202 942114718 264770653 119829505 686029617 798633508 13636188 775387306 611969429 6281342 567559674 933883400
100
309647178 445592414 979707527 890405956 950887165 242524478 257099774 150302869 173432960 57041899 307492449 378842064 737624288 721018210 915896686 858017865 187177191 978903710 199469810 976996923 686963026 724175633 704495108 457564486 586923236 988845836 843784430 270494719 20573074 141067036 851627492 613551302 688104193 56872468 947142352 421451829 601825748 153490174 554976624 96664612 437861785 392206469 216781440 7795398 758031803 770681710 861825548 252642715 250251447 674095667 329137993 837516878 812668764 301197252 918122046 14331694 482476576 491587021 598452726 946810917 865274504 849656233 215193765 727488598 759075748 286805357 241496272 290691562 398674271 773625282 484867215 527427882 233794764 836205544 426327814 838938364 637185980 129670651 646437011 203950080 412175732 153641709 436963800 171699299 787745104 430218756 530259936 387971661 247339088 841502411 369563019 339632827 811112916 527397160 387906903 686827684 840108732 852130993 469045765 22525565
100
737756084 975971172 391125928 8172970 702967856 241173112 407881759 601275546 196121712 122800672 490872653 60863754 64945775 865528556 861171389 736449993 525120433 574932251 820606276 820191103 759166170 318793239 820166986 244138880 516364361 105199753 416143175 250113010 894059144 503666092 939448511 92908441 13307197 890772753 183187355 510246446 272185721 127588968 643891924 624212197 291801422 313517408 886947874 759601204 611124537 595960236 90819044 253176604 971134473 903383963 430076797 660204884 196618205 810586809 137749758 446592031 652338565 999824033 311681484 983856331 985702905 6896770 345221136 280484604 994341517 459938739 348920894 946478739 293137040 227052330 589488526 215825868 454531583 483020858 805947956 456145491 977778120 955483833 893917518 681130280 12758273 437429812 909030117 551024788 430324035 885846494 414714364 977270468 828454986 275783548 334197171 376887895 823014582 16061172 214175782 977123838 215001021 119665741 802436646 52474589
100
573249534 872642689 301338478 246656842 981491214 328419087 880753811 277668507 768246614 997014994 833303464 763114871 188921750 925035555 976670814 642760644 285319533 887315789 61396363 576192546 222067762 72710622 272524039 284912855 285346891 392542716 534298898 478813086 770896879 286695179 150304549 183307474 720504985 288083326 111972151 181683212 33740212 721893243 819958060 562433658 777807032 278708730 858025219 673486086 674961664 996045450 787292293 512553527 646944281 149799761 143747610 751474065 317694399 672137683 400913606 695784506 777117780 308037767 957501242 449284806 837250016 870412299 365207427 908570289 545812791 365992307 981397134 563912975 134616808 89964417 325223011 45841517 362569557 510452544 478554948 886552780 599992216 803335988 124145267 733706432 310257725 834673405 607015367 645795307 236380396 155100378 433868813 960179183 724221431 307579016 628501970 247205126 792482027 744795392 963762512 402090432 498978231 489987660 629784157 714902517
100
663377032 64018858 218317646 8061118 795347495 554747468 528227967 563393281 765728322 321564491 477295881 371799985 378018380 202349194 712227211 223119866 249299437 303859421 312476130 126439605 734566172 594656825 320328185 868343693 756055552 988916465 529196487 362107522 348971209 766205000 423782804 68629341 588850439 38297726 745550903 43690954 108524304 138211264 488960813 616206117 828032978 736637445 263078935 117973308 14773355 778901601 412438947 205792141 628473769 316064878 935860436 302978997 261259294 905055918 167977422 401327829 612360837 79636260 10729622 706901197 799842189 180866349 725664677 618587267 864322309 215385316 281476740 520990870 802579405 291084518 851970023 247294962 628595701 133698741 549609747 297478264 740160772 354538197 851720228 503486128 281967285 381891577 565296363 416249597 238175242 779050046 412517648 531575643 284622616 380376240 4388238 531133028 970215246 636369878 116506457 414174207 358343611 619083589 280825475 91406947
100
554851143 635707671 217747553 94339411 748413063 761333294 226052179 784883498 34542798 586034632 443319498 852308919 337950495 972667938 184936414 611379503 912486648 679464725 396617010 151893570 521404709 511067152 120256839 368581581 495259713 846915098 857178655 889286409 906402765 520604740 446362609 578398742 576451083 685539167 902432940 987002346 931111463 886008774 829309264 111008282 291366389 913820626 573250706 44498844 466102866 246044354 653196826 109414467 750266022 890715229 26431140 901283429 999668672 973088406 211341694 207052853 882049220 488816744 203477690 3437724 601419172 768311645 458764430 458897713 546078888 333309932 252546019 775408351 521723313 404805087 645236282 851125572 162120020 87809839 887330365 701370408 745145298 647686862 801679964 291659328 169931418 814441811 66710196 895676490 656965549 329398895 261781250 433210493 235739477 601845039 275126274 838457363 399158777 101283107 239074363 216277905 176864462 464422441 674458222 176422286
100
709146251 197065691 948514346 814278094 882887026 740400262 396210495 67810942 599747207 28032929 735648002 856316448 352300551 833891511 557335621 154704262 489068778 67998764 938647968 885481449 227483957 376076756 951481186 794596800 98594390 274319413 968408295 272102883 19086193 591120923 22314629 813318473 641443092 239482420 596988669 872343599 283660372 663064903 13695672 824724705 495251203 324806238 287702505 675583122 41101581 656226181 866387836 414855039 438443201 26803161 390276683 585736879 337837483 600439732 305069220 207300672 872368515 730826771 948990516 568088894 469424672 550522758 204124913 906847879 232159698 750658649 75211727 165537170 679333656 168814850 263417104 523533953 143060081 398512328 985106016 477268926 381276907 927952210 755736466 705591208 170490228 847558577 719305611 738459683 109754849 427630417 934904950 904119316 941421411 773147974 240381344 295399726 351217859 528864039 387000631 63356847 691316921 28699008 3415616 704923477
100
928592437 811288197 242269380 322499863 348553810 134438643 168490414 960627942 457641796 87822563 672028971 743207454 328968558 893695574 867142056 590465802 247282813 870600745 837237017 459794340 44981657 565984631 253947937 984789802 209813664 70726681 261288475 695348344 450491341 955650319 942592712 568158748 141811785 815452876 625355842 226189076 408903293 224071679 286660988 565365136 22203629 316811411 597456074 839859532 79987371 316130936 934725209 301628189 787755542 927243200 443802065 679350314 167278591 367775652 334788862 487219570 822620751 636308275 505915402 87838013 239843811 461061115 296040113 200279349 991084504 214772740 891243493 577203272 542107509 786233612 603805301 965585169 133794056 60750262 325554356 900084538 205050477 74549885 220872141 497876737 203371163 750442932 866600251 209410623 565330354 907550899 181458555 889104313 693292493 312293331 375298822 602430364 813461836 336206712 307237163 367145376 752376661 678470361 899480130 169795832
100
306788286 360071200 46290565 698577627 791887845 537414519 206374461 921992289 976173176 709357400 284836417 531784258 728027692 800158019 801821877 830305186 112261848 61831798 631539309 124232698 884119169 166250947 416654074 676784786 241985138 392522509 961120368 721032656 669777603 830567537 853630815 860270375 688929537 370593820 652453639 819641111 924164209 672580295 823694536 431742129 27996252 668237827 876405586 438287488 173928342 936223463 285796813 948786056 584289445 818619532 64531522 863852902 937500515 48711958 486981634 639660721 694364449 592522646 449983596 628476 436144654 354371686 710814846 198037556 399112560 597773638 573101995 628206373 708709573 366594987 597295609 599184045 1161232 869933389 275168039 352988446 334598476 670291911 198350659 444814797 446619361 72727617 538365013 671670545 998340 601504209 304850990 799397744 816582253 410413479 811178431 748380382 260833228 515319545 894630946 75395229 661256324 593934714 196271355 998012577
100
130705102 494666110 118593830 948195882 260259717 767246703 555864167 105864860 486942135 847616654 217574024 337908739 610179849 147685777 541029580 305135056 771743790 766607773 941254167 655833476 783238959 323718023 568121061 468882686 47672494 747242212 420578613 417333218 317955480 996721130 142518198 629416005 647894966 691355851 486955041 136744480 773044684 647270100 425615162 487986182 319481346 306362074 843374250 109091535 973998807 346598543 905451634 657388536 110080162 912028254 357795293 595058124 934863900 170599222 751909577 578053171 283732501 211070128 215979700 751563815 542456900 711651860 172543728 453545488 395421872 716267345 135125052 297386851 527844512 507085103 823499261 584649028 110838750 83307335 558076266 240121701 8824602 882699130 371663955 640541972 30420171 485412757 896671973 731625589 435477436 503861555 352070821 34852922 849284798 720143534 46106122 707164583 655152980 391804967 125921446 707050635 711752228 316436319 171186148 768956540
100
240798359 555291460 993451220 184824438 275561997 495566601 878600600 294496554 200877916 138203901 668332365 707788792 372631462 155614531 224550839 798950197 567244883 948470705 313344869 598074473 581896102 570325730 210733798 679979804 615956818 575621714 521071346 792636449 733444035 390941983 73826392 920503245 833626632 691699619 936507440 203480678 599775082 104461655 540631123 729838087 981818384 704478593 300526489 206693459 417451391 876145780 92415752 3161770 733250298 520677822 480833384 65402669 957187268 437280632 900983722 377528805 920903939 400389699 496669972 571589312 444953992 521966073 349254885 51989422 272515738 860311627 798376338 942444533 975099543 365073415 831413374 555444363 612286483 158837284 789711119 519177780 979557593 559974066 505420479 220547176 582014147 35509746 930377692 997552241 838463729 124820236 742625482 860444531 358833221 343102863 792631850 161697655 512105251 362473313 714212299 875451306 881746182 162864126 547365683 490612182
100
200470489 230361360 841117100 918219967 649112330 344022043 318774380 650066461 938105877 180184705 579176337 151314638 443468951 86111226 103393699 528443865 331753726 900680772 412625455 582949669 18081614 157059038 721238360 270291289 667727441 883744679 995173612 505264964 510235821 955722175 81982244 161589043 471090408 311992084 420072198 281857515 241756465 949978231 421013537 181097110 981462195 681136031 884294340 823417502 662978136 228294336 637313526 804757610 197124722 793661042 582354573 82422762 486358933 117041678 906121336 919872723 581653055 944281943 181572310 881169811 222249003 488732850 117727271 586446317 597460316 292198867 393082524 184095254 203714686 972093580 643378718 686105382 244598361 746270533 781759152 400291373 832154156 247968972 329955633 232898411 190699976 39960057 167106035 913931703 120782441 760319567 671772173 850215387 187407661 886985477 383149847 438755860 620447298 164727381 463213478 780489537 703825123 140928986 649639256 885861024
100
664302519 93190614 870503104 431194616 362333968 767126941 657742272 491031330 178408264 521414026 130561232 352145960 832147728 943752102 488677179 382404374 729357077 378018358 310030808 243643482 475694834 384233258 884217929 103439082 376443539 554049627 275772905 550540138 713593245 657425828 460381893 25987386 65846522 101074885 348162054 228475649 141937854 264648687 617231423 152243957 472345611 79107619 646649070 627725477 165175622 640463356 991318374 386383669 122570779 915766100 912120026 224606597 425211838 986995470 380733516 518908773 46049749 733499180 330409619 745946697 645204353 829955627 379372689 201888807 925029432 422144105 76328633 411697022 874071455 139218084 767673650 347785362 515518457 681485376 578511780 671678065 943370436 493793504 305140634 339596565 495060568 609624483 388282840 890114683 454814498 703106672 527367378 557455841 54420339 480502341 198358682 520672020 99843367 871956653 832046934 404158088 875643657 145193502 391339865 554231581
100
88618127 382897424 241249412 634587593 507737053 713669830 59471690 905438330 492542628 224448716 115385440 898027546 957065424 407585754 302229723 519038895 760177468 465060703 790328693 591068463 411486088 304889460 129274067 411585165 865965896 342216897 356402844 9373148 389829260 829067916 766300061 965837626 980070234 349597235 197186789 931144841 811579985 354426569 27709716 249846756 117179466 790555854 241375101 975694302 187310966 835438154 143040445 748632724 97770112 797338072 949589419 172212492 896955855 527118587 469036370 468550796 769678476 787528406 292965762 337545174 183125956 18834891 431134610 794267684 152201823 191274934 235473861 377536376 419809705 123496402 867723734 177665814 718422236 493076873 574112648 146645269 511567104 769857956 99535658 240957730 429148360 640791918 821283718 217976378 671449166 475388178 777552556 73381661 949525212 722503516 416183407 938715588 156482308 628902612 657071539 767838014 934145526 662345993 371526968 7778099
100
22430845 997302235 409334095 668552264 818515219 204613915 259457529 198613990 785568403 193146403 983169162 892490207 100334265 567488914 402596555 227278487 942206314 151879785 8499326 746572836 662782941 981388108 498419640 626330830 422946943 466920495 71891339 309350387 785126103 521796722 445727651 664137826 874762283 501293393 581417909 579962292 909538918 213939111 397742723 360785745 36990308 160185836 948224120 97554770 291058270 778662003 384197596 832382744 21812751 920037750 674597133 678526038 898757161 419736568 502453736 38168605 865725488 689015917 774811027 372983786 743550509 942796762 918173572 838931278 995111889 153413436 981124554 473025518 273340502 641107213 401395182 787154729 302150619 956879133 379086565 992681220 145375261 776730053 584384557 875555852 497458626 253405885 361098844 645085897 344949153 328163967 255382619 854752344 703060211 434839526 853797355 397608302 603722081 614837870 395611708 466454401 732089990 785818162 738438527 196983311
100
351452817 749563254 207568703 219828623 360724259 208660084 900285440 505015071 710642598 155067119 771977658 761436459 862910156 778238934 374568936 278099266 492541090 658377605 619052585 272507610 327749390 441447597 944291667 213570854 392616894 108978747 699677714 395517663 352435543 743601475 675243421 385265912 705776531 170028762 26573745 383017599 805561374 889812198 242985194 78001980 82530117 862220504 228005218 177434639 721592367 332449324 13291316 616383596 509224757 711264791 794841804 891014361 712971615 992272755 220460955 675990297 503930704 543773613 309654477 827053081 113544599 27712653 61741346 309017921 105917671 283432798 74799597 866748812 69177529 502879973 234568563 458252945 848614185 813054993 822399157 190431974 130111927 466179674 670852909 964665954 721937921 855345866 201489484 248544925 105598338 458004889 186197535 201034976 64158743 790909207 976858239 306097325 20620904 678968076 528193028 369620809 338754586 399330151 175402908 135329074
100
716477793 654590530 194378958 274774807 801550584 973441147 25468265 36461686 411933640 578742141 475025081 424485580 982073891 77313421 753421510 561219616 449109673 535082714 675699537 554642643 939003738 513993186 338237128 414208024 479526163 595339438 526126859 416321732 471764412 352941615 890093973 690950383 378694572 554410124 585511391 963073963 25165872 757972207 31549511 380010046 752305857 154958686 965032985 882340338 529221979 622805149 73956731 136724131 20809979 277174750 151940713 195040066 620796171 19909807 12283402 154425003 791883087 841823283 698344297 923536939 496209466 408369524 883817849 279299308 640237920 9413415 259596825 686235387 589728728 797731973 856011468 927922873 362003607 222702025 737938794 831389032 219458365 134480130 539417990 24854753 419068114 603804870 81678119 866941103 737670814 975026698 102545622 235542969 476417929 768878131 538163975 194018102 86113068 640355052 297803559 768983754 538667271 811675911 816231549 779590201
100
487768926 467349557 335232945 214360191 932225485 364385947 719291020 948680397 173068068 951265221 288587058 106665877 620796629 511645753 596566916 565904576 727680800 210140099 973680922 771690819 737650787 159672571 26252631 973201702 689167490 324165380 816860017 16948117 676763867 76623413 19545654 201261706 101241939 957102844 277399726 356036247 55621806 342420184 990079917 151747054 225756512 988125536 707959273 68574965 304727212 187092608 198818501 101129193 429326350 659586676 233545360 280566726 604278454 472990806 518342726 464183524 148702963 706045086 99835380 426260097 117026050 798039456 826460141 293389736 401498024 521117878 639134143 221245828 901087334 666071834 478691944 875899782 686405571 99151001 143725637 867606151 663761566 186589315 641466692 658945945 794178236 20492157 433634737 844705350 576952134 818636042 682821671 146451439 12507312 501699465 931311368 559305770 752362551 40027727 926739905 348750151 758142340 91646284 681487889 214432233
100
876467212 504555967 737498240 512731528 136383832 383861812 831347526 777544363 438023287 294586024 17504009 679407281 939809921 937219446 874023422 375936870 53281469 990380178 244826177 639230294 320425633 294818900 947826327 867752557 69593293 697454654 454554013 682250881 352750056 948983873 693118575 231361022 465877563 127472178 285680895 388508917 552720890 735575349 656351432 963135500 394177472 718084879 332425485 805575802 793452144 487658721 643551134 191291827 172896481 100652979 423642038 822642523 357323766 967729137 558960738 318426583 196269297 148805093 316296754 622100581 706506648 169198081 169811266 23879638 695866686 920711829 308911800 422345687 890539350 452048553 410213627 130828627 796760843 236329099 660786801 422871056 74642432 191389547 595862252 180746229 735245478 481642362 352305766 701420323 530067813 12694339 412785143 132214538 599924993 117957945 244210519 332984110 631860277 897593268 117774499 673307435 63689655 127985408 539657087 876838280
100
396053723 608838619 2704076 41323440 531321378 51926673 506826490 456770019 899040781 153599804 473308428 851597018 160357366 18018304 144949743 536209723 697324936 306977874 613708672 917881426 335401580 491651214 697088598 458195534 361405122 647068683 170728361 233774907 868907186 686478949 300659616 144230336 791094176 379401948 211844918 628345099 44581800 34617481 694539571 39767707 556753139 818162687 104848775 493222583 726353045 200010847 696461655 90674620 769798255 632436 159955184 266061141 509919360 15471004 862483362 565519540 540264226 690658964 979408407 839281765 112285722 758133574 615067384 831604046 594280163 288428548 525987419 790629991 721960843 892118174 150547555 50966999 329185596 641548959 352322541 344110059 490245726 295362797 259364472 332551757 553605534 501135717 217672598 108488763 540205529 869982660 897714957 980805919 975797015 850848515 810503945 345549497 362394166 422843937 90517359 851165082 458913856 647685879 804214820 197698921
100
721568131 431069021 700482619 583514027 687995957 540827431 805294052 107984728 186389358 436560951 881145609 913122027 403471709 182198702 245951160 36981554 697867793 645340379 846528380 502910409 824122174 297707196 929401445 569353120 124065252 342137225 204687464 654875467 914319679 320112272 124206605 559563907 800024186 652554944 101801448 145381812 143679868 662618290 465195393 702097886 455747465 601060281 114947936 507323929 444504138 358218070 903711220 46723700 334977737 430848218 588916799 416540126 792306756 84038652 177791373 894204358 712416081 13788035 904979403 850092603 719024814 991487801 706204057 168148680 412332200 911630630 911677076 818320124 75446720 550984745 34925385 680678156 556655456 177030311 499446074 401932785 834692749 913746948 479179422 880821731 608247079 486454890 68424066 822549177 761448426 317934224 579813268 960422098 116210878 487295475 597137087 400699957 788787376 708232705 820286324 517975451 595716956 748570958 571214620 964246335
100
667414948 536970161 967913230 858779615 35224771 644013031 690721737 606237482 425323058 57948972 257752943 934261305 192409919 826153416 52557940 255067459 480186714 501175732 318156402 796719234 69592749 479092098 159894167 917826565 568076202 273231091 372096339 820517013 291353446 948816844 961337823 141552331 246967482 884232933 343334436 742141234 100619598 204671237 163085451 152567489 495772173 881713013 37941645 53699125 936621695 261081389 495077822 762495817 759908090 140097223 333592575 978535184 997561484 213964270 256187476 234374095 379576538 277185045 476138349 677359346 232972680 295527810 231471580 357720761 242149044 765975408 464390088 520220273 96560886 931778373 671104373 42426933 348892425 498572628 378947089 364283454 957032665 789115443 7224982 999038765 490852054 551635727 104016730 442978472 685587612 312695085 250728168 470388662 339106674 943089377 71736707 938787544 978471142 875258488 60130527 184984302 747257045 97896303 656860165 901987826
100
530127998 605708515 920629534 418880037 819498870 453843457 2003844 128520389 64167680 522889099 807196013 4080135 462265974 639933760 64380184 792583886 612397870 691549010 53984091 464540687 913218241 241916583 21913525 985407873 881996246 756607469 240926613 961449492 636602654 572277957 244008119 27412779 213288116 583501452 172169091 402774937 2285997 368797448 752380683 173262767 175799830 671699020 874370674 738045508 742324785 478412268 572496700 808104128 831218427 580075467 108741936 695016471 884247036 250282098 179744590 572446297 467794402 628979268 813730948 95992540 539370973 845371015 911567554 885392941 295373171 619719236 962643178 875389317 560120968 758466714 689194625 14236144 660099446 245575615 678303699 68260569 454829957 77454848 947485211 586544882 724505120 501358945 298025791 741692890 493420608 553728395 740565957 188335456 471946599 497819579 72478151 713776573 760704721 450976281 563373725 107569918 489438240 823917455 686248548 37953938
100
835282236 138335912 577059540 319510279 294577907 992185897 213350176 710871750 598179744 611472807 759326270 478994802 990377990 266758070 288448658 782839139 257113082 534974804 872501930 766506035 102737287 553916916 607359699 87661266 372357184 581341914 419990605 363157916 14638150 132854163 476447755 810858764 777809524 870463486 191232524 419840204 108197124 457013953 70122351 860616638 102430508 558256228 330369173 64056323 834114277 837429721 12014121 606518010 760574943 151379511 574775697 335384889 192753000 588956049 213181408 383357242 343437042 805906171 429858013 32860867 736588546 763877069 813894916 889586687 337761379 519284772 266386463 538592023 764066861 977880910 86173237 110274158 247169332 356257262 796967319 815696152 405928907 68238545 938404943 165156578 293195754 326814025 544966613 372452338 89996077 616418008 124741404 561902563 263728098 702434303 472271490 229610811 505124369 492100120 617379703 82451056 418454018 855956435 804949812 18963213
100
979645914 254635203 792600882 171785083 513005251 327517964 980356253 203862206 613767287 376807373 111447706 194603233 194288875 735208931 653904268 17940550 316152435 557173512 935583286 964425109 581464525 371276786 307530740 230014568 280870375 695077083 458926416 341786861 418203145 99722121 2054944 765166395 249252184 36647287 979069191 841348511 432624721 883125267 747511615 324210428 309335701 709912967 745412789 9437472 5190373 915692542 266982674 332949356 551179666 464304876 159005768 654789779 257474159 88708601 57869818 706011575 948541182 392260998 281963491 915624160 164014707 739153229 591488682 456232885 51958449 231691923 707336785 941643833 330351422 439214839 875771253 506632852 14793656 27502557 993316278 714897585 711743809 320765814 119536430 765573895 452976548 14758783 686422053 571479174 317393638 399025809 8283367 344086390 677368786 251945235 798795386 275998645 604838770 21490881 214763615 29316238 867715599 279141418 202218052 908047046
100
33655216 318319641 789911735 306885296 690108803 672147019 979308037 477758949 615420471 556713903 659059765 129918055 5138923 608242452 465696923 781015911 494979835 6520641 548771542 781241037 390922528 709502081 945819188 330733902 432058559 328752255 610514511 247596889 297293304 14598303 874347307 2164279 570596636 137804894 389030133 710329198 799282468 960495302 62847026 983544966 494758062 908041015 122759452 207390402 214576983 160478067 89576810 417170026 133328046 599702660 229725777 450132565 79943707 843969635 286457581 270600036 210429850 367522926 722028253 289667848 156744574 541798180 755892628 830294581 482921180 402753658 665305113 261476969 228051651 790855555 645756341 519370311 52012491 574926821 160421980 563486305 572150970 242668114 177733266 184647103 689242018 30057344 56862413 843008850 75279177 570527044 636782280 955205145 223816553 26572675 559330227 204654385 611718335 500435584 164269502 730518996 759420571 819347180 433379232 781864391
100
63859006 560075067 207404182 799111600 119193741 347293546 417018808 735646969 488307933 821307657 565718690 798572220 441698975 309206104 140045245 113856405 457953511 666851585 447668621 988042506 353299433 458074073 275462596 546540500 906388960 154309166 134095479 726805563 891916668 257328475 597102317 969693620 131656650 896836291 378445697 431557111 669368363 418772439 260694633 680189057 57036439 772503473 244035967 486565922 653053043 763462569 268884777 942923096 123729866 814900575 241659325 732934164 662948466 114112990 777323165 545214806 85073481 955262769 78817164 632207950 832076812 559418397 456838266 915779060 374862587 755046704 59695749 673923952 810482463 308055738 235056393 128250774 193122052 351817580 927923242 634667927 517055163 980144611 671490645 176059820 211487369 442081935 521046424 956773294 257982590 796711497 471456967 442928613 230500267 857815196 567225688 466145474 800075812 542338686 387301328 492460687 69945212 432935855 540200475 794842806
100
254646050 286404908 71568600 271872909 946039350 77916498 935146725 61628254 826228925 406495367 848156824 863499170 89902572 887162770 190799939 784985952 742046925 359991347 353609711 381427644 850598011 404538634 787905064 404839410 705925504 225843191 575392515 560683354 459472788 703589805 262533013 80646648 732126474 957264006 482747570 71319309 87188691 979161412 61193429 622234890 321556626 419938150 170026825 574437343 266534742 401652800 385854227 640553008 69846665 40783898 704957467 698897069 367473423 979872657 246050688 708302894 751941545 419976591 132443605 681697764 525415137 743797095 792969341 309380191 107359457 256500744 260270180 873955500 197612801 955980481 402576948 150341214 233247216 109474966 880424044 551863053 981142042 927283674 988164183 959648505 707266463 516891749 155687319 609187491 689042719 808299746 614696328 330891640 430802754 326460982 760770388 583693727 50949653 820428897 105113251 70173897 228632624 999756498 509198937 289829926
100
883807941 516690213 151084182 379416482 887985674 163859047 965569138 66594728 4690615 992401534 670291842 992459961 385357663 982792657 755787543 46853955 553747431 386009549 301444653 275714750 315862793 394213023 732515958 24162394 726270914 269247743 66897104 498772434 252146483 725670409 199196243 757028417 49134235 394525736 376800220 515259097 401914570 107906278 713859072 739454779 960447615 835630238 555545358 22295134 551640304 966165446 202130121 571330022 988630259 254790542 971291530 286730209 446986730 681820051 622118028 168120863 604483285 936778831 651052466 203649462 241347401 266592018 88841996 668598301 742696071 817647722 40539280 284755396 633131372 350915463 699278858 162920046 329667341 144886040 277522043 632039814 612470218 86183318 184811915 919088133 51476340 102201893 223406743 205818302 359739340 267381874 306024931 955453420 94629420 974578059 497344861 657610615 919517667 150156998 727507961 217512893 90626069 512043986 67370280 522879059
100
677054956 869886563 629683081 653607718 746830193 331991148 281725927 395722808 132635 413879528 743558829 745609304 420553702 764772098 539389291 253079623 272335886 496250981 710685534 617995477 689363834 204855711 499001522 764980595 795649142 454757940 206471878 55701353 655867272 458842225 168625320 421518230 598926405 497778803 960897392 498929706 759510540 541553537 512363865 496232171 682084033 376691182 966520988 336418273 121887204 161984252 164053199 155634369 855340302 547775237 292170488 5340478 656193067 832459770 316676198 357544451 274153813 143498283 32471063 430922728 901315971 303289726 736915029 713440404 483273971 691060433 940912532 552464449 748531086 503595419 33927476 189009852 747699087 105651120 87916030 716797045 160814901 172456789 804623424 859140842 737707394 608773203 854262960 629529781 491226627 738086152 823025758 392678951 520236388 612996473 334768881 577877154 986290573 748509933 265608452 15355903 965302970 279833706 976680583 296062870
100
631866043 313606495 383535802 477078024 15799101 887053088 935087558 763925912 766006917 156246190 180983543 617405325 967379137 799418691 786785801 296528977 665252692 665029923 392834485 601250314 556683195 118752806 214244501 667646152 163313651 481235045 858308285 743380649 856935128 376182976 784948736 157649603 13047472 414791065 357920523 450800462 190140888 233077186 883495470 611521464 970411371 953512396 532541853 226131227 296092851 495642497 910652648 669666203 536007847 460107933 634269791 810269127 478514157 68148119 810621429 657102133 195775106 655077908 372174343 22735514 938755098 18777557 136962538 634628285 283979042 392465404 710584290 986476419 685917032 44246710 680678704 426470448 620508388 640403849 13052082 781797247 996225524 745174558 802626403 142258951 235680148 206325931 973473451 755324474 289910130 95448409 6547481 415508632 541140680 37239579 591840968 570046750 370638567 288797064 9991261 318548438 485907099 662279956 528650734 949650695
100
789974989 917017528 606468689 246393568 316470416 107902925 86821279 173504702 949964306 522704933 781563619 895377396 902849220 552103426 472059419 891193502 195782092 344396137 277973341 659553596 560134818 759694502 2631064 527324875 632300386 613905645 401288099 642282935 520224554 529737939 681381181 455510941 416471126 885796480 597918543 383893664 184897764 669006258 915551305 36217289 94439944 804095828 156874884 149514792 735737969 314197204 183226839 423807166 851731430 48976398 7160598 590853604 162689542 973361211 974321193 165534271 82406100 973520544 375997653 472925835 383943001 281841424 30672365 247997600 339085054 582598868 339795622 29008168 106856213 229793059 726147104 834149788 500235400 917584589 320049884 900936352 654070429 152336159 27948145 183431770 11910620 131797725 698366536 774292416 777834239 730864011 51316452 878252778 547448030 735432227 409196030 503466700 921980763 654362970 809390866 477015506 109827337 567283728 21162785 463176795
100
270610225 52043712 788124918 667950393 820266140 679432703 761968676 635431681 934061560 456671829 770341877 564674812 395037744 197615827 120693369 895831779 343583220 451788304 292746766 690296222 22046364 211504938 254386810 325411560 187778532 797144270 903948800 469637419 6623238 980279174 871221567 357615519 591402388 790512494 116182793 993174303 366908702 305900580 637981991 461121217 253018170 707261274 765439743 253981760 651886577 414275682 138105759 547593589 555110596 382370630 775421308 619261019 922971521 960106629 438043425 465847818 462547609 136050061 658579491 905174677 589357730 586915653 981152429 756262181 707185823 120967016 92318329 244800931 661359244 541792920 975424877 951710178 111750516 627745623 747128374 853256900 121458557 98765328 261466204 380865031 361607532 978487059 217501849 277375053 133428466 868120162 613901451 475627764 440454157 309401403 355380709 495260471 964752111 405825684 575026069 260874832 111830547 220283292 892973151 824892723
100
817532461 85408818 942698069 210999874 285537889 679814486 382132376 117423939 933175581 948834782 654886141 385775450 762369936 726629690 728572221 628425652 387115229 812821929 65909445 468278659 219368494 433394508 359072115 193168012 387078627 378160061 883715189 347184482 726025766 835964626 361219335 349305013 54985061 104150164 830100689 184258811 127896343 901237021 892918232 765622776 251097119 610310643 835616225 229535520 783634014 739887995 513994311 815304615 813596786 639750140 6316686 489758833 568530101 817678936 902532154 686739281 412829618 768174639 93923277 471617112 448652129 865185813 896823406 80177293 103721308 523054583 22149837 753304753 326249584 518460932 854602774 682683051 255655858 777818556 976892879 380842085 481780206 722608187 828573366 498416019 563231325 444658846 688719417 184398437 242825751 406484787 270272720 652757854 773016161 998340368 946021122 794812365 216109656 399366597 211253094 196578622 229016502 442311233 186427520 94394080
100
475895632 602629487 683997775 17110036 939786242 765347476 692714809 988644759 332936919 909655320 169068090 768438893 863936366 800941879 822170158 357441375 179686458 438488088 551879547 4319676 765184191 674079167 340163366 219876715 404559018 301395203 950726135 426441190 886853093 661610802 171584106 947100412 749298 820327931 870211542 832851304 715360182 99211120 436253579 323804148 994648522 483742453 19132143 893414374 857251738 458874255 390327693 397856961 802339715 75633164 317185197 387742895 63015780 65483265 710379167 279441075 898318547 171241165 795816791 674256280 278933281 35215801 536028898 23907503 324094554 133512784 898933529 360202025 391415788 169273128 903322892 336834963 847410571 344394606 872926383 756745816 968152331 669439115 495883693 417128994 571001880 59994734 126497902 618635460 795878873 394817012 78049770 993139643 316905882 345968306 236998851 789138664 791168530 496031250 22794866 631116807 139180709 958270459 788859713 947851779
100
373543244 838227383 20341885 554336573 167424503 630596660 116149303 189793140 596987823 150357596 556923931 462876347 921386433 172944044 440049400 826261538 710727614 63292896 347190827 270259724 124568084 544354775 337905196 169577433 892300338 777780163 326964024 349507440 31175785 941625830 238581223 480725245 622265708 542229292 57613115 150964750 497432821 449857275 905424706 960296543 836198104 85190804 444615340 139584006 82840020 851016359 137953243 576522918 296715362 593746889 763536501 491990826 575521106 660498106 119389808 203184107 380996465 638429020 711923481 643249451 7332653 327462327 145095236 51745549 570239485 129824366 668921176 508338689 347386667 557464334 384577453 82319156 63999599 203369522 305758150 172409949 602824459 682520500 321242449 780512196 574222061 670865961 892297951 392563057 761400928 563291383 215105332 260495205 863817922 720920280 634980292 280150589 232463593 611664712 106610332 654590138 144124734 173337528 686167696 319337189
100
4665031 123733455 90041155 74833394 70744301 905664109 35502974 3415819 559707714 711928224 559930963 341738694 610423408 59939006 650128594 138205763 273375264 447654706 377918934 602332986 190878125 546231326 462405227 583988400 406767220 486862277 985033341 984333903 435670691 351064425 282398999 173202088 852345392 4579653 120929378 681500270 774216666 930316157 270882034 471407365 931682027 992855667 410351690 273110409 673929431 302097840 421011260 604197365 555222289 230590875 984702581 647914560 321968829 844446909 233306205 922796135 688349760 680483540 435619793 598638278 435690520 697322499 535003635 355485576 937290869 476486612 293178133 780724841 778394774 194341705 111107122 678340712 513325434 346247989 750688146 292074900 5805062 767817065 995808952 124199063 477344809 406576297 193281957 549161007 22021104 460824820 810533494 728365719 388455976 597657930 50074851 110325219 703215345 139144932 817984613 475764134 778336503 324829760 263784248 798412834
100
103088466 669706483 331392724 301703629 202834382 901361182 798451185 967960668 309845364 248034358 302440969 563896672 208208935 789141238 314079385 500647828 731759959 155159613 541848400 165407915 482241025 719702130 809757150 327650958 640839913 875842424 71945514 364245587 7059125 469404628 622781501 914021689 871443105 745724825 502804477 220036134 997982084 94627983 460517000 544996333 452904104 950496751 27374113 400138938 319914170 975927967 72270765 774158647 654218580 883073064 322448350 236393674 94010655 719469188 135951678 812273201 982029848 737491445 703410077 374150589 402186324 663532741 168714381 121477228 324227813 744995602 851332392 619990913 928858634 210179454 864680752 35754820 217246726 624159419 837139263 262462039 621100645 750952071 461655879 70217232 562278029 525036636 170063032 912775327 435738359 115278208 210356666 949541945 51427373 31749317 938775357 102582811 729830980 98768550 481479578 495506963 790645733 18401675 270106214 189339586
100
702664525 212024127 223040465 915666815 3024661 998327362 327600961 190964358 296771651 301290111 823428133 92926638 398153041 893625089 520893351 154228046 489873189 189170729 821726594 22723933 303742973 242436313 519037239 911670606 775748573 822213208 894513234 940092187 436391619 259834548 583895301 768717768 338115638 204856499 183332903 512133766 964431345 165830630 693434105 481331153 968008437 120930425 746568116 813531890 95388609 88497204 159099375 409525752 921571054 8918812 480869890 55858300 145100606 521155 362305527 109190637 499963053 215997843 737269046 832576788 640153701 367027686 620318410 914435589 371389348 517476531 22638497 330771524 745615268 485336615 656979689 750778749 904674826 57660442 376089911 392570520 72052785 380251816 223601721 190474641 768601308 293814502 104632843 327565422 531395494 747272046 469565679 14971376 676895826 242579643 292290479 745221698 297024224 899014158 704515663 57944488 778761626 901387992 537626861 299768781
