100
100
785553506 272905661 867514393 280709127 387379942 663341945 555849565 725752740 262016295 76869203 465797045 398246042 124366645 48168269 757318414 496542279 727837201 806985562 151118164 179401158 440963917 689502612 960580130 833828388 943806548 387093666 166289618 201157976 313703801 664871223 776623176 712128711 128762156 408440537 501253612 126439203 74317116 383187204 337145057 153189783 864907654 448742238 614853429 640778196 111356325 393100299 554224041 761582906 287250202 489447501 349041680 308286864 184401118 769442920 615840954 258624484 259837090 514573109 249857985 261284898 651045533 430078664 345337713 857576764 674809706 402686229 626335772 787728356 679765265 544696961 531242412 968334801 261712379 888869088 544572057 786719891 822431619 136249761 173030003 972120428 639086996 144368879 701554835 509104539 325495431 967279350 145265224 994311590 244664652 448375492 209449643 452358375 940707120 286208831 545882921 97636146 544536841 339755347 249337035 767759083
100
1 2 3 4 5 6 7 8 9 10 11 12 13 14 15 16 17 18 19 20 21 22 23 24 25 26 27 28 29 30 31 32 33 34 35 36 37 38 39 40 41 42 43 44 45 46 47 48 49 50 51 52 53 54 55 56 57 58 59 60 61 62 63 64 65 66 67 68 69 70 71 72 73 74 75 76 77 78 79 80 81 82 83 84 85 86 87 88 89 90 91 92 93 94 95 96 97 98 99 100
100
142967179 964274666 2039122 805024119 652674975 21907036 81491966 867605267 17144041 324463241 109327545 545563634 12779053 181181604 138032888 287934289 749382466 614177995 483765572 344647335 161578972 62344047 316371361 341563085 999084705 549555524 942673672 915896484 952986749 600831267 575569217 968479354 249330053 499570958 723861836 533869231 603969399 340845966 66985529 386314740 156390883 782981886 420180424 223264751 820673679 964502717 110190425 797956277 836566308 666587660 244706541 67385353 228777096 820721470 253397495 504250169 45359631 88738428 68840012 354394180 882467705 956803638 875970660 870096423 972013165 708915831 149819560 562830376 888505772 369580515 368809239 168384969 949737135 518053694 715367769 533979730 432045318 632698984 658654979 508388686 45649879 245128085 11246886 30064443 999264596 53525614 900537732 929385343 18672830 186168569 444886450 33890021 953386140 232289789 661354845 815580948 736319424 283096789 812440798 184489112
100
733131626 929358348 805018473 552961195 951425857 471894732 872132965 739749192 675673404 247798863 613714572 242229366 450584524 533156924 585313826 824548241 104329034 851815173 116048292 370440190 14034011 461844296 856144957 209739883 65613678 547376446 85017977 795847734 449625108 241977813 220480246 203264597 993490878 588138237 76596978 17668290 532914387 626594045 728933815 152963894 947498384 554332486 810723507 269901936 341914763 74787441 407515822 991439739 842831243 307061845 302392253 547049360 959885492 898996295 800090419 992764075 881109004 39063485 137045464 683594923 988653886 737437718 924434231 756631450 670374923 150138355 712075350 54623997 99551157 38909915 524481277 233075507 550957710 906454785 332290759 657402839 275247069 562407319 484580487 299518910 103291971 299453670 526848943 733151461 586291055 373403366 942318618 993625346 195199801 993273322 214668215 600597029 198669407 400288693 453839094 524725235 554330619 131365663 566370451 98338412
100
40326025 242668005 777037725 2750616 433098235 125709275 710891288 188503697 946527321 660070398 177670785 538484195 851925447 55809420 956698045 873949251 383726044 119347501 916292961 572375165 399432226 661350646 775882473 960246480 50632325 955320246 292954860 353746545 964903860 920882877 911596273 266453642 918893422 36182422 45814873 835087133 106063885 788581397 528078537 277347244 623783000 827747770 803995228 596959626 716890274 388764156 547450791 198634421 768833156 187165705 424802152 262262353 517876942 594815662 968823263 725824150 114088649 847937178 228315163 904082422 305208668 632082552 366100151 73443229 82627512 104334368 510221550 548099924 774557176 817430754 931486678 719550247 894693029 381690732 462637933 555878197 978474257 348537392 158383533 249215353 72966804 431555451 714660562 721891288 47439241 282773832 860668135 533717106 54845757 955021382 651552176 363243055 125078444 625073549 635613265 261726427 546509910 144628028 75054625 76231603
100
151856084 614129179 722810482 283995406 773685686 676477791 729691440 775064403 129687787 385963059 619606646 769770126 902350953 701354097 93258353 63778021 580765794 663101794 267050986 460173544 787018786 1534119 171370664 815631497 392301521 841291081 34877195 848611675 123947195 324418386 331796186 491176665 240275841 497134398 365232242 876310142 116067117 171332853 571032105 692575339 426232283 453490271 675214032 828336282 388063004 232931899 274922565 185803934 869629951 24650644 893303788 723471331 615080559 603583182 614886122 777357208 225904115 342103193 393204725 673520632 375142605 312549339 243324920 870300111 914406398 212031049 958110816 51174031 656071271 387784214 171588583 128703429 287273144 371045457 389308852 144952681 869783767 81820962 520002593 195523819 808573693 618124066 745387956 675644788 24650570 913648883 549260370 846057113 377189648 862924005 546098121 626327998 616700252 206879232 941403001 27010152 648925665 889640683 810877022 433886287
100
740858947 454155069 637865076 924054803 985699835 225265378 803211173 965111082 917094764 625133081 939135661 907681206 221531888 702095073 4856359 208267549 779349613 326362713 711935875 824989423 6658387 715915348 233775780 923081741 749163609 391307158 35557361 967893678 218106392 830550299 558623424 267301428 928331189 699789704 405176370 173894895 948909213 325239301 683794074 325415253 801933174 168094712 526501691 196443981 859472264 42847752 701305182 312166421 65915664 116850821 237572577 370628067 729139357 404975798 75071706 736991001 845740737 475691118 959206077 305517800 22942182 260742506 871903279 519106315 297307243 374085528 400790674 819167247 734561120 425134066 483370642 110561734 927181494 998121120 340636700 41804860 410530867 287999892 586138471 631552617 970171002 107370749 302279047 783418943 560052991 218521267 961657521 546437717 794646627 493647518 263054879 879616556 13121542 380229403 714461775 415866470 75333306 289064565 597941079 704710191
100
162558793 691809786 751621236 512693137 688986663 931460295 625822805 197152860 840728684 5775283 904490791 768335799 620708943 567195618 902295253 424434807 306644854 903679284 566685535 254145456 687299987 70410920 553405406 31223935 646565751 583351160 564114264 159395947 176670222 615845296 331324941 39305837 348076428 586442793 832792871 972291196 147298035 491826143 366331460 226644457 183917163 43293210 60227057 481362879 508604617 179246211 42248815 232164666 623689545 590279090 232943565 391159010 388798962 271924986 518835227 980501463 122256834 179887010 595307037 893468410 859973016 329565173 244549744 184664410 917474753 661882045 717891866 161830863 929034690 580519602 191633202 353414439 620526578 778708619 45096036 809339672 11589630 525654105 682988450 40907033 579435936 288518504 826840893 292477344 840771896 779292208 182272980 161778503 564930751 102236015 608542707 612385146 604857998 285502603 391691036 392256333 385050241 855517249 155367972 82575310
100
359965408 276530342 389705481 241451742 7773622 116404119 43789477 834724827 636445579 203902072 388925835 295541701 875641935 479800033 589493380 103434791 301694969 881385342 345859854 379801095 760133258 560467495 209333832 342487260 386803996 643684923 739274549 900740943 40178666 283653313 499895427 851212123 167657458 384657501 177487363 226383803 523619108 281229072 63143734 875962767 88134126 906132266 713165543 406687255 466191711 815373026 12260840 682031937 425576905 335651054 381403857 984195341 995241709 904510015 834376595 135043306 401925383 300666585 278735053 77547285 703123160 493333418 19744317 426598015 426764184 304091217 644199736 92310921 476676869 517792294 725524101 123211181 637429784 683852452 19669816 723622686 519732189 11274142 100498416 464302793 824636318 927293634 396119975 578884007 742289115 246405291 959513255 832339041 541913148 167383330 566250628 91603737 853705320 267724804 387312912 117180173 946158444 708129096 558365758 250509445
100
176799183 615089289 655291234 935008028 636120955 235019063 260916389 619272271 59467004 768921240 605526042 174854555 889864929 220567007 373212240 666872116 526892441 192351921 104314937 623133473 178911531 147051401 687338314 490102839 429784112 759960938 549712101 151083865 403861560 618990391 589479117 19872795 381431468 979950173 484795515 603944460 110657299 43816780 413948027 945259435 416335474 102211356 799284908 273424659 620230639 221491063 216159307 782314127 47633850 519810766 144681924 577318270 622562531 849260493 269406562 66567451 988047150 905663029 526870580 683955244 410109542 107958055 187195834 240321608 905876233 383400848 427503408 895410872 400963348 202044713 454730222 519248604 627891008 631707874 746274815 15121334 665109864 422947562 194679884 595219048 747265223 196414426 522466124 77851392 911656249 954323603 802235753 513996545 17685455 208630970 448923682 804961408 675922280 998397701 751052246 414905983 941528272 526514089 846293433 687906251
100
316316018 547458002 447425078 482996806 593676688 35698449 286019397 846434813 659603686 819029645 629603977 575983178 901323698 43445400 106001341 597570157 648056904 235948692 469856641 603244807 661015434 573937354 362351208 688161881 464277950 266351133 830464877 773184887 447369387 992161984 999329201 436772114 798438247 593586880 315697593 879457788 619580174 499270621 229161412 67027509 638276311 857716661 300131808 910959370 320826612 252473853 606261333 156975655 431589680 968699640 346792376 469331665 737821386 971739420 737986469 746705552 923080436 518339997 432914182 568996572 976155154 330748323 473059273 492482790 777691183 821733691 344177793 963482962 333123729 147552165 64601817 501542026 824890668 708615380 842943762 876220813 475443212 757668905 500459438 809003593 981504530 705821263 574748018 500767425 891682652 464763823 862610256 811710056 965620521 309132507 313985208 484512007 398754712 964174534 886250657 191534768 454392687 532170603 199601816 569507157
100
618331312 795120381 746464317 670912159 865008046 921318351 712543751 646359401 510681699 772353236 804710953 964692022 309783002 170092583 785408766 743199947 827777618 33689193 328171908 929460934 679188744 9360970 633859212 670342286 598899942 761151712 140223930 195098501 544165680 487805129 571412562 910412821 126930704 945647041 553036711 577263647 319508683 299778907 862607937 723505733 431963611 649696071 593742079 59694458 455426981 654337319 443555957 302043574 629972600 467901640 103837111 926140617 287953648 947211236 971587738 321683162 472415448 292616080 10202900 878880637 857092351 310283358 698839104 228437867 236099195 298677343 378001468 867585065 582835872 810792114 623832293 585359651 849649856 101316301 12485705 362510425 567314065 479300019 39272530 377233922 184178026 499806623 382613165 526597665 750506883 736311143 267645715 776155167 7491853 11117340 642767688 680493834 192270915 467374041 911209951 449101407 739522404 990098719 21475369 411668629
100
165247085 963244852 572919028 446674295 973067864 614207777 443610098 44260260 723070435 378952542 233201122 895455939 412921408 982320392 146178369 493988374 120553292 521759641 376743309 129364247 928832026 720095322 117077971 665898014 124426266 190463968 861621523 433539044 760357579 295857397 690589568 211877077 478109560 379397141 983206078 255815572 29806959 82001804 683220103 817996469 735862416 638464680 464388519 359781342 812692622 240977495 186050517 648312527 420122023 907516361 893332471 619364644 478523688 56925261 547902208 25577888 525274394 963623865 473674433 870306258 25686723 207071501 671439144 866302085 874178561 428154604 629602859 207506163 908491314 293083779 13352042 87841277 880361580 919794502 243203404 958629689 83709355 700042220 674668694 175889211 776268013 994920302 296559059 369865105 497701272 523786450 542308228 636054937 312391460 976786347 771920044 249307301 581366126 404696104 568698440 162158471 292884378 318013202 708071441 127989211
100
822828676 947527546 978182158 244359783 60349340 71476951 165214746 921072864 645730705 617620582 198735841 159473874 401520929 532888857 152422061 968601815 852800375 616070721 702730257 636530027 700256286 103444416 881566323 946835141 185947044 810213504 523961113 587001248 450159286 581773461 144605991 609677102 712315304 322696842 641755476 2917044 914818402 541779744 394873997 246012613 551205184 943374995 448204560 847889061 397786859 111959035 335577159 597600489 945042194 943946165 690883831 373911010 856779153 25819784 636367962 759818861 486686406 699309556 396947233 78494599 406763765 371961070 330293230 57507268 493016121 277182933 683985317 590228320 166907057 888679718 706371928 274619914 54461484 146253668 74947519 205052912 479756099 60817964 303393508 952030755 442820382 624697345 942139795 310999070 624229163 376369731 829299783 248931924 329483744 810011749 94645462 874129505 431167767 337145707 532254281 930979407 359733412 467417183 478080773 881519038
100
264256736 770478452 524625020 426301066 57368081 813794432 207632400 923281421 584556304 780818599 205799528 359864177 65105675 23860616 391374350 429318824 63548393 296476955 549628835 342049967 74513560 209416873 513567015 187647635 578259302 560841153 743095385 783459737 40781346 774605621 927812039 422739835 583826669 508851369 847606163 213504207 420353256 913750628 71520585 262304636 276368126 389781565 244443251 374500836 928902288 618180689 655029559 807389328 46479530 696866300 945070580 160312454 844825092 993692415 837584233 914113864 259679356 468650762 926497701 749549475 925299354 852267279 483509051 848915852 885063142 496943008 715402872 659772825 267288989 387108944 106592816 610025363 217224576 323244733 245285223 313707497 935222311 958769427 636234613 775003568 888343761 662784214 559115177 192472040 303655272 792654595 242442381 340704536 263411798 752307922 738374589 334643383 263422626 724128831 182344865 975931077 327513036 962150686 436283566 51024036
100
251266108 424079014 136148929 158678423 373151828 902208402 111503957 545572124 962170619 738331023 201741543 754038734 651831609 134189355 613848280 507805448 309060398 222713734 495092519 749592173 676602989 396769687 724289186 332987195 836588137 269304782 623181642 487631920 385768835 297914228 845120485 373050401 354544049 899623573 685009639 918755669 695375047 675723084 349275334 287983931 436059382 729119362 717651240 358401890 296692460 49550619 363980507 931757648 621505798 309805188 822620197 154030530 732248465 964818620 311305878 202069282 115972270 913550129 453113539 124603097 920158785 333776806 594678817 890982624 829208189 760054339 633101456 110046416 480076064 111982069 252293837 551407917 640386430 263136913 16870560 735056243 82382611 444969434 650511369 246357851 961232013 523145176 451484183 948335204 530727499 818947262 120482982 19150114 921362609 876830187 431089757 736448366 456717852 848092780 11302323 281135089 65238380 194793934 702577403 409194564
100
44394352 677023030 360581913 531764462 745509702 190752560 33350480 600820397 381379264 319805368 764147585 896222802 754573468 980019274 168097083 180242254 862925510 274882632 112806881 844363135 400622935 575699833 822613928 563219288 173444661 512449858 583804262 517496543 582794462 709953335 731465819 645458962 408125254 756320932 655894458 622083110 252190137 894605194 5870525 381877604 653622368 406733420 507709281 919462184 192631108 516584067 520762597 825741063 224054319 952213943 437161932 276877034 373014341 295771684 701394875 139783505 785914881 130194412 82070667 844664049 119370188 113438874 967752876 523985461 954617647 529588365 607915779 605114027 892572032 68294834 343480292 386288013 756191760 980843631 964039177 592936591 560195869 423042701 424527068 60538240 817532695 499471549 863730489 114790689 139871471 231154054 822551271 580343087 204435877 142581315 7081717 569467641 518656480 450645184 460058428 272848962 285338609 266531554 197589954 270776315
100
47795700 226731413 864701509 338200506 440204551 825948453 347661162 703826024 802645861 387982296 774564423 517132892 594928439 191788836 600933297 909327983 151688748 8640519 248042131 141254633 744013336 111567003 133580335 731078465 612064867 409983605 536849463 533511049 600913442 570098742 538020229 940817759 194656979 569558741 847425538 848946882 130670016 860702737 866818278 747278461 344249892 1545460 873495691 38703102 264529159 406256133 304029262 540370718 607707312 919368037 194654908 187596891 427777198 194701478 685766509 192967018 171899470 148854236 913091134 171763182 452172881 924751184 798726440 401584978 321337905 722591468 947744524 644167099 769870733 626177244 805549941 655723934 178483821 557916346 320091501 82315421 242355234 107721883 465008046 174581989 586766045 62005392 204435740 107536659 242843556 982069424 457784483 224106474 28006611 21083270 55785633 963584282 177541444 877597387 339722623 473050685 647627300 889841400 958813117 487601091
100
856001358 416959768 320939724 979751581 29693900 339890357 241337028 177262 472028493 986570763 544493643 87377323 798923941 26086566 37471605 635167943 362426703 593351400 409295340 825134655 832454162 410727790 813023695 303489831 786786698 795473503 110263883 720396611 824927479 788422174 515061924 946548678 439282439 391035582 443171597 640904403 190518198 563918493 311394785 401860177 429191759 350024656 965382239 481693052 475846727 77180842 593786152 670134792 876154782 747639012 806786256 438662612 791798913 506597461 916861366 491962356 173331436 831548307 854643418 863185510 195993104 293472311 898125959 276892960 354171825 646162152 557295790 36175623 908083373 133877387 216391313 520038554 187787221 496420025 946934739 918260229 485800934 546942789 456932107 875328987 101191499 526323110 23325788 176473669 90458400 915842791 987319244 251845896 525025969 743099731 862017313 290333281 408987972 542834792 804009497 939554904 958814961 782091382 824129789 606289201
100
288170171 413268475 185504808 783248813 497467261 121268390 149084464 435959133 880092429 68316984 926340847 972409793 252312076 974979740 818394223 765104931 424295878 90345091 901323678 678710595 905269169 880478713 362313979 780301766 772424932 553477411 367115941 81988435 342524347 521347682 34678834 159939804 738203167 272780113 893315767 123164840 973515915 323285838 977934082 540324308 285758286 232344045 366972160 530965243 217778377 483511953 890707295 787644516 602070450 997161853 892484670 593870284 963728190 511084145 444120513 27836142 249252817 967022092 78434154 896991422 65895270 702743980 402503627 615749638 976298240 372627339 513140748 584844154 395995644 9650409 940827627 283576946 285166071 58465435 403800560 584940918 985898066 413317159 242652655 848500837 493028229 898340780 577383103 606518767 651345466 440853609 841341871 17389964 944370517 875830006 249435644 193030001 926532331 966060525 930687248 537102433 481300347 181915074 372956833 174443580
100
69225762 172554004 585614667 322901971 377107077 551800677 984647767 535452036 885310303 650382016 104722276 654339050 299528134 648284941 713776826 190979627 853863112 301924899 843639829 279238343 309689227 606117827 586132734 599925636 24725320 542141805 936647712 101416541 412611406 816197787 831017817 711792992 388097687 570065757 557681319 646145929 880838859 491682305 693228455 963549252 867192725 72400457 605324072 31936213 941767276 536407955 351960772 842069930 712068856 255984328 810137080 562053894 156129604 300499294 653387168 547632345 279292268 908927956 485786590 295086160 364655611 282726432 67960898 780003233 153760731 405330160 650826493 739796824 769428176 20488110 59335297 694635841 621280366 64242005 65719376 729079555 551208824 736674917 911023558 969724423 602642861 481865917 732201100 52654427 703535999 971994979 436628960 44179420 244937356 652697892 206107945 754523489 857835719 134026017 486289545 951562157 399612041 507445948 259557018 850338486
100
248140413 983242701 987223047 637407706 158219173 396312831 582092972 700152631 266674720 435438067 745605816 348426024 183618450 633838350 363760496 886349356 901732131 655896436 829637377 783677122 823526552 438458748 342497163 933889552 180101509 511107826 555484164 471671529 36864814 794877727 649057328 317932025 74207244 7801110 815923305 438282620 877274363 335176656 473206207 440523365 972776476 290194371 104873671 508158452 806696292 455964159 929798473 103873037 352482363 163420836 975094933 321745930 499552535 4626378 919841617 285928113 746840103 991333218 652378354 586663751 790951522 590062489 401055451 435055400 312775421 854900340 338784541 873498644 118642929 536440897 71075432 505719324 425219463 733688580 214155583 329993883 473128485 815254422 623701104 89443329 803120537 55654824 540936042 456873984 297623375 258642638 133554002 271701856 775873039 943721685 836035893 573397658 47955293 943788591 926500338 249167170 843747475 16584204 549022440 860249252
100
755863675 158074538 160128657 298692180 365106288 964121874 80924056 522594406 938242629 828899992 344569594 365191630 549150676 704108023 184665239 412259312 896790835 710612997 978607813 206528145 338797487 298434812 760915929 262117881 431577657 302906239 405733633 804368341 238925782 104639422 523732944 766969844 316870960 400990615 564794977 490089570 187880609 119979848 354405469 990798832 806079378 594806752 747769068 256892330 322547500 830677971 789720387 57537965 565465003 25998192 448888226 934034441 661969547 479746553 111564821 444519454 655949966 955851419 191611788 821164071 656294203 248911588 354699151 657276636 68976953 522053378 803448378 788393192 458772581 344716143 407398758 540077264 592288321 96616159 629891256 628654198 638658740 878710 278284600 838074621 292280704 360066958 637323647 916326252 73482588 582737056 209330554 793316243 4125270 536601716 346267413 189021059 830828597 720557487 233122732 567867074 209456848 670930185 313571374 598295914
100
526135145 211677882 192617710 479602732 48866724 716328276 294279473 715542125 765757494 764422708 862663900 43769018 232498878 7326703 990169218 189582639 858588900 142973872 662626396 365357694 393053063 727212119 892419399 496124786 437735635 112250638 481419758 441071791 778704362 281242878 213573762 852646433 580849953 705757461 68066903 284269811 439788314 279500336 901225929 492006433 31549767 173081357 738191098 348090234 209541252 874316933 583965316 570555337 128929659 705910572 619834090 553003530 778224756 443528940 79138040 318426279 242457197 209611736 381057843 455614623 952231093 870832973 543425700 707629950 71801350 284510073 744841523 723955828 366396364 651060481 167494912 630967599 851010053 318366776 373128097 891432586 602055317 771565087 16045835 363485604 608654670 840652976 33402185 101885265 976915789 48824428 194727122 674151273 63488540 177459832 272425109 410963153 294763040 158379878 711314245 387477891 769775171 39196286 535041265 274001717
100
179130827 302953072 356861321 563578838 256128483 158379433 6933178 508510866 508623450 606618307 613713115 150785037 731238916 315283643 47074290 919469165 19186719 366813086 39806946 358217478 592897860 714732749 946380346 977845477 512133344 68700282 361188850 552878629 384304596 159352311 700452529 16237921 983043749 628411834 668703416 959465896 32677725 133974025 962437275 671222135 677269063 172666975 649919722 505631343 999272505 830970825 801572962 749830551 53139255 100904476 707041504 863476133 368271610 128984159 702681290 736209344 964717839 682904919 415105841 696042448 912013863 686757843 228229028 641850976 86371128 695549605 151283463 55926681 450358940 556032096 198981091 104017809 614213658 458351511 757402728 457310751 143211637 17742467 866288540 994153199 487935592 743500800 297141802 721387195 907036684 874538150 636771062 610524593 927749794 57329323 659575432 340906904 393749254 909226609 507992863 894218688 518797941 543243542 756081194 136828085
100
780180675 361062056 12016407 600502227 662558932 529342488 753971778 689870644 995049969 124583712 285996388 409537135 246304307 523976460 999208609 434718913 16342615 358910581 932039053 705357439 211177477 8617912 616315444 631293393 681859095 806360633 488337302 728193378 422539394 665977891 303211053 194012882 288588892 882326294 315060698 44290561 547510204 898379064 730971556 653888480 585161541 53257386 990219159 779384800 363318477 624587105 781853516 223972700 454362018 160287890 300554990 403697988 390463705 737843306 128334243 649479493 926871627 261345226 427186607 507570917 961241788 695666766 97310752 583317527 913800259 730451205 784939103 481720606 664632983 932968868 637480543 486496181 417133415 223994286 308796295 828004219 813451660 174736416 349574369 871419557 434524782 682426160 340937780 419551042 57037020 584752377 258688733 486584351 281365723 40184440 234799821 861156258 138871142 464502506 167968357 166864357 622398065 697052311 502102941 65416852
100
944003723 603703315 887143580 211514456 701139696 998814356 297501137 703110331 899372525 179232452 427111650 673045846 379881347 20336529 841442914 162933794 871236408 707183241 68718576 862514484 319323603 32328426 878853023 895023551 948892752 585449805 74652231 479804555 387443000 845002998 892446349 676376927 338115284 95146498 574120602 18408291 756089098 558222310 466165467 126513806 971965869 132470493 781548768 150671103 643161230 332615592 435655386 988214346 146419440 28798186 911486991 8235994 624296944 438058590 750821732 234844630 580443004 440916406 467429731 545113894 895228243 641328583 226923795 732867838 440293028 804191791 96030555 558255032 903982903 497341973 390503768 61747170 246252434 910464090 925994518 162743124 298568567 619876846 159764388 158818003 110801562 81240904 130328278 873875684 244914412 760625342 358423116 466291376 82271933 654230477 455255272 330985968 589855156 253408630 265017730 511236657 745894304 134605527 650831565 56475587
100
165755826 547913282 574855454 171169827 301881170 189826218 340991122 885954441 96812175 69151722 236037061 722118194 38509530 157499887 663781122 697624809 970811909 552039247 522093117 494857444 620415748 560678242 532750145 496165645 869406574 668427810 482474463 304289955 527736556 646418586 354056090 216663105 336029582 731313397 768045525 766231076 743078052 679639845 491562472 850782478 626159718 629829192 523041255 123558782 813179811 58559240 107272710 719513734 407441633 910166518 519913476 157727715 238834741 243689275 790816095 453699343 249704166 468325141 837407775 135192649 678113944 675084398 84903847 561655437 782489307 999728582 615138605 579228246 473288868 254901412 379757844 310807250 800024541 835100167 230353526 957836641 738518711 614615643 498597422 248389199 610462719 843675199 979098504 518052423 237869869 916358265 636828514 763537989 903956162 351577535 209799405 223320989 599860234 765343203 38053621 326439101 375420045 625890079 386343605 786198064
100
298973952 105484622 142341468 946028390 618936951 12704654 813191869 503713923 77801991 592278910 585211884 549941591 937973043 534773957 779328041 5704149 449287412 230840195 104449568 443917923 741314289 711948852 438986404 620556142 93690603 626018098 218067826 505526684 56372611 549853840 315972133 946398826 766091003 455034600 600704675 658818649 929758298 571077609 318331399 8150287 386651617 17096360 833905053 857312299 234670667 91681612 331349395 610981447 86698710 968252860 611886019 200834915 240830367 218127617 529903352 605776422 332987255 71971395 482433977 646374660 836898239 851845958 634987701 461893434 536567557 49442960 116309441 444982558 588773927 723165093 288201767 247827359 823897382 85582110 683214281 163755272 391158043 458222509 751776507 323066028 357188236 192317169 899451518 210092575 805503972 768079900 784542422 329705687 170637802 751153439 964852187 989501788 575984811 144804365 667463325 997477887 678841350 920845631 992639697 604525969
100
489855866 77575419 608694709 336522321 210300703 604862582 782460142 885313264 186115967 305456656 297870709 671329433 937654230 612577546 643306556 878089359 547947058 350860318 543267964 856871223 664899013 592785756 333952173 433977146 674306233 44680063 685493726 21724815 541129631 351809473 548290106 837214111 372291875 757421697 113064652 308942226 345918802 151688425 509187160 399165185 134866069 98519595 197377157 667575579 3349262 52710029 500863463 450720741 886721723 453967237 130633267 25235383 735949380 55209073 245180632 570941308 734046147 357508635 206102570 394577041 863998300 585235055 787909612 169468376 440973764 805765029 485950120 468191559 981487703 364610668 908866104 674156540 683441096 628137714 39451600 309609280 944896258 188073618 712592855 671419095 794393407 439242507 402926499 683411402 845296055 929371422 996352431 687190927 444970228 919962755 118206824 242862571 622785075 558645472 490570010 276735589 819504468 752318934 457510213 804231305
100
952045694 432048834 126296427 990447522 164883188 78880571 726855016 12374570 995527437 597916822 343074569 408279344 216756359 66647803 41921914 265113285 688853897 363116961 385278173 26929979 232270317 412715827 182594501 707495732 984003263 625072760 837972698 924225753 458396231 232540509 749859016 393784819 339705931 556803515 611616696 650948823 893936338 297472787 240349267 951848506 831556008 111044201 454193207 153556606 366197316 488949106 16191839 830008788 19276044 481094579 564551239 361646390 242964585 608960283 992389039 564509929 561540603 402925810 372001586 504463740 739290017 984993255 693828911 583375424 7228286 948047291 939926010 60882195 251054373 950961377 763617166 418165362 317165227 576468241 982952508 683564729 709073182 839792196 216998474 11164890 606665355 83202017 477477003 97054708 854589573 856163008 422834180 364676167 397309703 86365595 766767086 871410411 385023220 304613129 384432571 636507767 783441394 432393383 645796087 559821801
100
918821687 679303674 430051555 555798347 759016980 176174037 726724362 590521929 893874327 773682984 332897583 283035576 920755845 910583522 466784493 635269883 148176461 255711876 168252345 229992481 540621724 456022344 65343146 318297559 653451356 177102006 24866777 918457830 673273175 182307260 973783190 689732420 925594521 833665775 499529705 696747516 327148754 810624091 998255751 345652035 240302682 362036010 716268578 621369368 163083132 155391489 414041648 571757852 388291615 702879616 70729254 837748782 367159750 26522073 932141168 180022693 193342239 227040211 534961278 960105463 296457173 227731719 961197460 894603021 269778037 475100491 365934762 672068240 171218031 839296430 938529716 436800607 511968553 538012066 829776234 84866871 537106637 273181237 279260519 585868874 529515528 849896900 679073304 52858955 926678272 679903325 809838709 968969890 822954684 9099825 170968880 54030310 192810981 995909989 366735769 11554154 591173709 802246162 230304781 828109971
100
399848553 634107000 668191656 330967979 247501268 716327844 890690749 65280041 13635905 188981241 610985376 216023840 321778626 609397139 579410938 656312471 297635809 944397622 562000193 86567995 465400113 812464078 843752647 908663526 70780807 746366413 726157151 295545546 134106434 344720901 548033490 532999078 697369846 553540323 484157646 492800063 901688651 461322063 649884608 796419704 31188228 537959122 900138293 32675393 371113279 79411285 243766 753184038 117830244 742173232 354000426 659891144 322197927 757631076 743519437 871708992 365297452 452900449 587251539 239752780 711993212 873595348 793173107 973473584 626966936 582286513 174501052 123698674 396347453 953943253 636210014 441543615 839978617 584851616 854501255 891697083 234448777 214823927 778269064 536124659 745675174 548972958 817114636 405640715 380444611 773432316 429062804 922092421 245530586 818191637 783279738 159117586 714264788 75458751 732992453 906025142 412432702 64887728 249997361 878767389
100
553885429 259810058 435193440 899907542 373292194 475933002 223040104 341274244 33016468 86081995 993082599 149463655 757431656 71553750 290247140 613719922 65655146 578362739 206594477 764770948 124497021 879753392 33634600 875537438 594281925 767780666 175545559 587891287 939674127 721275504 246708034 401985754 226661111 290346539 204499208 114527511 244850909 538238695 443027444 947339730 641424614 238437501 751920371 354865941 628651077 205839487 606133550 135792906 408191727 808096363 316796481 774687018 657030210 223737079 583257010 285999200 679426643 949286871 428533072 125330209 141977302 866206792 597695020 398114321 599412234 183858859 533878054 359596374 886475140 880950511 796823804 692302769 170474109 721993277 282420262 221932288 150977998 761300352 669304896 722368136 312131856 680984236 559252081 629023776 931868157 71330172 130526544 527082633 809386918 665685540 800273506 441035622 69285617 281679623 270520347 929920020 598349766 900262934 416862144 661217048
100
527798252 74350500 363029561 959751715 473869156 390844606 862679974 663388537 359989045 693219700 594265645 607870867 1795231 330529400 523984220 882872396 676527086 519667947 684768846 885333193 174058448 503364063 134727490 319013307 200277292 240191281 150620425 845385995 468143649 535581235 539590543 278556902 162769090 400079994 442060358 448393701 281265265 782357659 22590011 64214689 293149159 279933262 554189435 174089271 172130195 26075304 626462472 814635306 822625070 735271366 138330198 94274028 863226336 152808509 878235606 266933243 225576080 294503464 303153292 717984004 493934971 802722577 974024395 388599239 995399451 819756299 805402560 252620426 818989767 440742368 630366002 854989661 24565199 937754684 592759102 113659507 364305512 657604663 865548844 228202091 976587216 472608579 221223617 807130646 230003734 750686503 339850251 306417647 947714513 467618067 375992126 833875983 478859958 55043432 307323265 647314759 480544396 144424786 752283814 422668021
100
320727422 957732953 811256891 923579574 856238881 357123432 613647686 815786592 658129376 689531735 730364706 969029161 446446577 678552856 367177904 18781865 153963421 368839282 661748173 881821980 286900971 296081085 483859950 57831538 850529164 282572075 86137889 675940058 541934093 466739065 351537916 365973673 966227624 230899121 662577443 312095184 753564637 562380347 881409358 798942739 826964240 648461784 522267404 733497311 729551212 826930541 91254048 1024625 526600861 60874747 62250509 692818454 549718215 863064584 860464967 189104926 171305027 413080060 620140322 343810818 782869560 924405765 727975018 370973073 767047689 669670712 643330722 153360652 872215126 873712404 620615053 695651082 559055798 943572476 870391704 652322700 599075269 863773698 957872860 831020247 951416666 863207970 870929234 215008425 701721776 753549994 21965204 441578318 199965525 145675917 162116926 830985557 498328559 218463599 328973674 232712438 979394964 602838741 733977569 307335033
100
770579975 417248269 417750991 971232983 149804425 110164193 184813190 401720433 385233431 577807086 549242433 17471936 599571289 12449655 641061942 832651990 604340456 110775418 587465257 264813095 168308153 637307459 982542088 110978446 544190986 905985958 296585179 777284425 12344171 664221104 142552500 167395780 929822903 64693724 704366246 948197548 220958166 726473496 957694848 911630265 284464997 509478410 214804470 994881463 206618007 560326821 608210789 727807374 255373121 819308442 956093599 511414181 414939586 772917221 822087294 491165125 405089433 259255987 781798383 583756284 784179538 409350469 495398332 2472059 988641307 287571127 735809746 41646734 812624510 733135539 429140466 200132684 407822058 291937582 263762018 56688300 767369142 446918789 84658251 56717514 722182068 324299186 243265151 616483071 103027132 538409425 482463756 555120507 633479347 490169098 710285180 161937639 11393036 341831083 547652002 665160422 639476117 905764026 670597742 202418500
100
453194783 973710721 612436314 841044164 269071650 841002081 150834749 723645543 442341124 441273909 374575981 986888662 538120741 716455137 367001100 531447851 218293488 383962809 109963149 786689219 966630715 116017147 135052386 933782662 953955160 924340150 976917867 892079597 346076181 131055983 815229847 564453077 212563144 123180224 204130542 630519511 285384157 863985017 838226661 440273866 843131034 290977496 953678982 870873563 259741382 570405887 266101703 925768271 154939234 207531258 684283019 230357247 885125269 239078449 378557853 344629130 516118051 625567346 109282185 281799657 81021142 311665835 959402256 119884687 255729552 43611976 16918794 542092833 260963681 664448326 639000448 546826796 603657069 31970487 506457184 130926409 515016172 562693358 59156444 862460358 928706768 281180529 742832840 637820286 659452981 726166356 3677143 68015172 554389944 854152876 120345039 30335046 495909388 772096231 402635814 461381593 372783985 495111158 895026584 714481738
100
583859624 524820949 913206728 511005632 275504678 395100527 287064334 49629780 10065946 243054539 190578110 153041090 358233681 827143968 273462084 39618814 65167947 76212677 33926071 752204355 835365227 501533236 839369281 435628930 380061064 502046475 389861079 598480363 109991025 746826412 149994381 177040739 670560747 296882436 961996602 137931508 594128504 943192967 95838499 676204939 416686713 394744202 407299843 264443655 703572172 269651410 282204507 497284548 901450122 607157718 665242920 31226410 7983761 475992296 293880818 553195673 778293895 41296218 594706085 314068050 471504088 11691181 90520100 934417910 30144478 802132200 281702452 191728218 366094711 527290554 364220549 778157774 445113978 457206052 796766847 629130587 859943579 317108597 255811665 108380470 374499879 288079127 985556834 43968365 270314212 231370162 841990730 127406720 789640910 404419086 171927964 477161475 66672859 333947982 987132127 320923218 726102955 90209791 636473283 379220815
100
196171635 755031401 806570114 544916572 147962229 859164140 611418535 290866600 341203581 983309361 274060490 204581322 221296636 352618263 150232676 231827008 313634723 804096460 274718257 719896827 948807242 383016358 97171713 453011345 871603583 188895693 155321473 961823199 227569640 817811494 10934037 458476170 976585356 890669612 801327192 995134232 164413327 584659161 610104689 623020376 465034130 572653089 259155247 453287912 62504500 984460369 144601195 317469160 937925413 621719488 445771904 504494059 121919934 930237768 859485549 271490513 763246998 236770204 665542454 506810908 877127959 115682353 135951640 24784827 688967699 60957096 379296624 846353343 202898186 727838358 968543642 283082831 396754273 205711540 10117776 713783488 614422935 343997200 720853723 88367398 202542964 979354126 846174846 214456731 130311107 922648046 346178738 532538449 596540708 189677798 725427626 834165786 441198645 643192893 304751638 646747701 339100934 355305737 992640359 330565719
100
744775521 544224935 80549608 588218074 623886164 729664226 576549464 290304480 910531822 944688156 990627684 52011815 633441853 24950898 212631359 834150935 540456319 157604945 285895806 468858343 894523768 285515805 372244975 721637287 319409709 741201281 940260079 355292635 533294855 651507530 390511850 270868240 267309777 885006551 114800323 665746225 727602389 903109379 95421229 301786362 125663353 367249803 764759632 427029036 203276096 748282835 521059456 81596300 70353591 503904460 789064256 772749402 273202101 829806537 713577047 219406588 419734599 395308863 620220372 778755977 268515071 34374643 870742772 566122359 961568915 250975170 966887619 327607941 857126391 979898957 289970802 663419318 713193161 493173144 914606620 584449326 415551360 148207002 935731188 696544553 250085585 142203419 954032841 716967695 303630995 95767551 788162398 394482042 572679306 529461641 54335723 718058573 259780227 486514733 808516558 135741788 844139074 364711922 909171849 658289913
100
810440545 67717100 239229499 702359408 785124823 310778004 819744068 587531364 987136860 198172160 13445890 74433564 188181250 572166340 414804708 262203538 859900848 679422163 985674066 328938809 197864919 262145842 781194390 181191878 239714327 882445345 996440276 179808262 320085887 306939342 193649564 488818705 307192751 412305880 224648671 416121551 758890297 178796754 844033594 599176005 84900724 293795924 984491195 291199613 882217289 116607801 887409150 557049890 424477185 413328228 587175792 533721766 707527697 738347237 697481866 715984875 472547997 244758027 134004403 859821151 583726387 765589982 336099095 687518411 375177662 742083562 983507593 609423208 702850891 205090528 24225236 219895721 86048869 844376020 730743473 17577526 626710561 295024172 880204129 236817754 408280332 224990375 112669787 316797976 895423696 460734814 232286484 761826663 298734598 834189860 74449339 263522396 986952035 304012594 930513898 848259843 705946362 361164686 457292437 297663192
100
748574394 331392406 294934821 626275069 358741291 183704354 727498190 667016856 310748654 712364158 526052262 273655105 885158693 998468934 945707983 915556970 853741451 339449243 140419308 879028628 614938263 380431409 564629803 313619666 979161107 25508974 983127032 713838221 249055033 379149201 225009716 107586882 430115982 459125625 69208189 978189321 740336235 83922460 554806798 113572612 575545691 868564286 83373848 942683820 520773260 495325845 770625699 542165609 995757854 902382941 955623756 894531198 446648689 370566065 862865013 889510530 431594338 626062308 643917412 528672215 865128774 208115024 306845018 788192961 419936462 190386873 74696481 270349641 625935813 617947667 93534564 277160281 905062235 521445706 662210364 966088094 991349522 881166475 467351116 28184111 702285915 908700411 487337621 565731393 926743831 180076010 277068475 563084197 957179871 989614654 788990220 726289405 984701146 532422504 610388292 951510331 528739710 799518515 376792123 611281551
100
141165683 938347832 100492154 637955776 827305090 409156606 301243797 244028314 635363012 671858495 480083445 977668444 926354410 165382241 96825502 522076842 539612299 49033703 587239688 486107107 661311532 282100707 242369112 735234062 343773967 92324350 743623973 679553122 700496533 345893010 106620315 580834162 285285929 114935481 480180708 875104659 147092456 712742449 464399230 251307319 441287392 851837554 294060529 74075704 343854395 949280557 824539138 127664617 771724149 549372718 557853579 657170103 351873300 438267458 723908971 870097098 974667445 345402456 630674508 725202370 3882602 349082934 568128882 858797252 721100266 187353030 998269860 878053129 523649323 196177671 620982230 59508733 210360147 824330740 519996806 944671048 397210743 778907368 485012612 440042100 595843657 845836861 345085724 196908681 53808775 633685442 737319349 937006132 509076912 98169270 737225723 640693174 676422169 66068435 497583987 654851507 455032227 502805068 89108454 212567640
100
636114529 551697930 288088813 381204902 146681661 397104199 483129128 73119093 234232141 417413528 130444781 720131320 473631730 311107058 844423344 282357324 326081312 963371452 174220619 479317280 346153271 562909189 598039479 696004878 736862421 354602971 191948076 678358482 50955714 653105235 669379926 990242502 481207120 230553984 259893463 622573246 814409686 724553495 353218811 307201048 303483585 970665169 800334827 311448936 548093316 105032560 516541078 237398070 230596141 891056344 53448616 356774142 134139014 998407806 271798654 658890579 890110873 310102429 50531804 303585077 605357188 117064032 742383348 637831329 136644445 340539802 26804214 716136049 268310008 328734412 992585798 939141314 839772553 128086669 13295828 576088988 513663875 649128063 17328444 421975172 773517791 697107884 825304919 819874714 695851483 722317371 456033973 641340187 458804871 89955071 660086920 30562580 718598225 253464857 77879724 1750130 24949456 605578316 631480878 475584956
100
521791398 218389790 688505976 112076410 500630801 250856930 215975702 611914939 191191978 999303391 222014308 855473387 360492364 548965239 316185860 196170352 338057031 592349198 609550884 118978198 717347470 447232710 416069170 741877234 506973343 635089796 905681176 394955843 623501704 623682727 492347126 383744859 698112994 206487948 451908312 422828786 142825063 861677136 933783842 82886538 112694395 512242733 920679839 917834877 818691619 622949793 188251548 705190717 117843148 875738984 232198473 392209213 190351905 965291088 206109767 354298140 394248909 377255163 314785187 717434886 769188672 376573687 892420136 215365816 647266310 583428011 94399152 668565932 134341693 751337170 256208052 55841392 709569180 832643501 156639244 428552166 406658295 939617585 301778646 417106932 248343513 211607547 573895704 213348123 165318878 309469765 135780356 467667760 890395550 569099404 904549415 931936826 887087666 196123121 590656194 121536258 463947041 917710983 338987603 989372980
100
368051826 644618463 257798613 540594452 645400163 233272105 877991335 4923206 228534680 898936641 782754276 206808438 420602399 912892726 465900448 893456005 90026162 542917495 851097293 483815852 923742461 587815619 874762358 770532501 865423928 415259051 385973519 6493121 679699495 251200194 122650200 632764924 421131043 957287618 429752084 64437352 632157634 522126817 96349282 184762176 360381288 410167615 509086281 825315041 968332960 747153283 752761960 465958057 522605689 924102440 752787313 516600587 986598841 69294011 391673403 139949674 14563096 546535457 895767377 932680021 859320288 20084635 39570208 784221843 904744780 414466624 603434567 107190760 861706108 18084314 303831415 7990227 710032006 828476165 746218472 980828070 338092112 392782766 569420547 733499249 880024272 726339305 538020267 174765068 321719562 42697934 473000124 888619418 130439733 781761291 378792207 205078046 96088379 158208493 951600570 578442591 892789302 273899827 689502472 425839187
100
524146216 209817710 159279390 461644478 465058931 537930742 491969961 203729280 677863938 268098373 924290881 503539909 136840669 804203909 293662489 679222092 16988583 25432447 52163265 498530111 427855529 178661653 444972157 346574704 949235555 209366506 966823656 799722720 417128917 215146401 297659229 44675076 771811065 885170286 978776509 381089281 319171729 752544420 170595157 728005220 876331973 130903512 234702116 944330046 23799106 21733932 791862026 794513704 328997750 405065000 563907757 364634836 490846059 224023273 747852699 650091772 424887257 324005451 55204423 500768510 233862360 886609626 349894853 712909282 904531848 154948082 157831166 104056183 93124341 237867496 731159717 168573866 481644137 228364946 428293154 7727757 133123108 875989732 752008598 556977824 658591425 401708869 321123323 305966467 408775442 827153735 824287088 549086939 508676232 251770397 715974306 630657356 2978060 372979452 62976039 744078764 359253245 687833978 27173959 561292748
100
391345664 658434429 476957925 976892048 978440459 201927711 405287563 411049416 474402032 788513678 653522584 31531426 598521556 364144535 601197808 578441418 250313193 530336360 467415794 699100773 829728021 300894663 253755364 280714174 977657851 318542361 387536980 175894366 36520638 791922011 453310923 62005232 4734069 784027185 994178366 338509056 155712325 836118097 912617525 159582281 535741780 879341974 68969811 165356098 236832202 967836533 207574888 883120859 620351065 488864438 180662043 818663740 845454496 894153335 929828605 898455493 35485530 846083369 701453366 326285035 734858220 448439219 895449155 337447074 873168683 922710417 373307422 51794750 803237377 895477930 719411081 195005571 751976774 928504317 942318143 676392307 466462632 185183119 685772884 651776105 415041623 369832929 186981820 366116201 38262018 549688015 222634723 814318646 70546555 979564971 454233270 618225457 900286767 329712778 450176255 911543822 582012984 47103518 412387213 627614621
100
449815370 23082678 283087861 795035079 14159600 710199953 831917440 934547942 849728036 712311745 322160336 565557031 51005381 100812783 886267275 176416762 153760865 981955816 899499916 439645748 815711734 359469353 910236750 856982735 911310678 663405231 81608787 904070448 641514734 669389445 545926571 491924012 309776038 453527731 79820917 406164236 325309217 17865115 342442510 301257795 437958991 510507893 211356502 620328272 173457574 554509177 203586387 107796329 320165800 107154847 278597871 6935003 452792982 724588484 41833506 94040294 939430837 653866670 866299590 77886215 247151100 663681101 54869183 921160253 798597900 714875383 660147428 566873690 221761369 865643344 844149285 596618148 615280784 448384025 991068620 412181862 824683899 909451916 794419271 698439010 616391827 570215735 657009675 797436095 614742898 684878819 915858035 841014677 820144236 741970252 141355731 796752181 520773750 142084208 636480981 233632028 453409952 255052724 332014101 8833663
100
513117258 240233370 680359688 891866351 34273301 18745531 757747335 744348838 861435522 5656796 195426983 101988707 560826631 445313374 124274513 110505960 153507106 470709613 674385438 379599786 63062322 933257786 731296371 223097948 413829835 883805733 135348121 936038491 95749138 164477196 379078437 108925415 419525054 380964690 244768565 236863343 18354015 570010533 918298203 835606875 743695896 600793166 861527558 192300672 651171833 204923772 657537077 410110678 922210589 553495798 659254865 429553423 446716710 758232004 819295728 407885382 648802930 115027863 725852419 113371045 758955914 659730666 321691145 137893682 400730992 204516110 50129058 107853575 457124284 680710617 373664532 775071708 5361692 812551285 574570625 292437074 115049601 125691007 217252425 826791984 486640372 665445324 487477182 756588379 232539908 906378593 854893866 97916394 274457899 59344273 937145499 447286175 955072159 348102698 868622300 815515700 682096925 375777059 318156364 469467459
100
910219818 341671046 504647614 276606404 82345507 755274053 161878160 318053022 271711369 839068283 496801180 934147204 647977078 591375651 54261333 481879190 599331474 50222712 158462712 406463210 444963472 522178931 914541820 45793343 747307249 470966112 542367136 694118290 809720724 614930426 74513616 274466062 130294477 761142254 24744539 947022679 760015709 875546238 851416045 838737773 97824723 280827217 840095686 371140449 475454944 554488095 924074042 838896201 988264725 82754947 560493040 549888984 341765283 307219658 188415480 909297861 737987934 860213506 987288714 810742717 945538665 281599705 720615149 182695840 388875698 552299696 689233309 515558075 108118720 320897412 261164385 495997877 112508773 562998663 858109448 814163406 555331816 915425920 447533063 618255662 422723183 703092398 907793101 755688586 409809245 981425256 514599697 463388539 375365083 431735526 426613009 883802393 95009820 249632299 186102226 382568796 171090721 169597068 531822698 85594000
100
471166578 830287498 239365827 727758661 102516625 990011336 686811430 17476559 958562014 896467819 80949286 148265687 79430337 571128608 801824606 762803363 626833493 102965333 980066342 334102538 801784685 101295292 551228972 329398962 838628947 385816942 556199851 247312330 174891813 637025599 885785646 360691632 269830762 672112644 617780764 286413619 661143923 600631265 948265302 573760143 363820919 898353405 364216140 967351737 322770373 828586886 979315028 604568459 62182508 606560317 26972217 97297721 306845828 953528719 709587324 890291190 460765518 482111496 470294631 177974765 612734471 625099566 691332333 908994890 312969876 580576837 91797676 465923150 640919622 79752917 300031627 269270026 95045969 837688447 273575488 338683213 747497336 108143121 752035707 801310463 667914056 699648248 338909563 877769654 97880506 697594439 264163727 882314726 457082070 751445673 160084251 697149795 126226111 431518389 975042373 154959344 483568537 495106659 90433316 444962653
100
627756064 710419683 391079458 74707829 964477577 876143100 490389629 966742921 62472661 355388616 961658540 568257548 872265836 336784479 888485346 850275205 928374732 964136883 687092119 133976673 394845567 829635673 972044666 538081541 230226569 749806792 926651356 464968685 532586551 926910965 116646824 607644474 225253751 256486240 616466159 415070835 566648460 900070065 15790817 19769608 646843894 733767697 551111123 877673460 918883978 884577139 196237863 357041282 231497088 564114693 567096370 751512587 916094051 720158486 655539717 253819140 830143818 844801477 862705121 780080977 528931623 541107912 521765073 31033591 664940085 778866377 757480276 329506309 662546816 311684884 654631816 1232727 214337194 904078632 413811195 563094589 159260832 131834957 3565524 331921169 39970187 562340500 233797839 333322149 657768668 766430491 583220632 748108427 318770249 179224663 378330078 338319565 761359426 666699674 48493885 245627123 302196484 446887497 47618041 269618770
100
464333842 34788235 330941994 939872991 3940334 230631057 844315322 164811962 282475939 882990109 47260231 31258155 181900727 36331387 245517398 972363992 589464124 882743954 534307523 179338563 948640650 747174070 162513165 308131585 137731270 252436262 378794291 673839281 305217650 256283702 348152085 122456802 112156154 353088767 824321207 596666140 204156965 826850161 28103226 129157530 817856864 738813900 811322970 551478744 20184471 377582476 586420511 97646335 773633238 896438490 220439147 403843520 740186599 763095597 982279193 62375158 318439062 274808816 531711194 61337964 246363567 835167980 439776692 647387946 289338469 802072533 921382385 537167024 877291921 706970322 187398442 88264580 376242214 978563953 848580143 732363115 825241941 942706093 981141837 914186448 958951645 788538998 423027486 686546076 208175808 618478759 641475839 22508025 832778513 132975366 861679109 683343479 686680571 551293299 652970448 803584190 616901455 663275991 486379332 345857098
100
255398114 544472280 962431850 178615496 905272475 161972002 66310190 695700881 647521288 514816992 163621453 257978258 462397962 235847139 168045123 765881539 772574046 87640095 709023368 396548045 586125643 813843373 264630404 952544522 492806145 742692892 229498 451842723 606076744 35970430 653030730 313065948 257476707 847508425 704586626 638927182 59782499 6115451 163276185 902722689 719995015 828225342 656415035 587697081 46072286 186326156 77730149 712483044 820957396 879651058 99631377 308892246 853288986 480325914 126841662 30303974 701547506 113650868 329101529 757731009 629342790 228923885 209683649 710543465 455227274 671686003 239742039 39704577 262332743 863306396 918722274 194654779 664296027 63847278 266420682 600180829 270204646 898315763 699960994 774548190 638304437 850582919 330005562 384492328 653355129 542352720 146709693 198523088 343912897 751973776 429027587 140110931 951597344 532051227 880898296 388870877 587078173 429463424 974865449 187146185
100
777828262 513442614 646821042 540650140 825962197 583908079 439602697 237744662 808191941 191997865 432068868 712138809 99201920 270740892 794730692 138118091 732971039 568907988 567249911 386966353 677490252 586581024 316863390 119451095 95743657 404122363 765803904 506641151 69615518 852242006 364746010 829307581 658490636 758897518 962153066 401985409 972975405 581935546 62722438 75800481 19201844 669837902 198526165 40778333 833739004 601390893 359275768 793190487 754828790 219516297 423120512 777336597 982660523 582926929 918062963 81212046 732808160 526693389 82702215 515531665 889402738 474219220 692718155 231792943 210457459 621608113 160161345 700470181 646613125 773443224 853835631 594940435 570521873 426575944 241311351 144151663 701113155 690249016 157715271 628778045 797332657 968660627 725554585 250458653 178135788 58273084 263992760 198632987 58478240 64942574 205928619 394028592 248787342 314798659 766247397 937344714 135959093 652185820 551445746 462990603
100
402626404 540303739 5227436 907120336 266151716 595401954 929888228 394751738 393356573 365238727 968249252 241727113 220030242 794652705 818090403 365309765 102334376 69190186 983796409 242765234 93038857 99574806 485730165 282399521 271877773 764271307 953281246 990072773 934616801 554740596 567913663 427515833 411157020 958552197 730804205 811954725 524112451 63740498 50047111 866048868 112130375 1673885 105409270 207380249 234562415 40666967 23589470 660041087 862072394 169492519 746488630 352633845 89831940 356412506 171134675 337086488 236363348 452312283 495558378 38569168 725753743 781543041 961539626 528747570 696597215 2267852 849766536 158146503 83584271 671783058 658398281 391438349 584611880 605300464 143398185 885825052 573281587 263103175 82412808 390730827 632114546 461167518 989211503 425991876 869888605 240036103 864528597 559804139 694686207 929915802 320029388 989510415 291798566 346478933 161513511 152702597 35441152 1963870 382435791 769720327
100
847465558 572503412 869064050 998205038 17279243 741175716 952136048 874267631 94076854 876619871 526106341 81846035 156131187 519202256 628733668 70399382 621576312 674433228 198988265 712702731 521136388 566296437 248176518 361540719 859687039 757030062 584578272 149001916 556806229 63178083 273602137 947946420 129614858 774987286 103524214 383586198 992995507 230356263 708507486 220311465 737274309 642912651 108488638 653136736 450590165 390733193 44247867 389397389 732130267 788589552 912328434 713790906 123877823 412839717 503784818 795598832 778810167 220342968 433375002 159929006 564502009 292234224 949109457 670338393 67349714 926145497 969173472 898224189 892432377 554633758 199956470 385860156 333497269 424352039 919779671 544856177 280756531 542574611 96485303 576032979 904584559 790707323 446502396 862531845 766405102 114770850 391025909 636376637 451961631 210912959 174616561 131878240 946349338 986032310 4273062 732615542 569211424 246881668 799213112 718316316
100
540909945 491250546 396239062 776599537 885634015 22895618 582338195 862218574 803030129 551267618 142997893 644838810 718149931 769955344 895430212 201495421 464190067 49791268 784245318 761163526 943936147 695901121 12519121 852910609 777445902 486045663 841859067 629278602 667308870 968216176 577281704 780318079 262330398 500411727 128674563 988959237 440584462 345112565 725509608 803342442 484838332 324069316 497497482 474590265 297309059 895541380 615979741 622072466 546406774 768579329 959743590 832035711 9569543 620184346 961024102 625523109 366964536 396583862 425756568 348966820 969982174 597610417 198462077 606331322 190886746 227436605 580337960 21215601 730995298 378681068 195349621 710214274 891601895 976748156 763272386 107240053 594580960 382450270 534013286 763365165 141807871 868823318 256540366 691230710 733336345 153288645 330195069 529384526 942753679 979650376 931138719 592217131 215512590 234742767 930816601 905072971 611050422 440473748 282990295 726728112
100
26473955 388222915 447336466 131917934 156054663 873123138 208334386 311520731 489115409 237596846 186089191 22330783 481289644 54942873 16117278 877635702 36930047 871784442 575628504 49744641 789494411 947751303 598511261 834109880 298492794 742351559 479234549 753671350 435064331 280961383 313540652 844692835 295009161 916752492 166608843 823572279 661169051 189394919 917120589 526418490 272013335 499948271 860652772 735469603 238201276 806816966 759283710 431049332 721737363 409220318 42354241 908956117 219698984 338587874 707649819 578573983 352287885 475371854 690161562 362820260 643267622 523462737 800402903 842367126 751743391 439786802 800007095 962730381 192846267 305430458 784348763 523537937 545772181 715958207 805106685 493523453 533603632 50921253 597298823 517418997 208647905 659553963 10032036 40822176 190867087 379055485 860002589 220542307 138589761 402166227 596675706 558394916 775035412 672002224 379109355 793031845 309066129 127199402 670695694 57306765
100
932175178 309823152 540592635 286567950 996879676 277591710 393343249 605371747 153999709 322220267 746404511 3108853 619933497 6886122 431901654 837979044 774328446 489086715 462279057 922967599 818367417 770019592 910610616 336072094 3071859 153591932 719829505 542101406 906148906 118993273 238013892 694400892 188473400 897241555 316682230 224167474 781879844 68979777 384039452 634602384 243813786 161655144 862310949 270445890 217819996 855505629 945551266 948349135 212458165 319975405 75000137 519243013 667309824 103706724 223960303 153217637 117652270 461075310 843053868 832481656 502107074 357598671 715398487 192790672 388710837 368122825 350196702 610215125 663712948 158598830 388175446 681471534 908611998 267348473 888080770 742215942 532711191 415595505 320669895 808742409 650406583 878472258 848153640 482334131 203433168 904063684 331575662 681807271 159202176 811683757 934641915 194958223 988460693 792512864 809536428 130133063 341079397 225377823 904020414 504001488
100
310274235 483389334 151531756 114359162 771799053 457993521 801645866 100824397 133183554 647567114 218269400 268660531 78235377 634765664 56293185 84306747 439992329 180102202 992665047 367465876 925098887 362130562 980975971 836038229 671956829 391989915 241470307 645813596 521143124 629932087 718228914 266274796 413542119 528209267 383799496 300133582 936481904 563293142 626894307 815316938 388307093 867785976 912079424 353716175 717064035 913729568 506805832 563878752 157198952 744859567 122848459 696871705 346667605 729951158 778931094 381317823 473712928 811605105 306840737 66056762 206847820 845240680 79969000 124437761 444310668 517455342 672961017 541164101 247588752 417068123 885374359 438596547 429757595 915479863 203900397 483937128 490759507 822127245 54042839 100508614 513385343 181236096 852886863 176133901 953104726 375502601 420678311 147266709 194133050 678172547 377837581 561114166 474168094 66509309 705672972 800704959 483289716 762609159 747998938 262723176
100
141229628 377989075 667073997 60470374 646721512 818540453 442128726 708329249 156224521 41153031 850449736 464079254 288749069 665265445 117839335 789011845 647365396 351047850 661199435 190518930 410727535 181872704 658530565 500476805 279564667 836974735 977321048 243743112 606754253 736236603 439486906 356017603 973205033 704186956 175451772 510169512 790911083 797791827 900967453 224412040 558479996 255186687 795973933 791522769 189278630 610900549 494432074 266929062 691405267 104918853 483797321 648492907 914540159 373789194 927657466 15032756 530562149 375551670 978912432 156238007 452438419 557264381 851284951 542717932 546230072 397352460 257189988 776759118 108729411 916527229 426944257 545197842 797163029 145053829 567046133 557370351 244543678 796046683 876466478 217458327 727823475 619078953 453553447 582902765 790003994 95154421 136171111 312113286 746281765 154989513 480017420 35558432 624125722 627736223 750321465 348587351 850073879 323432962 944413616 477954609
100
524020923 278262881 135941030 881915765 852434569 113249277 437240252 516712768 121524955 490787142 872613553 679821807 667726351 256391504 979851469 18940632 281111828 267945303 322349608 449780315 990518812 725124143 900610512 113810246 118891081 92283147 405083353 207857632 252366286 535959016 993056895 500034891 471796678 83890000 274652855 137660467 477920239 785985733 64087588 445031855 339333746 672663632 681838676 387921607 758652717 117001215 547216499 686507069 128974725 359323730 605782304 138312117 589829512 663219216 881896128 774757390 214635392 893976835 239621720 769209518 190057269 265368022 669228578 985384879 119797116 790908809 525455304 214635410 135754592 177727558 653389302 191014880 214526405 609339642 223420665 827473575 816635510 980569983 905226650 261262991 237542116 653573497 550667320 818409100 465641494 864652470 29861168 624073343 980556788 622108518 479110659 754221659 626293882 916216527 896730964 759433815 806421249 696434705 851020957 930252767
100
759427368 453930495 108305152 795935836 827872441 53423581 359998569 875368227 274019561 771026279 249889833 15945158 423136156 761979883 195729774 367572 368011541 779153087 775179528 16133505 424951217 573031529 483226108 188962255 269677599 709198330 880837423 929001876 300417822 417634623 749110235 375087312 93720724 713872443 727065429 735136849 89962634 758839928 46780471 178256528 379711299 589002164 585587193 726079091 124217967 675799281 548680511 518359598 756890416 637702068 715612254 470449553 671229831 467561597 444147332 219933534 631449632 815769304 653711331 286294883 368701217 305535459 625533618 176500376 547081363 214636128 969559060 306128847 490679890 822940975 327098665 614868463 341593484 753382185 382854036 815252045 569562894 428067146 588780658 573267821 829678745 264541837 401701356 950517885 129248159 411556446 757560883 363654473 893246192 32478613 194598725 884169578 201677374 578434580 381706063 841152644 483794689 908766352 458689433 314669332
100
409034743 776830803 455863208 121166983 508189298 6688029 991979362 242248369 343624065 267619363 694105859 164477051 526486586 299304175 254347772 787429456 234082459 248426670 192431233 818716660 291711956 270576585 371983744 87894571 580717675 108065233 673804190 396350184 552963603 787820237 642845520 685638842 636497924 618166772 896925979 860548398 317677041 921803190 874605353 866047681 532039498 70984186 302238509 432235496 705956781 491252943 833734712 906981510 231298322 829223219 591751012 811221394 235675120 941306734 573027799 138153437 14492694 809112620 91800566 247380639 46925063 5678546 203604433 654572732 308462493 296897439 719308005 352876129 363510033 837268292 596407855 310967616 833737014 496511587 590170880 968083868 776351849 14169217 557610875 52701611 331170837 547481607 702144569 583245807 609603771 335493080 735606054 76776764 751462474 140397551 985060088 486578889 448716726 56965085 488355085 589317384 285832440 212818563 405414323 216267949
100
50852864 606793679 235091332 242476330 951428186 457415164 44773101 881321412 999310563 731900279 376329720 366975575 673427428 145212121 329842590 488718454 614461156 561489672 148116516 960548011 354898820 224294135 627666883 260424398 867012911 108694677 359650384 438191060 317554961 69451232 86338856 233306731 170231903 952201988 384378951 20992945 545997608 165462533 909465621 980843731 600432569 324241006 110834078 90060115 413522255 179604479 628113030 841678763 635669164 990764119 397571303 8890763 838084147 346734244 857501365 789809640 907744405 221755428 524546354 587194561 284705562 811106756 414088599 243343780 787932608 941421082 714086039 758113473 741884273 537763734 195931650 955091555 940222151 992505589 826046535 535991118 422054531 428764370 553857722 80303009 249666506 865270658 91719360 440381064 656354236 141629283 48089269 318812039 979430167 252847825 640436732 358981978 382534361 282511799 814398137 278593583 426724061 64086798 9833464 421350322
100
786943541 669144584 501604515 558363293 405042341 216668166 155419321 325175555 213746991 263349998 674196930 772566592 940332775 1631904 866853602 381375940 288821117 957532873 246530089 611083467 736290082 58311629 988338525 648445722 466366418 891172444 891442717 765215210 797212862 358082775 946798576 28632348 533951315 529280098 399612381 187917130 879745572 528548801 640320608 803071824 573060739 135475782 947211394 264526129 152942983 177974462 505409090 673637635 884053481 694364418 874242936 333518474 238554407 480806020 52271143 150055928 863579906 331434129 688895428 218661302 510851558 669739747 169662022 52252326 90861178 25481389 736829426 267463724 327418900 207633052 858080777 879783888 523134628 753103651 255977647 822134620 141833475 801498224 459987641 296878111 792575380 903689205 964297378 55668687 812134841 170400060 35928675 187627327 787487014 406910849 78334933 561539679 118410793 240684498 847273766 601627140 560501261 684145082 930472670 226784939
100
225745841 886664616 725142653 725571239 688030684 954144045 949399122 626472255 824818380 201217137 547889067 316437585 830047869 487849300 112861256 300929845 984721286 440896239 375428575 78073651 105961627 31042128 706986139 241146657 640236887 720494689 739495871 929865885 598159204 763159317 723576322 191920281 243872037 349036829 275738140 271084839 210926631 772736808 157326230 939654383 242114340 239390357 136490248 342391973 359641538 877322399 502850838 709662132 462399719 856454511 825513803 695162932 324748075 210553036 414647835 472650802 954784815 790268981 47522258 146324190 826880897 233131053 349712963 310074041 637493020 621165020 276967913 37582312 616908740 772844561 772213217 503287115 3610811 449708352 264677680 992500838 385618312 698812060 192948808 201665085 998646838 778916439 348124630 27203022 572909329 52428528 981800725 575217750 33139405 144743425 503727056 822026610 61847495 781416410 420688604 451847953 831254363 40511039 552863100 346780233
100
928008981 811925102 583904996 242421658 377756293 539705848 848911799 675690712 701544601 600005775 68360446 575503898 26739443 541195401 690223288 165046242 335256588 320765924 880812464 140597658 75696032 290527363 995186459 283226263 996215100 481229645 442298912 534191327 322248345 421977642 773264925 586213342 498343299 752940592 721100523 476617199 342301543 923450194 18816384 150287908 918371460 2540281 608191810 714121777 861274494 197748615 545939660 701621277 29346228 865342461 253975576 376574028 392177716 487711293 305331623 678248989 830719915 843950582 988340110 84128511 917010121 52568196 264976455 572597419 844471516 534594414 803020054 107258294 863344126 840662671 615878254 603498399 401225592 32086663 930520953 360581887 253862242 996239226 682539049 477435469 360965807 45226357 980926115 114639782 560255697 991183241 257899363 679288031 408913727 381914969 738267229 265375658 450625363 494453058 660792288 558241540 596554227 512160845 561974220 190862675
100
592673523 691839554 382108654 296758575 610330504 767205815 166799301 676480853 653791252 247448490 490532405 59217009 160340708 557483044 933944964 883559742 76818765 833700489 476415248 169751001 99093454 615012074 433301232 891057587 540239444 500987286 902426789 515249416 101428855 529891007 95594905 131247931 542652764 752656419 389839599 504332683 389314556 394328909 944791190 150731529 464285288 501849307 948020039 203476993 217521015 661165002 961365966 245303247 253793201 653825122 186538093 183181251 200780070 877297850 374387602 843448907 80886405 299270965 115200302 431860748 102372460 946035298 83040545 11755704 899524554 796008633 324335514 969549587 226749824 344295072 594754616 605848982 977102441 27599918 45284679 528213476 124054886 602640206 101292590 942176414 465640797 999874568 772957424 639204659 907717367 824500710 757072977 221632533 59206233 346469244 774088906 127658512 632195777 350686268 147534099 224591045 812008103 326752313 814070610 408086042
100
164582008 477370752 610659015 749094130 734719564 587459199 948130054 916337945 976821862 257833993 153480089 102805999 128337170 179966788 767262784 584519769 993500857 689297735 207339011 125661102 100314796 323794530 928285706 473169682 172341505 514091468 254476506 303317453 136945764 889530826 781635331 336570304 736198078 552940924 822641254 647939168 486699179 956222730 831551981 27163680 741430316 880905000 56226038 77441485 20074834 991922148 980055569 333042819 574616304 305942971 838101471 206217716 562746344 126520192 992614051 999628000 483544667 134848803 152294099 663934820 436084431 792915341 730930285 411291387 302111309 395609787 248728844 702344110 706845592 1393574 675007987 137369091 64201174 731450137 691578747 393179820 505170233 939446084 959316437 614230595 701333654 914038569 952895212 831182270 996506544 167812639 490481827 92731000 901358069 271676591 706929593 908900602 133617564 817948491 46411820 246449309 212524540 235447480 463449322 294778373
100
902789351 464150101 412252973 932311747 861997786 712572542 652708202 417599200 698163243 323879069 257484912 711137888 616315219 870629571 160699924 346870624 262826689 168829719 158869387 692376458 696912255 10623055 75991696 766454071 523247381 321249606 852562964 692499750 73440920 818465139 208156447 237135221 394401732 889545832 284258038 488179380 445147636 549852161 403987567 316406368 800540609 737336650 509376160 343079800 224314040 855232392 910552896 809455265 5942528 989790580 294069896 723295374 119549581 536669625 26103750 416850023 718830179 432198164 698784792 196164942 248886288 831169216 837763379 166172990 489254346 743095683 900026743 700170129 614847919 305758968 494451702 538819408 365004770 334079915 315747738 489813219 917987948 939385547 116428461 73468252 400166145 6740759 807334680 21164783 696724100 800011572 578518981 458646393 878509075 655899552 616443715 908649122 829279684 60819344 402777529 607340509 440027588 249427087 565912023 231703630
100
176570613 213981297 235603218 701009451 382135981 882320503 186160121 4854054 407159233 878240676 443970870 265850771 382531897 162760295 19061665 400842285 28483630 287413892 619193680 515839491 802149348 34025651 228549074 320528412 326241661 346326478 121371533 72875191 114604694 440919737 274830787 353131062 534489780 776783605 22084135 369068250 726725713 152800381 153003930 678689935 973751932 851099356 99435840 446027502 638614782 733614013 793922556 130062617 906257841 369622679 914036917 431714628 575529860 188901925 340388629 225772329 195252736 773395134 969159924 370737947 359198547 332099021 424617105 276310751 166949190 926646597 840887936 433445338 85306204 958093370 278813375 102032371 132623292 81342712 994741274 866567564 314026997 280168245 557885452 230680057 310337024 596540703 227998550 522417453 146253118 538527281 854564318 761488052 442407498 171094740 827054681 776366803 310424986 361653019 58651975 61085975 80376536 952325453 571586524 775124067
100
61381533 948913971 875403646 705126861 316022982 834031568 522965391 109360143 166081365 758696281 851820629 775897326 161020055 863181725 908554682 358486294 227413709 198272815 892984601 685325311 303283326 364538417 120016882 308417917 835746605 791718043 309841323 619439095 188626206 688582097 491345318 941294134 143341832 327666673 177893049 894363792 579422574 714469329 352361616 213512267 374433304 242982719 51263485 219595916 452706054 637186398 186924015 330172171 622098706 667965080 834102012 302923175 210340725 303601127 239966033 816454910 46885479 693942143 982825300 799573204 629365749 531278057 215145916 76707524 774676214 978726697 251138762 274030127 348008511 887545613 712810778 104611990 253505843 486868600 319058386 209588483 617194933 298609295 494187285 495545426 933725458 420312925 927266652 469331873 96352424 854074162 370001257 311343815 594445523 814151868 252116690 76181257 2732917 263031629 321823458 662123161 468578318 48711276 803201226 885027053
100
60473519 477738739 346337482 941536726 574650916 989242119 830274529 560155088 875092038 339554680 931908579 890315810 460028639 299019708 307822038 507872529 398032648 828075466 624090877 904760812 476798012 693441850 559500281 343890039 943482755 893391431 179405857 132269955 708810299 117038354 334762239 437189216 236914626 393727967 613177711 817161880 86485526 394402674 864857744 958689804 329043345 274827017 376118281 718217720 166745707 613203288 575917333 301548440 587678044 194709308 418177022 477421785 763113737 581531149 922762207 769821314 457544403 976919162 172953039 215427296 604248188 228552496 50409667 826941738 245883166 118441328 374361585 284810018 423254352 252821264 607578441 598870376 527983698 959728097 392855850 671188661 558789989 935602172 383920663 225856151 568199246 433260007 60008044 713352386 440114012 675063950 43524388 847438165 397663519 847337973 68240975 29680457 418746638 988984210 235951816 443226802 726675838 283391786 491242701 207446485
100
517761181 231586549 693308395 994247631 780336967 117819677 324575777 186408841 820389761 617634513 526395644 823116000 444685482 687608947 440033137 318984106 841928559 948821948 565097773 666108138 904424143 600568771 253607294 215693031 918749811 876847091 487120963 80807676 50402703 200282447 375258635 721904823 166039192 183415195 906915069 299741986 426700431 347874335 797051453 116107744 353194150 293068786 662481800 258913457 470806193 757241792 709072067 211598167 728629865 25624154 270235819 648258948 756373923 791798795 153848726 490245873 689086280 855677778 458183455 894333012 936403630 862010737 431540954 336640618 746056029 130014478 385069352 181028909 955327674 684855389 42204940 140308862 969057644 837849424 116837293 87089166 522109710 779202043 315721234 50767111 358015117 874566606 798622138 767228175 802053691 856842996 583680989 881804423 887158146 831589942 658341177 585538277 937575886 254716905 766859075 453753388 269829162 836716767 539350137 947211472
100
247506321 115574011 829272189 764449809 739809236 192485393 203903415 739890557 443957917 900429261 198479428 256966043 915248591 857594399 718786158 755414968 736464671 381011682 662683223 176593879 457766511 654800911 105408781 945412904 960050894 651086674 303834890 863411357 648939675 538452469 182451038 306250168 480716309 886184977 543570767 349535110 93719285 908889 202913777 811237098 661557264 677858502 133277450 890371631 542712228 657393570 778929268 327397624 859642191 318787233 980912084 537827875 165025013 68802792 897443539 86520519 938504689 143001270 926067573 739975807 410477380 877273470 5294995 458162181 781575043 293613802 465350185 639990717 742170970 381184070 950024518 674362590 694320936 972087360 525978429 200599159 360391267 336326749 828109045 723613934 24326161 367587242 438544999 433004872 584575893 353874811 605202832 497577389 89532615 834440742 435016679 838494659 558409132 179870586 249605959 580295696 304210247 902402793 435740488 725463874
100
27818987 286653759 901094369 102263012 242074534 915411689 263561716 629265067 146390579 744215282 135859256 151537022 302049614 900854743 497481412 701910400 168763762 772281898 249995549 538289638 823705642 58802566 794188143 682134533 237543226 106343701 386464392 899361965 656801833 809985835 237618832 51807323 403740103 646881484 97085084 165900556 579727475 914494115 520361334 70929030 829677738 521963192 267808267 498779710 539874658 75882231 137220199 68863660 615926115 938000752 391653784 397733005 491370915 202326535 695490142 517853460 414992134 289433900 889354736 201017513 956387421 705451479 978805273 160158121 378733060 831618577 67557883 467028148 272329646 981890406 209974718 18534925 159201149 264278042 783521537 857528652 548571411 865252211 24950020 574485995 760380246 661203966 70032767 856073173 146173699 217361191 650715315 30346015 403097736 132697440 802891545 642892478 871433552 726499617 521537742 654232711 451676398 15852101 293821524 580014790
100
692471433 829137193 314862974 577744570 377504857 313310613 656671843 173207187 962214380 651404606 458382220 303730063 931698917 230396570 360595865 625589354 652117157 17182643 165572740 513814703 939224885 252522029 44822256 656633812 198810313 573997952 310149724 119711865 344213249 746446510 880494249 882753786 5256914 979754445 784232740 59729483 777724958 384426031 37213568 374410701 650688168 342205204 577692003 29351255 138630610 751927884 277265574 167062727 365298090 10360453 649788212 692529983 236805002 381715734 665779317 360833881 738032949 613173403 684756588 900707707 229503213 633055512 23305687 448522374 577293542 881435378 386590781 787442076 301653076 975495817 242234974 131484627 232835151 809940096 103751284 226648621 633065681 657423759 242815991 304040646 768136571 869179867 341636268 659250783 584444073 893659853 651599569 835717198 754775727 648291503 968827924 129274657 810214262 903312435 384653872 775778361 332685435 640929186 252670083 244550804
100
4693997 866034073 955271822 95846009 451281943 219004301 767108866 912701929 367292409 72112895 107928213 386454950 94080554 723465037 704639913 808798201 393071028 437408424 950447002 56964509 5772201 793596177 840095863 193881302 188808608 155719617 788150220 831078747 873449253 13902103 830426821 477461867 588414510 667626969 707232332 480304320 304741657 636551711 854894736 355048846 574660679 221560896 62901957 523805094 799152816 727590493 229546020 610254678 77711784 491169011 352926161 863381294 899313742 563646449 122507346 485560716 542350746 980290396 201690669 214907278 446794033 605343148 392718195 455651293 287293024 528639540 852147155 311501634 765953649 260009440 187751218 683891563 960920274 13629504 226033470 205395869 120750863 748518550 755392226 237041290 77648535 903272263 479289136 361171800 133812986 665401013 173801498 255325543 416669781 827941046 83090322 921080106 852669232 871232144 993666456 374376701 64500978 151941775 833547401 239845705
100
501876380 201734379 513103527 937048212 268201422 749840446 105682380 259592131 670649881 662006467 105598074 311856091 458265868 967014804 621798838 621226567 410965859 799071392 809971336 129068245 120457949 911027280 838162035 392148028 437517205 436647721 524162044 638342973 142666963 77698437 908991940 709217898 964861719 667210182 622324106 675741568 157952844 948640373 891155857 592906340 564613229 471678909 933821704 292124137 499813734 611390992 358232908 844508066 269542084 588815718 108232164 434400395 183197257 552419239 580372855 114361950 811156060 882381921 321638127 796168346 396557959 811834321 434601143 838862335 168610787 443649247 466597844 968421308 804570461 826622143 298405546 674975994 492414399 286086680 280319881 676302977 283289490 69869854 404635346 779717278 808445436 826982571 490770849 317359906 257780285 888162562 208170912 230368848 925458669 786472377 615673894 176066192 63022446 183941166 211863036 536272099 980651258 316444931 320847992 144613162
100
621276053 947177889 836369180 824979882 705054837 53633872 512649291 743101813 559573222 787268834 243873627 78984504 18135197 202610355 374631998 942584757 850452243 644165044 299007668 118253226 455920171 79538537 430165927 196782274 991612256 238209453 734902458 284684949 941308700 556096511 30234351 537013492 400770384 551228932 756182955 449674733 262834435 735295616 175984385 797388295 862293409 73689057 722987784 245587547 236410726 233047147 448967769 410560690 28418671 433274211 943414847 90816364 301554898 806108596 894605055 523203603 231303745 733387048 897422902 906286208 806231086 144990890 423209383 782344100 878317415 300309235 302754979 854360535 182311635 249635680 193128037 73357714 371028847 885701650 724896174 670688691 688946914 992216034 775118246 391599166 828573445 575850126 742414457 826350117 60023489 955677842 334561874 973336097 980753213 463845556 682046897 979285633 13331858 700404571 736317350 505562925 13651405 692916570 749213961 434463285
100
283541024 674176652 472005953 206858432 948718304 106536111 638024015 687403050 216164419 426438189 585528081 761475873 491518644 698260205 337509470 403880712 442458048 569668139 776643367 954168720 247228091 797233390 699038147 521719948 901940112 318380140 531655586 43906342 746484439 204645919 35432128 710587666 879355683 388680980 750907723 501128913 544577174 998834305 323310087 52981926 274614853 247101990 201275120 977676021 75797944 742441784 945965981 867771661 682219990 766600726 760613236 104609796 965557242 392469896 642880335 469561278 877167824 188995311 725004016 226210243 798598721 218325382 405757241 369575229 405395137 383543352 606442594 780779371 822289318 1980398 852198990 781547036 222575052 218633914 881362335 125867662 474153921 226639977 362398690 685648651 526735216 117783283 843777336 42784833 437180193 38385278 106425070 505387451 632561703 593711392 270559704 267367911 597345010 379090599 453452688 960835389 893830522 235491953 817027312 110920621
100
854398684 211191069 677858519 29024591 634566705 807381175 213736912 697397914 322729720 943963943 14384993 931068262 438600070 358378179 653647124 322144954 874764112 350949784 125976316 252836565 46145358 366175233 510527289 756412554 650353933 539571943 426200488 863381766 770086409 860681118 802329029 378969761 271992184 292397817 406684926 602954942 517810654 680533337 455898515 115571079 392723016 620861619 752575621 213791770 477249690 853123333 593791140 261381085 634071150 888961173 421248790 281135863 330384829 245586583 835647060 873846202 399897637 695135041 851190974 29830732 479609369 912154436 391318291 987717366 874934949 216449023 712068017 410664989 622033392 760012928 615300766 879031318 907256197 781969097 747212454 872993511 93825670 159570581 615845048 678455731 987600918 74611318 381312923 732564418 772240146 136723029 903350965 583245420 9541500 924915907 208591407 555653751 324928536 344547728 726014704 608542687 872990823 477062433 691256320 143437271
100
850410982 814429860 841293690 917101412 342599319 574151493 333020457 599476527 149190142 266677773 181284196 931749093 570943643 18034632 288548615 34851894 448460601 361393664 745794488 100483978 227618358 510292832 62255177 361422927 386314486 643572532 581163519 419967139 663607845 222247411 599715770 612651308 201177158 582802728 92214115 365034380 68798294 742704573 748557327 221766836 583595348 986522340 824137072 870396248 466010669 569349972 341844995 640253570 25009541 386477707 3181651 140329843 377077752 868328060 161174153 256076924 287023683 44753581 67137667 570807395 450677136 84740184 538810821 883024897 461907257 906711951 862680349 935459327 254039754 88359571 800554333 241021134 839252787 322481892 838763300 264771997 68690691 74705144 885692753 231935749 100949019 202644413 691163993 816392753 828090567 779912937 662290008 580901432 783024421 867101211 328567820 636201489 767233531 107241213 542674720 914629284 793377883 312735110 395595389 127269989
100
718254082 248412603 515144353 561409515 653910707 621729001 84946651 577821561 457697658 476329828 395018273 623707254 717842186 821312195 770591378 270357551 324318183 724139502 572873426 354504120 905621928 972703700 699382652 102826354 737491375 618745224 207463527 34794141 841742210 24759115 75794875 70624687 835805297 881508009 305422182 202924114 663255445 863074443 608815480 940342981 396243694 104937129 582806907 726211202 449841573 256178688 866322083 141647453 635501400 73774777 202428005 415978445 581830237 17725504 419352333 560246983 865821235 438743561 391154074 217737401 485517318 977951083 740846068 990065763 621291715 871451980 471412662 572228666 623399826 96127387 498386231 605096249 47255522 395602234 973643053 875572790 854728267 115821668 544351545 88846572 968383105 363959196 150318242 894879386 896190295 949484010 184243029 295947860 53668048 432249110 67300007 261503549 482042809 797076826 68285414 673299250 599970166 451906976 169759316 799917282
100
60859250 732034719 335726103 418943020 969079177 110437631 975862411 999061015 261994039 660287922 119891684 560493217 164577229 155043909 430340138 807135988 507451959 457374800 158450412 809562590 923184242 7363207 63744113 89189610 796063212 132365843 545867878 218640943 529308224 595048816 911931770 596479618 412427607 34365804 473345217 803287053 978668907 836573788 831832059 530053942 22820655 166751341 255823295 791556353 508874226 114973528 860301541 826224219 873641411 645514697 500299700 221836517 729443957 141015224 125248414 714632005 447895672 728013614 902815544 62155699 849069105 274250059 802147074 727183379 624220268 445694769 679857153 523691389 70141350 890654282 570690797 807812170 164586483 773939677 533606441 948916419 897955170 900904024 357998013 113248800 85600174 180251405 892388007 150721466 10283189 550071794 317921339 338252769 106996018 497790237 18559212 435123283 920354277 460678026 316544952 232459081 705097513 923615883 305900464 212404561
100
405104615 385724029 215240911 759262596 852620564 587287534 14854348 211615594 239038944 905735072 910899782 663785547 724185432 510024923 981212372 230514891 612822433 10071583 940397395 277391573 154843799 202051289 249372726 399841472 826772312 821654420 416687870 330045849 445062868 912608384 390125722 364206984 643805743 261432889 599168091 42826527 382249903 291897184 48299719 593961112 4792374 929077477 384936906 540425632 270006327 168798861 503373513 693654516 647537732 564844859 964514708 451718361 385838040 673192068 619791613 390129580 189610787 663404551 602950808 669893492 835035150 847681981 244058249 529629769 879703259 787365297 976803949 872649306 202992429 305388043 181037485 961429129 975652062 765444655 303020583 957588378 420886885 686795320 491107319 658429841 720795822 467890631 186744437 139766828 929322588 483727827 209517263 210176979 363232947 894482733 550108521 662327284 419177888 533840610 883875417 457263826 612641119 817798614 525591826 375191670
100
147518406 230713836 678458320 407531816 168003726 91431023 670894620 327493234 88383175 415581658 289818115 177919772 945851361 406804391 310452552 957792288 172976267 375976083 250023057 525196099 613233514 595261320 56431430 84130459 56380934 813890867 307772207 593200961 417655122 872698020 208704635 1059619 191753691 515983141 290975311 553849808 298057424 717097817 251607760 910685091 455957333 463446754 475012083 359832297 472228630 307493010 34909544 47663939 549531146 852723811 740171091 337259133 566045256 461055798 120393354 641353924 850144330 771642945 813729142 924035945 732293389 352212223 930255215 694514332 706645007 668131564 939853814 424163287 818139964 470720253 751644532 602202006 127676113 68592222 717224693 85051231 418984041 680098581 634402192 278919762 947744671 664639851 733740396 526992063 509311551 910187567 788803812 510688199 788315694 498915903 184093585 415232983 514148149 719130044 732327546 592922582 435021831 230621733 494899084 621860069
100
478798551 179708697 378712475 732044181 36797371 321657090 287097080 769228908 957659531 760373981 849410051 466020953 396547084 791922792 544119176 648775357 360621839 641556089 44734755 98808292 105107174 297564163 452469015 300416124 572486171 66128909 125939578 224439060 153114231 49340889 825098502 110070994 768851743 873030773 900473739 705309089 967304006 809886213 119339310 236797466 123058216 691619528 234448107 307412996 4820478 877417546 856644423 470587194 576085900 828523905 988971224 714683697 889488618 951624647 262263640 828272878 832636789 852296782 169376302 26619284 810143571 946780137 675423800 904766861 600841973 164850682 541440699 908850472 798254387 733146985 749301831 30464017 32341076 443571810 843976518 459950797 923046830 82472092 122350346 868539914 284402725 442196455 430764102 581808982 578049870 857428127 96591102 539738997 494374931 864927091 548926267 243921360 582480903 886318818 890594648 740634297 838034854 760009833 889652231 249175908
100
636494801 912932500 295475957 546161355 889533918 391926374 153496901 137961832 193283237 998894883 693836890 625029863 339262194 508149275 924881151 306792010 614221726 657731469 731008270 641380658 758982156 160980925 982595464 218325070 560983857 744024966 881602606 155408435 98226015 16466644 225445051 913504001 572153489 67573064 400505646 938540514 108196442 318042483 322647946 498377822 764621230 715538589 38425052 665929889 396313395 937235571 143248716 474204478 381268931 809497302 656138196 88850868 663259386 401545162 562011073 941390278 241021424 528205976 975544301 94961536 281941446 984392655 422884764 412365259 27381582 510589900 193709489 616505322 617817394 939516683 173928625 482782290 428927838 451666742 858019513 53222814 503979412 389222356 184929084 164235458 943173962 483223535 570171393 836624479 112304199 938937936 212127197 661258596 235321456 146561766 48136943 389540824 153190644 403412783 248619637 262486988 581939100 266738939 203742471 522581686
100
390625254 498840289 226446587 108079449 197581927 346873148 300841095 533286715 519867202 662884457 654546244 293499845 136296661 841897582 175771069 826541964 72257811 195468565 130082274 27245207 543195305 918497986 201384223 217501750 868322695 39986923 544618750 818166984 405453644 82798257 730687395 623370347 726602290 824870515 653540085 797475899 208971116 744094419 965434289 19902286 121509393 584549479 738084343 579779754 769268735 382844199 16686900 579905952 690261694 266059917 353566304 162109572 517250526 103757341 246034508 481675142 139721169 501425437 765771139 420647313 88768426 288577154 87915776 386191443 263372809 421865038 272253299 397793517 12825410 22629820 84153431 193664303 466169368 998189198 404302673 850993370 825594528 669218609 453431763 530151578 611534661 167295056 687154900 68609248 375379966 542966802 655092487 480539255 420890882 695665955 890040786 88326770 5886759 50036593 186743101 441172228 715557752 926235448 10364806 947852994
100
446955334 673145349 425625075 564806947 286528229 80857054 673232697 453225011 771289167 647186178 395822206 305821489 552604668 302916863 288635 158901789 758501507 927516736 871222183 731743003 840884419 17856194 67925312 748488876 371049604 906518634 92522319 308006343 573094149 83534270 504986799 347011226 389074312 35487868 66800740 562878504 408515013 84241449 744697191 259399566 454772583 926206215 203972894 588812442 533218368 850202395 61273688 762352203 723441363 714740705 943997193 890827171 503126044 895759033 117331117 190473108 546312488 820997169 8238198 990124371 843062582 303416847 64808673 140872875 930120759 337048147 877863531 213543268 847433734 616670953 807810267 952549593 533413215 795556621 523975841 690026784 175669278 532314965 504635983 34703259 707798507 684671832 989544708 965177501 15178287 63202904 649159716 526846197 510449290 683019335 295816699 120776789 521391008 261950364 89772332 765797222 879972278 872226206 497403112 630290629
100
349939141 921270455 508063427 152940381 671543101 534471693 352012520 918827220 833661447 445677006 817435681 561219475 565263041 561942773 253639492 844154301 645626772 11058135 480678841 257853621 611993735 953310545 408467989 373615501 184003897 391433142 88884969 786530048 708848972 853552214 122446119 880934857 480513954 142598283 430482115 523599970 549273553 162466697 631954921 547666212 689598981 979910283 446806374 884891194 681270774 15354600 168313866 926743139 284347953 44721017 321613173 553146261 937874900 574730488 789022825 517119914 572375404 885715237 754643196 721484688 661131871 897465061 629018494 213599938 51350585 293726933 233892620 613749889 52452164 317409042 727094714 570854102 590556425 603380486 527586379 747895833 67773106 957414256 343480020 805226567 631375881 971980792 226929973 852897275 589844294 617961027 436745574 661547207 26052235 244904626 173672440 955342208 494545777 48832381 714584616 508343253 912998576 527561413 764527703 678394341
100
139863624 19035437 443575367 954064630 452138994 580204860 86445303 516637326 240232449 856964864 292803969 667404630 49621136 980207819 818189581 468733962 196049614 359134391 598815937 330081336 108643517 634494828 435923287 545879969 664797265 513421978 549650467 20188809 311023590 660670971 733028979 437243730 426162738 403289364 576788894 889381058 109874415 533740987 188653090 336311404 4709848 171163496 374635387 289016022 705289316 148046317 927911056 536374589 772187766 508028777 569440273 740820431 993030890 413593824 997659485 17592476 209954337 369367550 73500131 587591645 667138732 581432662 276774241 325233018 412678718 864822176 318266674 939393788 503409710 76408536 963137520 312240919 369371685 650926343 639744783 620701893 399917706 92008718 706649702 896129592 365991667 978977798 42604949 721635118 204146949 75663015 625874456 169743637 452680419 508350640 382115336 465264069 503853595 268845900 879139615 107464182 395448801 173447298 974275855 534561006
100
136331810 661788365 108809380 33250938 290605695 166150843 41903701 306346706 574702284 559001385 91205200 262327309 303346095 563720623 344803018 309293016 187868793 969710510 909137530 236299973 791474708 931466532 987346475 393949803 76718828 863953070 208079914 825262724 951331962 850270323 679826481 308751692 599258928 225940694 660017982 166428266 789774502 598134184 971316749 409167761 940585759 635395277 36445881 851144162 405893579 429229311 507360028 798990462 524315871 171078839 963055193 86788608 804073049 789251919 740965890 158275758 318345849 712464797 667940642 413068740 98618248 369945234 656003146 494611483 236822367 711039014 191587276 10523783 848119396 398818772 471385666 102809855 161340657 234063855 527346442 138282967 939034127 255506256 330443665 73885394 757074879 748307029 290928118 722032289 842305987 584846952 714490722 128018721 990803897 231077897 84419504 215767668 167791128 417127851 738300901 457901 998085842 981364153 636192412 284924920
100
804075015 288174829 22251159 716998156 909509580 703846638 279399108 168898299 609321466 817869445 349667064 502054875 255107238 916616963 555612041 526014803 612606594 199701215 362422555 848353343 845188708 812309479 171224630 831426675 535121191 978795071 993399170 288910014 266749458 898756113 146035394 923881070 487337592 529391068 910659144 418544952 839264482 655838904 378936525 656951775 510041460 942587402 69521977 589349924 361581287 468277460 984361901 500231834 115242178 666334635 11806296 357556473 646896237 815405416 577726177 894245269 940972848 713894738 647360667 14440968 854235539 767207251 2621727 793437152 301316353 424497033 177882558 723312224 689686911 639481548 555655687 804860785 221215430 355926075 82935580 174854229 731499849 867297448 39072565 412973071 600740130 651483302 643496455 828865605 121476780 153348604 514536638 71549638 378629742 290427523 670634063 982156951 622006185 915248516 562433707 448419296 516297650 525888498 289271410 387469492
100
586258098 508618466 714066517 925551953 856630870 339518817 722257800 580541643 155883746 507359771 375444549 945266205 449268734 217951506 500873951 99468624 147863031 745200929 571054497 293248493 246540503 789412036 33531144 703400507 1521115 314211478 361958052 353352563 890178918 462048158 6816397 562782344 627176043 121421022 912542660 551710886 338132062 240032361 690157337 930107295 951151824 534988989 584233191 4323297 864492125 546654590 808866711 337964918 329825187 555374506 447001835 3791244 625583435 679255929 883247273 679112362 769752171 601962699 961042259 840211937 360711556 126695420 608312046 43253875 363507264 813870215 678943878 577963827 362470193 708352130 316359035 303398536 377926082 773953103 374493275 354473721 554312931 464576727 151798400 439278722 501699485 263724850 19228546 119761460 474076395 212735065 895733656 809196308 854472857 927263564 674342629 391916640 382238149 994220219 180001926 12477641 277993615 526512117 985466055 237972751
