100
100
964813142 256894955 175421216 148429744 460419286 528370439 836495053 356016840 533449374 440688680 545212167 237163494 628066453 901738428 101351244 836880247 133380382 739957991 555282533 263928127 288703738 472674510 589742316 661911861 73633332 854793774 417237232 530096070 941776422 685694752 107911983 731894830 129521362 642907448 340024218 975136358 802564103 426294841 140600755 245608124 502893991 333797834 119826440 354258427 9807435 736002778 127521278 619720445 745924055 763888384 54186109 692434757 530135576 44890861 827733015 43110342 44410065 691636005 34081467 237803835 369090219 594551455 307602040 375586834 918707271 787324894 391637290 446820298 92879848 617780195 782729413 229874011 461033739 317876984 205566443 41805126 767781206 303769190 344142320 111970542 969996144 289076200 198657715 502576344 35408944 11998300 3416663 516679283 407073956 736492246 635378439 548301339 199018958 656690025 584943941 573203753 115881195 596526932 917388917 258483938
100
1 2 3 4 5 6 7 8 9 10 11 12 13 14 15 16 17 18 19 20 21 22 23 24 25 26 27 28 29 30 31 32 33 34 35 36 37 38 39 40 41 42 43 44 45 46 47 48 49 50 51 52 53 54 55 56 57 58 59 60 61 62 63 64 65 66 67 68 69 70 71 72 73 74 75 76 77 78 79 80 81 82 83 84 85 86 87 88 89 90 91 92 93 94 95 96 97 98 99 100
100
151394328 870247952 277864254 143918498 352887503 489707755 835434044 670005269 543703451 161081358 713559118 781072587 547329463 944647384 771817374 288033793 928666779 684016585 513715084 259758096 352278222 867154407 4674789 470921681 858658019 68945298 750750411 106959436 940601470 512375391 46141582 247289747 845918559 282515969 184455654 482450959 618419869 359758918 55792532 387590764 748604955 635022648 127448233 425152307 620606438 338114819 120754947 304355245 697505309 732521538 39003226 223298736 722056591 751604006 630430397 655540475 487729542 749388451 944120859 268874259 77974122 755248604 127251049 881684340 868748369 128382499 586785178 495404195 441197743 676388545 403635616 532378362 827389845 293840328 776259391 388847979 545059782 354963580 901743901 738702025 443240427 840094420 226902617 657136647 872627846 241162207 593229644 413720010 643913947 360605186 465120663 832860915 87059870 908457701 724965068 889882185 852334977 972508165 548468212 623029945
100
349796392 180496554 717063313 718760023 923316102 611500553 56814422 217971076 598124029 631265961 726191815 77015354 28737827 48356087 617037239 977895432 8425400 383206341 258500868 844968495 459108457 265198182 749342939 675945021 416354848 132849326 286041800 623692946 541870526 139678145 511449255 192159300 78639243 414606617 76487796 648613723 475404776 550556677 22520529 377183237 80361722 373697585 641433693 233402775 338758223 396304672 963808630 974146135 293172702 59293492 160919075 662748952 607864470 709358041 952781621 214113610 675861757 738310115 754548106 798157830 345737453 192047785 932272815 75429903 167345261 147365743 905208430 239475345 989383641 828240234 34960910 471984665 909599378 184937018 322089545 684157031 523098095 635464504 290703354 575515594 342374581 477384900 326531783 802785299 151309900 109092282 301835480 81117929 130635513 752105968 956838047 422827125 530952881 301359654 286444592 921551831 945162491 913840437 496560615 462691744
100
59185702 510652795 250710868 492508804 287207432 768383871 657084811 588677895 940286124 364580750 843932539 795693147 614566394 642060145 79260526 84154700 753127553 54617475 67797176 151913052 887922041 948474178 989753666 883586215 705519507 617644824 474251548 116044661 925479626 676054983 321824432 982280269 620588196 758188573 234877859 865597667 47211158 41220925 264059361 124537357 582664319 812313805 919653213 732803602 805387001 30055681 167435936 136327850 161523723 765338018 126919042 275191298 929582212 909590391 638036922 361596030 40864284 753003881 794254238 126868215 335553432 701548955 882595801 170349362 619740614 840802341 467034361 294177701 64379169 933531658 562376548 237328206 448848343 882833282 92844912 50072002 799442094 349279949 663847801 442443320 909539995 182461773 347168497 139362087 842614452 519817750 118708117 756634971 812848332 244662178 171091554 842297142 18385557 821377810 435184878 987498515 926867927 164604798 217470914 122914548
100
555681556 964053138 889876054 649779033 648848632 205826834 603168959 73325131 331243849 742235338 558328224 770725345 985954573 326873816 750543908 328026498 290193867 629173925 797967755 847847714 114440806 729363704 903977281 240430899 150825272 396592225 774353404 785459999 362880193 623044366 954305605 686313999 834967168 995759268 760663548 636165631 610353209 771072212 639137482 3884520 199633894 272572712 353299234 112055570 28981755 215206183 5889806 941498267 397692437 126605055 795766485 23203876 966341786 457465747 689154711 211981690 624529005 210582263 787209085 999284819 118104727 497680877 96555483 187029754 492404282 535491082 232500474 745588382 896111360 944571286 729611692 237882158 40015785 622535627 657244078 595513243 456494762 274037664 451731505 520168474 78547390 385517840 1121986 30081588 360597142 709905092 100413891 809211312 636710516 602383221 828488341 499735551 966585503 609378882 448539885 376325136 393903192 811208799 377201127 924498029
100
751679830 354926512 730526791 561254353 118374203 701138375 776813609 91040859 175558572 4301438 956494511 47868662 962593522 370263638 521882077 576534044 792876511 301877422 623969043 333624572 291067003 512439694 934852618 590369108 863880099 566916335 545536309 487747751 552679078 21212179 739430580 391773005 418429983 409633140 245593924 521035067 617502293 120555491 207581716 893408828 133249710 383102820 84182675 889287343 598118265 433540258 277132429 797139677 660054833 996462195 986537878 298340153 387878997 256265715 65575564 611222205 974042294 705894472 135840454 90327714 982043502 26619103 794564364 539341317 829861883 637239914 892017227 481528458 445925364 995011046 675588358 942968895 164247010 59117469 459217231 966999826 628630881 297467239 181753593 677386177 509798161 565264538 249636577 690798883 567769368 926675432 453338302 434947171 229877152 526205424 186606174 860414561 212585043 93066721 735885716 126628201 66789756 978793524 851876644 904714162
100
824419291 959422501 925470000 252905621 309352688 921798845 876764574 33681168 406265085 501380469 659501659 824336528 92271670 199034535 540776616 580689916 601380005 98957621 587938369 443486158 640272896 335899211 279108355 375279418 99401955 824213959 91944123 531006165 202135924 71175902 317429704 161689682 443760136 443840110 561247332 99410980 256613322 166273550 286055725 505028630 316211890 808884590 964955866 911335509 950596023 169231601 803629633 758971344 522943207 700722418 50269113 403088716 762844322 163396137 324945170 755925073 118822906 789099199 804177672 235292753 339842795 144924951 976012566 982194218 170340756 127100540 707623995 236946114 33318115 677914533 533400271 566673942 401252294 490183781 696001414 415290536 345361196 473824366 68901792 753599653 967613583 122743951 489312306 58397965 532356940 650321245 666884208 127946767 779703154 531962531 992147845 741601934 38573272 468946883 641046885 238191526 267625593 623689200 972823738 750017267
100
514498247 977092637 442274491 159739879 639114273 85256820 406629274 722958146 699603681 771286591 80032795 352776042 209506107 540475259 932310778 799995511 467123442 120924297 763644795 602033949 982389048 461664223 354747990 702560521 309212509 937833460 977830512 902161546 585959374 838081333 559299158 78966324 723316190 246148587 657766279 996983431 274085991 907140647 878622581 682807731 51778579 967181108 77611227 85180605 466955977 829588938 537497310 422923685 615538365 683636925 49255435 354226525 983882757 687551512 568143010 921246997 179283149 732708682 561245927 397049643 10223186 862629414 229752889 998895896 830883152 364917935 979775353 465298904 130820700 938335891 340708502 337588082 375814852 958286473 539758738 160322747 922078091 80533271 981895045 31290693 613742613 925076834 326590748 925733866 642770270 132861505 147887258 161364429 766527876 557275885 676312595 824077180 614617456 560862761 80705444 213755517 621066525 40870005 600787417 460450453
100
476735317 515086096 950141514 657988838 27248381 281841934 863867590 485210097 79415627 518914221 610320722 397425544 846436767 819856166 92688177 784246306 994805975 466059910 923699799 222580964 724200712 804574232 246617267 184202792 840014110 111643494 713943382 183254157 775889139 357137664 979651690 19452711 238213088 35171458 512779346 151699467 651796931 532779302 88181316 181616261 178228152 65007638 368761155 296840960 9384906 952905598 238945529 136707844 780647724 211856494 986280358 747350400 131307777 752506391 684397340 262286629 894837093 357404856 719205598 625589849 689574684 129735455 663414993 718241077 532724080 947163189 230408915 343700828 458546400 9716907 685317875 946227249 824791647 858612529 717550861 332019151 251616347 139423964 377783229 695957126 266517724 713055357 447648932 732236641 821913281 822706885 144772793 642062826 374606978 28800975 779287124 542330470 115013824 850488230 33017898 289694014 337918801 603796266 56740289 825988739
100
771836557 36264551 865477107 670831951 492108430 681342590 890652802 554785377 126153532 724080256 410504597 689109795 874802345 788193413 425993987 170830402 60565451 308683302 659505618 814745981 750806396 414203450 297142629 151415539 182693929 289610795 908595306 986739779 140387734 294506974 449205844 740506308 285206901 783141004 802550515 582277087 370046246 944217975 192477173 703907900 543162042 335505178 885213577 515240541 142498279 683844523 163041042 939238364 141059788 868578786 710713677 452882136 472168465 546683462 143266034 460392898 935269437 367452678 758998008 285713343 494190486 428868982 662890896 802132977 357034546 605184194 79164488 269440845 646708739 14885789 820420991 122304410 12794620 803457616 127265947 830403864 432147768 612450296 278619242 1198720 160032220 580295745 333925263 902135975 32448901 831528328 539760974 294603743 1378521 520784439 551249918 903993652 114629784 973319443 523452246 92921008 184265557 593660394 168436907 759858701
100
412101843 564278630 172939786 942264944 512944278 859911635 682147403 975488147 453948997 50233541 453979342 24629106 626860795 939792073 803910006 842839854 371227117 248646180 859834998 115843829 612201265 213728503 428788978 478239624 735850028 477454628 998838821 423395259 274948791 641718171 880752074 752470499 369429596 24744861 760928826 585374614 136308501 562292018 27504144 168286539 418633593 226608674 586344981 443210578 238518628 440524625 336592278 98397310 183135995 683007956 262581532 147931322 294551448 618721675 476988492 879122912 752358427 154038748 38513139 683394826 100768236 990828175 44790316 742317340 462463732 4498540 664531404 643816330 25548043 29514685 455857265 51903529 889277135 4442305 200603890 665579562 234154193 599915594 485024875 381735565 93354579 209490547 932009134 166207932 538425539 992938513 268783203 898986727 668966983 165516887 731992367 807616732 495012282 832342151 646163177 875620959 102063095 238559325 241039462 324514087
100
921593068 735548174 448266053 201429660 80715336 231180233 367112881 778984130 728321026 388126161 724351850 585608352 875745139 211035918 768280782 528583306 855228924 637157642 715076973 922787417 668337162 319007194 408969960 561992838 450075032 914270321 666092433 794465499 21107919 395958208 793524507 535505372 394014880 322678020 832121733 731073888 94587520 645833649 617114730 476011375 965081268 299500627 838338474 480337469 451734583 568196114 553714646 252360489 818199345 967845468 182496425 254034163 878494598 945951139 929136535 804847191 714253021 612291029 715117023 464029393 63528736 695910321 404887128 415552207 818240690 76368116 496047766 502960817 85316033 541089599 73139633 654646806 546156596 758225953 437889577 415239959 573775506 742742831 981816282 968756984 108502438 426077195 295590814 16849014 55365518 686165607 968962432 227599693 872635646 819697316 687757139 591269556 818375117 903062441 437407693 695903977 243696476 630939688 217867923 137185889
100
343573811 424289476 990102317 364283142 629128648 869469026 788042709 457216980 114046302 185994561 571976963 180109198 679004716 628529355 887502651 833526661 500921859 785951160 604764879 247564221 811964607 777408031 867210451 605235349 35409590 518190507 702907674 451498345 371355078 988114536 236400229 325128100 954644747 845134878 410055095 694580127 824265226 224970246 306395773 924910791 331783430 832039945 710206835 781982544 675202327 195892492 704261588 631727715 794687421 613881699 149868749 564278233 888943598 337300615 130208426 356725303 39669854 162423453 584964793 642089347 813724156 655714359 363136451 121830367 2498667 86688489 681893244 707819976 820813587 399201518 132548500 721656225 653747325 295583320 425565602 569702534 39031460 929862174 546071651 197996866 131747623 509952231 945201872 963218947 180371531 128064773 875060634 670925933 624591307 368381425 92334322 546823403 671644894 69061522 37969254 670313193 670574723 769703440 562321585 651228045
100
713905455 944467067 787815245 779580917 188685602 380478794 808462824 151564094 686565888 15564402 390068672 194379425 709526117 463734131 110944982 319599071 364512059 92768310 971288959 497468514 916317859 261545625 277379469 674042135 727097707 135113579 405139290 693544506 607349131 4326655 142679000 624782864 43314213 984623444 659373959 425712359 108654040 640801633 563936005 313085265 694835033 355843268 659238305 769644949 517023319 708146558 372992095 738341707 817115083 260880705 307593068 505471766 985988121 267040208 265189035 221264317 675767368 854017339 969729454 937140661 814830908 713048550 858259722 587078917 461355800 143886695 880868715 216817083 555148375 213338030 555386287 601280479 986166332 283141450 386162907 79492920 280320969 254533241 534284360 640952526 403811267 418218573 528664958 22307899 719089842 507339472 942464193 741335273 777391327 716929463 275175761 720854118 10738886 175293826 224385514 943986919 552574992 800387989 511116211 337900797
100
352376077 527197730 376676603 169877775 376349745 709006358 989807136 903450608 991959640 343598011 590324314 860362348 961859106 978735883 302875657 871751586 499572386 765190569 141584755 731726071 711794709 547241518 668550762 694615105 27796079 776766413 404080403 993480761 756575241 851270198 714184211 813836470 8590422 371279934 308682817 735803668 652341886 883824375 64623316 423451441 780734120 105412446 963036575 383787849 687953176 968588170 239581147 686714512 441133373 945066254 716783534 419120998 508474194 599281213 937797030 518977712 605648906 279311793 189526328 514642719 248686900 944634230 397898066 926686008 319995425 916373410 720194891 293816292 617196034 633445437 451023313 842343491 841167446 859845755 793207650 513996460 687867718 114664531 651042469 395664763 287498305 152151060 327004746 331835966 979640998 604592714 301755921 551454459 260023010 747543320 500531188 863047769 289937845 935620407 252696992 244221553 87332578 385526002 523348205 487419486
100
892430624 694800475 794966987 712017488 549598827 490194663 141719627 816067018 506307276 742722235 641483266 896393118 731004373 15431557 1891758 735231346 489612282 751060509 362748142 302343036 3065278 103731989 626498710 248793636 420333631 15088354 489914528 46318873 484700496 924872468 999840276 720301235 867013690 805051255 714966296 311262674 23268648 180713219 151007332 77287647 779344160 724213721 248643934 39111804 314039874 551236655 523685037 530871939 285747503 862562024 588833441 246338448 572570068 121513894 466602754 718164873 848124455 515548830 621071668 683504157 129454091 573274102 265255134 350426725 281155963 952514144 937408838 881437987 100426121 596622693 527684445 476648344 528949388 111816188 56359974 206717833 955895944 818292623 509721772 635097372 283560541 561020584 318834585 561433393 775229418 837988868 712782879 973483296 505689944 476978986 230774253 525717312 652318219 31538210 658065742 351396603 393925217 83265102 170367995 213844682
100
388136136 822625480 565797969 897819578 292681272 645458848 29281701 691318421 387209887 475721007 605290581 661336388 158511122 242418653 453483505 143264719 358098311 580903529 141548663 313533111 802542080 159313957 480629328 821915300 342906577 678214950 962515420 743939400 257480094 136431172 953923784 719725632 612139905 413560727 631533 580072901 795915965 24761754 185711547 561452659 857659100 661642744 252606134 718983604 943502560 756210998 701192456 226123172 392217369 992527457 762231435 456567822 371191311 6578786 906175292 885052535 880800401 191421027 792840679 282951602 323449916 129503051 580455193 871657872 86588362 655487246 279695624 653953292 637722680 548633542 1891290 403101083 915152312 41665237 489622361 701761637 74459205 236245248 906545337 908496435 474103969 172308515 538740317 757352028 143550516 467908144 838671778 631230867 918667839 944866159 172001660 858538814 255061162 16532287 844493981 616160491 986625644 228659892 636348206 820785714
100
749637804 912950353 616358246 8419724 431924627 459085009 94267928 91072778 635813231 744713370 662739940 469538730 727695836 681873801 521884273 477228611 307515925 572170761 828248813 486917497 973536123 323067894 786985175 94079073 221681633 18453879 722471015 772112802 550181989 268550803 35358882 430699828 682769371 419172867 138242447 74466040 496727971 75411674 58247574 360761596 61856096 794089173 478371261 292275144 935517493 940102801 926431543 568578496 744173395 174690732 874576968 469802673 788678363 977709469 753867427 420403469 745834026 706293417 196659978 986918277 705273282 607871795 81872136 433255329 644081305 332280255 172880806 162922528 403723828 192529505 309386736 374215585 391931446 834628296 968076843 879425155 42463049 50531312 123498643 986136515 458152309 938037826 257754312 989014634 395419096 115573073 657831968 567944255 331222057 996613844 278729199 921035663 518981189 756768841 86069821 716868779 43080793 63076917 888235973 374883936
100
606010881 475035731 73876983 227596664 757498696 954418164 734000379 987015197 443527461 896933414 804974650 573933924 937229116 603559988 771355515 347560129 605230565 70820650 667118217 597993713 3103942 687503806 60105934 451323647 362985137 777025273 770480475 714896278 306443552 718604100 318109620 435413581 883901925 239178508 974865407 608410540 794032089 438518411 231070990 214514768 723927636 767464680 616226240 93473694 233651546 742182088 470152898 245432912 367492520 859412233 399591418 963636289 575191200 643595516 213820336 110319569 359226385 91765383 467259626 426334413 428035927 593388660 73269796 768756904 953951712 489960137 299349641 382014016 749336981 682999965 108619818 267817041 304847324 991463455 554231340 22743620 597634916 943518355 254667827 769122633 275507225 405539310 521815164 586152235 104573998 888814607 295765943 164209625 530255052 926209127 605954045 463605413 425880971 322110901 796712904 189645448 919065802 631550194 296926810 967670875
100
362317263 95107566 428663681 170367580 58457112 299566315 363728763 472113322 756633125 27178910 58141721 292226464 369998833 640087417 261108910 119286250 734022417 424392214 755389572 668346865 116529576 976243979 631811245 762354708 990607371 428809299 280949529 958772709 149352997 318060557 54728793 675932822 234208375 879595655 889771814 116119990 764182423 184395592 520581803 531355428 221757488 63711518 472748256 278630330 829910887 536896558 878675780 339789319 654460883 653272181 821974350 813945362 5678905 38743144 654157856 394093564 202756042 940950105 150205190 428084221 760850939 241044524 158245865 317448795 71049076 288828969 376687439 135319831 482657370 951327005 611004764 660675331 17225267 95165563 325828433 922700864 688590549 708645438 540884374 368943670 239056153 385410392 595090089 863092216 104120214 285091044 322011153 924298427 635351275 874774448 386647573 372106284 804198781 17544496 897672457 365490817 47489025 944735573 790357045 688337399
100
446091962 297738957 965312468 754995102 99988910 118973784 23551287 114074048 185658288 630149989 10118012 997135158 876242040 848878960 779511159 886814261 308532227 290922406 722520828 769232801 468059875 45577204 644119001 928212820 726021017 402402770 138568468 952814591 78290064 794696910 796123260 959867248 2025250 248228878 688305933 526203222 785073252 756847326 880745837 100963006 375373088 696686914 718041346 982694751 14889721 207026208 977399654 875860106 427575704 92081240 524029804 142179986 141204386 748541646 391250744 67927148 391806854 709217710 932769265 40760612 969446400 45212041 462669994 73031000 542713086 632396360 866269295 328961326 285413377 940277930 2249030 41241657 81373826 824412416 282691711 568809764 285743663 406077024 860624109 962112120 145563341 880828356 950372054 948665077 785520633 990830541 42974084 449978099 713307290 975325079 194025611 66483032 454573568 409870676 939222734 785174618 732996441 183824435 920986523 563360583
100
439331770 188675902 440011709 446092643 405303385 949580382 650394026 402840642 527449306 658064323 880543536 590809565 853079867 182781479 955110564 535437144 577664667 539615709 361453182 576406536 411976273 304761504 623652157 938776332 989803932 245029123 146105963 440095675 164494163 624906273 542023105 533709590 469872140 632047393 929440150 549407541 622830122 113174990 367179598 308231405 402086248 831125429 430506777 888824043 46801072 897556920 103383682 394266392 655785961 743774690 25240312 121013490 122156673 98327695 413697072 827812072 224139659 716797855 791380899 685454192 773911426 350019958 464346361 449909312 353224987 106609360 125896791 710496468 749235105 843685522 175520571 794637815 125408495 277160995 269885393 452956686 381981184 538301775 877225869 127198220 830792638 382740113 768301325 439027123 155906102 61267912 761647484 773698362 401334760 81042671 26921137 853650896 568356924 798243464 59943873 708495706 775096897 438558523 852672083 352824469
100
489516258 581268111 877332973 952633140 591961515 887688719 934035149 67680131 882410456 465900860 403933905 369504964 597749358 370820450 862771133 559269283 127294853 236783342 314794410 568639199 14916488 830037192 100951961 890739011 254483631 904696011 510502291 208627317 22409967 489906878 296478858 850811461 929004564 841256526 432166231 453444147 657590066 546683298 55115802 436949969 872342865 150325628 156058110 672951312 80071121 622742164 542558468 914865668 3825642 242519932 212052813 163071382 177642643 569328376 359949834 95631268 682796552 348162005 383075886 982862978 921058711 288922570 952999226 223031599 330164057 669018368 947790867 39008322 863025136 892796492 285909400 751234808 517896817 393496965 31731266 575113663 141645165 252560191 67311374 918291084 8979569 595547151 228438559 616163761 599009030 357289818 118562675 707538837 350663707 982072786 966170332 276119645 88165621 351615705 243636983 227866238 36876428 355428161 966722666 589034221
100
597754707 743293292 869458692 19484039 129449238 146620757 923519664 235594323 594141833 267425063 987874630 245588765 617982566 863703074 20293765 915245140 797300418 784129200 870134112 908983813 802871578 554556752 431303619 179141928 477110201 63972179 20751682 681508661 103280040 206931632 331677131 369822344 896230339 157466362 695640902 937983820 413112122 473758304 336227718 965025675 232344041 884309426 948809024 850339667 21366781 508963633 82623270 444473568 754661758 553578673 547392197 80806741 625734666 381048000 545209083 132446072 990727812 975674626 33108007 243249440 948742728 840558165 494604835 321382725 562238637 606481449 76358114 396580266 687188567 210561193 757148492 175419706 237329238 695071772 560978592 881385416 487036043 175100947 697202501 122938302 627647393 504028620 969920402 43444191 814035065 458661012 653780718 524406277 773784568 441864185 118540462 349425271 714566249 488073738 871298797 934553462 776088285 576595546 849030499 684391145
100
600576764 9156410 273890419 444059231 229625146 413208454 512820144 395977117 203534400 223570736 477067271 680073329 4780100 179438093 986117240 941551650 478011657 937900484 567823297 389731421 725455962 652658100 64296443 690543722 718681199 201569587 457138636 181261017 698617054 360660902 250915244 986490346 629272577 340086126 510753090 529414909 36843872 112338843 986278302 213875082 782915638 989736401 951507362 322430877 213614618 118661578 947539191 844886505 254681319 110938401 904774373 887765361 226492320 412804810 341776118 995717833 208690975 480078335 634825744 989435061 598194452 121568362 766224233 744237482 439047063 894285281 547011645 736340702 878731420 889292524 181638466 975062619 819520328 459017985 762068680 122057220 237328547 945761371 886240859 882981530 484087727 147128395 293239251 17434846 675535946 891655272 423405346 670466415 421127057 524727753 925331666 193646537 140010872 204273058 791512228 897507218 824795163 95361763 709290557 553298107
100
543321714 402423573 909935725 992951229 637806376 442673907 285996569 302332716 581277479 800282774 5093300 582450207 851445908 854031900 186510344 524864206 596016784 178060979 914567683 261153235 75334644 97530822 941015680 599926194 964801327 846726679 392105157 555799184 780896857 13681234 891388611 374495651 446613268 371835232 613511889 130642603 660921479 353958139 516280092 879262532 623721878 402305639 344652846 693453133 433267571 606336040 251394273 294450717 90798480 919365330 782293455 911508561 777192777 451039145 490235674 562371753 3395682 90387552 202251909 657283531 282432781 622496944 25186937 772350367 46499259 610235414 900778116 945324085 644128400 890643175 716718313 863317161 608930073 82437271 78066794 840658645 225898862 301460494 987541485 416655029 98573379 628910867 663909026 975198966 771378841 254665081 18959400 826969645 768475365 682587847 99838842 745138105 942676405 990237710 714250337 38483071 99723786 503569720 56490517 636259544
100
30433627 392553879 410218284 30584244 776212678 599515542 606351242 959623374 577988522 888516325 189698106 625395147 164867636 841969910 211282926 900872155 629736840 425558136 582011168 446896027 876545251 199768546 843105312 440347690 685285715 954391285 940386311 3816573 953185532 64598604 6774674 39864067 475083210 565207887 930143181 320750682 517218249 808243806 733971379 910883425 738409549 783314592 315630077 490577598 654573369 385788144 720695494 546292286 300591805 153394550 839876306 299662685 669417892 596651705 98283025 751061574 244552957 288032011 501201915 945896925 847312405 915162 846441475 518394009 54698213 294718916 283123317 24640596 348404904 175629103 696478724 805823960 553173783 152680823 355289295 994723780 681440739 934770299 246266597 660079594 526655892 670159113 968925254 407132603 998047137 911733474 62828686 42444002 105858008 632708800 146975967 740482794 850026869 578100133 462095664 536618998 23350147 461724322 207946471 942164940
100
931109727 875140214 753637415 626203227 314701341 603599341 826566258 419197245 253607150 954538356 59425822 877542332 37595111 911219407 316964167 814909831 105973825 100077586 787382062 355780703 703915521 799588324 144874596 70670272 163345566 645909264 897257087 448867498 552331809 462673024 807086539 709109798 35207951 426398030 774121538 480229643 979909803 693706528 943935413 258189036 590220253 590488873 678579446 206050967 108287556 323287339 46745591 486547386 517225211 676722423 711754593 561186055 791872574 164473679 472331699 42191196 907161167 733256722 62681552 499265087 128610108 741807409 201808460 174239826 894842904 31845402 385058305 604720103 459847937 719976121 107407611 275873215 358446224 482212192 323779065 118885600 86300018 968353758 68490736 884581094 571607929 848041728 567295168 835694377 962052133 531171239 841634816 693983517 49968398 509062866 829888793 982495184 562994382 804283669 640756560 145409129 410661998 658917320 447692202 680277559
100
426781491 251130505 420192777 592564138 524819738 701761613 842210104 943157376 2912593 221581972 193330819 513712987 378438102 917556875 461092576 355810846 511742423 429145097 66197912 338964619 509396123 105141825 851228489 14613809 689702797 317876788 761350366 863010915 401528059 777844892 843633783 331633241 215177977 145263773 922110161 565190294 934305997 337767098 920364619 333118160 496253512 360208626 605647191 210858819 205033583 647440803 301751169 813851700 750154888 912649255 425411435 982362891 52793528 107026260 529976283 194195902 157162780 389223801 307230337 279674800 29971820 525195348 201720947 62230919 519122931 552703547 352799897 726571934 298527841 336410376 147455388 595717074 460313280 576117838 325826160 183528092 463700589 17155213 452744327 193522906 694526822 403546406 182145426 455913288 461398822 557204840 186118662 307763617 436857172 967984900 952089132 3229269 107389334 859914212 503825361 913149196 701240528 996061900 286835531 362448801
100
24107917 175916171 614878872 906652896 859888583 535049825 586390577 9091409 796413617 221232957 593799923 588768890 510280499 217487787 68658041 634030214 515388040 255508000 907414472 811126015 736014099 899922123 518399241 611728415 728399163 80523054 567974936 260761173 827452935 849588802 146965151 367997007 12139182 142815453 127511535 520462420 78725199 389638798 276614773 589059626 362107260 135892707 870083366 919968395 55695888 408459632 152169804 837063585 959080531 291545329 899313551 136254995 931632570 829638505 930416215 710891684 793398364 749615021 157572907 827422837 920297416 827025337 210095688 848436599 693670046 808331 757540244 392373614 208467236 358209067 519241299 591845423 223512252 493732612 55081880 649652787 957434443 99551573 955974472 284470847 431441843 488719468 69488914 122786403 761111258 631154098 337355133 281154461 742034524 956237701 488465457 228830471 53317939 142994586 303071524 429382592 355402936 12889944 497475012 514134235
100
957751791 323568257 232807044 87121211 227413816 798403049 684435704 417550726 551898038 450847775 349868 313458903 613264199 572270765 903427123 312849107 710908563 102928845 906690030 75592997 898028827 709768167 487720200 182196261 937811188 83202880 819690559 310190547 560034926 512014458 872032759 457255051 68287885 751381853 808690256 922735985 349597933 940900069 417306229 347999993 182967431 692713994 879580088 806794138 45176912 800369188 843597732 107450117 265610421 223392329 660863512 268709502 837067305 923604617 645412689 61228422 56298293 782438300 184547063 900210179 758033856 168156183 755549591 682211353 287058133 648585003 211057565 136752570 154330011 114872554 479466561 978350860 917651210 206580787 134196509 300811830 603090154 751514010 863458536 406305899 773812562 959497387 985781888 180481426 122253009 626971322 511192753 775291173 514591937 165476475 491899388 331268021 114050887 846753073 933293509 513145876 112981008 611286990 788980524 109823415
100
181199103 467666107 606186042 646534592 287226605 814251527 916987926 729449328 561081860 843110000 19733243 800669810 57254382 531303052 682910957 454948785 552400946 89153376 278553526 848755689 974628793 746054859 846171302 959019511 964831470 554939840 119129162 937816741 376304190 350350423 229258984 263942582 313933953 798639738 274599906 50225346 811914241 206051610 125018906 185430224 318050394 741240041 401155355 920266455 810532295 423575574 597162984 503484763 597618673 384836627 427795302 620187776 564378098 69004495 675698882 78326361 286289371 521262117 453159421 793224257 517160886 207389401 406812217 913209298 363415553 119233399 431452346 628363903 38897269 751693136 30798521 648129018 786623169 629868036 770828331 147364678 546099312 823639449 187490420 1948416 210564279 155688565 713415218 668625165 270715797 729364777 95541245 335680801 952848988 779726023 331055655 470797660 362038624 822196186 169890419 3582228 123228326 368958262 834171094 133561457
100
284886799 126479052 766298430 257490206 159276081 609883656 407747121 566850050 90572380 356518643 218495816 64873437 736354734 987202480 534546913 909548945 306207593 330323279 289903811 471799001 500105963 680940443 839273669 219115695 93251597 444495380 437183641 295458524 122990937 826603503 149714268 12510879 409812110 649149564 499652677 158614644 631960849 610852655 240109710 920188741 319933973 861285383 769837929 144638342 357089959 532957972 56215658 824988189 824685359 773649346 200392699 419735167 625120923 87637910 80097458 111846084 22454845 824799258 115419010 200379382 819112218 395089465 113423817 321005763 643483432 2483885 885357613 871330495 419908685 629392216 46467318 498270670 250489178 288576588 484069477 859065577 113845653 150501762 160044382 554044829 882525692 232896154 945878030 701013298 720487367 255205900 106211035 270185471 418763670 236622979 780757831 524962413 470658357 574610689 433422986 219564051 625753444 745400554 955666358 967504289
100
756919502 562310333 194914904 979354880 475613635 360889930 878821465 650393307 337331968 455761595 14689398 157590579 697000138 604902827 305024835 395863750 761444877 740040752 79119713 2862460 321519404 285857389 74982791 681558208 575540373 876293995 397388278 766381234 965460641 491210349 475785605 986305394 636067163 118636507 205265615 227160526 527041965 971610490 384890100 267696164 254367032 389002674 861043325 309372224 851192504 237551619 944445447 366619877 286227344 937170674 547758165 953529404 869513404 389010373 134351334 886181153 110720144 239231532 66055275 216831306 148745646 193614873 769376555 857839513 689083655 979503995 547660338 218663045 893444974 495300260 495450195 860119978 382964171 221024066 657795310 209043075 34169372 590647897 710409227 696363938 234299985 478465101 305345692 549600386 759983714 164957286 875040464 994883713 241888345 252022150 83848355 248169625 897346234 761637322 881703247 172944377 919820488 721722399 763123565 184527061
100
626616094 464010330 311868040 318152833 663256428 942298101 556987367 705092752 153941416 279947895 58180275 79072508 937125659 971924625 143811523 229885596 268298468 228353505 501173319 701928563 354951714 523927795 781848955 537186200 399919163 716220593 981637985 677393949 362004229 735204340 514341684 914357351 807480265 583831851 772534180 712545718 507149451 795269450 746256325 674254883 638482114 703842506 661148712 414266726 833338257 190308901 223850718 59169903 192241849 557745128 820409163 768296495 783120873 303580773 47192523 344228356 863197550 518040426 66428352 146674701 598058108 27211266 708149761 120832349 867706779 709525499 554885641 713882043 268514130 4884610 488954173 48718127 159794834 331171753 315767729 106877474 498191838 255235025 782160151 494157514 496910486 531785719 581969079 355188532 426389115 358381216 954589176 588034062 647368196 210977178 297972600 383383872 728886068 467917253 422163905 424206621 514321627 775461066 436135640 847404434
100
432692800 380384069 603699731 668885595 925517061 322618474 238662957 937037224 32667497 155332327 30227267 788225834 669381687 284253898 768446186 921865897 119088570 587463078 756800639 921797235 508601899 821770903 173436347 931589469 306538234 390593457 258308187 188797597 160419715 737039845 118504901 555664379 533029804 261433219 141131229 350352441 757149918 175159586 275173419 911106321 366334735 83658090 149483741 968106643 353222968 289236036 936127102 689694058 723938356 104543945 74065651 32303354 622238908 580873564 459313931 444341386 591098929 334592649 37720239 2159360 532704369 433519787 703849307 874390015 887701933 265291952 223244041 158757061 839318117 601918733 991754387 800491401 48629145 345212540 799669936 202367711 154325848 87300006 483595567 606588355 33217177 863776732 877180709 394355855 51052353 871614868 530226497 432791768 366113457 88696352 25824289 564169976 761926601 941924915 422584252 908478318 764777550 660558882 625324930 601419271
100
27050310 796575253 509568220 955032291 806555953 672159330 773220368 363635580 724637617 929665604 995709178 429444969 282501144 865307656 992500526 582613751 22687573 542945082 968919017 221788458 67272535 72064646 328255203 932405968 235157353 147451564 763544243 479833131 334541383 726595725 479420615 712583560 314730711 89148398 691155281 330820533 127009531 665783105 900173485 519505640 109775011 413477046 406462976 423237049 19309392 458048193 364962017 969872997 69912525 326462528 987492695 880725848 273180354 331869474 10613222 272688976 975131508 210592744 640384689 815863784 933182593 837326846 321099356 906922458 185232549 402201910 187776394 850738322 127960351 157962735 879654232 842646526 61412328 252179430 690400869 190206456 879663217 94429325 736408831 762460997 939751118 40884978 625446758 703895223 43808365 35131255 926466007 323622629 699226108 764399267 428453184 438742264 926929479 734604479 83388811 542234215 854971603 588221810 24542919 888460513
100
687445551 310087512 834888295 319656319 358085828 919767931 659659956 343771899 360038521 350341545 154753321 258077996 494158832 733767790 597561110 27899627 435603833 903080243 656483159 786868048 906111456 454767463 241687952 601859443 563363259 847629900 254738090 570426150 961908934 688448016 435508028 148356333 314879031 483814629 354500021 325065394 928340252 292098342 476267424 327663581 882799339 171585233 585575721 781103973 884337641 583165736 92044280 286934704 801303817 2727635 359723133 68816363 9218229 417005007 694947068 615943218 782990701 421430325 921417913 907718129 226113014 376860448 506800414 889115414 580083891 554670294 943687660 874800866 961974976 5021069 835516331 552969368 515934064 63453017 935602328 665011572 398084411 156324461 773126825 87390048 807689751 18138325 403900078 283228308 600441261 489936723 392157432 487891323 898175417 648724467 241621279 593631290 388328040 285036719 949528401 605097115 740852476 319340214 679321042 105271228
100
635112837 237732841 286727951 541996903 187916516 386638665 414704296 790005756 561977973 971183929 301421990 918561164 948500754 10543584 101803611 193151634 226544235 821589197 745275184 315877990 220991870 402653126 646310792 167346470 184705351 573198830 635425839 764237821 338028963 957597421 805927321 555934426 602985369 150679096 961123422 179027142 160965086 167769104 793628416 211883492 99196101 89402012 540163889 293041367 732705628 997882520 360430716 656054362 876910922 652852953 826584989 520305697 222539568 958645309 741923903 901321330 411495332 502052737 286627708 706536474 886012020 303467510 871564646 461601986 63370980 87365284 992816827 343294205 899648888 550614445 612716239 492902353 706447739 499042602 554258791 18989496 247035581 56366439 88396899 304157203 20406394 356433177 792057801 397828670 971267285 569086851 203314106 990143948 117865146 213778701 635875349 981600633 599782850 3024374 807962302 534457334 150019634 867501834 619627658 526241044
100
803326270 683660211 149211689 986900394 444736586 244582821 413791076 916858267 356304813 939198056 755316250 140504233 81590379 511170757 915911045 160382046 996056601 314893519 793091432 107785610 983695715 123552828 966433550 194618280 78182053 629073242 632177844 678699140 301555458 589752178 834933158 946951767 995026535 355141615 262382424 395886830 492129873 7152102 424921354 972467760 45819847 852762295 600474263 52200598 94364296 905052957 711230085 815619173 371751087 865433956 653935278 567059106 293441895 781732838 403517308 948857497 850258711 321536590 570636204 927845792 316837915 993609038 101165706 182437265 257250601 901436231 996183810 102536713 87055868 364316633 374706949 886566610 895616270 681637410 326891026 680622536 416286874 880820436 237191447 161971447 347967563 410876166 223947146 84031923 677950366 405630804 956701039 111053500 137059788 742450837 852736652 449115196 724922547 102728843 684150112 207080157 666827727 880481345 614164849 771853288
100
267317627 770299063 911555800 224595809 804214172 212107529 383432046 364633507 599474040 608488159 640306361 281648235 502950735 160381600 643830350 779602750 875559068 723168876 897035427 554240193 558333871 547303282 54033434 710236142 720415029 322206794 596671163 409119687 332184806 541263901 208873434 666888240 274588698 280529439 923383963 635127292 523392169 664951720 434288288 983277542 686371369 375466807 866504368 648586436 842389473 782377982 903275156 339816035 962102985 76870210 967731300 256704752 516952481 974011346 600101203 724492228 269236930 323845802 319589698 297577614 93003237 800239237 570064090 528689501 769763075 811616732 572415695 889801560 540334185 920268864 148612046 773494740 206213737 391775652 957977789 971414420 391715027 406718889 78739387 545751775 331782000 297870999 556369349 511538541 510946009 635856435 236174259 714889735 545397215 26881845 960406277 40496206 495896855 185266931 598963987 898061435 392583646 580833463 197079890 51739676
100
672153995 259734462 825921738 800949603 756659047 47791460 244443366 826359317 39546764 435307856 314303223 45981620 27779760 75240486 787944651 932826721 585517600 149473353 725590533 514287108 120198967 305391795 861747275 722398907 599116677 869789820 704011103 451201887 890517874 633421259 956497481 221283326 439535310 215215414 938654798 464439507 102644129 677313474 209650678 551745528 692295858 178709991 726018553 758810356 648247393 815482058 355576310 484055585 937033451 130352195 105612931 993980042 642348472 559091763 226465880 413987357 816721262 691518944 415864478 544121060 200269653 366460414 528904043 694651099 666483201 91660829 740172048 565572170 508926126 193384125 109697205 747922058 624072170 456249257 860852178 171985862 277473259 907115306 339585005 890421227 189869860 795022536 643171973 535897705 17928705 974905998 903348259 840299871 381370494 867541951 971466618 612180652 800992738 933616045 882044102 356694675 358194488 232258927 293190587 420569460
100
68422548 299576000 549076146 494410542 294294298 834133422 937247558 584226494 336302192 372836077 481185157 895203130 61520731 845737317 105854441 963956464 189075363 947367036 914657313 673970871 627497958 293598665 863047737 768305060 392470442 853976691 956219324 269542479 328371534 872334291 313771330 987558176 601966050 976279304 783181703 589875502 34517523 921486590 680456634 611397614 59311342 274526851 474650868 443524146 848268038 255076612 212086092 959248354 301909976 242550164 700354233 299907383 177628446 238137759 995312595 24981006 691210304 63481417 622326441 505523162 800940712 576404783 944009264 807038716 391686187 122808327 475765509 866123308 392257906 978215969 273135872 827812227 815106089 389661232 811071174 401847437 476772562 928979745 63844828 594837376 738732710 719314764 147282687 21052367 151193144 989140485 879260765 147626445 588487947 191024214 367192295 347877164 426627552 157036750 136540455 982082672 53685169 539588383 108691912 522289080
100
346411648 150549266 669230222 805551589 535472584 132520050 781138793 724147372 836491063 116093570 819604336 850044239 177944173 302760970 409549182 893010002 940357516 678604387 484021837 907280221 186562935 384548031 838689209 780916083 307975964 686893955 710355247 719005315 85358611 486992222 460632000 576931236 297111336 402003802 445925346 800227121 755306333 867296677 464659060 213769671 632272284 986915294 663607181 651159782 684913435 146267916 470665882 340647226 863341624 75810804 864179508 460892106 467852959 72729700 92597400 387460959 780495303 39513047 958088641 340893446 532047698 798786163 647048447 166340399 651015352 825928626 733257587 856411118 222723637 518574716 103056610 332834374 630731163 362230663 315250225 198513597 495085308 156523067 880628525 957453388 64059605 500787304 2127 138073398 984771272 51956096 725654349 742968374 313096974 515784332 678161516 84958292 50670809 183281461 557522022 34433530 905687203 291890083 690664993 216218377
100
951587202 117203821 523225664 652332780 892972321 714928448 994863633 835048317 448708381 926379694 485041988 900968944 474361707 375933149 868438629 850765513 294901369 477680222 174288517 299600340 572287922 248717708 69582042 859636482 954158728 923450021 33027485 603270133 372957238 764628566 636244037 628094690 37072805 870149388 597127591 89356909 257136335 353555271 325347542 922172942 48471422 974017246 444276150 747543595 813444152 349689092 156597437 733026611 1654887 653855801 868689464 549389958 556128209 161063352 415751080 621181222 799816446 32614955 3728634 29386665 169302646 162934982 866257871 970934739 424361486 144634405 287915566 9024091 767127337 793356267 922065852 488003892 702436181 972985846 954916811 494089099 755804615 980821592 722525882 982072033 873158907 91446254 503645391 600676626 257647917 68634131 820156936 101729655 723694453 985161522 665074400 547237012 135214121 334529243 547496062 625599100 443914124 957422600 832882267 269873746
100
749169243 776605791 963103188 945023542 874598161 189711454 633162703 692915686 285913490 672230442 781698637 271490430 482635591 258599944 170143767 166097332 355453869 980773038 416867029 254329635 372753214 97754252 469650316 648170513 683653061 287096856 670928106 23219766 252233550 997585506 472374189 819084904 706737845 365811635 885047691 474427911 668028934 273274695 299340709 360084761 45411814 738019565 587064088 625232544 933980727 231623660 66507654 621704393 353625566 344216580 829136598 312999630 638953462 838500059 362989004 502490424 105563234 646368297 381233097 403439623 730688765 506092228 15183824 5157512 982187804 413512438 686554961 892497883 802169020 915551192 45996361 104736018 865332141 448892658 980680651 410899767 807575223 376237387 559351049 30083366 22818506 370702233 506856916 809267975 550115417 687439859 355511439 231384468 625400433 713851947 811959045 822704105 425816192 538742775 431771926 542247105 574569184 43512323 69760658 591111342
100
974061496 741584019 649785585 49655683 515609682 816516532 761099684 77539921 278297078 922280007 238193313 33813123 301378755 706138498 622645563 156958793 476798240 954359122 368377221 970749623 355389898 852166157 586795080 348261377 769369631 413472126 750671674 791924775 928821289 880863560 263521008 812648560 831868923 640967284 161086192 935595842 349799397 647155634 844747875 88653096 853329585 394212950 359859108 585882993 817188643 311071738 421012436 787727325 896696372 415813562 376861737 521304603 961806030 284065412 357474259 924479455 64539462 800439183 815697922 426907496 573676024 649948218 944454460 331969684 56021946 416756822 372035478 910081524 476939683 804062690 844609806 129862809 825595106 184199146 984721622 198632344 975905612 747948332 391253172 835183111 386763076 617302197 346300523 98312420 656770885 452017607 932503851 250678568 172595583 957824559 381222337 341396768 568297788 600950160 799592456 522252221 678060106 893425872 446515202 506488056
100
418303689 819037761 820003028 461977517 900663775 503831692 786124302 813452230 164130603 403526739 838724431 610884927 670159294 942428420 435892863 532513979 658920463 414759899 109817801 949067040 184247946 894967447 917025224 535298236 522952070 318661343 696846188 778443422 602359017 764329505 87851025 891617033 950605227 331255292 988982313 876723334 810882661 727040380 61373333 261543447 659713168 106232181 490695760 824197818 83597132 739334278 801541832 564464657 68611496 83333599 33656184 893670635 642660939 50692286 896191441 885484525 222522574 509157206 938225808 40510444 213110741 670383667 649573119 164865713 144741973 464624017 118186099 326812357 682588931 605305738 359362107 848899226 232093357 343698745 724160877 591150426 546115456 225143257 795901662 576007976 58033136 100035928 162802530 146261549 244903631 259901391 649763933 76037865 686323380 37021212 378301244 955116777 701240373 968696731 358890100 211939567 492940439 36945266 812750821 23826478
100
976156602 492360022 743978586 920335663 124371069 134435938 93244783 405886892 465442584 68229994 332802896 198691369 625612022 745716376 417689595 512483405 904004926 905106903 356127515 298957028 51031635 997134440 351490346 334306294 847729091 594256597 372996470 442319381 153445975 951978932 320069090 182665353 111123576 742184483 960819657 996205512 335351201 686886028 442537442 699633768 320975738 675979245 323723588 624765776 951903006 645542998 990519061 410136622 183116664 217787714 57561878 818065924 184090615 458593281 480331139 982514784 421570762 372537552 444829900 881040108 54890490 363930971 890537318 201650654 178558861 570535428 528965326 430873246 166317833 206282405 793469404 84348843 507379735 210306237 723642846 351087036 188272109 365701488 834219296 45198465 553616848 831693150 113984776 873918614 548167419 239702701 385546125 426923550 498315936 525743645 956324024 734529032 307042899 315844357 614841377 54275557 633175819 122829735 707922121 985538085
100
518712614 507264255 964158872 437234022 124809439 86740839 432982086 449858895 434907570 206908204 385603664 240437053 887486600 651089179 367519360 642670559 341566130 71447828 41658287 289926823 415421783 579224685 734681159 816760914 638236232 265430196 285777953 325667338 469333718 969197676 722273726 489260204 56043840 593131251 391822830 106269009 945975525 427091766 187856376 554698208 279543579 846903445 213725578 163732319 297566489 65555852 120384524 984831773 537375190 230374195 789244641 65222705 512389522 118337963 98910122 568725151 167100978 959256236 342128191 617313574 264229923 510506915 747206734 229630783 989578344 193241357 469830016 646916511 612429245 83269990 30754039 443623592 521077530 387510842 733580755 398536472 117807468 78439344 14631868 551328733 551832829 333244662 959453578 796016895 291850871 889668001 530922453 880891562 727656346 47819450 133505799 454521851 750260559 924288677 742400471 214445901 641581550 396245574 276640332 720950891
100
606373453 514299430 366421763 542014794 391626146 522792123 574022281 239407023 744606164 786361111 72618457 675410915 868688395 490795985 867918061 125719776 97406237 86675217 736154841 431318579 157436786 376052213 443109448 95784342 193230186 998185078 318871865 37985560 499927798 831367063 812437082 833003703 92932326 671186498 482561496 882625685 2386866 327929090 812497376 14695788 205503501 398445901 719975881 576503458 667926600 247848704 564806983 213172197 832779267 911128514 820341637 217325955 6615869 265109490 894770675 819355790 860403299 614779952 327179741 487986438 402117319 230532305 596460280 846734913 266354916 537278663 606929982 50600787 446322524 114071274 794996987 422999271 710667648 155357054 890595695 690715081 751343677 12893696 470169195 545246441 436119678 159702501 121646633 405097931 834003384 255208181 209859089 683697692 952031427 945158962 882007916 138594091 592039809 423378107 164931991 667995805 17418864 942131559 931993509 312463287
100
669379402 172198020 942564321 773584618 434324660 487399606 503549577 822225881 352701163 517777791 526105979 761258172 695214325 915033853 536562346 445927923 618755911 445522562 19660464 79814905 571810414 908044671 526261110 546197575 322275849 214658623 506393381 367228910 572370841 887519512 847312386 473325071 334720041 985053104 759809032 311009378 884097787 361253862 349762305 20173815 382526025 12269445 67441519 890746889 145690532 976446637 496309063 258009413 983143957 472028553 657707762 974369772 828807292 290582285 807830733 88985827 923716570 309387203 656295416 11930283 654766472 618789950 657111687 603108717 886159561 146702721 48790085 381006957 436377552 613714343 654380123 810979161 464594077 96878362 599459372 113022165 339371643 556976159 859434813 160350612 106220994 855603830 256750018 360381557 507190796 257828310 467756218 211527091 772376600 314706615 241726281 581082477 929288238 139911298 819709102 372758494 3660066 162350294 193363331 80324466
100
27894463 120571262 199521968 548644945 429113446 797269634 798927281 792623561 145009893 748000841 910790131 105140286 253306505 974993762 554883914 909048368 595019394 821330735 644220188 285647156 795563061 110660025 829734473 175634974 765510919 64279249 3335415 235768351 437255409 44875984 917984958 56728985 706087363 112114765 505556039 631390178 116896130 302052072 117449661 809324475 59491653 611781019 52600503 130871625 45101921 646212389 652863944 999039229 772010406 398439736 566740415 945251509 889421271 615785151 563115452 346841725 885159834 600281433 712445805 630485795 863035160 29948123 736631760 417245952 292078455 63010870 384767531 669900780 56767136 620172703 772297271 902216545 822493832 813414120 276347129 342789028 545449556 411942820 904301545 236511008 742965273 211715459 921697815 202668005 996778432 670852653 766463213 350778622 487736923 982099401 77390006 306017595 210703553 833221247 772180638 75118439 503731929 996952255 934489971 772250515
100
241304952 520867228 973536118 199649137 689913539 206373301 936033537 555323727 381565552 686972840 624880407 40103673 752245939 867331978 251495006 442003225 284503383 696717774 198463751 185761741 229648242 240617885 132128853 868326323 163426582 890078564 439102914 774164309 758091221 88717426 43420239 896371971 810641022 467685093 126322587 525127529 820391292 106927605 465245741 429031785 349152078 29600210 630465375 105517670 199857146 673380112 835859060 409058879 822045283 793435514 348332483 225367325 912217292 505015567 988355860 793731995 501406330 383078996 70944887 851981045 687112108 749253978 572034703 734215195 805685337 980242548 114834880 702846323 413129103 170799891 216400596 425257937 514776591 346594009 588016917 244270388 618776233 147265808 148215831 53747242 664259828 905394520 352862029 398474727 580346370 911830841 56609490 727125476 222813323 248374985 67778430 223474158 663588846 574727362 275523613 512741909 532668576 417962310 259097684 664648959
100
974829504 218117847 70467811 260929924 237899311 999065209 534458419 15526563 999410562 959158135 24543714 351507417 521819968 896306927 131133407 980876261 422780250 607328019 295514178 346376178 242549096 758495357 231392886 347108388 451017826 536928380 325632286 274787511 861757727 396578626 569510326 162864680 421686879 951732757 77458751 966604760 910551006 789930500 363866070 88645316 399409489 649710596 578163889 694172829 115306051 43878103 784699371 890495560 185102920 593441206 385875746 592365468 265282596 990865949 698583110 345418626 373441361 834265254 253340675 291691796 269478618 540429619 781513509 193165152 915978021 635308824 455961634 289014953 200037012 143835150 858234278 43832391 91344870 562968699 850062890 565741393 815948673 885495086 137385219 545247118 127161642 185917568 906321906 501771904 293535321 117397505 933223485 724301988 981037589 406103941 513512979 473005139 802421610 399816301 474713252 220316263 80401137 946140885 227260905 910575592
100
932491797 485830595 197081085 970251984 805054607 149605581 402637408 823412672 526712285 82883355 476544568 571653301 113652561 999913779 161145173 766761094 496950477 936389421 162229251 95867344 879441005 341594148 508776467 170253650 732098617 930111228 737822589 307638822 710581905 517282221 747498890 998405992 304826186 106257990 503782657 161595957 676885840 170324553 200660878 575280733 899838178 311632360 434512412 987726422 339099825 887433171 724118012 961783169 898679161 343881392 573240903 426374201 529986472 705475698 166623502 291751095 240630301 904363886 384732827 592877307 715456197 152157492 84780039 116317077 896909334 544949109 942220588 433228029 390796893 46897653 873224310 92486920 541838120 649375127 889043798 444053224 307468945 235855194 401058722 516229202 236428757 556628800 621419266 733162520 501566980 944081340 125028341 538335804 712790516 592564328 779387309 322832630 467064363 933244498 205855712 418915257 777542729 904802590 33739216 557312234
100
892661128 227168119 868963564 356190342 289909657 695146797 916764537 686227990 94072575 795458170 439008010 280676016 937486910 46116636 363754546 394484697 361092757 447112599 304333632 489539914 752135146 542902264 312675415 953386044 894505558 676685645 638647452 994193591 453956151 216269019 766529611 337660023 589089379 165034871 681240386 592544762 787004314 836735027 917476707 705939042 488602591 659069073 210496298 630568847 861955292 191988968 59940915 470571892 299522655 464062646 468522700 432419472 907685929 31680971 789752850 871133221 287248079 150579315 432260968 554826087 51641950 981326802 764947970 992205491 21312988 520492639 589718635 481931318 569323108 966088670 887687998 403236004 82974840 330384607 67252732 923858372 658897653 460880258 733319856 972797109 163013254 338034591 448531844 455778275 300169841 612301658 449092867 406462570 285299909 807337727 903524850 642077575 684118894 88945744 200899900 38605297 690407973 21297867 86133528 134317426
100
30974551 463161872 607412307 172239229 335390913 381913446 232410693 222287613 479166415 629364907 845869931 702975120 335272033 316861702 80648051 86092624 486184071 806809101 551930055 180211691 448646507 717312180 178245230 231230942 126563981 988948459 779899331 542485034 119691905 826794945 738669900 897017107 270429442 399803872 689786953 751584897 609374002 439543687 96741311 709190713 602390939 359979703 953018326 730271619 423336713 6665507 741871245 749532918 501262501 416764886 330039747 329019744 229793697 128201171 492681889 364016734 337282190 162318534 820948549 681517225 931046411 793167290 220694208 125380508 33119336 157300574 364034953 346008762 408792202 890448187 861899597 161616501 476914302 888531337 418440594 883696463 138306907 779468990 677582035 882112281 431133272 429970293 164225115 514948594 239071447 22940753 525303945 89190621 221432352 174102942 235056143 239482944 696898979 740867774 439286857 71375281 449809071 101956141 441338998 622375366
100
543513703 449141719 336019973 610597964 330751233 803067002 675330717 969075577 288120610 733838409 956515109 645794843 778122653 60804493 983150676 123066172 92238016 647434536 177306069 132296467 905893975 920510354 381705827 154531006 570016455 581802291 459860063 679640619 355795290 579984989 631263562 911377127 579253156 542643586 369941483 84120900 144205555 761324398 90775526 947201435 498345995 94475099 531003983 879421109 132186355 777331079 133944800 74426853 655746513 900618048 2535691 673950934 235520329 233989201 987013582 442265857 621093531 923148452 700085881 171453605 385252234 237756993 766767175 841199221 863136669 292831234 726524414 591901268 562947820 312588832 909348813 168025879 311784052 427777406 725910936 334338153 495118446 759318074 234828585 109127988 248896902 515628628 409717743 558295993 220856938 654556559 607861920 460060262 203227129 179298896 934412821 225111565 992273672 611862728 69664150 377501972 574449801 600625950 430022459 559654866
100
633582228 236435223 862288759 161891535 514607188 591673863 298992181 576719895 198707936 594679977 294400048 394318608 662093551 433769861 922910353 953908993 65003445 931781552 375591015 472618567 644528726 272952102 54890362 466947793 53633457 657629263 240482290 595543621 660639680 922250357 785137856 11237789 423620563 495468943 26369002 824550531 526130810 751245477 894373299 696898320 782277210 554867183 651692955 408186672 768551804 383448752 279785776 544981107 643371296 286914442 58389606 506850198 137098075 480474152 517221807 720370726 712786010 564002279 214474221 949898817 421478097 563242553 34640246 788161329 927172884 248228553 345785114 803294037 587190428 504099858 240345990 69181150 87791718 796712129 845186083 448118911 843895820 652851162 5144661 749777007 389107164 539257539 807949252 647865212 164881613 539040806 69637201 211410818 482278116 365340936 501635686 110501601 9081960 426387012 350437007 587886380 62110560 301990025 578952425 882295794
100
735874107 916815015 183940999 670042179 550019049 358101365 704669000 848073033 182244908 648092123 180366855 35428530 767412182 324410509 631757366 464245404 601009464 710414228 427094974 833077824 703336497 42988160 573359673 570083177 210789388 93792298 801985238 108693675 928948796 536808561 648425557 542724414 435810229 830228411 361814588 795283358 990253858 785862993 961315370 719018121 730041626 343269771 809843766 204864528 929110001 851898242 819370051 563743907 996469429 825244460 434419980 277274149 402209358 286100715 625975078 175484259 737028700 593607956 198737987 278356175 798813694 165333765 168267952 598282839 122478053 599663677 929268181 949532821 76702697 531771419 774721318 870630900 965512552 695430293 216420405 533639896 796583318 47361732 180932315 943654624 704368494 430169731 194856304 384036333 382472223 481214814 713143123 540432520 175839696 123662513 20973098 370922366 72147787 710351368 791254266 995464499 432592648 512831226 387693021 835268039
100
261760450 877774612 989003729 940392448 994944970 396220331 436184485 961728515 51605253 891424782 449172630 889245491 437941440 199635015 566658543 728062161 427503007 615297100 46357331 966147449 996869331 892453706 908699963 941845430 493027869 441094329 910340890 692796335 570639296 170969354 397150466 375130281 527051623 55824892 245574812 390945753 909811638 866995350 820381210 901691554 964866758 710209762 374519613 139769934 387403409 73155914 651091811 899215923 964360179 912636924 272446467 501299982 692259658 633551957 76711745 612224333 179809915 283502631 871767661 606257579 792445725 119584150 517588501 673944743 435982822 324607326 627031827 138951894 7289975 787465844 610347147 179919139 318681998 795086974 398908369 229596807 753470012 47175605 602783888 800035497 215485436 166726348 925598672 366408638 785150976 720922101 88160278 682116836 171057520 458451393 458193594 573967111 179437473 603212802 546679310 631911371 298601845 285023900 863254762 789600622
100
497781136 88575048 913058787 848083803 529027674 640914753 893256831 633805000 767743910 867451915 385541259 139535067 60717330 647473178 675951708 200415534 143878918 361529578 392280917 41979607 731210756 759784281 232548911 909747091 648555154 535845519 604023183 189773776 250530900 529949848 753748272 724120661 229956013 642786065 39080498 89639967 121909892 62395463 584971571 172358064 404945852 886482314 147938640 106149501 513654144 411087018 863410815 602361810 438802384 852098161 236139373 487021287 651137537 155364362 814196071 644492403 84290145 632939878 631126332 916682155 612047897 242215334 435994475 555037483 71614290 264681840 868921467 241230204 774248193 571529311 968010424 912525578 374904867 766730129 619115926 878776601 981673819 324430816 906700397 680427514 774796960 546247608 110969952 211390751 696323549 30743087 608305553 683227195 889039456 548363430 293869139 856167826 825567266 171649845 313933620 22141583 448634983 475302671 817498671 493395505
100
425293911 481626688 988824202 700698111 248045917 727782386 289431854 653080881 178952458 923672359 532725504 710818071 819468163 794135496 156832310 671049561 583511292 907852734 267954951 327315245 460760480 207280152 789009988 940587492 231281634 579293290 955293775 302810094 795725152 456060954 28108336 234024967 73140061 268885116 445017004 974640365 213512606 430145078 735931693 360925126 595541615 539438699 971587880 265735958 761101529 893129053 514000462 433737619 724854677 572638666 45090179 691716418 792655155 911164770 758360733 787939862 502684030 195181721 592193342 854794456 35624070 429274738 951006983 755766435 915929685 950022049 350260152 514722391 148962765 249620063 773271942 355623874 673643090 138318559 283426250 707149723 200580252 95477458 134775210 390536312 12937719 277100616 291235260 449469675 118403995 482962185 669372973 528172829 355358381 5947 744517691 254058031 609716980 288716383 672809853 965283040 159183902 108912028 10737845 226221137
100
185344593 488445835 190742058 985985221 712241354 848182387 135818950 200776862 200619504 525228970 730264839 581055448 243885131 671817591 275761073 245915367 203269859 161651401 475265276 932065116 601048577 429835135 380130340 159414101 702445842 105031102 303421753 980561384 301924141 368571785 248356747 549922601 32617006 257355810 644849421 619539427 756737372 886516105 747805143 388506937 705683759 779112658 300580640 928098940 539677043 207838860 176571291 990943836 60918221 673662136 531405995 833727076 243564051 499454775 288904608 611469932 358975788 59992048 800821960 617756085 801776040 343919538 381768110 830680236 593800796 554834720 476675195 925871387 223347080 623209537 84483591 58749662 337161057 794892956 780636898 929728817 288591322 507727987 34519059 482950495 357754340 955954856 615324992 561066303 736571843 503339913 485910743 562698244 101327975 614997942 647012280 965320261 45258819 695041767 754885348 507482852 96736196 190122585 380106011 578225067
100
187514955 572654942 171231088 728812850 575506332 45626069 576724340 630480323 280170577 14432656 553484343 662596658 193938551 69352883 183805044 439898971 472393612 529022783 270355490 149725353 72924672 641592471 883076570 144591385 116880307 946304113 871193804 754397205 397544689 684097252 808724226 737476601 648327096 384988563 998026317 262252021 980907965 458050204 120177173 238735964 233759785 884612086 996447381 648556132 599846675 637284420 758430837 566470616 668056568 604824545 542000600 264516158 243777782 983080590 400209331 356421604 998309523 63768185 796846943 230168621 402068828 455049185 730493859 465510556 676250628 845592252 887641038 694518217 395478097 289904902 586543933 444689151 182722483 273028048 197325821 815842884 766691587 738580109 458173193 690031617 797310005 717672032 753633950 570255246 522118309 54383473 975608474 701616820 954298779 519655646 673063826 579473145 307214918 943300303 201434880 103252020 261918880 757832730 446414447 233841845
100
654160027 239941995 837514635 827293782 702077518 712537587 328103907 471988878 62921068 339260268 162541769 752194901 372008691 136211398 839464839 301860646 664304857 968575189 195204830 352529266 803202645 92942926 385147363 998290021 153272279 994553005 444407543 529590471 210071401 529291894 714061854 636127913 854798168 497029714 126061742 421370447 372503247 384628364 294658362 999926373 116095918 437728671 314804741 49427460 110475514 973636364 529539219 770883989 69029287 436590437 69362096 24262729 944005270 340808385 231800048 993835623 294595720 751053938 136603301 439007576 534867900 407379132 414973282 655590128 494718369 301844619 368241210 544880202 492819518 439020681 283407373 124611748 113889886 777219239 924255471 780206977 930572282 380538120 510655021 932550251 952676918 448854410 27583356 578703453 430780308 967289930 898419630 943574320 576501173 549965724 508170484 956356173 252733945 26475789 131589840 861254438 457061660 627535834 925783779 984395675
100
934124909 424361295 394928522 93877422 79139583 300538077 651466614 215835370 107719658 502029554 377699385 18349415 241475051 536399325 115660333 4993767 654077590 392993274 828318398 102709811 935318458 700530959 942734353 66489495 486388203 508987125 295818922 594477258 999145322 675343658 625755046 440677241 259398952 326793879 208595183 47369400 906290955 992980095 234423944 196426678 361931942 990059518 245876024 298862223 920117366 752730713 535289277 361750631 788984021 694404107 810771376 83574306 393233659 57233530 555061198 836767841 677500573 663341885 530044686 17192779 457168355 867640077 456667817 889591479 922665783 922351660 777290805 545832979 939941455 402430398 286138418 826887943 388720163 906646479 67559044 923833381 690442126 314068805 841972665 759629541 366430914 245325871 681562771 931469574 364970150 488042663 355106351 950073384 826148260 660719134 364905032 294630756 589688901 842154525 778662277 26410881 6226370 114392910 404635643 697999153
100
553650023 607895459 306059581 981423576 963945967 62417342 808624963 814847404 397456208 155128214 760733748 808046461 166415061 777116990 122754842 562630471 566604259 631597948 353915053 142561570 948293190 381995006 685641751 644325661 802139806 947928541 46518020 784474724 58659098 627792402 969240108 702181570 956641980 300479695 473562958 925193628 733007612 722279726 740162172 567883431 86922071 393960281 120754394 233335196 227644044 198804113 366886713 621203703 829269316 446625084 360586796 174515202 931286390 48832438 124947012 637784722 105003 502741136 380221963 631290890 219772358 73563791 989381180 943762584 73524051 14840012 479618935 249133200 457504237 145001739 711647207 885429902 148253109 140882203 383596218 642312762 779807996 351503504 254776046 943615384 506080695 186358075 486694173 502110777 173806910 444959869 277933908 404498831 891249193 186288334 91794074 385134044 477234474 50894352 51639197 205170717 498874003 123782943 374095013 456271613
100
366084573 556316078 516744640 898385578 744720193 426840488 835031154 566956124 228149526 249279619 81479931 234324047 273966916 368102686 656644163 710698896 431499438 227670866 571152156 229862913 484819333 282889640 195260890 132548526 746662536 582906471 705032512 794732718 826789984 427964944 395442079 567659360 488137470 862736273 712682169 1167008 553539031 883719023 694361736 82876512 170169946 990426880 618640780 18292704 593129525 581064847 438154264 407593748 281844339 373644944 423059474 701523125 198497270 974287012 912117563 197716933 219829081 520119832 824207820 475382505 288325584 337649248 956484983 617477607 441724307 823707127 87891585 924679686 159633445 788226386 283071825 584176300 35856930 828174539 973762228 542018649 710353369 460623176 880216092 206701930 459554026 584327781 637789614 46149015 717204561 466971834 586833290 913738088 956090216 869285440 226194872 639110161 787395333 865539642 538941158 441827565 127230530 815915519 146505231 803531586
100
373705349 330317445 122085351 88152285 367777985 971848242 648786080 45960153 829135438 740173180 636894969 401251029 11079825 955659026 145075069 795908386 172779411 285256634 541306624 771941717 461860477 835447493 640288392 114137291 956190108 199516208 509271594 197894471 466144745 969805933 473910217 217180932 898439179 764155352 606952798 322953524 697059395 850851717 892294817 414040441 251124799 180652059 3174528 394747536 289875655 156651824 278580868 156555493 257321511 264416111 850771185 273510996 335222704 680499724 917174027 40226467 779359103 246648445 485261648 971826693 467879027 838504504 910990184 122670563 539488654 18086993 914064709 56778340 949132523 313404545 496673434 933106943 806307814 619003223 873601061 575648721 857399484 303521923 703764859 147734240 357925956 791479122 163327874 648798114 788425349 764789028 950568990 563523751 879865548 461526726 389632325 528641323 934675304 218014788 481621084 139021216 420871464 578562336 992747752 373716777
100
496566154 94581609 664828726 767857296 544189202 963737204 198915347 768386172 756397717 348455861 892186212 385067675 877659841 235795664 133819219 117229833 316713250 100155919 44087983 796566367 274064951 26274295 806524102 35658359 614764967 872850164 261569170 858879369 806443022 526244659 641412034 622748580 50625701 202304935 899028541 787194165 404625846 584108545 566300201 140439645 770756268 139749304 286888333 208518993 883452241 187714723 232347720 846987989 626008027 751616505 959437036 25562413 211975251 198007885 634005009 986245026 262417966 252501882 277969617 228181628 599693191 294349167 648038192 897784675 465318872 653689362 155815235 764596075 603642491 828883897 679024581 255644251 487968745 361792673 775927046 734646636 83894298 855445930 654496678 868301065 304449944 445009736 995618658 61518524 880741132 595532643 624316081 382675994 140108711 346162544 907549569 678717815 114201145 738070353 275466184 885179831 182931990 417675814 946868818 932083415
100
901770737 84831878 261877653 213836578 65392013 806447837 742272396 916516593 475502637 838311527 736200665 841076316 701523647 174154460 56548835 317143993 759061041 621393593 957081083 773309138 631374092 942399496 928172393 500032945 555738894 786637673 403053948 746425671 15911081 161593255 225580551 820379984 36442493 127616880 565617519 250601866 475165649 442263691 406760380 790220947 381243505 460960881 346517602 144810718 469365685 357432697 766141988 842045865 722326258 591490451 745975134 223887212 848132496 677300898 16431071 853592415 548520774 757468072 954722022 177547899 312582996 330822357 244840150 370899503 892619941 903687602 925295780 172922594 725923608 142272825 454650136 201348731 940552497 883169300 419032933 506106508 216399753 597059604 11902503 139380800 787303078 397066118 618718124 431487937 821785498 761491409 507738850 717553945 158429876 394469350 525587653 79259938 783468170 762458645 416498990 172333643 415921183 390326149 880710367 344969163
100
831581760 1767862 96540602 911012152 435342451 897976332 558873905 538127586 757497328 775172457 535384061 855444095 316766320 188842975 975987156 945092116 581166506 243798391 574491942 775993588 296469326 992080265 816009733 396435896 476678278 525496439 938557758 384526133 531775319 673032760 808115846 346325221 752081371 411307886 373612460 348429970 346787773 779763523 215362598 129281158 733646093 567357424 695426987 816430473 145141065 919856004 571453486 773625609 828456121 634449626 248456829 507086298 412835992 758297472 507765694 303835686 868312589 380249210 161714506 365747899 599344161 690064122 954267679 335514871 381897612 782128803 388174995 973713048 448696006 838632422 106566725 314459536 895008755 82263099 363311730 378558141 955559802 719597065 603428132 883987102 767960581 300820244 477160721 854165133 369795493 392427799 421757948 6094213 344930267 231048125 577020038 977557114 915373376 738020599 447491730 962656326 208461068 418343127 468462756 925112930
100
888745121 379965069 93553784 56196139 359052313 349418010 306197120 78109310 357495021 346483417 375920024 171474672 414176919 340197366 183292429 447570044 912894775 537645842 93369908 385116243 708785052 247239934 399591216 54867241 861284862 820248151 893631410 583680355 492767922 165550083 716831318 545852224 27147192 534698905 908418648 868151511 429700700 760588987 787908718 196114890 647190905 425174570 269143586 91277469 767540335 774040821 298641513 717269844 386818483 204875791 231111830 579226567 47498045 281991861 998369940 82323266 876105371 397505047 867310604 638165787 924843288 320565334 165954525 360415157 205772031 832127082 972262782 637961930 606889505 670339854 818265604 416652501 779330250 471913589 157356862 836609199 206416160 637152369 644918816 613456304 878848316 119830630 237050733 655182554 807631935 137646151 206510250 864873934 192439615 335282809 583456659 604726242 820609829 67204396 729059592 947891513 497977079 620262257 181584568 287619115
100
761448981 384872590 997600956 745171313 525582697 19671545 591161469 990701272 614138600 329716873 779967180 186764382 14454193 436481169 589614006 351667090 818462194 458651976 816342638 274584274 738625139 175006062 462516176 236841622 726624533 239510227 144540877 49325811 789773740 657930022 539860762 520492168 335783689 768386976 556120935 213603149 230838525 593501724 533684684 98149407 993001027 615644491 698351511 501050289 521056089 537996859 75776520 703327838 970666176 683609198 538663720 113423250 530314198 22339367 728728268 108611812 235124065 73820878 57944877 877157526 991912669 421594624 971691257 766553726 514963743 440972922 706782660 439984258 369983806 900734991 137700887 210315797 414896108 290156305 331055571 524331039 228447296 557721079 22683881 31814076 982688394 140211272 368428074 493141692 811196181 971802770 100668345 267089031 864900306 745491676 887594975 52195817 670421144 469163508 240959474 580287324 827643513 23855453 335728209 918111121
100
876662609 466353828 779281587 752091735 383291181 921193228 564066085 627416743 700540127 622610599 905855758 849215734 242946296 430607150 654676189 111548873 35157230 607691898 940872960 573158993 570624735 406425246 184896366 195515023 859179801 890213568 119719184 467774008 162842225 222593347 309159249 530420405 913171096 197417495 906876678 555718652 874245542 164702217 165004827 440325436 205269832 811446795 526391057 933400238 541697583 64753621 494815118 705188630 706009736 210412324 489232521 417402283 557249929 739197937 794563641 390487906 851484771 844376817 820583784 197328762 748504504 628353953 457464810 581605627 817542858 230919524 53802819 620399670 630497029 455358114 593832280 576876044 474719773 824483016 854213586 203192055 153634971 617982938 87400836 24180935 420619136 272901099 708998408 783164581 701006461 140568069 935475341 293357241 726292899 59620798 746823908 642283501 830457709 165553006 798856002 142588827 512487988 664193776 601539388 614452333
100
750621197 68300648 176865775 967964686 418119057 686831106 911229154 44944723 433748986 639584983 435868077 24280256 460018227 536808431 122142539 353899360 946503060 598473567 670635293 635161526 541032983 106415281 525662326 701735978 291686294 744822956 403229133 832813192 511511331 688778255 601785214 898518699 660789540 306443909 800071455 520921549 724854080 509557157 956088357 598013012 433190945 980147600 945325382 563460985 94563893 111267260 264323080 493809680 368873687 560658205 352635779 956119399 747897983 73127900 214848304 851275794 901590934 408636431 952486373 409839562 122769141 619460217 892374280 552253436 918552219 415096050 770961122 27549689 751622788 209909439 910663253 430157152 705519665 446368477 887073747 551914728 675186432 635283957 523522601 251259392 875295141 47267082 440576459 367787656 270468490 833778056 712259010 708255798 619043731 646699695 165471544 716605133 482072618 758340093 766900747 235697235 583575472 350541697 731409493 447432864
100
740346112 381939484 589278116 230321919 66051466 684901993 69335046 886251799 392218242 542196361 857685054 300891924 537670027 289057450 87903771 228034955 975715646 330266112 797880612 132795380 369490313 522639832 718808150 564870327 403513339 334080892 763884461 898538689 507304041 242106639 23796486 122544274 221083521 170719496 40986780 959719178 481750640 930527564 381502456 147001420 811153288 693352677 16975704 840988784 399446504 401857255 839423717 268785576 299763502 617718308 109161429 43917538 513705154 711258639 109578696 848856696 787460637 27334059 16299666 709085622 261292347 964390717 147908189 557789852 992740535 52763360 3462865 615953151 876895700 143560830 832613515 843713466 785284054 864997741 452242931 195866443 978694073 630613066 585154648 993342891 964970459 663072130 144553042 631579637 371069866 703030970 392353141 15031154 929585343 304460117 916115864 916639018 128851558 339917256 32663900 946486293 189046486 261420916 168464441 88755557
100
530395484 336035483 813133897 95140993 715181277 303355007 612856603 426381553 438290986 475652570 489128859 500315128 441509359 471773736 610285940 919761409 753478412 956584954 750295799 935854887 301320181 973744334 650834849 291574674 333266345 843169586 873698767 966409879 921288308 125810637 300651176 867055623 620057694 579505755 237605458 509825277 202388247 990883290 896822197 215798392 821063021 48348929 398070251 297413098 201111385 740084345 531728090 475048078 66907823 298865129 412925934 242289408 706836211 403399806 141524873 524792458 336654794 912203167 821988321 597866570 154843852 4562495 561075598 146222760 943718457 839202083 437886288 778216075 403526086 233385188 997093751 888209584 405439557 326504869 540771339 976893808 751274222 56880247 14597882 77345731 299750551 274263424 208150129 664177582 913798397 197369789 878918936 689538563 741209304 962020183 838160785 580385400 521892689 348690657 927370053 218561451 410149492 13287690 81863160 492250080
100
332201665 412589174 590475688 228914534 583444344 566015849 288552232 179765445 874537796 973709010 415973483 692130766 77956968 955483373 977155334 459936417 577397522 204235593 315428134 323285951 917777172 143813360 869964219 716749590 647176752 50123732 785209369 187710523 954219269 902114230 368543425 510369267 749517450 521029665 113340584 718063670 972244542 93301211 980750911 964358613 568294069 452874801 474459539 172510199 940622227 949315693 213514334 183244488 679857936 664223733 766803934 553460347 169923776 347766246 629637175 325568269 961496471 114774760 853069412 359547535 827053785 938287291 184275545 996013458 763949590 495211901 720169769 450566925 131180224 888578569 890301790 889165918 501245997 360852000 786080795 993005418 69395019 350093663 918124887 107048281 192946789 926941787 250924804 113109825 2929648 822423765 229389650 397687634 928962542 365835491 927382375 130487850 213040486 636119295 864819408 386996502 727396964 129700422 610671878 702167539
100
476542858 77511776 678454779 965827168 333643331 648742999 125783918 73625778 267774292 510582325 608804295 598630546 182745007 73768167 841718003 503019573 698242970 400501271 859017428 511886809 965081835 271785129 495717458 127144421 126020278 82368855 60691845 423896657 748544163 548828460 572192914 534567245 84238278 656255233 949366853 100626156 346694291 58829744 821453218 153400581 133428616 220910785 203123625 767236584 424866030 185235806 312449208 438656188 666462510 968492736 53175848 393385669 854587585 966691447 175010191 816128040 443348058 531735459 698292425 955376732 82166243 183277949 527243327 287714762 631482448 578927073 315767561 943102 984494204 893207024 270081682 798094195 10216288 573894645 312849429 695960418 319193789 188908848 846625036 106199338 161637066 457794118 587534826 581268870 47506651 45419427 146208490 882453007 360865872 368814665 491785775 902729721 84957918 593842535 727599068 727523203 680508722 206506852 203316421 248662034
100
91986211 207261937 24536037 813896654 3837935 769734442 219019516 789560127 489430969 320706400 754971007 729751223 324081772 446602803 85785928 42393168 943895817 828390740 937620620 914959136 864310626 85805650 417472219 231967779 811971165 64830621 535288432 177177742 412586663 2666085 699914754 196111074 348204051 805842781 309965265 354964794 466472183 19738673 443242113 849272201 393585775 472306003 261845575 859875567 193072796 828709829 712187947 931757432 796927455 386941894 458531010 689798164 214764881 540561397 695427516 177631394 343415812 693864355 908911649 298694989 48355887 775192808 160786638 34735651 236576210 543103120 87105565 300363191 32936244 397897020 194860785 3802096 307855530 368808761 439503433 977612611 393996070 178689800 398661657 931566555 843701285 270650774 805053634 4938517 241552809 821062106 783002151 49140620 705137844 280929460 569112006 467188362 426789465 662095941 477086013 257742937 624472569 655657775 869149615 555407484
100
9484444 226911064 288073503 346314621 784010845 339682751 669098508 545119079 21240579 272550533 235003582 307529315 215979396 332043225 182329238 219215653 885144578 689488282 875619504 763954628 729907714 634031965 572466159 979398880 519837582 764802410 690597460 30609505 71976167 541005799 78850355 299051728 981744524 402864024 593287455 13840325 831114101 847405206 234480358 187496673 579618091 190806868 998685875 463001808 270513267 513006717 883891079 813282236 543007067 454347511 577028672 5755436 73434834 628030354 177760814 134398264 862899902 425615223 789912579 190638747 33744480 252754815 522521382 625533900 116104156 114580580 816844139 782542331 952938664 312107469 285716979 531454694 158125861 156488215 431959282 425941093 300454919 929373602 839145593 748151593 494427345 359411816 649038290 114426170 895185209 532124738 691497958 316081910 681724600 805989721 579549080 988310721 583906407 478952693 416947561 949995775 645226871 162184664 641393730 856192144
100
965727439 671108448 370031457 912188523 255436143 201568309 822779055 461105706 673378153 119090417 529317116 927875372 378684189 860559767 624643757 770207644 452850502 70222529 618740572 483050658 869621220 533470835 414411100 498230147 440845300 708965320 80680668 438494480 570794343 65187829 56341923 979515090 239831071 209594640 891462113 732326236 38977071 44343475 58346960 373706461 588574449 622274955 291520121 237055729 466559253 7345492 22330984 318771978 49963410 897153367 124376943 146398892 195522406 858003332 730405617 624868794 130553510 855121698 203142088 896774126 915482132 361513020 927039784 375285060 541265577 401754225 526344822 741457290 507703620 61084416 626394129 780300349 234425378 373336158 649771228 713126058 527273056 223049290 803944152 915221661 521066666 369564276 333833931 194571078 884978800 426080419 66003742 962322723 887829520 587947722 543849306 545057018 827511712 651056084 916473852 543427874 309094041 602816734 218201059 80673336
100
411987902 363333681 856300558 562396841 756355041 944562152 901403451 268935546 648446231 250332357 139311732 592748072 824422639 21131923 231319468 471383860 393722944 12856984 761366744 558407999 778119228 166983197 347220185 760085000 52711439 957750591 242928417 907035155 685019946 628707773 465103015 768002429 125916534 246892536 893498007 900109901 425198423 32311107 558063314 230126159 947656554 99774148 823395737 416860780 317627515 961940754 973437847 830876230 834993309 371241899 627655040 767966825 84858421 661768587 121826686 314299043 636258316 219759050 93659785 979172417 103432835 103620143 236770693 535692994 294217596 810147389 569637111 441411587 214047282 582454975 884505144 422587225 48160815 146246076 302254913 950360109 900547694 249283115 365718851 682328757 849834299 146800401 683871963 440533687 643064352 633984101 230824576 622933206 873578382 723929590 320519499 428296 69901019 345766837 739955532 683321002 620435448 417106327 723293403 518405040
100
639408 437722432 953736439 743465302 192155455 607861170 345782649 798278514 954072663 284522019 510535387 868147655 244291812 142010644 717509115 912370622 226923168 41780007 311437270 648619036 397400019 398749047 464396613 513045990 903056255 890004672 833903374 437922252 439537704 868117847 43870154 961144369 431230736 122877138 107021603 754028282 868473844 767515875 846683073 42350011 845643534 841270676 421192010 770504163 748765663 179649739 866746656 423507103 508458239 667565090 777656100 97529791 800719526 494367984 94291375 406616509 182406887 145627770 892892496 733384914 729634437 474867463 23707659 562492100 187077877 432623031 132157328 76974458 180182357 767616089 561738865 181755104 786125770 662035307 611128175 56930758 984132904 933280775 114445450 314852404 451804156 618529755 565165573 322719097 2430068 417493916 990281000 460107881 28963171 582462639 805873268 752871798 871000795 58744100 747146592 246268119 554316039 740918166 680014714 619992775
100
947134038 202867222 49819302 486890134 937882276 315689805 501436594 275106585 840527875 828319917 704592811 199908928 645614911 943145632 286721758 279523982 278600283 675006887 196782402 444463920 328202852 733843779 872681789 297103293 667689079 140052727 169856362 232215828 982813131 630090971 834090937 327754296 232309293 136254315 92513328 776546335 61209844 691376989 590920057 96478847 81338754 161610396 625118119 569597103 548818358 36715048 322681306 498079596 456388691 844367476 627492058 230923400 560991553 749402482 512708040 59431477 433456050 44559161 103268807 768764509 832835524 517143510 428447668 258722333 468483945 954948319 21831070 810221371 951218116 62250153 957611219 244251819 45873015 585515500 896127043 492898682 546222024 904945358 139233014 194665470 581768078 625176877 778714894 49916950 126165314 763251490 828829188 322344604 201748646 400889930 705683902 558978896 799010950 801634637 778546832 492351763 663822499 563236601 642509018 872448097
100
921619583 354927089 810335065 172058785 583738900 120435411 939217457 600767583 251105202 754447608 851890588 313811361 862431886 437464092 20023767 645697589 837430669 797253367 967141994 389200845 984223233 240039791 943533951 989180656 720140438 280573843 655429150 416766055 392827652 647170029 362661077 474791989 692700203 715315732 190559635 104822571 266080049 515169457 698210837 812958361 346221163 700578372 239621295 466417779 974769757 172539960 4435428 515455150 116623206 473646563 522038267 802696610 270374110 87005830 973220110 636167996 235558256 875242004 657641030 799147761 423298940 882066521 150018017 349422301 670408939 982543887 777635864 131836692 453699072 207166991 195057156 67230626 376838181 644489694 613354023 841918580 390214833 295305116 759590442 238995647 508339613 604916243 100275000 383543906 391940021 56410496 332107362 222657029 672195892 841042237 193188133 974099002 735576910 889046365 62691868 858791197 142164681 175366965 10868435 425440853
100
713267645 888211638 639036474 78766048 597696985 958973866 368293493 362971634 763373878 308067497 213464572 897410384 548126449 583566928 225731225 713947961 737209604 913187467 133498429 708420558 735488848 8057491 264135916 275415001 387825893 140114081 352371898 311813492 108758653 667174075 198532288 372299911 173595534 968500422 872554484 869925911 838038712 792232779 452963406 711306371 288804595 693224865 626775195 428586473 976493103 162891944 268659302 155485787 130752418 959825396 925712233 483671515 595460330 720633853 212310034 313710240 163342195 61612714 111861653 330275888 324347855 799959009 354857444 827086129 474339136 279858642 646858634 689200394 442170231 927428084 742203372 999587642 896199609 202649848 477793560 367503698 874685220 143206542 901222856 702675364 442341476 727825347 446646471 376426812 850148451 803181690 307595982 669167106 772213314 257623615 7202430 957598917 160680703 500019746 384537698 405326946 65269468 654977949 764145832 960989107
100
661820531 718836967 589575808 480165677 744378828 830752613 454401901 408673757 26159767 191291413 482277633 166356627 378426486 100924094 907708252 461308449 414514454 542740402 74059771 56919675 588956450 743280979 945724198 730290924 769748450 832445530 196484616 610461905 490479209 481458110 689011270 193580285 385704912 742627783 884050708 885414365 784455992 833845102 755094727 315047484 135945070 727743595 615059459 700538523 442818059 739946868 250684815 287933563 177045868 772084590 183378727 152687624 448923224 534737828 326168292 991476704 164042652 619685627 862131321 507532445 623063383 965162077 42588678 131759075 681153837 575173441 844533687 337272532 303686393 90106791 966338957 211639111 993208157 110974025 824733926 919500767 524950486 108487981 666907584 5418691 164471563 925768168 859064916 962297396 400988811 368798389 299452637 847334776 969641620 452747465 142952686 754344253 6569318 694654618 358430006 38358342 460662224 6535423 651521823 157204468
100
527922874 350636603 335843684 678022930 233969046 429013152 869011845 981070565 193840725 418789497 912764958 535842678 727723902 732060454 369573463 705000614 42857173 8110677 607825802 453316193 112961834 371498313 288520767 910871180 173328977 865077850 378845751 501808977 698270837 185829465 359258502 717457655 805776144 9604799 608571037 9499900 609123714 335948554 247325186 28537166 957054158 370447583 582660413 728040629 464060894 375779115 899524771 971976251 835815948 818493902 871027129 532632254 224733639 949994503 745949099 269869661 680685127 561014338 939798079 576649310 914557251 813695966 86816919 184546433 190501863 331295606 897565879 664574015 709080761 620661469 554403272 629682880 373617849 783909686 124037823 470972841 70012947 553583224 350125912 227350094 644637712 2648798 783594412 452117442 899117338 157315346 52868292 977600044 44302460 428025560 915474249 634185052 296236101 13800565 460470783 637178214 743399963 101090639 687323031 309132222
100
577186584 243602346 516756792 367445289 25736269 541683282 905398879 939748700 168745641 65195994 607539270 595541931 642692316 983722855 305415746 51556289 495026809 350883905 973495644 821892957 979802161 610659454 823329152 673957326 273223937 225069569 94090785 466925834 759095411 409587451 934761857 168711627 800750635 389815117 838259869 601710831 590170837 487578467 860171747 87591543 540574328 230369308 282651509 935102160 671738790 352789455 852525797 341484429 973600188 141835376 882647180 857248002 156609292 863607833 349320974 156087868 605552223 87501894 580987277 574393078 385389191 728741221 870329439 65431376 880266311 331133346 9862229 821531487 290573460 663987393 211670869 667803732 330889091 588052169 519817085 350464092 877588269 599822490 746840285 325807397 308312454 134209433 663011063 986639260 671791920 693518758 66963355 9935862 545912972 643410686 973256730 986091448 423791199 71667992 800691056 334336664 400891153 542500092 541381166 142449153
100
216809187 187345709 666119167 17230662 763585166 701221549 11835849 340298851 587466956 445881863 209673097 350649023 478481424 756793967 17876201 103612595 740221433 236906521 387486409 18405674 908257491 528710467 592536827 876238495 647915801 296008921 215837320 294229919 196510962 474440853 495560292 362524757 226930790 288245517 137022861 50666838 505896915 284739265 263546365 482642201 657904903 604505374 394349945 293175642 28603283 661921021 144774205 436023108 326893074 78617960 269675068 890016300 558118612 705129820 469596128 934523143 142239072 26944272 817594893 131195410 475508260 870876309 144924221 221803844 19650879 310619499 717994739 762092661 804834909 629334569 285445307 643260191 638086968 367860973 373793396 582128044 822712388 712101406 118447457 193360984 550739579 842320885 957711312 965028239 883822575 288860757 892759913 678387962 325172753 69246248 477651092 15788956 826957963 105497609 731543582 855183490 543523802 206734776 105792266 367011785
100
546056946 716299320 337706921 595994642 359331694 614805375 963822572 399764215 845372748 339520897 182054945 678911945 468540490 967454800 483344387 405925170 299185595 565315189 643484880 335901096 579807252 625296514 346656311 11326198 832483543 745075055 522321212 130790956 946648464 677166189 19234583 847338595 694731778 64398940 628432429 144857195 478626576 520284507 319743994 997057899 111740081 892595872 95929307 477823295 276398951 209248683 894613004 433887723 999969324 161804661 553690890 383108635 551180939 994914372 806180011 429118762 908699989 476917158 322231164 798069887 714587487 858977942 908571758 701645303 44404828 627757330 622302411 740568889 970901146 118829429 682834687 257551134 920002751 87391304 808361070 482316997 626558946 169450068 366609903 87723834 194412497 779983219 150020873 59149940 498778701 630858831 162293452 824723604 872573960 237885776 121522628 238906862 621634637 947257619 448945032 723574426 500357205 800362312 812502567 356766532
100
421787268 223075466 389254855 702600607 151404338 124698661 908881194 360570654 380711500 747191711 625885296 170355465 8371196 902349996 485442738 652468510 208042991 397109904 764328794 253680173 612544937 488895155 158797585 719980833 704998687 375488104 470241662 623472806 896474084 906769559 486128831 591872505 88030637 227367945 617110458 463439049 937424603 478756506 209260671 578553747 831025819 124439476 587022832 183230566 412729704 726340081 450016756 45681504 1190132 358550908 303465376 589034854 64139824 869869368 246504712 382136382 621711111 347260733 719930258 24814727 930982021 632896911 487631128 413252272 654524451 11253770 900831469 505756814 332648412 211594707 242883933 369198068 515324363 627186997 669991665 62997815 91899528 2823830 207522823 611717166 655812822 396065328 997342900 719292181 915143021 952631793 907996522 430273437 886629058 327762661 852875164 533818558 501695412 492777701 162968680 909440800 890523476 299388118 471083785 598805736
100
811638947 402523593 761391756 701826111 489066007 681367154 513063750 632559786 996551241 546510876 416316750 26842404 990152724 157543621 934307935 933156409 376330053 917755712 416504581 724198253 892190988 550347369 776106367 391865457 557587612 870019347 301102661 482224083 776291851 123141113 790834910 576520059 255566264 211731919 220804903 110701042 502432721 417239970 736066208 137615569 260789899 748606952 915950597 879752136 259455012 61481743 34677176 776517963 792701066 110785273 335413174 881277830 193785245 185210249 304773060 775279606 467932350 803648586 214950726 957072986 205163745 164657985 348028574 546099747 108396991 998942862 419130974 6425514 441714495 104288679 177963689 230719755 727426754 340475088 976636951 462812467 232809693 298791587 892441464 261803557 548447651 772693688 734172653 441215699 778381785 811702645 709706398 307367386 717833208 277204909 688316064 856467255 404150656 159679099 802998969 777003595 717291429 452100902 221963575 878302673
100
446653990 424612946 428560006 283180910 636855072 317975282 316749039 179473683 461914649 366870055 823573694 337742823 551522583 762418922 19018350 887393005 811084242 328664184 894084455 292357701 46795069 625255162 51142299 743217510 627327598 210024688 61122781 971459432 166386586 741485235 493581084 414143571 504267274 276895992 355940590 583567596 506321674 871399393 763290858 233623022 614655823 697975177 934670058 63677191 606503049 728117498 244211329 802026525 46117175 105354392 548347463 942331644 966748955 162921169 14623218 943208309 784239758 139368067 13461204 396514636 975127627 821005611 173064527 437390621 311829503 642873350 551391747 980991504 749697884 652901436 333463984 851720561 243421542 149088300 521932263 320454878 391381821 654454443 524631474 492804980 487880614 776548131 693594464 202918016 204705761 988343559 700544927 921559404 841579112 562022155 783754967 41616998 620218965 704819947 57791420 216444148 534095011 919198636 36723240 795318889
100
488873022 987043743 26523363 115823634 8572686 893750455 795397585 854659645 142822569 830520986 524227197 726830878 155158938 647920231 743756676 284632979 808996573 745190726 953375943 317674099 490991501 135024920 784823489 75444475 563866460 409475077 869167894 475760911 689851343 116212517 131128773 153655345 185960851 682218850 762796713 594434254 248321545 671323957 498244792 69037590 723912084 333280713 127592117 229330195 84467195 372277499 45058067 198330588 564753267 265914786 56927155 286553054 717987690 750600976 298061868 433735902 802303268 122725927 601490514 734153393 650727704 943210853 405744246 266568298 73334713 891696022 154557572 160461429 607301811 163147858 114892512 962783689 633352680 365938341 101388929 477724240 74713607 432386103 737143870 974122263 240268885 388285041 288915571 798903756 317204356 529551720 617045529 859329268 211838602 187625548 499494891 475552812 414359790 81328452 84547758 167508192 427411349 983534968 276605760 785857857
