100
100
138912268 92678490 638745090 343877668 559516832 369978693 929418940 109134114 704327853 468954561 19956471 872673910 984821596 884404636 615574845 285488192 201665724 377453457 624966462 465191990 414352761 748210496 639645300 59095093 525171118 927003839 579917758 829178089 466168465 129690684 63709266 508052233 867157437 726182602 777990601 988968136 109435219 593933143 555260806 415035045 119310688 158392165 446037481 797657803 203794399 662435393 498943654 559498356 490139042 338878416 983938401 803920452 105766166 633554261 392945876 566611684 82595915 69536753 710782990 585127050 399712096 759756825 399378970 78112673 954209066 110649170 250925143 493043526 75547403 163766895 407002281 928653950 753575441 746555539 909741263 439382131 870388756 158103924 405234127 514667087 457343692 62946332 636612719 997762592 408126741 348022599 114661651 883432015 538394869 934510880 923275852 168989128 233547178 425740017 349185022 989954514 163202090 269555895 615493587 409547470
100
1 2 3 4 5 6 7 8 9 10 11 12 13 14 15 16 17 18 19 20 21 22 23 24 25 26 27 28 29 30 31 32 33 34 35 36 37 38 39 40 41 42 43 44 45 46 47 48 49 50 51 52 53 54 55 56 57 58 59 60 61 62 63 64 65 66 67 68 69 70 71 72 73 74 75 76 77 78 79 80 81 82 83 84 85 86 87 88 89 90 91 92 93 94 95 96 97 98 99 100
100
692094853 825282534 341139602 156991615 506010287 916561979 234438580 90585721 319964880 435948258 625622178 764316154 208541171 657759290 475979338 276536456 100438511 969626694 333601862 817818265 380285676 973292917 99174820 525971736 184612692 925322718 360286607 651114575 710497038 41146346 784966206 368838835 62538145 889259499 893861516 518016961 836436314 900966021 975549310 403744541 240216564 905728156 219485600 135285831 567848626 33131453 110652288 59928977 205426297 104253174 536140505 67555044 496989475 185759572 721180577 63219697 564305421 375757752 128675096 328906987 756850605 37309017 416653708 115733716 945960940 171509415 979406495 39322876 311597902 111921578 679459259 591057577 64279546 917974740 97872197 610408978 7303669 505750096 422289889 594147288 599440864 303109987 13212734 988428229 836258486 180137452 848361524 695808526 821460258 901204801 819285242 371645909 256151890 571152899 749688690 113491052 810552446 752764032 103180407 150122258
100
125493137 233699718 210768328 304172000 137477249 450911333 438491585 853294560 569597851 801282711 58674093 167333217 306964665 271377502 296337533 462210298 774603515 583229608 774075682 467490959 697381906 193209344 380564745 525666344 377750316 219401215 448685907 619768098 592902134 364669635 636265201 790569087 36855997 200158338 900793918 816826498 55672718 47116167 291176148 826495663 906255388 156172359 605068883 116226159 806252946 868543530 199348815 57975428 32631495 43089982 127682839 286257162 859064241 943376053 650052545 572001151 217543443 550042332 825906660 900125284 947558859 706310056 545421105 685900191 8960146 714148142 864848175 835116237 465924583 75387186 644137552 896345509 674466686 18126230 613659869 97545445 25119956 357548261 971117711 454268718 633476051 375626205 686964853 268721156 359722880 170340402 293153492 332536390 161388534 442727935 601080096 204132496 603314038 466483137 743070923 614732460 925860960 745365532 24431910 971978063
100
551061192 972110803 518184568 769274085 986506904 665564309 205053618 680894762 229418272 148960799 313391654 577370247 747869408 334292036 78939378 84113478 964193476 576001777 937517760 24359280 314261575 561747617 104002710 906547061 639163033 180736857 924497737 472952895 457828635 61802965 244603994 804650959 983021106 346042662 220871995 121207386 223963955 825121954 671697179 412093024 904354190 384929762 959361935 660446302 867070048 701667785 870898083 848675040 881574683 381151820 972120569 839998625 404529216 200669095 360974818 373775336 33055549 750374043 425650971 497264627 932213597 411043185 908414691 774382165 443820488 799122645 776801641 274523545 367313571 605172077 569624961 964278183 286186341 979156501 412479349 396580015 659382838 65702529 135706657 373908669 273871851 251562822 742379972 399516914 950799919 392994607 636886938 250722816 320076635 360923256 156528905 182533934 552590047 472167459 242301689 345041577 58473127 935463511 361936824 390908304
100
260261680 325705716 326582090 404359668 2824444 864344571 539872650 852893634 537086719 390143409 907971312 21999363 727732945 141647016 810441543 80673601 729697409 430923758 357527610 944101729 575786036 694758275 99831368 603039932 982757996 83076183 572394621 225019855 712633064 560142551 896623931 825130406 184298659 671301336 594524840 429688294 14597627 180942130 577261355 643458592 246632764 537967234 184521639 264127375 761057871 969575289 310882332 778328700 912810461 407629580 826144582 702483419 998712040 959283960 44081002 838923245 851275285 404403002 607086670 129691393 48078849 550991758 685189710 361100657 270033538 385242277 531715957 33409709 159702043 717517816 87093341 457855924 811602955 862847683 639205673 272465209 339934377 55834809 354318864 863209723 48336307 393992822 732379037 582786554 263676850 669448262 815054344 222634256 691564403 416468522 454338489 951494590 646496847 581156184 100375968 605269681 716281988 856894316 110809382 151059970
100
376908665 734568940 749312498 922544153 238073396 155148737 673373542 94605927 140010541 264468365 329414058 194002788 831136489 148348651 982878047 213271418 62180217 63548223 517044556 983799585 989763713 244044178 81360582 451521827 15468510 181207586 343592756 393944579 671758190 773920649 753839546 213131769 431147708 184486794 692955007 45315267 1868945 291634998 831744396 277641027 517022112 801713407 603759181 203597132 687094957 451162771 432494768 830342056 801734707 371610362 246419759 746165197 698563939 684699604 794437906 692801494 653054964 584616910 313722197 371375716 417492383 438591646 679827419 124820142 969559123 531648007 482608094 847685668 841940962 795776784 409302978 275947167 225879454 244566680 816261984 19678936 514421112 601256288 913008182 945402584 855579978 63122101 218548062 748869133 430247389 813905445 891746683 338796642 313931997 560839789 896117530 490811191 681594730 595960183 365491995 893029959 227961319 178358272 779091563 449669989
100
81615779 710905967 738138536 554250820 959862255 515264879 552618678 37786374 180119297 286497599 176797086 31682350 433233250 833490510 327257760 508960302 769736491 21427182 927571363 948346967 192710667 604145802 248032461 423566554 949711604 390988318 88660163 591812078 959951754 428715855 309610048 725827578 985521771 915990446 601438992 818668588 146674317 372648794 322445359 590457450 700044696 69629563 325559825 13530755 182850529 956504394 741098333 171707534 474063519 388125489 594769203 280108451 439676826 115292828 226133553 228018925 488893255 790760693 247345458 122413052 521978284 293315515 386459799 982096302 845997964 351204837 640360856 880226724 832880982 772704837 677416230 235081420 243053531 946407432 176040422 30655585 871334201 821890596 311399583 537482811 764421352 45955619 717167616 765547231 907170365 590937644 504865894 132730088 189924825 90462182 919915642 764533691 697800297 636188994 899756938 327816245 736697306 936043380 1740517 273330729
100
300631680 827720264 480216148 849007434 924541423 320716870 631486392 154557800 677147896 500223284 639113303 567411376 815808456 354526428 867270349 995747584 711809581 176755483 431690502 318806118 327860177 115556461 98207352 620751968 326354592 393144420 921732985 258528515 155393726 570750078 999047145 197757572 993747687 675713928 665716420 319562660 920962312 789218591 32094157 876580243 35309958 902068706 612200446 103165041 799582889 202916733 528237563 287582580 948834663 465931196 90782387 445753532 111670151 469290156 767887700 418261033 894879070 115951777 569639179 314870380 967903788 913714602 514372452 816640063 407310337 238043857 289362785 929596687 130937611 756512269 868438094 647147466 595026617 151549618 593307857 779907794 745702311 138610605 112470682 65589656 758734643 651370725 379918335 387961266 955803836 66176100 80154884 508667740 423289303 271138252 540509236 220501777 611159866 599834056 178673957 222029790 321334761 99193479 366421305 867583709
100
726929884 544178333 64802254 531042762 369017949 455746728 992842118 295349195 664233266 625362342 312307187 727453643 804565493 681574490 494101328 814389653 364182884 47430947 489028659 22532844 695078257 44982054 608505387 832515665 895669059 175212029 299052666 965989066 328833650 588065683 577967798 302944596 822505819 370503134 444006182 984163503 44502905 384399044 994009949 846036495 909326911 744053904 772859959 109825850 296115741 778510765 865162616 548779816 15331371 947281211 947884775 469950833 844414871 759563973 707950097 637041271 693468391 629071099 871089475 604568761 76352787 673716958 534933921 710895315 839641229 268976835 150129941 63137113 691206456 134827294 163522446 130905791 45813195 427235875 533410680 535810820 411133530 391801953 841185449 905201041 458865562 206092704 943097529 220798616 15701263 749096135 630988110 976910737 676852368 560511449 461380124 957985451 605187108 183149603 47152473 870904549 321369111 832961900 977339983 377072258
100
177882754 934663415 137964123 67242782 142611408 985854237 204506727 811188659 655861197 399695387 883264708 985774189 751255069 800720220 392678902 862565923 65693070 460792157 624286368 849871307 443001182 295471331 612554551 431641886 200494007 156181653 355951321 65573005 147713862 485225092 842191198 219313235 403382322 891469895 587371325 26023642 873117150 742228277 42436581 293918060 163846230 200593059 703896879 324464235 683306262 110923555 543782853 556753035 754598680 3082785 690261185 380620309 438914437 228753354 739934221 223301443 865933608 655952163 49740823 200555464 431560519 82670615 841790234 866700763 363623489 882744993 553798401 463714530 633579097 379816307 70751615 537104169 144629195 522852301 247192049 824850388 253717799 748966355 861570759 552609923 951908017 633899686 601326748 514553568 228492031 180580384 232695055 478299291 397780140 224746061 659821547 579279602 58078660 892794298 713559443 657324802 352794373 429570069 171441786 596908851
100
894985239 319037563 985443631 467392166 230568117 697643046 830235040 182735854 295019119 123964580 631028790 183172121 22331601 817160524 811882168 511421068 771900099 301150643 880266161 96978328 721634670 303931328 210042641 136768514 468027016 191652084 540062675 622066422 370162255 315849754 934888828 736974666 144965717 31502829 854629184 781956777 865794212 508509495 374247926 113474814 884550869 811105612 682585769 373371850 708269016 88964460 754318609 549855643 196936789 27387565 632145755 949504360 984404861 569240498 118809261 757745052 610238122 120501755 646956445 622208039 18118628 799463068 593308036 599152696 876192445 371336049 614382611 898896610 761946004 85061446 708250681 963185006 201346183 529315335 272276386 517848941 839831993 100726240 587615134 778660811 638698002 949749736 513622438 864381136 640286880 555622482 340737258 124656956 308747208 806497311 554705879 197451637 996525573 124717251 247060833 24836912 593045592 215145792 782260459 962098461
100
567201205 41238175 393299177 854001516 673181570 719166588 109562348 902743029 767217801 954064855 894339134 569627250 422762470 961345036 180624622 908122267 639517505 339473112 63345736 551642481 547998595 431203055 806884973 867425828 741057995 630781872 219341556 965735152 241340734 78278157 869452864 338469197 902040347 928327426 963424010 524410007 857137132 612572412 364946449 591901099 624678729 582937900 694692721 168861349 907392029 194815184 698230357 264951610 420817021 860609432 825688915 771961899 980490235 357184374 685907394 410235510 58649548 977059991 390699555 316313134 230576317 275045880 889010437 660680017 98162590 83134480 113098589 159400497 456820878 112558066 212649177 528004111 980816736 280334790 498555516 988646997 187803016 631036632 340908581 250317057 855303101 27116711 12783547 673547560 725605592 652435771 689746873 976813383 718843646 769370693 231631162 448520219 251000662 408838129 888062089 83318438 302939389 671180583 645714762 370410855
100
122489903 985330716 931884904 834639438 616108742 258178254 602328766 959679070 315175410 123862440 547547098 910125722 477595177 295210091 552150508 865542810 295474552 529773364 321694499 903087522 298095457 344090124 855220582 803179838 586863890 792824417 794425321 794401744 22953040 224443909 788093622 987460087 770134942 951651987 928872623 716366875 351412366 464465261 534132060 746376243 179688657 576345556 897094630 520148692 764901129 234808986 611235035 652576997 186150723 868483908 782467122 975524628 341465699 307720470 804780204 39463654 418274951 815629082 475241901 375384859 149194927 927248380 193002758 217835583 334500658 34606285 879014678 2443617 635820632 664220831 929107804 361019731 627534464 160531936 537759695 812761077 958740566 793886137 997504349 607379954 960039455 725545256 886004452 944444343 802623060 959874331 747085238 308091676 31334392 180147579 242095923 181399591 410340556 109533163 448532784 684601010 83942199 758702862 838817848 995847979
100
615136963 200861040 584542802 240061013 696508000 727707654 648251780 704012645 908655151 310994622 289792923 65145701 361646869 585083034 696488715 6446386 519273322 558316645 940596163 600317628 83784279 464393302 452847748 578830179 67631929 529279775 474211291 716951247 225263070 494595999 100924206 153354724 264195073 494666788 233742141 254084083 542952193 138149970 323456001 319232593 298389668 725954678 609344714 248735536 466614663 659372082 694329404 235998829 194820644 677299518 915383178 238645816 354629444 700815132 922683757 726292554 899765455 159977161 292387687 762897707 428367756 888828109 365813079 393914367 518829081 383216295 815542927 962032388 180942283 574976220 981431239 518625014 203288302 562493486 220225934 718775194 13842615 231188096 945028936 641589218 927551155 670547448 533435543 192387210 530555238 486626795 511602347 934877754 278546675 474939740 150834079 938692728 155103674 537121874 820272521 853166500 426465904 776607419 31802127 250941184
100
316163258 425442125 603216487 876960976 963940837 324764706 316018118 836825481 785763472 281432442 274411738 377414669 190619583 12150129 815996755 418775616 458822768 668744283 874601831 702820070 740770241 559313561 14819787 110261633 376192492 860926645 569002810 949618424 637666240 647418363 549728700 316942349 894767734 929715649 382417008 549898769 791934610 684143720 708393695 532964248 915431339 677795704 991546103 459717530 53038545 574828359 12614460 647650181 901793282 89566314 847112112 417487444 960056250 140216196 391605959 769600283 677035726 303538485 142663791 641270730 789405507 481385092 995683598 435518691 976069917 158873730 336241414 981701484 233835220 181028183 512788308 588738264 723212532 856523116 538254245 945977305 257371113 442363172 758534490 579924557 606704309 140637262 183559739 791971610 502537363 989367031 379151500 721320190 918855546 744649364 141233634 137184552 716794832 316538278 834104353 689641825 860546307 991680161 320203034 948768475
100
704585828 67982458 180158217 891605227 775434694 924882513 867314550 710548760 17448648 318352276 328348044 290022348 655816272 988204312 828883605 377066954 26739840 15290973 131568891 875700351 154791179 158233224 963862741 656650373 55642793 429451609 169342821 5170140 121731714 415142693 727860055 173049594 872640525 297562914 354092690 730734374 942365954 289662015 923212409 488677413 148598098 213446945 247481577 443916613 959008899 177957517 846668170 333360380 227625135 140981871 661054250 258174215 405344849 913129989 628645 932328378 734124336 72849514 703686254 291004838 872272734 912698672 876278755 960411913 507234396 277530947 378422161 50631465 884393660 783180207 540741256 968111145 286830495 84952919 257105093 236419888 10383661 197386451 454619440 109521115 353945942 398243644 826249217 344865660 97530321 522422539 107968494 275468600 188881958 280362830 134136677 575955656 724474175 980101218 494370643 782247627 217017467 485610594 987609831 702803693
100
301812124 772388940 784160339 199583265 264280536 952210767 385318177 383527174 507711725 520007123 606884803 415602753 162700079 691105795 280432770 134266604 787499954 505553215 273358311 557480772 76129868 879983792 366390074 671268524 414982987 232104720 958510838 566342718 44464227 11933945 975065196 16666455 105769151 917880546 790876451 206157468 399451116 982379759 378991990 202748184 415069882 415647215 962359550 37117153 249309899 460031938 471740196 962151062 3375059 65423020 772476083 675686494 745084880 852623980 609499347 189673655 448399766 489640240 232714220 699327763 587040010 513150248 973283551 900980769 977210003 842558787 166196611 559906887 402789829 616331044 408926132 124206631 853713083 460141331 130515022 369184692 810809253 763985231 496759719 864526986 297119714 868214418 562457646 28401177 715891565 947186586 2283484 999560132 552627700 590368670 242776045 897722463 354546907 510893206 30987877 208870436 134499464 945128253 656950604 686962486
100
39832506 926540500 822880521 177560004 786873820 404081517 216346021 685907631 963944561 486686093 338809106 699579237 601050265 880256046 857756071 335405594 456633274 612601313 636111886 204227554 824344344 354028834 487314607 282878115 902104796 737266664 613171177 473109926 587499580 395427078 482133883 650620146 101257789 585580896 899570486 462731812 927628063 44491691 85853682 349324355 172190740 413667844 607301704 488359412 989844020 714526416 714392294 435318009 230613 948448473 775623184 362532091 14376732 25721059 306364271 477447733 878543729 460332188 859820997 789607059 691342546 703897157 482553804 63036251 515751689 84591175 263590005 487815323 48217400 588504689 726321159 150852098 823601168 832357113 531721041 828237163 277775981 610478001 186714588 600000582 222103840 926645142 804402933 479233841 561657981 107808322 88720159 292891207 757266329 465292071 322825426 448408027 33779364 427366663 642625971 202609284 780013784 561414116 871329450 391781443
100
281612507 22111081 656187781 88823934 871277026 887672750 127689636 61279843 548042062 438988487 772748040 679292466 50547544 680967584 195586476 781199040 933482907 948167470 643653098 779526233 422574002 414788725 824849497 496685619 922451687 313083990 832448379 743266949 852764842 841357392 274924132 876102881 610953258 438873524 311045764 346210351 715348242 162239971 916945665 274427177 150752641 952186303 521012656 754212835 77925958 200731415 447506863 982929278 408374077 857867815 752456344 901933455 426519180 476799990 640915247 138165271 54789141 5644074 933830117 65168531 599639368 128964485 489326200 705580259 726488766 605913179 514914580 539438320 760521730 834033235 568250365 170107106 110795337 235935193 419534744 782511426 292699226 14238063 791278643 173606043 790566011 861384200 187917198 998565429 937536598 151209694 416393996 709529438 491083977 857640892 634346849 801932811 223491984 859505735 950029861 164590848 462414047 460443503 279496064 176132250
100
554636946 274517547 312668940 403762437 969360272 703230263 501951321 495717904 941042932 390480781 120899226 74860692 134849217 814219551 255192393 394495073 278448464 269934382 898925333 879100143 345565389 372288255 937945230 435422980 82193638 603079754 2161970 36901079 9073966 457869922 821712584 704402808 74705974 596544793 224907262 646190001 854074826 166515364 226990313 931057239 742529628 370357231 561911540 210390630 216248163 992147104 567453997 196612744 260967446 935436035 87971178 727288463 65562647 714632427 357725582 491250254 696287187 953620033 932186133 198167840 337752626 858750321 828585645 872431621 250871641 608193259 725767513 694589691 448618098 273988604 117940687 139702712 33167091 341698786 602696997 474984050 629977371 758457856 185149875 329500621 243241837 652872694 197483978 136211246 756385345 9500721 682340605 732345933 611057410 3559621 286235425 699720817 706386974 733121020 405281413 610123506 146586162 8563934 322032562 310085258
100
737910661 853327556 626733746 404678221 28510679 753207794 978198397 758574695 951800659 534185577 992798145 825594443 96373200 19308729 980703236 868596758 374905300 385602728 670725075 906164192 892800832 687638116 287851586 809008673 620201924 148673427 561129673 832227957 740797045 127708668 808464326 442197026 515252452 203367697 303813285 10685967 38785499 226815618 516333946 601918149 548294399 169198383 288405256 232161026 644916620 147564815 276673212 262566939 481956616 265797432 584650179 699497558 325487510 464873572 583654529 701132338 869349050 463033625 630979571 942219967 40705836 528300124 681179218 865258878 847877301 191654050 348443265 797611802 300134570 577324103 823448704 788213097 405564513 449726546 367248573 128679333 627368827 866778657 488815123 908007000 861435340 853802145 216822450 240053436 578998682 701539646 280360778 84538088 422997062 620028420 436509123 593647600 854558510 79331779 539616764 522030636 615045281 666139610 383794340 377967858
100
805202601 598887092 994235720 552013149 278174078 87525033 131909809 650833665 133728911 222535685 1925822 952979578 782435882 506582246 860580348 98592967 827863247 380191136 288733208 454065197 432387858 446534418 695354392 208833378 645016169 159578317 878876500 87677317 767662010 259753612 122678355 895557699 605053768 697640424 349229745 276666107 502277161 927592943 633009795 971419713 110439933 884456829 313165654 764812469 932475981 954893243 652392131 442375877 210374679 411908772 13748278 318267075 655641979 329474185 601458557 689248417 608885533 239244257 916944374 956399755 297306095 550044518 624533089 209885181 20137977 233179286 523119966 801550983 685577854 439768038 195227728 863798914 839008379 553118517 892078450 328650682 435752433 935941627 374479021 315135398 540582223 251549790 593374380 173598501 4459229 963084923 684926257 155864384 149897170 891450026 894598621 184189352 722642108 886108715 629348927 837316005 123255941 955642875 346687368 496870168
100
977053865 742522153 257154718 139440732 366969592 887343835 396612564 645466396 968516820 674951935 568153712 638695541 83330225 684334773 160180958 717192985 915392319 256745521 74431972 982347197 526176815 362346090 472693481 393616628 16600779 684485257 767502388 156311960 79105142 599839976 828235275 867230298 896070049 500086032 153243004 74404307 168749657 943949689 567202178 423707940 947496829 574245125 192474218 284799006 239385740 201174506 761118131 221877257 911093542 414160894 230326631 728631153 856311419 721778329 483677882 780063118 956339522 73148811 289235464 371578516 119208535 536271755 227833156 728194063 839027305 497534975 882046889 617611497 741437276 781688827 258784895 421750914 993989276 386614164 378992283 998756596 3534997 218723338 594000119 765277642 698435101 12561435 355090384 471266911 338828504 236526340 15281128 847439679 418788849 29478149 76448293 871463009 728428477 883193136 380186148 189090816 696278545 312617798 212616468 370432692
100
349912521 546952322 872943842 9118780 684436279 717670530 610149623 37685602 859547564 962059527 14078356 622513039 198214964 304018052 907741672 765237432 537039595 768146639 193554013 418888010 389498664 6890644 717520750 117110083 297115119 872625015 193026596 839563089 665006528 833479837 310816734 126281147 599801917 608926859 760977450 854933403 543968034 922703650 822838060 232933851 500361210 107221442 274135896 754757718 14747766 757287801 208699944 456921681 922804984 950664927 23771852 680773745 887246930 708182327 567708566 785278088 459801965 27539792 372587556 938498707 941422768 656946304 578926496 562622853 716081328 137301068 855278758 952688220 157698318 702996202 713533534 83337858 708233246 865680984 191895033 905238831 61793386 579958769 225112883 37262808 917366464 165005267 694032408 259831082 150747900 706180106 764994274 965464541 163613141 322621553 754918395 969803321 313270289 508928501 505082774 402015654 520821841 611073307 443676837 755136319
100
266567518 277898835 177754985 972698089 351137738 632501230 990561510 390479109 105629319 223964803 607607102 965339510 16606460 547046997 83045942 985275627 499729279 873290533 11739121 840512838 96724609 61884439 797020604 555098795 483975678 971298169 501161769 340111549 895035025 407828130 195360700 369296300 991262915 443748256 219594690 407976833 90913075 507462112 617685960 420342058 133697055 495401538 961418149 498659196 751787563 610405119 906488846 409791068 157538252 877192630 995184426 488035238 494800162 927736604 889679431 664463684 488433042 810331654 248028416 939819515 208656370 182569397 518914238 854918373 742260952 938553197 171957240 71973650 842787286 88830972 241983209 38126236 162413912 618597322 128566707 463405364 736293391 334041348 339266006 820329987 883873161 256091679 318376222 510705999 401938843 629024866 7785659 503272921 851984930 954184102 504005189 125016615 499541917 953570939 310593778 258345830 651355568 724466589 207793796 708377420
100
144101117 972281362 8320799 601600100 628666732 526015286 389301604 675308645 419123719 588476286 215165268 390580186 864295905 397923817 588000787 581291837 883436194 201412102 542544089 805288440 620355460 733429037 88066554 387968620 213275505 181887962 28826960 96599666 294404410 349169640 227995213 498257344 634829283 160501487 819126729 612387345 100654265 297718689 923596009 524937113 627472093 462232856 370301904 762648069 345149618 671597155 204974172 511905487 75204510 398931226 511555998 536771300 466937238 857129268 415983535 479877444 694731934 530443082 210488181 567844853 530615195 647438868 316407311 371240049 918537495 470836709 708072251 724845638 310559938 251152425 399789378 25029161 836442303 337938315 830652036 786390556 279530915 738657289 180717595 378043837 663851855 222370620 724902418 856911765 464232734 274928182 340801193 829019446 126507590 439617002 768120912 584487416 411217392 336015380 30593974 416510478 535294873 997473314 488118156 160926935
100
929477214 512689287 754070668 819045028 405103063 642576624 552211523 237968110 696890406 796684210 284261273 57049208 138765263 901761757 359117759 812905754 359971666 569299501 715829372 322748947 938855311 547757136 434712265 352878668 769595139 243995295 382604905 560972697 834962479 132384127 745182502 80017738 107561291 298997334 200615345 985509210 269165721 476495585 816878686 127101184 598655546 575654983 409738561 180250310 121750740 434123189 575092030 269921020 460767280 205498112 511181063 115523663 453623818 95917937 550941307 489687607 904080172 175472941 510202068 736178239 965911761 416527884 528450427 434811222 231977868 61891121 127695657 50404379 585404491 833131506 963226478 134041810 326815273 674674033 241564367 47669145 949829807 358669729 455846731 378690600 724562349 603723096 326069473 218596978 891375698 13023534 82347099 885246663 410358942 419826977 964244352 595744224 609410373 610260418 337925808 535492461 254140848 738790795 276340431 947551056
100
444302025 326988286 778264304 191381662 842105057 204121299 39068719 149464999 453841211 837698633 760830805 427414749 585481148 131479407 430127156 922352529 317258340 637253672 263229143 919522615 955952592 375669532 97408636 555171633 806725519 918424574 750885875 907170032 977371860 291500095 475087236 923477096 337555512 308950213 170236104 170356182 447618228 707011099 347689089 884449245 54547057 605837734 105793346 40115933 944837172 128873406 560970200 373143692 393632915 313622959 657011353 870520939 73399798 428277399 392487903 78456585 757462280 90534794 275505598 830968562 19066787 123366818 62525980 832274241 466476675 101227139 618808054 197086044 466929284 137561155 930272644 778295943 755954063 549867067 127410944 138359211 133612658 359361026 171682369 406538264 605928657 185303900 871418676 185254677 274513867 597575753 116705026 450479811 500098750 683608402 112546901 854051659 323922518 626223978 205031901 209361729 754089076 979260100 804590802 454133645
100
498239399 352382385 241005644 596970239 815105055 374990489 905413754 864715913 899953777 674358587 111869674 315217542 594619115 406147108 904537651 369517067 5403330 270761163 520856898 168605177 570903226 674905203 370307406 427057703 904676982 370791610 222688730 882776128 414567123 688690836 813691575 620175306 970339004 806796077 434504300 430257765 944099770 439618339 258253059 374163435 914714407 337165375 869297551 127492587 298832319 458687066 238543422 380083965 912228913 873125322 506811912 323943785 50525405 766287921 114472035 431475595 640123942 401850874 658055253 115628841 99921503 168654268 408751955 646710913 927294663 406640420 60321951 276714613 64390927 870611927 893112273 937560154 452200419 77642663 401066263 235488670 588862336 673162345 919664862 686354880 150086382 464426605 123542858 501754466 919307070 94461852 586703765 252234968 446539429 851523453 620819796 470936009 621219484 887452172 376472278 762212272 778552820 992094504 969559962 732562607
100
269353184 939767721 545202795 221835716 81993600 101137331 245649427 850142612 785335676 994467775 92431218 831111200 573068323 512545549 729809542 703464592 232890431 292569431 997373045 622561026 500615681 285034207 547427600 124098784 395286385 47500658 162836861 760172370 216769100 201268990 303385929 403167509 751203165 58620758 777295877 613240784 838908553 689213224 90607042 560400942 151700893 186841452 719492645 98526656 427002106 111921758 940945737 419557689 410180011 434243405 5788753 468613255 165760989 174911827 591002117 367648603 642021659 64711923 262522887 959256090 440509377 326581282 329381397 265822165 262207218 867557456 324650099 431342378 665903934 776263713 195480824 984948646 634442476 692195798 617601222 619277822 704584020 949017121 869510538 148680761 836024507 130355469 915786020 689286555 814784114 159808125 618361948 873546626 558244033 315257140 233739463 424672549 6949636 63939012 427707453 751440112 445504383 331121843 519330139 917722110
100
815302713 704948306 335181632 584053435 157224327 330809781 440405807 130457265 982617664 367366623 603586150 928316163 394863574 895016588 835788645 501309837 821277099 951930142 482615262 528446226 963779033 97020438 150713103 715399743 118453767 854850908 451301325 31755463 708941024 498872060 185920093 684136330 13366661 221576022 136171537 747217873 979575146 696394555 95511601 350054367 201921922 324209641 785869699 956826200 5817268 819356005 118259481 963859813 752043011 221373903 113399656 731947834 990053645 648047677 168404616 848873110 114754876 97502265 178606283 161256218 867062848 157465870 301774601 352104234 431831158 505567592 44619777 569535291 374550168 361996872 814830282 675700651 946691893 37335690 328687724 888174292 440084512 532305638 707554514 626433421 481106732 953332328 214898408 749795153 805102103 780641339 810789240 380226217 467504732 760300771 910147681 732863031 208164642 738444032 875888165 553009456 35453916 684969340 531181316 517179404
100
832360848 303685515 313643626 473663448 772584348 742856505 548356298 83145434 740688776 337483429 220101637 621004535 901070258 894801806 961794998 155234592 123403676 665772090 975576578 10217716 323628572 278419355 909591808 820898102 250618119 541152203 610621073 60466000 971089023 146522119 964250777 782747707 913451230 716649253 602392205 242155338 760889624 883790905 418080131 580652707 875368818 280026674 855420724 125381943 590642629 338501957 755952657 36686621 240052275 865623384 321669669 978416679 953430880 569915153 485934157 461782850 118261154 220707701 610142405 781614254 150507155 645760028 242938671 654402760 296765794 876032927 758388263 106359632 624858674 784571734 660353583 175670211 666497581 938249896 378840991 422880048 27676324 792370621 510362188 133949482 396625611 497962250 502303286 716719882 164056581 821400556 782492592 408421960 52890820 510669033 633720773 241761675 394153648 476395445 590173411 912657958 435924952 991179305 566355973 140240400
100
976961528 225162400 669827421 362653501 5895957 955233240 195289849 421920587 258160231 446611759 291236478 261075351 890932437 22912901 834771390 534877980 842031831 424122871 943673279 156359197 18213641 898337173 198225086 475483338 365128080 54103747 259012801 568092017 875478419 657321796 297606158 792568419 722169101 417934012 995231706 415374994 734888480 156938546 644134771 720737365 604079184 948010154 866472608 419506128 831086742 345722717 707020593 581338364 283556900 901531575 199781691 467035611 969713829 431032990 861300197 217532311 77290697 374055641 128576148 975652204 505802245 697853788 466074255 266163094 141309200 3549074 243695827 724250327 530650196 361415565 522591726 137406852 492496275 936722092 798738916 964108613 121904098 649383161 556797918 484234945 200267284 712688215 571560825 605191372 171270941 558229100 376889285 764336129 229079141 60240264 447073533 603601975 829913373 595269759 587808090 34226370 533097310 463145026 392551173 824019929
100
831104493 360657444 765147664 610206714 856656855 611651828 255139079 83411389 858759664 994968346 883100417 655114859 955746312 717797981 853382536 317025 123030433 696761630 855806463 37932331 937273395 449459399 374905504 172527927 870521942 948041970 577862817 714363636 206031976 843172779 14917403 286726496 284666715 62093122 455649770 360684951 410057686 928219626 356663181 368964635 844532863 960874214 317112553 415429690 258515484 828215642 639542905 664058456 692069283 927677099 565483711 116376285 995810794 348702761 934920212 747005271 934941365 913479995 799617902 931753575 124129272 78263613 570886622 36597765 749028055 193220695 674142022 662141357 852357243 143267566 970811671 903776558 141020433 850019005 163381651 984529685 951795535 696824712 442134832 981314401 908802806 884452232 178740829 6087428 975667325 832377611 384908362 516824613 492221013 911987827 45338059 682080563 282192296 931112142 701584377 783520413 536734464 177204852 211751455 723728695
100
855499975 14276268 937355486 271496179 753505567 814754570 708143606 817433275 351172564 781671379 542273701 729615650 631054128 113301678 678352971 90853035 631416138 345988120 433465874 138815340 521403066 940350541 321683447 978304637 730030744 752236258 380629387 255444665 654369320 624713819 909275352 625450219 472163980 397928106 255007820 420113764 72414046 233904013 258628072 959225798 280603928 757542424 695380926 157119275 895756834 515151939 828528902 64019871 499421353 362045420 723671387 742246974 42260134 311847612 427683168 685361022 295306736 600506953 71555297 827861620 26729267 325677486 381590882 32177114 843737714 149545067 375583651 252771937 962335872 833094151 661382612 780359519 176565542 644939213 842682891 765404925 962102333 775531955 955995320 816954027 892839575 520255276 181919558 489818151 390557883 450320762 825656630 478703127 463763594 472844229 980474214 863161212 145926205 467808073 525696628 245926225 195780099 25048237 141522556 383281727
100
274923471 415850266 828036630 501479128 204323746 747195619 644797625 254554954 743781509 650184119 865033512 267409866 116391955 141928776 41871484 830408104 563706793 783315337 482654291 421514942 54740107 425360379 322062481 441256677 311605022 660212530 964156754 902347711 306600025 419570054 31928209 822170072 954767023 187563075 577457442 410096555 478872194 707755799 445143335 553696450 987513885 722913947 445452158 159955781 318832061 540087048 800744744 914127106 578375376 189253669 334446959 650138962 319499592 858379423 115100745 683590299 699298279 286208285 195081018 755307417 261989509 880643467 344507367 5151755 16813556 703156924 35859926 725965954 570090468 74504944 954222184 188768897 895567688 688447628 145793077 923737231 40051019 129232292 599044160 460625007 299519411 715057262 106058115 954559147 976435316 271008623 4400848 213353657 995470159 922038485 482570893 366277173 614004778 940513742 720536250 670888540 384863310 921449295 290018608 834388257
100
798699811 864823889 919291953 556414858 629784856 826021266 328014738 231936111 724220841 950283156 499802098 465663702 722404188 872949389 932276564 926956712 97360663 121560088 983615429 383098408 154050885 509184095 347328655 58849724 643443587 333105896 43399941 48039880 568451916 367420013 639141432 532471686 433657035 347095140 812714965 249824329 889088364 517372961 474589452 75080674 950640797 276343829 384218363 66496158 127395044 590798700 9940213 466606314 33320945 283429814 94363507 124983291 123214964 231749389 176017137 207159279 664682329 531634717 116142183 13290310 18973166 718896095 919008903 63846968 573356892 755051441 933180399 899135978 141495612 730214936 299183586 832014110 634949920 197137495 380174693 253007944 671703164 493162137 685996683 279427373 408204590 241747272 564514476 928913265 106724144 49381202 841420375 806615684 773700042 959216580 42940568 591798135 748753684 765101676 22654956 897103927 651154895 722852611 128292812 901349620
100
560112904 568997728 110133243 521878187 133975498 304917131 796047832 777292266 249341251 582435575 445311469 454478218 526479161 201856071 957656269 80205663 267128833 122359046 816826335 644275067 727139608 381529352 132710732 459960212 785932085 651164105 72625952 10430250 744451654 49334276 865152402 543270886 953282433 377327032 932975828 942379174 65342940 451841132 466877925 162373763 559614835 598783368 432901846 673203150 780085936 234664097 908101570 704441266 296628824 225941099 521228297 897359740 98358043 99074828 59893373 716348978 27313630 703794875 211927110 933170082 586554722 152775738 333247238 442326099 836078192 216470173 646314352 113322164 264181746 931411607 85858112 668883248 765849683 991168256 379144040 314482967 266141101 864388985 822071931 154330549 809419255 421121172 69126023 711461181 376048308 125393712 494919125 616622615 894622438 716349148 147848065 489951534 846647247 316122755 691201901 376454754 780249322 206910383 541773062 517863760
100
40943332 220752205 905810244 15974724 929047596 999096082 99279280 972428006 89370552 203543206 744621998 356780363 791120635 149607226 460055217 652039328 339696720 327172696 712274360 300338879 325960130 823456466 643522573 971275487 234489563 212759269 837666740 830668883 3915536 200628194 179768563 298242933 459363078 931476225 685320886 430868933 34531279 535112580 232940186 290271320 872842347 888486967 215686364 838822908 873909448 993940679 701037547 280024443 312001509 799657779 363006705 917312388 413519631 267073955 142948339 288890884 293411119 5091046 487047254 129549045 480843175 229412019 344691261 881119805 892011513 184220523 589741377 312664994 710118290 346605648 604814186 326909463 883346833 943685293 806761260 144244187 635979709 752929049 870888100 589258951 521766374 767949700 811638510 647279300 464886284 513555365 588447909 430202071 758603427 707979337 745572375 305648446 630908764 394421616 18616601 962797886 926081822 868338515 277197020 471150875
100
653723780 302842210 64913696 336176745 946501357 723192954 165467315 220347333 213115618 842733168 227837729 200167076 860894328 233414431 975457048 164499857 786810675 297184400 873413325 343152785 357439240 276091319 722901321 600684708 724393836 174811558 93506847 666237821 427938128 737634870 69723555 771689132 958506561 836975572 58097058 371872194 675873432 290439971 529864761 687619297 704029264 833787016 716525324 714764960 387855327 36351823 321317652 914300855 244310944 516338697 632489094 905532431 62903791 358328556 199405555 416187207 104017138 841603839 818560363 399336631 582011670 821805640 63277873 271881960 501523946 722497804 914966334 657352317 124203239 116187654 340879358 287753142 645376137 138003428 691795213 252206071 872193305 126136660 82884106 643892577 152482190 731253833 719566889 480393936 72749041 655614298 247887717 460619090 785512660 454124530 235456991 246737369 927252815 908814464 591068724 332610470 671892510 649447939 595968010 780626281
100
739262655 690269428 198725161 122136700 658921575 165001706 371842229 4062478 385023202 25925120 165163770 115521822 107980006 620013583 840469746 50966428 521164024 675581339 573105904 157627856 272781296 938699834 449860365 544295905 817178494 184103761 177810410 87038884 685850740 324814875 505778628 529973305 200791428 912857574 925786965 856590919 78022138 191955241 925766244 790499014 437987660 221215127 348731161 134273785 15935247 497196708 684949701 520445662 479689556 183482625 381261128 676793542 199789119 930673273 378817907 337009814 948588961 634275834 423832600 313222370 774087607 789682455 668675639 915045177 963568115 452968623 830725844 777899370 954060884 353226953 572476607 114320134 865754518 190523947 421532221 454887102 155860487 341325912 83130148 696062486 240684188 833498122 964062586 230456419 947762951 291149014 209913779 756049567 819297366 145742753 213284093 619717132 631462469 925067196 686655704 404448053 962055703 453477548 179264622 698486452
100
137876099 285778737 759062071 975428524 921505016 941457243 101824970 293491770 395866443 352432666 581681927 239823314 595271613 718686040 745334600 325217611 938225304 544337748 378742580 811837187 750179468 958681105 6075158 311065231 907066657 324664069 343511706 845274037 99733056 207295482 607340541 735765783 240037690 566762227 885709362 663499536 512542144 280215241 438034925 530019914 990928031 610416384 146636953 892618222 835806356 484099562 357265550 522214655 752701096 166687492 904135312 886957990 851095781 705500885 359297401 554521879 949970197 194755993 680417029 629998686 916422287 115680522 765374835 316142768 890416019 101653957 582158953 743271026 494021345 905797081 603303245 271943481 871328067 284212235 556155633 214655433 703550474 961834243 169703265 902143273 547210416 247946860 388011554 549973399 330431099 939914528 101076874 292860629 223444041 53198838 411302325 762516330 780413195 933360168 147548183 65547454 986591502 69288487 525269789 994768794
100
957284970 365805566 278398631 816148180 526709312 992635065 502008775 554999987 201268589 585650445 496107633 195769593 477357694 342711426 399369327 607962657 528557864 791383979 809896146 471104728 157330278 131965752 242670733 152872255 394485739 117873822 787481970 831803252 399387270 726148501 322976157 736002918 949767593 332103914 300275975 466676878 115772281 726409553 841724257 537401164 210939715 862950760 129075450 804430610 842877335 469762259 330868223 547035711 777778386 305485724 36651521 125923610 954558838 382683576 4411629 291050159 731365647 335061195 485493605 414539829 320733903 588078496 990466569 803070 605416808 722294297 509637997 34759871 321886430 143180971 458586031 513664942 487033543 387715088 985192529 893478466 713468089 710190638 997702705 669525957 585114007 77230072 152131991 421332374 373695419 561672770 149377422 611018755 102134451 774036332 112248908 335861632 765164765 121249224 178524861 733692694 153834255 61111305 465774403 930758286
100
437864555 301430642 867232814 169415572 485685854 497157469 513487216 653336451 688408019 640311251 949881413 838144711 665965951 846944382 469641866 254179687 304959981 727108369 671895890 641629602 621299597 123204185 872100139 987142708 109087323 413415463 49381561 979268735 373753216 385655049 978937969 29090003 392992296 672404313 577676276 111986630 199169723 73619615 550493863 663040392 482770936 672909525 127824778 704902567 327824913 626172858 946891573 782627407 362809003 54705924 255739237 676103852 220977150 762351024 65920740 417255600 739430742 888815710 505244860 983754777 385155413 671991810 885941196 778148056 846927161 371073872 197085378 66006564 661573832 503836528 512171733 261223232 792402067 862108954 484236403 678917699 88437883 792625477 675731265 9048633 617054184 677786824 72157252 690919256 603897689 716411414 511898229 468592295 509398912 367792588 515841669 7422114 750108979 603825613 426503710 52750897 209319793 270809701 162355706 829688228
100
618747571 870702690 527568516 843255092 547904442 102087699 145859457 157637417 844146097 197022070 128468715 282739079 566735515 708808381 324061809 279803354 174574287 101090609 674281534 643882074 224957613 285726691 671483129 124039195 60532953 450326869 753073077 285663382 2120351 992905564 871606426 335441215 480521826 268750881 173108761 87857441 433961674 657249067 343814095 209395386 553093375 715790025 68228990 408243818 117875856 968337649 58578986 430134613 857839172 553096779 898497153 35110993 915474961 941339217 3783209 622279745 199049551 543194415 440769026 708639226 361855138 28951628 215287225 901741286 643702852 650748276 629204315 439329560 472477388 668869473 445354262 300780100 55247443 460526680 404457910 963223277 850731575 333901661 934478652 267018949 212154824 468570011 422870012 237881709 101845803 263160802 332411590 293322006 697330579 724308310 727972837 579926280 122962936 802206233 760065157 342585185 102349030 953364894 469876879 153699304
100
863696240 211913283 423232386 251627076 761857600 383796845 775069383 459239941 68317368 362819232 207655568 465593179 953560205 253280922 14961485 630028385 973420227 725169955 622149347 785976371 476034131 537439430 232653759 952203312 161923519 48820121 899076214 465814396 245681953 327788172 415545294 180105988 832199071 471794740 962175594 154379783 484296469 989687758 48953196 568131178 327454151 467344025 341575181 608150504 460192760 127023085 149042076 629722472 306887712 482323327 595467116 71665529 724426724 339566190 899380253 603892374 90060270 904044000 345054973 267666882 684995413 336305998 880501747 538345809 944622835 280615332 337912204 369910774 993239904 975869647 912605673 657023381 158110951 214215279 768661082 172093338 357453633 281540682 918444043 660176223 518929439 49368119 938523971 992671443 200307408 15497963 642529693 666550347 221061700 380139844 486501774 401704519 787766083 678643916 818807564 116178503 465633508 734890645 440842475 211192600
100
86474827 217818807 272458422 923209611 185721169 157701653 651552631 362323966 421418943 678768436 256759001 807645299 3529676 765829857 626647635 935354022 275393897 432668655 377168254 836180713 663796867 557372652 792220986 655090589 834387370 443789123 942673170 23714168 672624217 40948418 182981521 215365676 719196022 187483649 499479385 631109982 16369895 126618818 250456545 135702587 829769213 443160427 577248108 728985386 289502011 538106173 492266417 995086942 950620341 9060314 209210239 241490865 528256855 482176917 651717108 516444389 815767953 316250801 401938317 227025462 760080477 351312715 427245885 431343389 619995448 266814173 449562560 248585805 273029883 571724600 659585773 415704461 399202978 939303044 345790973 179620799 434137792 696714456 817310503 730662449 657473113 958585250 293119832 916730112 332011853 353296446 33723742 860638994 119840810 683465739 447577787 617299679 498136642 809905535 997786669 4491439 548578278 665845302 789781811 851975313
100
510443699 182122476 605090823 413679028 703949981 260466405 374937208 734147033 971514259 757842723 76064283 355693313 644734592 112376751 916844455 645691593 654578823 672457852 954034617 957628567 746557897 657196220 460973764 231528949 811919380 682479488 141583674 670209517 467241147 271722766 453808640 282087467 66854199 670513090 729037048 521593372 665330092 400875106 927906194 906922406 889307371 260649874 619135858 982200401 68970300 212575339 559748888 956727828 969824516 549526195 860920227 929329774 274529957 453662887 116698507 234758922 817959663 154531186 293296153 78794447 685472429 326987459 819618260 435434442 267007074 83502206 865515395 891760891 206930410 952332451 931387677 307368292 109686293 225553503 63380422 869920106 529228836 617284314 601846418 89344342 348022684 59052537 350340563 259643044 904331884 859141990 115336350 447265789 275817921 65159162 569829202 183093403 561843687 976855322 541840933 515116004 679469430 423239881 482110304 302893864
100
919588217 983617491 129956604 267515888 241920042 781557815 9319782 449409873 595464433 611794114 481863345 666961328 574109724 857075137 606588160 557017718 857264002 180853306 947991864 664084752 949621039 86584147 18299795 78062251 558715797 143378406 470776062 446711080 103509602 334055235 107086924 578786672 161380801 838279329 347455550 772312513 11073263 637398845 882400262 742892835 954673833 470613431 43025692 532862329 401424703 985661527 432563497 202312501 336226721 88158320 208445226 847753897 217993506 295366564 134695773 970985837 477011400 643737478 469039358 353143816 13518929 362218750 48051965 404571860 760614248 800347749 241237927 936739352 54292314 236042874 85509855 297888933 634214277 427761492 495131643 490905644 948314208 186073724 533103201 799018435 707076648 451414655 156511180 914478256 385218079 814594786 333173850 941722314 550622257 856703819 869560705 49585464 483893884 272609232 713323577 367644073 452897510 60569227 936044156 716630387
100
190378126 293246122 252482804 119193140 172772328 19444245 555290551 235085928 728413718 333004828 375542235 823466435 980302383 525538795 246616700 719197082 128602741 402387412 638359382 483148884 201727540 772690955 849745121 796383661 711710418 564111665 904344099 805269495 750198627 339223705 174160717 725391947 988164390 832593661 477224328 212163633 702185505 917064532 979062804 926295542 881312955 839523362 86390350 531671423 605269143 626417522 14206444 59070445 449323821 20258993 244555468 829400447 837874148 237354648 538896304 991091052 949348253 160820785 673240887 823223033 914484033 3375987 207100370 682164574 13200811 917114841 984015265 198073149 409369814 516895806 374792205 907495955 31497371 107635759 101128874 260296469 93016297 756839647 360509383 309284105 722552893 448390601 384986738 920284766 884165259 162793995 261551760 764427865 279659714 701467660 961112929 400598089 656163917 254885099 72138728 960665673 985204810 836237617 464981631 739117132
100
149558182 852615522 130758908 205229065 612366752 323168977 675558351 417855657 335668964 512217367 533516419 134382315 199515962 503159470 876675987 134319909 923594548 899154612 678868621 332656500 477701424 310812701 713205696 311619697 945242869 930596370 933886470 560565293 613232535 473380953 931100071 19913061 445701910 565135777 889730923 189476864 764619513 395511287 235455653 397256101 329056122 165712422 267187935 524256959 700742443 381445369 787968337 773725842 537332119 780761433 102206980 502164568 340098239 111851100 736179778 183117829 204374032 382486567 681489031 632252857 212155192 648661352 181767961 459720929 866223439 552426579 320101313 260015132 538520354 502143969 705953864 946896711 114328612 454140508 250098789 693563854 622597585 94191780 135386376 626720520 393398925 283563316 689306982 960081984 890702342 879741418 91015684 592899607 662533909 51469058 169735088 659831303 893506840 863870256 386528900 279917846 471877905 178313125 170871340 177101650
100
192735889 520652056 888576086 974738858 136853324 624241553 197344689 478727428 805815012 266179872 314100516 248965919 500819160 614864359 372220321 840474397 900781701 500857718 779620786 146822204 17728573 379238405 485508627 899075121 766105857 307328838 783489399 258556534 610105836 650125306 70063494 633876972 64117441 150796170 172908700 879474671 420211285 27735358 168930033 429449140 181322421 946643911 458185538 968063570 706739590 671629211 161936204 292492437 708504600 228831110 767131738 869810548 123332291 546421166 617854781 772582861 291627778 157224474 418019281 828378037 323291082 939030288 228444705 310507379 601520477 684848892 383023441 216926188 954994498 668042033 781105557 199860915 73397961 642379352 593724388 430742973 390213702 334095396 12093847 204814502 686039937 895215652 612682494 981338725 499638165 672780837 78251990 105853258 941083836 388484336 876498019 576715502 68961082 353667823 307982387 465331490 380566379 654325093 184532928 384425803
100
878033951 598024662 132652732 817456792 631295078 8726953 618431153 726633864 267567141 33345027 533048160 613422322 428279531 859141865 160532424 204117096 175650384 436335129 971175408 293540226 304031821 448845633 663257686 552549111 448863353 847334416 378621423 362682654 390222852 36767579 64159477 692525407 725842602 521979480 458863676 782350003 991287919 351539108 478421993 694255643 100016280 762683449 431699439 953544787 177845797 295408597 608769426 404191719 320990833 91686793 145652182 229138515 260564224 164724494 759638850 90789057 612074604 764664260 247131203 481178745 756182640 557523201 689971122 638291072 265077881 666001161 914171045 530221804 934196402 613579978 447780088 54143189 128492742 984492748 691772804 332230935 286313132 133777101 890182350 116543473 456425991 791326538 104571941 941202778 243634675 274298051 519763864 790488198 764575362 779869945 946106799 600128216 531646332 407601398 634783172 39704496 571116881 393190378 562808888 223928633
100
227126754 287457291 611805884 353882950 347535983 672014844 904674039 119525900 817082725 798674291 669534275 651846625 651421777 92997217 353577366 168974381 520668703 233259097 394664868 447365681 629581469 236400316 688182953 334853426 751696448 286993295 845337090 496721239 494198156 197759659 869730727 357695708 740364075 689095906 487278292 186717310 549750525 251827682 716059179 498994895 18777488 986341219 433190757 190799600 478061681 314411596 30725486 706121858 773227286 715495587 429481412 954747600 278165241 456815672 474351886 392276010 966759296 315621049 105963339 991168724 635191787 569551159 170807647 801453854 239405433 453960455 890025435 178470923 72656808 248519424 132523116 39471499 368636158 956950484 667433308 90571988 890498301 471937307 319652624 261974974 241500370 503213013 56061033 933009070 533916019 361223916 141856984 76822981 488948724 384475163 622506571 814808711 445418750 231854503 439114856 107737247 873883987 597028884 114209245 148994103
100
651491974 285038293 204893133 940325883 6790491 803912276 650161741 85340399 266737630 862583598 932961277 149935939 365498928 457722801 804645573 934828634 439005680 977113209 985952517 465554263 246936285 498960511 157312840 996061137 763156376 804972227 834781200 935791454 671949283 768655692 898070592 941131614 645804815 947676373 846321674 525999453 459606247 21021135 816174835 461774767 888163291 490576272 171277411 416563635 443864791 435296050 997600039 772817720 113655201 931264928 702440359 70323034 540829222 726750995 651307382 265448888 102508893 952884064 327868972 715267937 612831691 612659031 591462239 496344387 194146637 982986603 987532964 779542961 479491965 782655923 495378782 824214432 460679879 818266646 458783547 822355267 302761295 96488421 170546055 341789054 62999313 514255344 432284469 223116856 144576003 698071022 322513154 415926408 898213179 168654029 979541536 760699649 320210665 101581733 384268791 235471845 230032787 793608062 773412372 290364377
100
831544489 807780721 423590037 581971231 766108576 970382704 284647470 373532765 913189416 952516722 105690864 925864955 953706791 148793675 536290673 581578892 542817103 124522770 811232899 597472092 85370687 667945218 673161493 248709204 904514831 32107805 178660196 322443930 547542814 774538687 827860320 271906310 868548922 795871965 386390901 423300580 247756152 769929588 354542474 386144609 353041735 784036581 718974560 480744030 449278803 410269059 342880164 222296136 959798674 373825885 705276730 111116941 683857593 992958665 625280378 576308612 246666393 539704600 232185911 241693003 64240462 977556766 106320273 256723168 118980121 267502851 571636231 959094754 602329550 606510451 676698954 382085455 919928950 313981185 908390657 682114057 589212344 337249331 532357073 303393954 193946784 90179453 509312342 239303021 290582758 829639592 537401580 740022703 435765521 76169740 399774782 943708784 886258742 918968052 688070842 542392998 373939960 559168569 95736108 265968578
100
779484616 852027051 980629526 991990185 439843066 456137493 716130613 821005218 750813515 833075721 94082873 768765010 663586804 994730857 164450869 220615426 108599744 734625872 171350196 446355947 664443128 547790867 223520236 470992583 231511577 628600349 610782130 925276628 581680904 662231868 583974185 486247322 553645907 631756658 831762225 156304632 687368204 677610163 459449933 678129923 966169711 920280637 686045634 221401869 223757276 404332807 866691220 623938262 409357177 781039996 467423802 861106720 421359238 517740720 161526666 6027196 217238848 407268 47108726 748092916 233643406 809612501 139342622 581345331 486012397 615702181 881411048 657894624 807176003 296908424 134848490 346733111 766265353 86631049 766377315 672138807 285490536 230809792 237609862 993033293 409066751 908082641 130237042 996387323 379366305 28701658 288398903 540020763 925116712 321710180 148565134 39386221 566089601 458819543 589668482 627497326 273713667 575401054 590707943 768982006
100
994416394 387526319 633801108 425485454 925036546 465269433 650427290 818417732 323622755 824998474 94413594 800991287 229793504 176397909 1850797 11925022 616136011 544489532 29369564 531072796 224453907 876858776 591670773 450765310 32359087 963713002 269862199 624682812 673050120 422365599 322793461 455488804 7724520 712764390 596190771 720622173 146639382 132814041 590402704 329761147 885871249 856710185 242907052 171445382 328307327 876915793 412722395 790094521 280949159 493044400 159588084 282357580 483772949 806347665 195222110 677383024 7647096 585118302 189195292 306809223 746889881 203281491 977848331 130655986 749697588 282819576 760805362 849254630 309436879 547685394 90311221 624005761 563918833 501224342 456363943 828812988 191887758 943733092 282546222 993636445 752003357 690955052 654169695 810606397 2715274 629768081 293619447 769713003 370221671 39997886 193789085 240363936 417904174 421373633 451542072 598875193 568166522 794771214 370899419 379164639
100
555628617 11474577 180207018 963933595 515136835 428754936 139104355 312063656 842799571 951428963 869652228 300161779 799099768 637629847 172121536 88648866 676847992 49970561 333015579 472592738 550817856 150212195 60936245 639173873 396058460 710940252 423323762 673955448 836631593 915025433 67397436 504221374 807712408 838258493 681667168 656679536 118999768 533738990 947578983 656534534 736928794 510083676 450763153 664163148 277809439 465687730 139909348 83365532 515571956 132155459 625496732 608302860 338354854 230678294 147472693 481585170 126006212 744358212 661013938 49321430 171892331 811190758 433539618 64011806 10613116 633088016 615892261 346482343 565923457 616529662 272126594 912079837 952300049 965815128 990489943 297225912 956426271 7891143 244195315 646888933 733881377 643972987 4677033 387532422 596371108 299175795 286796297 881247791 368452991 528722873 420472494 592104696 163733959 344191926 989679468 508870569 472435223 12576567 773664517 333741332
100
676232294 63092432 272330622 570522088 227256618 415541237 167635125 55846237 473378227 265046230 586246627 627670637 513158768 42196488 960034258 502359119 356036829 237487487 941015904 277268261 116677751 819523816 935386549 847680669 324324878 614102169 514986709 418209046 846276431 36506639 365812783 732865725 78484215 749984116 132251810 147362639 795625095 28399242 29527335 21852151 772686625 942491022 402566674 684707962 694657726 805428015 601275990 738774382 223239112 228519136 180860602 876365326 672557145 490028723 424301182 820157032 303605370 804275068 277170377 340633542 476357689 973706087 540580463 51179302 692917124 889435681 367976266 489614386 631876257 195185537 774955867 905325174 403789251 987941367 958428490 909075254 854478272 649030637 810065752 363590875 281048154 588710492 916389533 41823120 186715266 419806904 152833875 313657787 624354760 912116161 167902653 907413010 812081442 59927067 171848646 705013274 21525723 639332493 481553703 74235896
100
538670719 648914469 502762702 915652221 467091413 285324001 491527154 621724738 338846012 920873786 466333889 329831361 278185978 301210690 903870966 919150339 174007533 55139582 990888628 287985361 465968606 401441134 362449545 963203333 225095772 277607834 53993860 521241792 975623326 470628835 452568336 570326398 184204229 704401210 259702275 364008371 221369494 152051502 111744084 23330949 138644050 632671719 917653012 561737948 570022531 214684446 474834834 63417792 925776334 819861074 127303316 306860558 781835541 450175722 374522376 65926135 23723650 971404387 392628716 73118343 28514408 417388418 334015496 466243134 122095978 541114637 530230007 605555314 892291356 731930088 43379026 194303764 235039047 377638325 223493357 303796839 736037067 259894783 368585374 909206696 723385667 411099079 960803084 952757960 124468913 931330091 526768252 896965568 70953720 139971792 968048400 2985424 439683379 97001074 153307405 702032828 245699276 818768726 780986145 231712318
100
693569110 954793758 476746653 215848364 351791434 572646098 191273319 536616249 7600729 825116901 961031320 274131260 451967067 660299922 523053631 409523471 184059980 551660756 7375927 570903444 703482318 280228682 804329300 389194992 197891764 360055528 14944485 682508575 484617612 298953312 75253311 219940885 272537205 255456007 684012526 875306921 236263606 460474417 359973444 399638705 462361050 926500862 501882441 89809259 391487752 181405090 610191110 414830826 519624654 90255288 248209602 486323822 899281363 597622318 867703097 449052065 893071837 928537595 760188156 860873472 699324240 411838956 648191825 692619932 801326746 513129779 361063451 772661671 635691366 996881015 772165746 792044926 578052223 665310163 119229340 974513026 151845038 862547809 868285116 270351258 905524151 655001241 509963597 316509261 900740113 545795853 285579326 238023894 560572307 378049223 562904726 615824661 48103480 104478875 626450148 888142569 741646775 495361628 21853589 85788779
100
164414917 62745030 886224848 805532047 483644873 230108843 677696753 521297835 516678375 725722193 515835681 665093084 973576746 863883782 397182384 607829867 168791326 530658965 464562839 942727461 722991096 687716382 777469621 758102326 409185245 917221257 776024840 348027547 914127576 208918176 669764875 874675989 504818410 665201183 478874526 176967885 775793544 26681064 441047005 5793193 185453307 700979612 132626127 833423228 253617157 469103889 328226790 267509704 356351598 669722579 646702767 205619001 597178736 91510257 543278763 234181954 4566850 918965259 270364009 999561749 972574815 719891055 129547644 445043095 606009851 168699845 65698514 454538354 932646011 724133510 444107146 101600989 947171217 560746410 963424969 4364197 64416062 852489343 936383641 533622832 525586949 191992267 162012182 808356547 443594034 420872360 738423166 880665122 139094745 17753754 771672040 155514617 249348940 37909856 646804312 353528400 762952591 387116744 151789213 342326201
100
835176818 728554982 498403568 549648586 79224146 286861748 876144702 326174817 237350092 665585097 277656241 186478002 375170891 10549880 116089197 423451375 433937889 962318975 66422675 354269482 144521021 640931793 803533044 728115684 995886924 356886868 992121651 96677831 983332248 882125871 957782587 276256352 10962475 862907751 897245209 131488410 878695257 604651591 847877479 6836298 383260220 161728832 726553451 568040464 3194426 393500974 779549620 797366869 50029205 128709224 358453436 562674690 484869997 248494564 717001086 427502501 950899074 305610168 31619616 7615260 235475613 877754748 689012707 644039854 680672892 560958734 285028408 539332706 865544419 356288034 419413939 206145580 676382758 912536184 328550913 952348830 729578945 124339323 602149221 59173165 612175244 304354717 175499047 633420637 763536505 64009835 776187496 552698695 856181884 828781153 93593319 131309158 739871012 322461476 162721387 117605750 492838950 670005579 116635897 115154094
100
686592259 741215265 942890352 24096160 304805144 803166000 508620205 938034371 110195054 699163238 125954853 688426422 761703650 18266281 573112186 667908337 13968958 417064788 794229544 981124694 749635847 88118864 390835974 667046187 468465110 317858026 118183077 739121612 270106956 985563948 978572773 699103740 694660342 86328557 205110388 728037519 677187803 116923637 242080437 58118072 215741128 149843323 399997472 447543700 855517593 174253382 956375206 307952178 700549066 963612424 647849071 700146593 3648166 731307628 305882655 562269280 347112320 713521857 43915243 213817260 876891482 891883979 478013603 955504682 277026319 563856443 52177241 661604863 803506288 88867134 370924202 606645588 135574113 806835774 716093487 389320747 900932151 630178584 387572685 947052009 552812627 577027421 978632197 684803627 866409290 648658038 617965973 696444998 311862368 702272159 185877451 504935729 772120595 789578419 916045517 727759837 580459333 503417356 657638015 654872418
100
254850438 79788680 233138301 862119475 600325413 640725040 46020483 242121505 671541266 105482186 459390054 854953102 334680477 515659784 965491489 986711492 29328494 638610847 890666318 327834677 223380356 585264328 273132053 226603937 897902479 420347258 743024892 296141118 375796473 700436235 225446618 116173091 205335395 165534324 706855195 678260409 235682623 734595432 9912036 449798191 260803834 367256509 597872772 529074126 29044909 344155587 327780503 920927632 621427950 611573085 646079257 910834467 597311979 355607583 690035440 140360142 727251809 392842858 83923800 475662645 318807501 191122584 33519780 532504480 998007701 536424873 318897307 916077884 342983152 137831701 89082232 160359235 194562656 456111335 459804838 919416555 298360592 474086268 48786120 820959705 985904883 883997616 515373008 229865604 139159608 350402491 579610233 465264441 26232967 137944339 680417231 521980369 2207223 792345278 849626422 149494558 176142996 600606682 108404807 184478361
100
386112561 73951103 618402191 18916437 216704115 665880414 36358227 618438983 444714159 826872181 19901279 47767577 2773294 652446303 827842294 112608411 223589322 770278088 17160710 536449464 588327943 555672471 218650507 853550143 712407486 117163009 156527505 388961097 467104431 457447975 514982089 707779304 36085261 858232080 733899287 816250065 255965242 438292190 305957367 117409215 739855573 299455490 877849560 599634517 967672286 718691928 356522418 886790901 380655304 992505414 251769196 400522161 125125867 527365991 919476630 627438698 869484206 532740944 923115926 170708560 385046468 856182220 818082868 950381590 39584188 584572714 937408073 7328785 797143356 231363653 321090517 308479325 177134543 553056389 31565784 90015220 713375511 278349862 345452817 763659365 738998778 986651116 631292465 108188191 861753603 804083991 961648386 464063796 68611130 992256574 873541999 797039514 370554130 610806530 718237624 306409513 707593435 825968174 955459855 972797558
100
22561503 211040902 377218087 597730488 711050609 976875520 880762262 239967805 883458470 560424839 28228950 581415546 42418691 322030366 464456434 591736186 590662156 57060950 366694103 262021995 565900310 846246117 712344666 512805764 98714756 336192338 411188604 581167771 703289821 498683949 307404470 17125197 113160516 694478230 35664308 339706621 234276817 405568614 455330436 343930679 25082603 245886707 274997145 801462157 352586602 678282428 410837578 405372663 155059945 509899679 485578722 340437672 114669880 368866775 99089545 215016579 709077963 131847354 448829013 924427630 22632539 981163119 488320475 860094208 120057432 358077829 514353933 186564851 869839192 814814381 596855592 430405767 922685461 369998615 862792955 283233036 765806041 488808358 290013886 29735906 998193132 928033250 351206422 436730802 661594768 297129533 935369769 301301064 479516740 456191474 823193173 814177291 44260758 188703378 33016532 247267444 298647958 46824808 498673057 456179226
100
389483571 452268743 427125925 831578358 730270935 681922605 429519948 581423027 30343828 594837807 648772894 103920332 629680045 397265563 881630099 75078910 948229670 22808104 818182350 664834435 452642815 350997000 178289982 229563880 59489722 937254305 202465919 72281137 501913517 13820613 992627314 650338442 981338361 281078529 498714400 153323915 6312930 804080650 439168531 887362268 638083784 387251452 997921355 560668780 163130469 253500583 747742402 914724506 612595219 993471664 972874896 574130400 902343677 454416857 35427121 34873068 352494576 856663692 804282649 693902550 42716871 794851611 620282305 601806450 451198226 373530877 54881930 732789432 848587015 861413589 674531428 800008246 621270405 991188853 425325481 358817669 190520017 927104930 393419263 189137981 925960511 159025343 297147389 685421431 189732079 120402103 658764311 139136962 346301609 109435449 65638407 91379247 967594742 694328332 447535573 809706302 317070141 335368754 765877356 223006211
100
283809426 486680539 24884656 202421644 314080271 727175805 629478012 301429946 729326871 967895078 162025440 561086041 300357322 552308914 278513574 151784456 628895103 654954258 342253198 502044876 304355156 535124927 678656247 618816031 89535734 415375818 439470143 141830829 503388103 684546565 850097916 238791806 428502846 767608294 500984005 789279767 454665675 328656918 607422058 750025710 285181999 284642460 528736092 607564350 790905166 847362381 379402015 676267681 849665075 520978755 465788292 570513514 882506814 729693505 353210809 810687908 856342104 623847616 461283917 107228762 408226012 627247657 994363241 783704660 262466362 697469960 169024437 382084763 890678302 656956778 742270745 509980089 667777057 79439717 75540497 995449044 454362653 233115269 821566201 110878150 63832591 253982521 347190302 352037333 753047670 170154561 915813106 142688589 632660954 816328965 671494265 952072522 309242641 58579638 157788653 598810148 174232197 557471953 350521664 360631459
100
402188884 874244531 866825181 277521131 59621200 67215224 655369157 689724831 331940925 714281905 482040004 960317177 475487932 397855870 422253047 754579523 916372980 835808934 685992408 101439746 876794771 688804556 699082487 499556154 683777077 4304507 714390843 350593977 913385391 532776039 264735585 879685710 738416660 257597701 710906030 929613570 669887791 346172678 677046034 538393067 142252529 623351372 514960924 327790922 50408470 318564174 820829348 899686969 441813556 127548005 555473540 57138714 633564803 259376089 103295051 418941797 730265651 767462081 541518668 219697129 65867138 528656635 838280074 727929352 404635192 287105073 854648140 952934517 129450073 189717101 335794621 780564420 566844824 363109261 681026251 737369950 161950564 740721190 205851611 350360310 445604796 259801336 976739695 20351736 167116946 894150157 458527105 831417785 496360314 62008290 481345775 300030437 581377127 914072618 271888102 240172884 149097575 288539970 340533021 638695447
100
539676732 119823744 775598453 328816062 18914049 4651123 546621095 743198442 760887022 508594198 541297366 477885401 517057896 495958520 297333559 747859849 651729089 47556965 201510468 285351493 526139766 866514717 89805862 452491592 284577345 884908889 927853174 823585272 470531825 553857370 943748654 881372459 798560124 323825150 527141168 18617252 950986810 974051269 774023625 115252558 171415381 182252441 178208691 782651352 958420275 385559871 26918072 898068476 956475175 918056472 325713611 951276330 335173963 798306561 504675238 420385042 643186496 416541309 774206308 61999091 767663096 767781013 70152313 568889529 741224744 655194764 8215623 669319568 670770394 692468782 566935185 613688193 768204792 889232821 637265481 912880651 116916846 734684378 542165593 553544619 996016463 195975830 783067320 981703949 660507530 272632333 195342958 941708383 328626140 408128470 353243588 375340416 209125260 259312683 873181657 665992851 41923440 500359298 232759250 490076211
100
302409381 203483234 573521727 600159752 680948057 631626309 910932306 514338246 704650764 603679353 464492893 551697839 838376959 111174954 389666292 515440319 252042825 77908813 95079534 764457298 949177061 792196292 879126247 915053107 437267194 439160339 240999829 813072696 458270584 51523111 638987664 39114260 380506169 791498922 64438315 745923447 937704470 68913881 244382524 690948277 22115639 304618904 711388481 680718707 366068892 178263217 839278786 667313369 617656572 934338318 106825285 225411107 487368370 309347382 816581549 251879730 396666863 836343228 229260045 260364078 661361152 683949932 804563759 884865935 657820850 156164478 275216949 321038654 175623402 176914132 630184336 702653901 887774691 945554360 14592888 325460929 786183147 78958504 208705641 21295319 68873040 301312854 136781999 567141695 274824915 254519220 948996612 109494682 464862406 181343847 779892528 764350946 86005331 536903911 371120144 935918583 151480921 320038617 894456949 383152131
100
325040998 255917773 47122600 148774062 544491168 752751831 68638514 420405587 962188586 47277146 879544411 517664265 270488599 438785595 168921761 177795651 30906578 657422318 528644893 390188162 560647838 562546929 256942940 760760514 534130016 253317479 437330508 68274387 637961733 451566424 861743354 300558164 430875952 682944880 653522856 385401685 503962412 724762844 929738574 476236895 916858917 55015365 18563390 12331197 206267198 602011761 152439840 345551573 415208929 234890717 311456153 98520175 41498972 787835441 892518536 676509772 72400203 300750072 790014771 846307380 657150703 27403446 445437068 360926282 969583843 916225368 610931394 115186862 288469457 703749940 621036499 824713764 84152927 454883283 279632173 221150401 746513726 512032667 122907948 245886101 591222648 886970926 931091326 833471258 469760872 983358666 152874013 469184050 104652266 602597692 865196043 812912632 711892986 809307911 93825348 34295386 215068651 854842730 98988538 555000962
100
993491256 976684095 599700988 628797892 79689189 919687244 644883541 513144430 738351078 99938918 343008747 658289648 984511680 651101756 697736222 68141446 923709537 838743323 600156310 706631844 662503742 377006252 741094466 197035633 148434302 152249183 906845424 615202238 896826774 429424288 852752797 472263606 950427436 612540961 186406904 563740710 973673315 364809315 982391663 310628132 650383914 24422991 420452807 430331105 894226966 494870832 208679920 881067599 837757249 879319786 404668576 796611517 727183585 251218468 610822045 695614254 187530056 101601718 36603856 981647740 784123412 94730581 45985676 528889154 337682634 729332941 634921295 908582481 200048790 643459892 488357737 144815349 865518810 462934710 757961402 808722004 955339581 721787947 264252650 861111299 738105807 915499059 694227249 48194641 571906917 921250462 597547959 921894457 277834878 911039510 822330507 332601840 364197961 491043485 21936775 807706623 411257724 656696507 642223053 788403472
100
102289217 963999034 47714780 532393897 432351282 814294623 684867176 730670976 992524036 512942474 577502362 754168649 898542249 281697233 917912040 633871611 244183157 952313055 367564636 953225777 311594112 494176236 643747575 89149524 387199258 606116615 663143574 71892306 355688828 400151263 352635599 29510556 940407606 607948838 166558178 823430828 410640661 557798612 271769881 581230341 855679873 361571909 771575162 637506238 158777163 888469214 242486092 373737118 341144887 927541218 144357655 812518248 497231583 478025303 278616100 734497094 403659305 760663920 319661482 707942383 83436904 410358418 221625423 116812337 683209031 474210508 496186852 259238371 905645281 851455002 7814918 785907618 413150227 47058253 994676301 303808360 37755508 169277967 11217397 110681108 951819047 761612422 184167881 255913183 683116099 959943843 753854335 232512923 782426777 793452688 638973405 441740175 606340657 554651029 535865392 402491230 656791500 549584260 433977431 265157287
100
516988959 466748113 316127318 147695820 623942137 427961197 196705126 629426811 192172149 685671783 867967395 246073217 508658359 202468738 408079134 777558559 251454824 262795782 752406242 767977812 655503843 526774105 785690993 280174263 762937165 906119027 978286083 411386561 49032375 359692155 316024895 183655330 804138718 914754189 792376066 885928284 180518057 382507704 751701788 613682798 338985679 928617934 706214181 626192747 857129457 90974511 532115265 431511168 900192033 471352540 835815940 115524646 535156232 711005619 480313280 23782563 10327533 392415202 120098488 502169342 471872769 249165478 902546948 816864067 996886236 247813037 785585265 944037732 970561406 483075190 669617191 743035195 399637411 477643962 169938495 59662138 944554452 894789795 675915353 574173607 185157150 209216491 947988668 717475976 112745192 586223329 272664089 98742424 538125670 151650439 783001934 262617101 961051419 953725847 619310447 270367277 631131587 48739373 945682973 461781094
100
175809939 170362994 172447329 4527814 924419820 721332083 80635618 533858850 599493790 550625379 492320028 223716964 122931390 112276221 411523493 571171052 507991856 381303079 876087652 267819657 914661240 421029610 471528363 431142928 83316257 533759247 92440822 540506536 26386160 416233755 554718718 348392633 898903200 17474537 966348151 351642860 474466544 70992281 399494075 877439841 750082067 20641422 526327333 450196225 57013877 370077167 116575269 410184266 413073871 916144950 525526316 220369137 351095893 921032107 862281967 693302572 426308189 854572568 240280868 379201749 183745227 823673102 177170537 297610761 146163008 478196819 157483308 723065589 787524809 481645519 54817856 386369123 792437616 193526327 863484823 966497610 242287674 899668798 243963885 405786441 690669000 130693092 984131261 292508943 15900739 522550594 67130067 21328033 427571751 75278219 491079527 557660740 435420136 944736282 716143815 529083892 709517027 134418337 91494816 520300186
100
876254512 667952733 938028191 940505305 690265255 192836069 380751818 173047094 301722894 502196633 679105054 352994059 13389809 490309065 935912315 474257922 793593514 278955911 947047240 691550586 23999814 425352701 33412536 27814477 329368519 470315204 3111479 278906104 692403235 957312200 667571720 614773199 489859441 566855276 34328381 633808031 480269343 500578445 62536789 648672287 27439216 576336998 96113159 997670189 75773903 365149870 597924711 962247467 217816129 766977045 157168413 772207038 967172430 670040410 201328754 92225791 294501509 974587828 241340401 103075607 390963951 329680397 42118136 359695824 695826384 566394294 963972673 362416453 448243612 954243456 125116897 730212953 844769290 977784543 925210564 579264377 632662749 988169664 474940466 815964502 778144194 973113061 393650887 636505672 958297909 248841001 306501061 305165117 217715323 80881329 258067079 248120120 256182211 98716277 481436172 881955694 590910354 434915494 376085722 185655869
100
252162463 291844326 6882448 9218263 512673484 22819556 418855115 646318677 958287133 724569239 476984507 835067117 731571707 890776108 932265390 637949820 718444371 541661824 133104741 478467915 861146995 846453438 968015824 922941814 7272026 833791326 455697288 415926380 269338558 639475038 464321202 293621267 17434545 199672726 999526936 487890319 67200162 50039927 34541160 442088126 118397078 633646859 594390114 224799169 172131703 568759775 451974506 339398009 420194960 399136572 614952238 471305315 390315510 782189343 813882074 347260390 82880277 513330421 493828809 995799706 357039488 981800475 431783207 821199201 489513287 836940343 155443215 661156241 261519096 755011935 563708437 717374924 860769995 766231540 753494321 644237775 69612311 350647391 377250495 136083634 718186714 504310253 194757250 133746787 274675101 830279311 826757757 819217635 677448942 861657490 675909868 724489849 759143788 223959776 317236346 642796319 849938689 873767260 550147481 52763891
100
47311706 480660171 669280317 919163215 767042916 514922997 531743765 135088143 543717196 586727616 213510167 291406386 923642128 959538705 304444327 343718599 867068731 40227884 721731195 613672290 76269234 5402332 409913322 48287370 444495877 899869204 413608521 273779045 691617795 693127096 719555283 681834265 753033003 989657049 548132874 82428568 484924348 103050555 173427495 485754694 709638132 151571567 285474043 175955827 378872881 232871958 377291455 226132074 943413926 117208989 815028512 50876491 885584038 497633456 357230249 141784619 240519161 586946854 665666101 623685777 598866383 361623844 722391971 961878678 44603868 923747416 95020441 716101639 525361741 312357257 434195960 267085125 533602912 85705402 142251138 281510179 145087672 258203615 181859534 144542114 927885937 872960104 155039310 942155547 604351368 783388665 983856530 678971930 30659255 88193382 515592904 177298935 73465145 739369914 753861891 763259501 388614204 383833543 688544018 471628169
100
414517979 855547499 651551552 428826455 873064764 967078506 631966416 920154592 548749935 658964315 27429398 222594502 422823230 818978389 427424319 950800282 291879381 748816558 768469686 885686786 806010338 607951274 614567636 637400711 151454825 658764541 108478320 686364992 389887992 577131405 647622689 4018807 17395932 317718542 285745137 102797539 52596259 130239539 230876537 797040728 17846360 928358800 914381088 775046707 891897618 924938002 788087092 1674209 345866484 934551165 672211589 22119552 566333918 875950160 402418972 34498856 411870488 270567993 643023587 922220799 958336571 115762222 768983023 251083997 14990724 361930112 311045499 954911874 293340017 34864497 51850263 981471379 797207585 825671132 706835796 301195402 346829659 806607149 815329431 675414156 937477657 794703395 249460979 501644827 526831239 923107845 193482582 583064017 699615882 309032010 802257812 51223956 544869959 7107817 867499033 635998236 291290389 351062099 151637631 210115948
100
509225124 412306111 545382786 611597048 195431471 808457836 417652649 719122085 39524700 821619162 970577841 963514035 156389288 859110517 833554278 75189285 307461514 565978566 850496207 956644138 260831264 915932599 459308516 367399352 995226013 86111418 966597909 190161183 899896532 136394069 828625923 187455967 276765836 24958186 288671087 328628099 702865077 244683875 551511443 560821046 344417465 111153451 506681142 914496186 293425461 957588769 596897021 81276539 727132026 374309249 981707003 253532132 440759665 475175524 543038538 138234694 961807968 819070139 659989280 61303047 203244688 641874547 685694559 726412998 886382122 921022251 860455776 681963693 533871973 426621451 281617556 939823732 30691126 850606380 531227222 14441995 334483985 460802114 341644879 706311343 924149107 519345397 514925207 713172595 45963567 245339363 215870379 86667921 742941012 839096956 16750588 316692213 359917467 289620936 163261308 789488339 860915521 894622436 675738248 681101605
100
170318805 114109635 840601705 133219183 29160127 936649586 468171600 7115363 402457433 909111035 346768191 923333291 927941876 65759575 166093822 302852283 368720784 967814066 964485532 381098414 628174671 730560262 474329524 573968857 424883609 541503756 215219333 550054901 102324559 110615294 552594676 925799269 472721440 848655678 281235568 317393310 33372841 934188207 279922189 423724835 981566906 539882680 317274278 457312593 803850722 969571119 994283754 189113693 951863901 823797189 357273496 651742606 810788550 46423887 503377120 279497180 279505429 774185172 152822910 381180231 230087073 722144178 235129196 800861963 335648858 7199211 968608528 850258369 821725059 435734129 666652064 583191424 462455944 83913016 650465461 165632492 541050647 682417274 982419640 915696781 35699861 785205387 432626856 547309986 690613142 241651739 209432651 981129661 540034025 216050811 501323271 459933180 299487137 885553776 980447161 849460539 277396703 588615042 891051594 638674283
100
530192631 904778126 559090113 16115004 826906806 16544794 398822779 232174842 382949862 980567398 759941945 406906689 66579082 881047465 466645644 50049223 687344955 302114094 940725613 324615134 584425691 840570232 26607441 744490045 548977962 874423269 724698683 208548508 632390256 888709989 583320514 844750887 216666232 367755370 645200670 332315004 373665669 395383210 864189156 748215637 964647934 492159634 581846546 819173504 374337141 280096868 863609032 708151405 837273218 183378204 471808893 188143305 686420563 5635104 209264055 585292907 621349479 825458940 103292753 196463277 950081409 716989388 697934761 439891942 321685519 939297636 397197071 774914693 995310930 163707759 671363613 741947699 215582740 883347535 488493040 985774489 303885479 798998051 737217586 52344242 547870065 769128271 69900248 619523605 124861048 22951033 872635397 822712298 502979706 916029087 703342133 830653206 226835462 919325870 300292495 848160599 446472102 758729258 710348796 487345044
100
365786675 973178337 163591171 436767420 695048626 134300473 628352023 232331036 582570462 655793673 319268229 861395563 408352529 511192175 920333333 463626317 674528547 657668392 425442593 246621046 453660103 221749131 621083019 509685617 835340042 983965538 837837743 545756987 832185973 829109443 31389934 464343734 52305090 679716580 792415462 371997462 825673653 407912490 858622770 18691579 963264283 575998404 390028196 969691091 262375712 82136274 431890371 667218374 363138290 990829417 17513260 923235540 926346581 368979324 139299813 164631927 114662037 141624669 779252205 815510128 892664264 990242108 358414424 424921750 630645887 291303356 133168643 115197821 874406402 730306827 548820417 867906729 860044705 440003847 416823920 168231924 413888389 601926873 871684284 664653924 568531429 205594038 755328490 461499647 978417653 648780189 993864047 787676692 480443468 92948222 114539778 924579030 434323723 910280584 625096954 227396055 709017566 842185261 432580252 707705189
100
508984240 217622800 386161481 706680666 809589376 926272525 667431378 743073297 172425058 732693256 574208944 378949312 817732315 523852316 351796819 267106497 939506831 306031217 437621451 497471165 660240736 267098558 203843164 282168209 659786703 709266299 959106568 938446450 40343649 728760478 500874238 915997795 216766464 604836265 985348721 867904427 909659789 53496092 217313830 832967494 363298210 51905872 736342573 211270309 732612511 916935452 40398388 237898812 285332540 384256800 610150055 373566488 930114730 577538413 839928374 787818848 391147439 87270996 842981349 591745033 979138545 263957621 230510242 517386197 215166350 503535473 844639141 127960922 999362760 717543998 879314639 817666391 734367835 227218132 490793927 150955316 313817295 448013311 723762314 7299056 115662020 324086946 318208541 36959079 38309526 93108932 234173312 772072256 734621671 747914334 27515839 772589961 250274046 619301430 634232011 218537474 87716549 44117780 831863217 624921074
100
361073907 946764930 807988036 523671002 196130886 533072267 789700105 352002690 301504341 975148276 716661769 159775457 294617667 211110648 348050629 584134253 753068933 80356769 261136622 9836788 754692638 597132681 569756934 250562899 16045730 702658950 792789324 501214828 250490734 792419147 187733719 91834285 788714267 399854412 897511616 927606999 427423815 713618850 865503850 567473570 439583601 234791986 396539223 346361651 278480551 958421460 629801609 841220716 876574845 912066171 894357004 946574644 625485575 776174287 780232151 492355189 230783781 351757056 810417589 733519548 715470164 505322403 253041655 283540522 859445332 150192179 407170846 920824396 606927232 314137296 894165364 880764971 306479665 562536624 376824110 658273791 494570357 662772489 492104479 36318489 702823915 805474179 816115673 308775486 938502021 458855102 445817538 711380666 555195458 579223570 654699435 35096533 718471156 24775729 688799251 331332791 325969525 184297948 100472467 463792663
100
172164331 805452967 929401292 737695741 152720663 42349110 110367855 185219956 29309192 591878554 453320872 565970479 146598922 162889905 926371154 53258143 539562684 515198043 783198642 705671731 781852310 760923871 330649646 875477412 620315679 160650368 475138393 404465251 175928883 110714765 691373480 901741947 265056773 771614973 91948217 163974077 257765811 149143746 44784662 339711327 404458465 776684069 940917210 406126751 829972447 50121557 352048744 988923883 337930224 372388073 395788516 632230428 125365535 35297302 958072666 151686821 849488962 356630319 822038517 255419446 26501139 757698933 49791318 101531303 326218783 985163890 88757773 27239202 168015694 782477401 138584040 786580387 234418561 816435140 592162910 462453525 489868938 222395665 815837760 709387775 125928562 931944323 831501146 740204283 389185028 974145834 605220544 871764650 79018897 65506762 4408134 799256195 434987758 436193916 512519322 876024630 786564787 112508954 466606969 126184914
100
356977659 220187951 234092058 312628701 179102874 38944239 568628128 42216616 251690488 58774966 13150378 64623721 34321145 700141316 719149462 470968177 667322366 469820450 990873535 800505043 692751455 231239714 496869000 142656601 570065042 106099088 41199689 544598438 537946185 797151087 955476691 726015415 219636771 575414834 234793013 952204019 489623525 835568086 812719468 68791785 584805396 233116183 358552168 551133349 940264194 228734632 766502778 32168533 309603949 223755778 49164360 672633471 436724774 766573665 958369322 565916899 231356033 719372014 780014288 135162022 330319978 168196485 808561729 646236792 115334576 890176894 529234750 724206978 84449592 485489296 51729533 166171081 928665804 893321425 37276528 2790220 139276203 647429549 414532081 911549797 185842457 333023977 770590061 557753160 245462250 786196968 112388887 149407315 400446502 355448315 721215529 372260508 787319334 203581343 836135484 712985150 323666078 146566202 590281105 37253953
100
658008360 321421189 688042468 261457569 529885927 602694000 971127159 402175946 235999787 187786962 445905289 460097409 217364187 314125513 225214443 52388235 622110638 100611282 58931872 47038444 491272761 583006274 866505727 987033217 555947848 776120950 367179445 298787476 883596353 256835743 190946419 501839704 534324797 125447747 614409312 969375311 857244910 314762457 364424286 636325329 18961362 925039692 61241423 385417043 492341451 291913870 391807712 792062329 498333441 309795544 127567542 985119336 243060252 641242533 360799058 223506100 350275696 295122100 708553418 340022050 436161724 206623621 899439963 411988461 58694384 434504908 197215846 419773061 121357185 709609507 645152663 50501065 315801959 262873068 644894928 812790870 7794074 224306852 332732120 238525507 725778843 931058842 525486976 469550698 933563756 95803443 907923590 232894695 342719256 39784504 657669455 874879312 846904864 401737896 157877526 460820542 403755118 345545403 838849362 737230239
100
281984898 287990582 136654389 301598311 536689974 398356871 507370947 390349314 295034738 131233569 162319872 832858150 257542383 972903779 320104310 327697116 151127298 470399868 289420458 331401386 372437227 361219138 496189693 100981112 190709602 601449348 288904076 95290160 946537192 838253849 320308586 810860850 609630833 643531976 450826297 986155008 4945757 549041762 21337905 923642455 574305659 510064778 542196714 139135532 471666133 553613328 214259346 543404021 642117751 540551241 627979274 162161887 708799936 105792170 378572568 113009492 388961218 827168829 595630313 640304631 884143966 745696867 571542848 425532609 314954037 503302185 513423554 786403991 148792312 244331803 490563033 66065940 342393767 952619864 137792087 123033055 245775404 371188232 102157325 604622068 446074211 905264350 81165534 886341189 294177635 327410331 714183750 769238576 768526081 88742692 894754481 983928400 695233197 664237661 461427795 256799902 997588475 272817921 81873414 301579454
100
962893922 279947359 492340751 381064887 933603196 620026309 496181385 966926184 884569902 648373505 682156743 128102181 467600773 760525397 507174441 33836973 38829061 494023134 715044174 263794536 319632006 560914643 630902540 100792318 706513699 559211233 429517730 400745288 283962829 344281849 868524292 869471444 709546919 496883986 106807246 454333085 352362891 746958251 139967623 36848576 378389797 698829234 801020182 168960902 614951402 751219461 601044907 503060817 248653413 746408883 333809480 876253760 167346327 315640982 931051322 982018553 769536610 851153031 626268290 699674869 7071021 30936174 155439725 682354894 383862135 696675457 895682029 785386843 97442768 957102634 350587690 683547830 586290119 843930109 869029522 905575858 889540620 110487307 940427743 725404489 287438686 780881802 236573110 48137471 748547572 387061962 82977164 519331933 714274465 106024604 584264346 338789971 897623142 273384925 236144430 590926867 361286121 944988437 858646424 273120175
100
238513270 462043942 320054638 206852692 271125971 896339801 282962120 720413357 343844631 436645587 749159299 307625498 518934601 669577996 637563034 853920883 333084087 764271625 147150457 686992135 684328874 46636190 631708352 83158686 616524934 331130338 45539949 195232146 667833906 295730231 703466355 365728823 203123161 750190063 402099663 998740929 148079662 453166431 67440838 416022471 579224741 592513908 269650926 385980544 253538445 388395454 689322801 82965328 441380148 140717241 806560260 993251693 364562029 196367224 183761573 541990096 75455445 253578935 438940832 951126681 904156218 847605716 434415520 696745814 874300829 716145620 929218690 211878205 508817185 694405695 209592226 584296652 947795336 422235891 131868628 964602902 810661416 541688101 361107151 123321039 293329483 149660811 174247174 674343287 323887671 400986677 534708137 726173481 592905655 658596303 82907426 376601551 193256186 231112019 804997580 905343017 52105232 381226043 335524469 93085606
100
99591795 612741092 662035158 392289805 58689982 323225915 416297549 324556180 140426441 889801156 612371550 178041412 70405090 584900182 804370323 600173819 607504625 591050007 146633691 609230367 603525411 403532588 248751656 712226160 396485279 963866458 608019363 687502127 497173049 255062509 872775243 356879676 486509788 144856227 746759726 868480977 373081559 539648972 721092700 151071705 762062392 818455770 236129678 6268366 566029030 313744719 165053315 518528272 218890695 748589515 807375830 815104114 606175311 308900437 867974914 527330800 213090072 259487510 121643293 641227570 832722137 156875513 913943666 447324214 599579973 889892524 570224651 485675910 671054721 917536801 837942939 352005867 945173478 634039407 674304089 369456297 395999919 6500056 430557668 787854516 186945516 521915365 391508038 509746672 347399959 111022746 277943772 27606891 83885285 763489957 424487090 5178758 183831481 97033104 118683799 794173667 117275678 104234717 396969316 711845702
100
789579244 449882366 29364036 719873572 833214901 658219282 848959961 966094652 277496065 770601270 507814974 90820828 679144189 367140206 387989975 729703333 757513499 699793328 382582846 705862713 704972999 453208806 156849508 833270582 818870628 596136930 122662994 986365819 748789179 216649864 408654195 407641174 506517113 586771630 497706629 919083687 436061257 859215379 225896029 727474265 223996604 179088248 488032671 937910200 992659307 273628313 289394641 599898502 500746752 765461839 536725274 302391671 505901756 811042750 232334175 684057409 722395579 845721299 729017198 354145878 280455566 73142532 80408935 183337418 910640749 633111425 177523505 602718986 504026146 54353350 554703599 237383682 499922062 672829256 86531400 34621339 640086931 463884477 256826258 329427024 923974901 57318019 837290112 328492560 330978202 942661508 970642324 203016480 813601524 270849844 902624431 603044531 689434901 895662802 834287434 70591060 782385393 723575814 449917312 70483541
100
937094697 318271247 937844458 484517018 878276120 618768180 768197539 153242565 785894519 8419896 575337891 785597606 196190519 704043318 560057713 176676248 541329130 948353980 947702680 285766329 160894226 16398494 294517990 5648898 704754789 340959517 343423384 151463823 921635451 494371788 271509423 43381965 900878933 840634767 382253532 344457742 299179916 87389121 951577477 712864293 474265522 316443875 282730620 212121414 278189466 8507466 577403752 648326492 893032379 675694090 623015189 928391566 895615357 402776182 459938781 577342446 712876114 676542686 822349651 741747831 235130381 38278611 431503479 120565689 523211743 256553857 98274278 469849512 933467626 165275786 110742562 533717718 912698488 983762253 843327226 976386037 9733312 650269621 988681597 333525787 518767658 736093165 119851978 379796453 347614963 382725570 948620508 300573257 732049269 269411848 125543254 355729941 981363109 357320050 493636842 511716987 832502259 839885035 623278251 141439884
100
699854136 883935008 561618769 966934084 94438177 494618534 964239320 948378657 737291451 773378552 230010527 282476643 831071335 697637094 240766061 409007446 145414841 395440016 279417312 253749125 529434904 552874906 122041996 12080035 412795582 722011450 297841010 546981366 277821969 845505308 584724828 541124187 173545655 969182579 209279824 601858809 29016059 389054120 913811523 20791578 96821887 710224120 501151516 827504398 965004138 681012734 333675974 121998586 943336766 231063216 306620645 281858740 612123659 715191167 656250025 339644007 318252730 827933540 698397475 861745436 898357480 933970884 807105260 416967039 588354259 517301583 24018485 584427786 631816402 388882082 33615923 222967430 283561960 548304577 777148422 726797649 110918288 404533920 114658223 228907581 437508493 951761208 76960682 268731669 132072667 307368360 495078686 33911467 73280934 66788468 636557312 17685351 897394930 920001252 404352731 158264259 555304247 352280812 918849282 869048237
100
759371483 665100431 87548600 335966231 692710937 704744557 998774969 477556923 667654537 858031709 17486490 607949062 578708962 54376177 380422285 270940945 161752327 174682853 637337534 68255147 620779982 678909080 84305552 198500756 202582970 887901087 249059587 804068099 354243628 341263461 919479107 509967990 672093882 278046730 263091323 292377020 714765101 1187616 8723044 876777622 768495919 300395617 197058804 514670948 594420483 204845181 644692196 72633685 2094677 489986693 465168594 841011839 15104368 705453424 108308276 451481431 471981042 209456129 464846756 455062167 243509165 202313218 422751013 494214278 903572461 801267801 636695959 157804309 462671561 832189165 97107134 509281996 579637040 593133504 397894087 835206430 800904636 288394935 854148475 977132614 234796507 653290293 397809191 735453570 771363012 86197181 414218963 779022945 837462643 301858492 383305954 376410861 872885913 462960169 738348956 397052132 980305898 753167199 582755343 547290071
