100
100
777016079 709998244 186437112 455993597 922712976 498425951 325864646 196713420 467224956 829894155 716445065 44112250 586153574 36402335 685638514 320982502 499757116 446612198 789099320 423402739 462310550 735250781 133026302 810988222 697279899 208253170 146800962 470486833 805426216 81542033 712150964 70380219 181346002 214799904 907017126 30993094 891946902 587166419 83418823 878899407 644309896 121382048 723367780 748000749 792230494 173884620 128393043 652177 556932902 558999415 408268891 562114846 228896206 905396403 571719826 644683569 801181066 423909033 114761675 695977070 719033171 136807579 574565714 247901748 339960219 589305401 226337770 438686016 172396758 900058058 753248054 262087247 207503493 875162954 388984149 448207654 667523342 864761259 397714748 542885460 924061666 344935078 191859712 42346732 171953131 990750461 84740711 196594580 979319516 172541236 892126627 228975696 302086199 249034905 848537635 91709492 660657738 728099792 455799265 434488827
100
1 2 3 4 5 6 7 8 9 10 11 12 13 14 15 16 17 18 19 20 21 22 23 24 25 26 27 28 29 30 31 32 33 34 35 36 37 38 39 40 41 42 43 44 45 46 47 48 49 50 51 52 53 54 55 56 57 58 59 60 61 62 63 64 65 66 67 68 69 70 71 72 73 74 75 76 77 78 79 80 81 82 83 84 85 86 87 88 89 90 91 92 93 94 95 96 97 98 99 100
100
323946565 410792734 299356883 582283443 29812761 357131941 740080784 869792116 193466148 641947477 252788944 627969052 525685854 345493853 318634020 660253572 435718317 445444472 453179081 861638507 237521975 946679907 130992852 523082480 297586329 801047519 123232744 69615627 289866588 14215870 314216114 383951897 967127946 177787749 920208862 174707709 515455989 467241748 527149413 545758472 186911305 710558811 393584104 170333368 503612678 934328426 627504996 793265178 559123628 495769527 591999251 367813583 576058122 712346239 768802753 442793170 410873095 498246174 641752100 810033816 874961694 165923072 845167473 263431100 965232886 852807508 881430389 486373580 527298862 412515969 305014703 686102935 139804369 491987636 124592689 959291489 574287366 114943236 131118492 918058169 423800883 285626231 780405065 825755780 460733282 140220904 419427704 579655315 935560362 781399312 767382419 545916997 486031652 473440412 265509734 906787330 65653523 843258612 397247330 167644384
100
462645863 351345058 650524021 117042049 416032632 82157613 616147163 984828150 658713656 103207194 327112711 502438844 699415381 517056086 834155105 773468445 657742348 244826177 45776601 822212528 839431025 685321168 648525942 132191631 681187152 972877592 336765065 485047022 479541920 629101280 817496687 804936243 32520433 976059586 218423434 53984879 312273870 19826628 284878726 367525107 400413172 291139725 147166779 325294432 803985932 260313854 598407619 407960880 652970825 61145076 819080940 593398652 899298944 712545746 564566084 275907986 575427744 665872291 334231053 286339039 149658735 415311857 227899111 314277777 958905690 154468127 83458790 611124712 178819142 189578230 125354288 599726164 848575854 176241066 586451667 145195570 215922718 387838719 919518462 903139435 50422018 841309466 533605910 279683879 247227115 69945484 602923754 744530234 21927709 655460293 581908596 114617405 456062770 977481195 709918848 605966746 749976153 906466417 386078269 212332954
100
161842369 573660404 682925757 764987297 565069115 279272271 299273809 565664488 602926365 437121175 799335590 49121513 119181189 255237219 742300067 6617185 560750102 419533247 130785408 167542478 753354489 802597780 842559721 265125184 578353522 355124714 212122975 240242227 483444116 816119025 662122128 793585345 595982795 736266669 69007142 404929095 226223691 348681512 76626417 930849253 290216219 74809975 865343682 818825586 376078950 2239092 952442032 986700632 230721676 619593617 156868347 463161121 666470161 2283858 107860757 403158158 710527641 298831939 288782494 378454838 654348604 29096978 637412016 74770183 418960503 858691908 217068148 163452310 953558608 32001471 503715494 558189823 552297722 403875428 704150462 295178097 5825388 777331630 491506851 150784512 503501895 624690513 623760745 215159328 800750103 351729752 895198384 752911597 628565911 268203912 976748197 286731570 799890938 217717716 732891570 538453123 205463971 959615802 732638706 276396517
100
996552131 401242375 962711931 604458220 859725251 772459043 905208098 10988533 774937003 512371676 112155077 783864519 47989336 786479912 986041466 421977164 746857684 69179190 20605166 216229077 516326235 721559290 407465936 266274833 5151597 806122745 366667985 109601318 771019228 728073634 232480895 887931829 818476585 61105325 706158477 304057288 309040819 428749983 370790630 198680555 653605362 760054991 390095602 721418882 421379432 687195442 967002512 929231354 71562293 86623675 207223098 30018920 96795515 911773922 15963233 391996329 544809663 115424430 889016708 460937062 279797718 556646964 634011865 629770442 820835741 384438093 152306625 646408348 853386743 101049531 440064693 984566032 449502057 783462309 807505090 590663519 804067170 371298626 507453004 19721504 658558843 662326693 691251606 930216010 711493349 960731297 761350507 545792580 322166685 220849881 721801623 494406884 686762697 556474432 684709273 579654309 183658129 95976130 152459197 879546096
100
349813279 692785686 975723434 62464749 330647516 27253544 856634260 412886268 774031323 824779459 326566532 245131932 28740024 630898445 27373424 910800407 514319172 144583818 690289094 353551248 374140583 310637735 201582228 124830675 897231123 414403669 362069144 22905373 50491487 668298437 779642310 145039679 434363166 197249324 52850180 595000910 371647825 549645103 299527847 376634740 162753532 283428176 591286594 950831626 151937379 130077827 307378878 886564654 335782141 474607736 582849855 86536010 214621852 396454986 916952580 210660041 369895385 936604423 507011509 171791455 352691854 63592090 729353022 45812186 921461958 58493997 324788947 663099358 833452662 14869823 749063623 187148279 668062274 291828009 909591399 683456174 985841924 251167109 54357959 919257534 310519192 103615432 266486436 799546984 580166644 525561678 384744212 230045418 139081602 652294673 408778599 207427071 581933419 729259605 98457273 46868499 271963469 806365703 68785094 175618525
100
887693915 191678838 134037967 493606080 291175062 494271369 610030703 786479848 526834526 656604333 816967458 534306881 489836406 197533279 563666420 785565043 742713447 23966018 331259585 956968173 774989208 60419819 288135111 750785978 584860819 806011182 883981507 327670583 419213745 76548631 999539108 274741719 473216984 521529101 476149940 141445508 205012955 264795192 665795440 565095688 905374760 148090886 693412658 777588424 363459366 500113276 513493716 527976202 978328356 880864036 335231198 657115866 807047787 736860799 802639593 448132128 386564048 138944981 101203500 474061923 18928805 267974351 197237217 338050754 114729059 998638768 569676417 856173968 943357726 179800228 696209544 627156523 503927695 62577611 383329872 84110478 793348867 9493367 426587571 689478276 292783665 989028333 200794601 113241799 41285041 874664690 869698487 731641107 409791350 47837361 548690571 984973139 345352049 443315858 80623878 713844237 829856934 608969434 908737387 794942635
100
175270369 444187996 237483229 346011736 921686298 252275565 550612287 462475115 357400849 104331154 928471836 686239823 596457463 293174986 684425365 197434450 461938083 618422980 947137569 591987347 752666396 488847912 321399478 927099860 594538867 21932328 793644746 674972255 788996939 352246729 39786578 492651658 797551555 57278669 99395866 758464075 796073409 355742096 922766907 227289685 107128284 451195595 794765542 275340879 481554464 179112588 743350357 990967346 742761194 342794841 45433067 605453694 757245943 584096186 923608208 802381908 936409379 854800227 715028138 617213491 372704534 18257338 562918123 204488857 855413199 166037488 264998078 215394678 396072492 673609002 91699387 250002611 506298748 228795409 115712373 672783048 975821992 322512958 292807844 918710184 136753579 772246972 497193719 743894863 736239879 452890798 798998139 877102208 845924140 278678378 440022726 952864434 477550034 1890955 851846463 4470898 714612093 53797412 29434060 338705901
100
162406778 718059145 399426578 802605049 898070595 384737475 694227500 32285908 679654886 270530779 231754947 179994770 764591817 504641507 290856161 709860125 913693882 137229397 77228104 104455775 43951718 28963235 871543798 570623674 363799191 733433700 595191033 731785215 67799985 416664822 612617348 250774928 479003936 953787470 411567060 6388343 312236819 174770832 252477693 364386008 192471810 570907874 468832891 390521135 853089827 564260714 584694606 456187415 761438348 480250134 660910954 592922554 52227111 132202415 837713038 64102120 846218934 287669611 716672575 60816480 405071283 106123346 964865766 867896613 555860327 547301571 383025398 38883258 231539127 921304380 657288113 685776323 713331285 729263854 248715403 635809401 49967185 97755329 450991542 600716548 510515488 50326674 658198948 638889650 961731228 113575978 301948982 749212148 797391988 271338202 951891172 535628685 308303309 16325052 178052920 305349557 327095606 199057887 410513099 646992573
100
69784341 855411283 512336727 173481987 907895443 678422701 527955322 863060530 748830518 35890125 943665553 318982117 805447198 897255277 293783938 850160541 171087435 377535248 883178247 780431053 250502848 885749338 487760221 463994343 536273476 360957252 207901609 853291073 923526712 882118990 345875415 697389491 457319524 804859974 278052836 25361673 467754735 482680875 403269736 62459114 800228245 940830113 830179501 742127156 929851051 64857765 386718705 463908085 413086164 648880330 786823495 552216476 578699831 55654822 718720584 941148061 335708413 377865706 854751630 414611414 703834522 377745605 907161846 63765033 146709212 617321164 519643549 577027629 634230905 388844113 269107139 764298342 607760252 164952290 264328287 528846241 153983699 337635832 332171897 71750594 768115630 180897108 517764041 455956670 812581878 697438721 357090656 511639105 600166467 564063416 612241704 179754421 32263328 676464601 188078930 603590345 790911812 519006651 990749454 20119482
100
387613023 224841029 290331887 188912247 980127803 358825052 746137838 956575239 765834634 134200111 407103866 653037023 694615136 812614463 923943619 236298502 346879121 201972932 804384146 778556885 927603596 725513477 735268317 98465945 300923787 363751597 205292127 441707945 290526803 479514711 609941930 687248661 107012144 585690515 189839632 721705810 381297644 616712867 104377379 719699992 313429764 715989352 898562592 852029886 405807830 316830 458754319 960446547 563645341 935198531 545828727 580749638 92177072 97603678 363051428 210271953 395920751 271138749 514994323 363187197 703369621 786158253 349807376 884770352 101586829 663934336 199800564 596537300 237352923 965669219 208428076 918186752 751587710 301044771 832393589 25025042 735447027 206168734 22651012 149748266 909998997 525379234 35655343 328200039 327815809 383566055 13072707 245972044 396113254 914123857 985156836 604492175 237703270 121716633 761942961 757203400 667289034 527611645 51186530 11145754
100
981097980 512142063 297205030 570977219 736456503 100574901 386949271 311011073 678518783 183278228 820924259 658943635 803711513 203648174 17918095 433561071 997839506 864714713 810766139 668645843 299142248 666734728 778986551 894120136 97829062 530118294 216911112 126470078 871535775 56138063 343067305 935256172 749892096 761737748 853585427 470319079 532333143 895697718 917857681 80289560 916940005 992940209 484089619 116153478 538475709 658497519 962469391 218015311 889574545 449248228 855661578 272842320 999761250 691639462 797735359 152392181 651209625 844618086 396871514 264772781 167153014 376199677 692301535 387349664 421230209 578633318 759216743 18672795 347285626 611191395 737239516 621088341 463662220 365022718 860108511 905633716 518818974 152255063 326043619 590755670 424077761 114161019 309644051 988990972 898116455 720429404 356805861 706263404 537956262 595354293 110494627 58483213 410185414 73119666 284876451 203024350 793506356 833919980 130284692 791118254
100
566742761 568155803 303943615 503851515 503941391 476163910 938082332 137803947 580711125 228231992 640992113 766448648 63513721 768046611 120209511 565597249 773863155 585647754 413181837 295328607 361754246 904610592 571339824 170215381 564301363 934375060 201809660 299464044 571234390 376064523 961199728 966704924 205453355 264990032 285421988 460789937 311424333 854740269 186055540 624888904 283324397 63133681 727862334 160575751 486807921 350492793 225123449 345894821 837852358 884448801 761138015 781538471 976209636 156832545 247353078 247104926 843727916 12929825 464539413 757039762 891917015 856563538 854360627 294232733 427762788 660667660 675441773 192619548 659008111 421017971 406951155 884204482 439603143 719881147 165026856 80378521 107888275 740754184 672154807 967782584 180913604 869965800 748910663 839069847 564943989 617011701 619572507 238408505 755710387 16936434 970314466 216648870 984742945 319543560 589556839 855098092 587496138 24236959 514347412 570662700
100
951324502 212037787 295105464 98219274 822603463 298494795 827378166 574674603 951794675 370622384 744763965 903694087 835500406 204361875 505237616 972875339 194826473 996747988 836500715 889429061 95859776 803098653 173469237 870234703 199471310 605465656 407517378 502462327 411724888 182289079 225487070 502733210 26539872 474728688 139619913 555472851 852891052 965135016 669913366 301707601 311668829 496126171 324123598 49058765 214238449 90609518 509480571 209097420 632085718 326116785 444518912 755203973 707231332 585838334 174885939 477933301 845135412 728485180 745720929 262755145 899811255 99654192 197184958 306550428 656113449 789312394 379700433 504335748 304308932 240995396 139134931 687696870 577126156 919408581 272288691 999117801 892535366 815835658 976880679 45895055 73710961 645305763 644265104 507934338 756728917 212806430 234710194 583971040 43653088 546102606 899317743 169615263 957915258 121587112 136465576 782082248 438546955 404264088 105080552 702635496
100
633793348 459844072 913695159 102806239 794780961 432283467 67578522 877573898 389502217 891831672 533316834 451672489 258396514 125570624 865415017 987208272 726246340 641763587 972006732 714583183 431931964 463897066 512694139 910121463 960411440 11522284 128710590 629853730 625104590 197625490 366556263 473403309 241327469 58404422 270806987 234889241 120168152 638467276 384848928 983213805 421029667 799505241 798444788 419344814 861881029 630508036 748767785 646597915 721578126 38459698 808884943 122972880 468344240 320615492 334715717 547870094 179364122 663257729 536185844 876443890 238418152 844118064 591827656 670793988 284174179 564688850 395031177 783934829 686731500 421272389 724493539 329233122 138887646 552707768 235892640 943642098 454914822 167131033 938492503 297816329 429192172 792946856 983954448 724745530 285098996 720120481 173717321 838832587 407524448 61944555 174069762 918176153 159955241 945129596 15460110 322928977 614281980 576574306 540991978 650214068
100
286271691 229059755 264622302 777033558 391250193 481687181 144265534 99754257 837516350 996673044 688642076 528200824 477091155 610121470 462754760 722618552 843441344 574110454 22975604 756012443 612654407 456618493 361065793 463843284 716045566 707271368 306527256 973399616 892578246 306052104 36319258 545129129 948445487 739663365 982559446 3788661 423849785 37059088 725472025 959375110 861734855 266720823 543403232 579756192 315610486 773863862 720670020 638620905 2226322 732971689 870046637 875025683 997379492 972150078 439337217 940560038 978055772 158673768 947946151 635328198 245904861 505258161 666484238 133595216 209598040 583433641 846216523 932351324 598879929 688989513 451549459 8705276 841397350 348102410 856100338 530550392 950426511 945616910 444623893 695956106 60437596 615439309 439739750 878444356 463580694 380427203 330765001 823922805 161753411 247466809 530450320 722784683 596918682 308323647 978019096 475119875 810576915 483693388 44585992 455618367
100
406512881 895525621 852265619 572727456 372483719 73365170 907927187 661415345 150798250 281628534 134179874 915627623 49186035 751495170 755443666 558977865 284875491 964388335 10719888 886040792 527603994 167023417 810357088 154469244 887356441 617645107 443772713 341232060 284901283 115589404 400796963 3993457 922975608 223052007 399869620 69591602 276486107 41742199 17429862 442047856 495900917 666322883 630474260 358676964 534087448 836882751 736009973 496922491 914540129 842899778 552512044 568261952 988925671 441312300 758928734 40359140 790689847 920225007 748494395 393735226 872517156 211865995 235690829 691160264 237304731 709955866 468697930 196599488 529717827 853436762 378752366 564495765 305077479 248922787 452412476 710202514 814469503 620019512 465327203 228431320 243111778 62333879 392031172 817795195 891837958 807675319 767742056 326188635 33900791 996520136 665894024 714734960 439487192 837790945 512159189 829026174 374274476 831375499 584866332 47973983
100
829068696 798612635 584342266 12234344 904907314 43318684 284721409 165587184 14938650 836744937 669312683 116536367 123488208 392500915 905519512 613694723 408353016 934075992 37290712 497624414 953393164 15972843 895066981 445162296 119191702 977533348 431790143 152621937 792159787 82843355 572880783 165569711 195075608 255748487 136218013 836038698 929995088 749619709 280727855 798102548 658371969 886000973 172408232 163592877 143352792 809679882 769241978 240625385 784036619 241319432 763084732 678499370 45713112 79109587 771320065 475371610 58138662 654884764 574310962 41518186 142194720 982292805 578888274 14050812 717855884 392722973 618038048 42359318 187934693 507517029 514677078 408946975 534953776 150008874 817450513 136143547 272408511 367319680 72820052 253992607 567197518 728203853 11367190 369937014 591681904 624127759 133108418 538294274 644349478 872084156 79926892 126018893 733095441 703669946 7118257 944243727 973378036 658788302 901664812 8305441
100
769725937 10711349 518291507 761288479 993944149 779923107 292925544 855811563 826195192 769305520 516939641 432183475 225143453 715081812 982238555 82139420 32264459 843661331 114362650 464674227 653765492 271048919 640745859 86534558 441067534 645424199 145303010 154658544 815967339 884286550 895603167 445515400 380769901 452391042 70949644 195665075 723939188 506809622 299480122 885029891 787396063 770787020 30467314 833685632 995971146 388835906 290469971 264373014 699613987 411518428 928037939 543414586 426042134 75196236 457888757 458359606 10430793 73216800 457647451 20962680 558105483 791736663 37403621 556795482 14646739 16181898 417243173 126608730 890885885 447277817 43413958 590741100 485032329 538246723 284476775 113706423 25380569 679275859 495106221 362046564 635420435 482463310 912126823 990300903 852636473 436334336 20679242 346994176 693878681 775866975 158569626 357325739 760238223 559145917 159708686 215642683 763209286 202881557 871611792 26040625
100
802352106 73637015 998296548 85489410 987746504 275817742 79573776 31403964 540538721 525185633 417697556 5067099 892532265 57844112 665712522 223332024 380013525 107177604 268307228 60612116 148341141 943079858 281531662 589440874 696468156 78769152 512201043 674515261 473428865 592129064 849283579 868605953 322969044 912513148 583188311 391752328 528768835 340271243 659435832 403142363 704244881 221143955 621554864 490390490 998674949 615367553 800744358 222405935 779626188 189348144 162236997 221732412 590762596 228796980 344072498 502541365 848049129 420253634 646039555 336860938 399711060 241101192 203980893 142458341 764449614 639015706 428436952 874630003 374982504 600051535 666046053 684890354 476672898 381146645 31742109 337510248 819184922 397621562 453370925 139278674 275560297 406679412 858192217 704803266 835248444 663608472 549254712 317547295 325779447 627350812 243597466 156454186 494959057 21361725 814047080 954211419 940186370 344381312 84020979 596979007
100
754069350 636091175 389594312 749205189 486492072 658939309 468087212 418522944 257540273 354561709 518059232 425304982 489737976 212598981 415338364 627822844 929646802 573226662 970052236 33176326 65534076 835009396 303121122 775132912 297462559 256918967 347558892 4280047 474008100 976098310 652014161 109830055 933297863 294934985 300463285 729913340 245871088 497131556 100339078 171224507 770926404 200305277 192208394 147464479 587609977 204639777 159709123 682755432 316821155 192395756 416891320 218891611 996204733 315667496 948281214 162775572 994199126 848285358 222844633 315962510 985621269 954692865 560714596 200005044 85335185 734002413 187223717 625106576 973698674 244875277 624788231 595879901 738540964 252865485 994887711 411457697 183430192 895938012 94354131 417158628 319354514 75083462 240825056 966163384 12355536 157907466 774402641 12484878 984924802 499240924 799231619 816381933 437551984 874118636 58518906 532752098 242307397 363074974 365786595 967522105
100
104425602 884674414 481843199 237534462 938558106 982064795 564760851 256421282 183108515 222660109 219828730 473103868 387017912 120618806 274676834 911840637 49411304 756270732 415618172 662599232 656637638 158214391 703085262 968428236 453904466 424069928 949714590 878813688 292998258 21598029 615332492 83433636 690892343 336262159 440396534 275124612 248745057 237253048 745625207 753341103 774856679 2208310 779070454 831967981 659241165 122831271 965935025 620518870 784325176 636900732 414250786 992318052 490370464 303992280 445642180 716532394 266558402 162244143 37036984 347930925 51048217 793023915 139981233 521376663 281732237 142069717 597002947 215034503 453003685 193197501 431388469 660414034 66718900 236649840 965501981 329065715 169614465 486517191 899185917 164119037 749457751 267130852 692944509 391669426 996624750 605178147 710196422 300120183 48466475 87920678 418173631 458005577 622765547 834673016 131349543 956704325 104471669 112326700 505671031 741801868
100
426759127 195101747 335542612 256850396 688100219 113685852 831144804 717348351 304417651 571433379 451637857 267285338 952218266 676900638 302558832 692377774 887479430 328501118 560615994 519151316 616210677 74938463 539789532 647542778 952092102 676171745 695631559 494530123 440624098 176149541 347921040 650410196 399933258 409757555 373113510 596669273 160680683 75268066 90946159 277790287 439888621 309289267 996470138 918484941 635355665 774412939 347616479 78090630 866169726 330432005 808348409 923642367 644966828 704543247 215810772 583680114 312134451 810609321 965021185 733800457 755227998 19389054 331412582 619888641 395619453 176813677 427837162 269620301 586188196 193711765 766045843 740805075 935712428 36106269 380329694 428589956 721925194 200974828 777350361 539475899 579547046 60501613 848485048 763835639 261945420 373225044 680323524 943032435 261470370 623772597 255179298 28460290 780991981 562580973 945036088 426219962 715282155 165003150 156543137 370681625
100
656158495 181442507 952716146 88157722 635032273 665108924 48076335 446290085 583900911 950638898 980182166 714501299 763584904 356954758 374575465 276617770 613737896 190422250 834278357 310020051 516852295 30395105 680408589 447111094 818619124 734354191 911437124 320161847 972383198 978184767 641647109 36790614 330621528 489980137 598986699 675194097 58644758 867968869 867427489 898606778 219768251 471733462 847949350 191809083 960990026 641254655 904144053 331793984 78090964 25608553 524792151 490093437 889876396 586814480 952516528 176221172 878641560 269603015 2555694 815387481 454520660 572031254 469214237 610012823 7060148 635316783 976058689 279129968 732330656 907113782 572785329 420835953 612104140 801278943 797559507 166555387 201553150 754022747 368260846 404852352 554135053 882999208 658431858 808425539 775095301 691870887 951020689 592180606 368254142 445602498 533104119 546049092 898551221 794075740 519909503 417667003 601982189 709203395 162802975 13445772
100
403615799 53340388 872636118 920468480 31143320 837603381 472768910 769240904 767797567 395583577 759244197 883286438 861836141 350366443 990148506 212797091 230308032 334332286 791310874 703740012 409327866 798536378 556248571 977288233 109028614 236253178 577090674 240919556 879002768 732419628 849153978 995595300 356642383 411794495 838777958 740440809 189055279 549688192 399861683 57812732 492741879 237694656 567970699 642757294 387044345 459176311 442966121 4765082 924180983 846459551 183788840 125632513 557567930 475779980 317030737 751669088 762645092 353058160 197928358 370817845 624375051 42131213 501068985 949235031 740536302 410229231 862447023 737520446 787921431 299048851 287751607 766803733 927896944 349285005 920356472 89528765 183777145 318856453 281880916 911802770 685143491 84204751 291722981 246143230 55075649 53599952 967860429 901735675 424630723 420876801 102048165 528719667 850759941 75208730 644203037 58712015 68635974 650888648 40389725 246446131
100
376111995 862431984 104598649 625298528 37820530 84023426 166618376 187963521 418661815 825932376 188992086 817348211 668559133 141091786 325824825 232383550 889623436 695572025 836107191 460877550 386250723 451118122 262825170 425951868 405470521 726908103 612282922 508862440 145833595 797914423 166547935 407621285 313592121 43945780 655934675 667781462 337548822 773471514 590840827 532262844 572768948 108622743 184057573 659200013 256810655 180881836 881819496 993320587 332146957 215913707 609313921 283366144 866951774 727963062 885239380 433170390 292388207 978316400 797531950 671000114 506674049 740815961 266379082 910701619 118286068 502159438 573468618 624942741 3478592 746456700 474296393 422717081 439850552 241823900 11752572 632007049 816147194 872554982 646778503 854709645 578961539 972908598 289684102 238614055 140446145 787413877 800708178 838747429 461675179 259400064 57237590 854379888 598073302 963225704 83433862 526456316 274681712 656284848 310334766 354732888
100
241530927 649584686 29730994 791292921 299090128 17660896 891213610 884768123 644842842 118792599 391988445 968055794 598519457 960273084 707790012 799731564 189772134 740654054 912945229 698065315 712106780 554250679 988805455 467836924 399845152 39593649 187429841 815667959 619710633 271129102 101850958 854745737 353205248 774508982 813254028 445241803 713875532 687902855 346656697 926020547 860507634 351664842 502498902 546040100 160714501 274644101 511857684 159020996 687706880 199518090 240446255 393243962 29565726 395879197 305594327 844388497 694162283 835677426 564789693 634602401 889338934 336509953 727788494 321979520 95274737 224330457 270472248 591274372 402198014 864247466 747186362 298746150 544413996 37367802 942406381 271712380 949558460 319316216 54497435 263959962 118588435 913535181 361243252 208374351 64702815 140036518 710025417 490984725 241292596 494341778 326229984 997041805 492549262 501839782 708742359 175342086 224648691 322124735 65305064 658451595
100
858251894 389140042 867363308 725899349 930586540 153582773 396238958 267093007 322040844 372469992 110734576 45975648 240200077 303060187 497885327 447377447 689558454 499252440 287519926 6020589 525384039 218185569 584614457 252861195 905535137 108025566 372072585 603384129 257775010 60416676 801707757 695118876 270669972 656196225 874768160 444176320 380530698 811171497 906886545 199151883 701652965 755513688 701266936 366223475 826032028 251094727 392298464 803627683 193200303 521538009 379476138 781068764 419197105 988885120 359171106 261617537 555902960 933584188 345858291 432921816 865435951 339034101 882019024 810679020 991204179 572337029 751148688 472910971 511904908 891035382 195604323 902906458 197061980 512076155 654667781 942169346 46697746 175984352 27068740 31016658 662010910 420056759 905088284 824817595 216449108 39572264 140889456 891797940 152301752 28144163 642521615 689375779 326012258 953630839 909479198 866296769 942213638 853639209 383612046 613550412
100
779512027 609409613 479008724 55989146 973700237 535011909 659512089 490227311 681366523 855880988 440932047 875012402 335167303 749805561 766353176 26808300 623984150 668592081 316897325 745737628 92030680 738526470 352926831 908425387 677437577 396904185 887194661 757081758 811406129 789674463 277746719 201592018 150313489 859768811 259339117 814236202 339080207 357599904 367157373 441092209 316149889 419364202 769384946 484131873 695260356 555978512 314386053 710816258 577047319 467731321 78813611 868154143 708098214 312500979 126456671 338862330 220593471 289701805 716116671 355677754 722036935 158711887 322996648 683028326 518323064 290254669 674460006 686014630 293189356 794016814 855474152 255467593 134945623 457551729 174429417 216150237 327543347 23338830 67779632 659010339 5806039 752475691 656181367 482082960 976032055 429410591 635371851 322640118 573683129 693966766 632681894 151081865 282760809 890899555 894599324 406817440 103297523 914098169 42615142 733525491
100
288293364 557724868 240421313 668106619 990958053 1610806 992060531 132031062 813840827 854145990 61288672 433704042 4036710 930043743 303532219 185551210 696228238 943717569 503551596 461805045 151622159 301470789 503617769 575650190 99832317 586882919 234610381 864103858 105449416 942152445 984116272 423218627 438827556 128786949 273896242 751444175 357672188 975393306 489547686 885106741 361146093 650308310 690476248 712621003 52831997 434196937 388997904 889041174 702844868 724848206 863500023 787287855 718806050 857024315 290684563 357000885 311406252 609895535 280321761 213488758 784108232 573356491 713011332 381979577 768643570 551029523 482013282 107728925 936519704 675511750 114955100 575855241 851803625 216288340 567426466 821432758 663124546 761752344 687339283 555511632 376134773 637609125 650321912 257894942 303031071 909513874 998629085 405076588 326842039 196673974 730544469 726490491 380534528 492105942 715004662 36480885 851516450 780766754 235434549 300777808
100
653631111 670915609 393749156 599832903 314916180 223984593 636911035 220761106 338624138 267543009 560226622 940155450 6584351 592348073 308454007 26529013 829308660 312699530 963820356 28805757 542035618 648099037 934425751 244602986 642152491 329949524 29126702 479106565 26462526 818468107 789084898 558474057 50944390 482697759 347865068 842775091 922626186 597189481 951872512 874968381 784291436 108950779 830577275 352905859 748761820 703097447 977046467 454194863 474303084 838192405 405858709 52311739 42306813 190406750 307840995 526306092 213651815 526667707 371534181 514029626 822663106 372432179 706832934 877405597 434226750 772670194 453226786 900995065 373495380 493378696 905549319 830096347 656994421 843464860 799439772 373337174 17295780 387960903 44728266 863357322 971048508 779537425 478943172 81588516 186089630 350335365 373639767 741738459 916276952 371860464 566181830 175692865 275946781 952214134 960095183 710276835 585012755 708489487 238507959 812774412
100
712751582 31076456 544615154 691138208 722527517 323683678 325890240 767147989 703898192 848849846 869167999 218990927 423094062 308143566 2157922 707289625 371096906 435552679 61169419 556125383 461805027 398840451 772057736 564432075 663989599 970910463 758772182 77444274 661731107 370742844 557781307 549972910 311982788 491336551 73097000 18314586 396071437 83579290 972140610 79226146 555358353 809603628 423323986 62646707 642783084 923168432 134585941 800593581 418208394 510633505 462447458 423461725 850676370 657257554 37149685 838604136 260720846 593614050 537436617 908354215 283057125 214427336 943694609 747336484 395261914 592731327 812442346 312666516 154984574 774592502 600423240 674165166 916885195 704361628 125259251 515156577 73442390 119498193 65897740 329987225 578458428 909152839 836203947 697612101 369556195 971746566 753600876 135425963 371865401 714921921 763365026 536005556 355936536 959628152 675578513 39024155 458683098 883768797 372322822 157786529
100
293163291 737972620 606223022 79480078 936650242 645424492 24625314 878575180 669020154 968820410 803465321 968233655 972524517 174247302 356387741 292768640 162963744 230020221 732228661 931032209 449161737 164614723 605963376 248445337 675193638 475130733 420171735 489485438 696588626 945854359 106792398 945735365 776189852 568192680 324619486 90344950 435311113 300632274 377697491 307219286 642637394 12671662 762256864 497749286 22851786 673144567 816449706 259482966 152097077 750847390 835853412 228294662 777610358 60056341 530172645 475717858 767814584 464023748 617937445 952835244 649533735 453746179 321431917 997359297 551632053 579880549 501172870 390998723 528089639 775083497 854395412 558680820 404108537 143604789 191310570 313016872 593222159 960229126 883942074 270805035 848598226 506399347 244124843 169885786 701202668 623421716 147834517 115388813 569286124 51499300 711573547 359040061 941812705 994165403 147269851 406251374 159491436 78023951 709390014 943572011
100
541253429 810848239 358656525 998743386 789106107 150007925 656604956 103880518 2881181 961205092 973490153 247034762 780227354 508656160 390975245 151436675 83996379 85053403 712502937 710564240 467599410 414960926 981113879 311640693 653488381 860604962 667505097 731230546 969507676 871134850 493096769 470888003 196765951 305202062 452048268 257341903 670927119 200098935 505630997 133819264 560359165 980296729 316103686 626933530 8660153 675883590 385164482 314934234 413083873 390457979 30487300 15393934 295671070 174378897 513850374 478846223 854160499 374285020 632751710 297778263 842033735 889769214 873851223 756196546 69079424 7083114 117634952 159572544 376340808 289608650 886458116 228795415 518832634 544091101 52466998 755517460 434752789 580621918 455384002 448729783 617638624 529134122 680597352 709764256 28093137 190110116 889268565 715885985 728409391 956198780 768577700 940038728 310868495 925650017 406525649 699217720 687776598 640462585 145208905 566506525
100
319846671 484186676 663400877 503910802 610531888 663420328 713618197 235737250 285273480 88110138 381466491 775824509 767454096 779690918 649160944 727246020 22906329 586437738 370980995 894457310 196599239 961238264 670596800 76803139 712776625 274956914 235205501 422157746 269363087 436584390 28131964 800665130 439409634 927419686 842254947 948291656 386027647 875819959 349619436 199494549 741321275 528110064 22977304 577072012 545326648 149949327 889961875 838474639 918562793 944646156 256236205 240363725 998892965 825897022 665673944 947155332 809788838 280504783 441458450 944083174 679695066 272914039 682112071 56413730 997614300 287856528 892897266 710741337 176198457 988830515 648440727 860647177 100469447 138257363 249536027 756898123 30012478 708030772 672926575 602547462 861493031 978722680 86799539 636218343 349169768 717733807 596340052 406726020 953678097 6074969 134089856 430429216 590595316 735438163 373577980 904052300 867700656 244766826 459886301 81923853
100
273192835 53569279 936357250 248776719 96679327 573520458 313473335 196224538 891024501 155971728 186205977 775617395 647991205 917383101 104713379 857160989 32552038 67964180 96611940 982750148 581826117 37211961 232021663 669314223 379084703 831625429 767729476 569649701 174621951 187793584 544904873 245363333 771430284 889571041 854133436 738737364 921024568 110955883 521314131 992033470 784876583 25493425 23066826 334320397 270346347 26412204 32217453 457987305 300166469 651588728 583829125 514673150 324939440 980935374 400806080 125429507 528714142 403771984 285072948 805874707 227560653 348159509 228893614 157190673 387656832 885573357 218831827 826599003 800907874 25590340 738443323 638587216 519002278 941743566 445899880 281961550 736433625 199499894 773428971 487321729 989284310 790122391 263075284 418934730 436316809 731955351 965483315 840855153 396406584 169140898 33349945 180869181 580969902 597473566 476227216 233215177 921669949 388919261 342193944 871849585
100
665315695 8589158 29980332 476670585 983703050 119133782 564679969 816635831 760659479 75552361 573689475 286521060 453716611 95438245 983322086 953029056 276552918 349464136 688345941 960384401 500831380 500964327 271653938 633355266 547748296 680947382 334771971 608635244 530831083 957008603 507705573 634394421 610418228 617343335 322527720 899816334 844437763 910724796 894203645 631517811 375462418 724639170 154709809 721424572 816046741 684910687 343837966 639011494 486796299 629910812 901126236 36540536 831350017 487486977 95021977 697768299 441103376 228706165 140626730 635237405 545248507 1516677 656976393 840054180 17238104 665929739 163963246 343618196 241257299 396411093 433117144 470555715 901836447 435768671 667955767 708441855 421572194 443323713 770411717 77864439 329169137 316917979 495841450 865458747 485004408 734780847 9961264 460961800 213806987 75267740 610286891 968369431 673022045 295580363 684855226 335494606 157769235 444631569 312620265 584143795
100
917529073 913044803 524429599 16578953 655433231 737307854 185917619 505226803 729102691 191451049 931185324 605934937 15508756 574025441 628681017 459614868 805981691 947021029 45399612 437725295 75137201 386451735 113986349 443406527 898157735 727662557 116540629 245510347 38599604 831910844 823813303 340231744 488002922 4952174 126006095 131492459 568148607 297661006 719184562 48901984 256886385 308146114 55363543 852313530 699182973 77831048 713823581 296683860 583367530 414093174 63146691 829277098 743105648 528204892 922725434 470250341 612843115 777118512 687584219 206366376 225700146 47421884 355796374 8118979 541475690 411004646 238314786 528127912 378934186 609671975 925999797 968046010 646451919 822772642 863987231 77038514 735219625 892137169 25574247 870277033 261796153 198307351 246527060 316147794 905508852 482461754 20441092 930065783 821622214 331086285 304214595 232366419 181846966 508409907 410106545 578478113 132069694 791897029 246035091 861242647
100
592234564 615887603 476939198 578261277 625890399 186291406 841142925 198599140 508001062 974776100 53218978 664120977 268548021 885951968 894196580 968597491 281312629 259402014 477065314 447328631 71056527 424420635 286696112 788989855 635795258 991874199 170022828 396035764 129848599 23841255 762698674 660683404 214304721 777744361 261658855 79242659 403191902 1116449 507793909 875317686 589598039 880322757 333620188 248973143 983982630 742944611 995275515 946136415 4371988 11309092 479373467 77302127 165806036 10188809 183305899 326459140 267062479 499048352 755372923 210896247 377850633 326745861 918792520 934108198 232641460 23394930 849024848 23791040 933400794 138526211 791894021 763049137 139985965 557651536 643704925 63500066 749639444 295657214 740751366 503671333 593363222 97238760 195231352 472438225 143706115 607327136 986928252 90785527 850436825 38218449 2676266 829418627 732016334 215715225 106742181 671162101 605236811 22891972 224559561 127559923
100
144311759 507149642 894061344 936629616 536002779 481553127 399728035 464815399 144609814 77964350 933904870 897165501 99788726 923738625 74192343 877522490 318886265 563650352 912063397 172421200 612590839 930783230 188413830 981807435 401116745 964303201 397601393 612013841 275101960 420038584 786028064 89397101 975128065 121514838 520540578 914036680 526114931 762631987 506100916 461032998 275704272 724805950 690658407 554405694 753499404 263224369 330110599 561753341 476441729 454483362 296175547 304605248 185871036 846188532 839357384 234125035 464371493 338051402 164537024 949278160 435904631 271033610 812726982 984550915 333816082 788091091 719897062 828990383 286540306 924132591 155507487 218424880 253284648 472881355 535803736 717873953 241822054 697041042 304496248 933316438 530892850 148058409 127947895 596277137 987874053 534448958 74029013 470414156 102736375 239829067 556064422 508755445 166635350 331172864 532945227 300213343 451244933 642696746 169972422 765141736
100
679099568 814927641 915466153 84364645 819016901 235827075 572810297 232831280 980143159 770351275 313530760 890036218 771863200 215166381 561536395 778129884 612583661 130749627 773658446 79975259 915324200 296537998 635238587 944020383 946879644 791554522 315635837 208070002 537300202 85127979 825713591 549412535 791772904 224563060 517539735 241673769 221151762 821294369 509401841 561123042 348074701 285132333 733251441 934643379 111152525 739320161 469157277 668801907 163978702 185565266 900939169 679898917 97473853 353833269 176235623 249543261 496737867 220436813 992806176 864848432 516332500 346668506 367869889 269106550 884631890 189156191 27289659 447107622 997806735 886693075 297782948 558308075 132128937 980601668 796525466 864345140 96709806 509932434 237549241 302453396 174530883 587781455 257697274 326656626 888655057 765667404 478373141 112168375 285945134 924715824 575620694 5344371 87021346 220563135 504325329 796823678 346105440 38031303 990906040 431200773
100
973329004 820880864 189366835 894075991 262617322 616174919 550571801 117303338 584705758 969777693 971270204 428969033 851400697 883049577 661671792 106842457 578413610 340427604 289918283 789352627 179923661 124410631 743199403 999902352 190389528 440842959 230785897 653209212 723542124 733740735 71659371 496890977 721623536 776743225 275511977 806661447 280388449 256589043 145795347 476640726 178673 573853517 887830982 442800392 458658394 809262554 114417645 730923354 130558746 5848018 628297567 669639867 338041093 328014223 756422177 555786333 985522575 406985147 550020043 890781318 553469083 308626481 2727119 1728307 840276968 173967914 701760542 806811824 489414386 816737336 500162758 279824340 622601865 302917427 538178433 209514079 178743971 200317452 579814343 820776117 429291641 782415512 243693905 377583448 914740768 227928798 925144308 48687740 608300468 528642651 69641337 73363231 714323556 323918725 432429125 571067544 348132333 645784444 517585819 42304502
100
935258852 925672798 719728768 630702716 892233267 504476933 143792895 818034239 233207455 493340696 659288478 36539715 626267358 270029809 942445165 111328494 674578343 13253092 932641047 635337058 41362724 546130606 9530759 413942204 251836024 63481987 683568783 314465811 73345760 552903370 715748070 753161047 992185892 236751703 258598453 457432486 569318585 136197953 458223044 575375157 867531382 394314971 354268445 619402214 236326968 503605048 123742720 196137508 29375007 201563117 676622936 334995157 833953922 383067519 111668676 457905330 404376053 39481108 764778079 500920580 411679676 596933519 87779471 251200097 540941521 682748268 674102155 998504756 296278490 419664599 832757473 453361721 483754809 891313419 646057185 949713996 931172440 187731076 476425944 530554846 330174253 612198766 678899339 154460748 124226665 750587544 424139700 189423965 769582847 123863958 557677151 283964466 121434782 418102778 562036219 906713006 277908026 420489810 965047660 691078641
100
216841138 891282923 419088231 130701189 141792053 902578253 586395270 880869499 14748016 613107687 613001781 460366875 269663972 613848316 880598199 973666834 775022816 783080464 784473564 593763533 316336722 837299654 9670391 588770488 246017457 394094339 634007796 127397939 960507535 692713377 572347917 695973785 981702385 30904621 179348274 173040995 77606403 536024136 327748483 130054380 97098441 36571467 902688986 459226355 216129835 782931195 160150470 399674162 287044674 856398252 394046829 349466786 881810815 943821410 238176722 337319696 449746139 453569617 967619631 687638327 725212090 333579045 832512484 468847253 635010471 383698598 586689171 618683709 204076675 976086745 776399455 950317142 79519495 516400193 678549884 816297577 905539962 484325921 523721381 934416716 582492344 52328178 717455571 315615375 867762726 111299735 199628190 68467054 748286481 944316010 695491681 380390365 463178086 826124488 340907638 605760612 128252623 35990127 382539433 677063326
100
369905097 275296839 710384432 532305041 459557257 451459317 622685556 718255606 676883588 781376762 210450423 113742159 408347894 502053587 678074339 853468592 718596059 815621346 371105509 9742077 452252526 772901417 910548849 398110221 754451504 344879359 876901035 389726316 483960878 47000908 903141028 150147301 287569342 521413317 457929438 186986069 928031144 603846698 249273261 810583859 282665329 895541459 417568711 859085104 970161314 287363390 843922296 643110510 570941564 330405082 287483221 658286316 950155136 381478122 733554575 275274851 870201928 456167901 460613607 139321349 153151476 359146078 348233579 428382134 451466875 778872311 954520952 93286606 969866985 867627383 682917105 991500753 864066533 629892727 82118860 446428841 570575255 515949637 875735522 957304406 719346998 455107194 78551264 652364854 6205592 281845155 329786276 942416381 518112801 621734635 311588145 376671976 420475091 567112395 233314603 958669411 689945942 462660348 150840647 462068576
100
905766703 469375255 589882894 124823542 274526418 184688135 513043732 717288313 894886862 768864913 825423475 611780062 808767441 692728182 912144787 180296429 702547752 457541897 456942158 885580954 465505134 244310057 807932162 953641326 939592473 360633692 937459499 76078614 802800985 801082231 882845209 843053320 389848145 274624517 221023014 209275001 8636682 703812382 412958311 186872805 726737924 882310089 907421851 287969886 830545610 37494354 923951900 387850584 434580469 540095247 357418582 238660118 939514730 880950152 23018778 748548807 11688130 185317193 568586936 829268266 360658942 677969621 865661211 562510264 364397188 642993828 728543344 568970511 481685856 623615174 164638574 524972840 971273627 170239725 135712368 193581728 632148111 705141910 973185269 703791525 468844097 893515106 516077529 619353327 440768902 209153262 399780733 909008408 748612711 41819227 744261975 986757805 999416902 943930410 428281166 248315794 660576227 417368201 294379113 190718218
100
346358999 991227373 749207326 412982612 607433535 330334244 491258083 458531438 280872258 156190056 21113635 501118248 511507722 927070660 28960657 367853044 765731674 587774699 791907873 14225816 830780697 898424574 315548047 409334372 115651401 112369183 771991984 58417089 170050811 819338604 231628274 835725168 201412434 353901782 143099211 803571469 191651395 685516424 704658125 893294477 765713719 194724015 138349031 25955355 415775441 672887654 322610416 526790646 563199364 186763498 505805535 257173980 676703906 745862228 202262365 811729984 925032778 383843734 596980076 827402079 574412300 362897753 17758643 601463487 85380940 985321868 183482131 856910285 673655359 750134696 172610954 547676815 190751972 599585467 844864907 610971098 723891844 329245337 408346692 530338296 163398636 898407806 346640357 328671139 218549850 220412271 842850659 955595811 403390529 756825740 182227938 105285608 611956804 366629205 94546722 754030167 584090298 217867256 839465286 632306637
100
667901955 533471041 522253009 355205580 13235188 952746769 637377021 921643150 587629418 702510896 661195959 597310264 856171966 990982588 632351315 267967003 384835018 244933185 887510530 826991599 611744903 790013171 400830549 362057721 17585237 16974930 731239613 844029287 52815428 161658909 267696937 959352657 636312981 48944301 656753982 333524971 96966677 821696066 916583123 465711520 260939621 538671574 119814205 390032125 500175933 691692053 412582876 721784247 309476279 121036998 823111887 239642599 316330714 941716810 760060345 534195545 244540973 898995183 201152438 287327665 174008113 977170059 32117082 168551062 121041401 229030348 108112189 666603174 504879669 496050425 186205507 489072587 205500235 298050246 820823411 31829351 568851242 391598023 979030578 978744688 122666416 357479780 576027093 20776732 99143194 580658811 651013975 330855870 586389613 623847825 516984603 786359443 580401472 775089033 634890378 652811957 540683858 449638629 244572168 765505862
100
943170600 194861902 983887950 815825292 987261468 124429300 575267281 109101782 686768956 455882411 252278321 792213404 935375206 285106277 243589370 616207807 750612823 545289865 101837140 685386892 800433605 58023922 905198251 292678482 89470588 209561363 659846568 81631927 661486558 791724171 68902770 633218172 45571287 979210066 333635616 761170813 598249128 887604272 170563134 206463956 347963206 128385812 175441164 271326167 306626693 75679318 955281347 48691400 944664593 36200994 962051357 37038958 299897396 37729960 576834664 494972812 438188599 860226484 343337675 245122000 222908688 642736827 933524276 714588352 977388481 813278537 797970452 19288657 977580000 279178469 673378395 383986952 988021058 526802545 238588180 9640005 632116090 605473287 144962328 203706120 599564133 584840665 698795914 687433359 618722207 576523244 819369175 809000036 560751006 914369996 958566516 416523509 30096005 365376160 997609648 51145731 758182154 464755297 155098076 654409565
100
92148059 163403085 333380289 161811723 991294212 527119548 410870316 198449921 958374125 30109299 437372988 557082356 332330666 456836542 843077455 932741852 644314887 150202692 825300657 721927872 1469064 505909525 583264810 893552855 65955224 883736438 246758517 989039169 39926067 528429069 452024569 244646387 268857811 728840642 74975780 26121567 972075424 781128817 70173296 497988459 529494843 788381206 378809314 881080872 323012240 204995836 126774464 319088079 860132849 461646362 105899652 312388491 925994659 687697886 518080488 503088505 461885081 696432788 764231801 770443359 39379954 118132210 775540453 158544101 851548020 151991023 865055720 694563044 747113711 682679825 841437060 536762562 400553197 275713622 118209762 306324349 888844100 111155356 390719901 899466914 174649806 473962179 523768085 820129945 2670375 641228976 474337247 83440320 95133217 106696612 698070412 395576996 867322389 331594172 458274599 765964719 223021386 259681834 795395047 652193427
100
21996843 135217270 696933241 52418532 506406418 495185262 759114501 624403573 646988341 303400222 404981059 990283843 170913899 139962681 573009007 719941475 571829706 667143851 720201553 947253334 65045933 77590224 955212997 765616614 616583653 173265808 16090305 903276865 557013462 661004546 260006752 351011018 331486293 284627421 895804715 410301302 318866828 511926261 518999907 704638597 135169196 40775427 794824663 314376583 728301762 254552594 831022814 426256683 936727321 843037467 914562583 741730968 918997142 596615550 667402450 196101786 862652511 80972612 482263216 149180903 377791756 713704740 251406708 317100055 595025931 168817802 739366713 106296813 947779044 950703344 84834728 61387883 987871135 179044282 382909577 734184887 874031525 206168657 823634494 980633222 536632183 532919150 485491910 566653763 804867760 897352534 89970228 407108386 615424216 243428901 18325050 830245460 32392571 553082028 844380412 96356543 942562749 721820720 870915121 535469712
100
244938134 119935884 312278943 761193275 940533783 874765331 440614400 480766129 886543117 599851698 857934085 881393284 576324715 785612138 422027118 171552636 502118507 306077429 964450638 644143215 440639919 556715402 875300900 406220497 717867300 799644059 357013717 927675180 841884672 79924798 430254251 151783051 995538746 651596794 48225508 864936924 629629947 834606498 488122286 403023352 498106204 337817021 556651309 694082238 916350642 633901771 680448265 721351346 678271828 153995714 381725348 187665060 460945700 19285192 648621773 468579385 986539245 782851037 66914651 399918048 824846484 280129430 158344518 487566649 303247266 127543276 197538928 502352838 616798394 8649718 54574214 163828276 349856463 663991781 279903966 31680555 609360494 30461934 725266023 188467206 980183917 790401132 173601993 5156745 196382139 50970437 475747697 687820105 739436416 258739625 349147286 353898736 142374271 562095884 945914050 418822110 267756049 841718127 544032465 772646652
100
51204300 129044889 51911448 153048843 874517931 27286508 503445479 652592358 965990843 213414915 587288394 98701880 75564800 369091522 632653461 440674856 667507518 895982884 842308873 399799432 625635950 978910570 719932879 977675597 397090159 683428935 904545101 309012855 94306606 46169529 672678355 148936810 701933089 54346397 93959417 653517215 603306146 763215541 892181981 587495296 529559588 371378215 798163648 452766877 666040787 714111106 641635553 769711845 525153060 41593785 739596957 651840643 26143405 692817154 720664847 578715844 447687889 233896348 539965798 374367166 103227392 758991820 432197287 608114882 518380807 304608323 571206964 519710296 572668942 195952402 134176468 727189028 607473524 445377859 202926706 268143404 215484393 190268611 291727232 533057027 638920489 950624501 942649063 699212530 30474939 567144223 202812041 33312937 304494947 665778523 963269502 739543241 772422223 38018161 523651687 495279797 614915994 385022482 494248492 589515467
100
223708829 783997712 511962614 202847858 351975233 217339120 322404459 58809891 105152862 370536021 314887357 817796748 656268320 660413860 885969024 8873460 27150530 446263996 61295024 79156916 433986913 898014760 441355706 288949111 946665340 480055483 369950648 20332519 428064550 495769887 636706944 206460011 52704046 590300904 511892786 222360978 418120061 613374559 127418049 595570351 213144398 168900375 502334633 63182971 251208811 58756404 870334623 150812980 32988815 178235913 255986131 465500373 201134231 385891200 809253910 403798937 964831754 448323786 705431006 891011150 985244126 491355162 598886058 954188768 79360835 734824012 953779688 47293750 961832753 252924249 697956884 261290807 652216982 256995337 48680438 337446549 130687083 997409744 227983818 393842587 128835503 500682559 178277504 780763161 325453461 656327343 326700924 170873112 744640213 899347227 954291576 259351936 89346953 247509597 330112997 624582481 799955396 327423835 35963258 667345587
100
869297194 219241635 182705345 365476175 860328119 987259253 814718363 742593575 972708213 754227679 647323488 615119323 881745666 601520746 725919921 152973908 421646335 169981435 6245869 208184113 964026802 92526157 82481119 355342665 137278164 812704839 263582389 251043924 676523509 802891933 153719472 345689326 55325146 533742416 388292048 244007551 402317738 24716798 464544251 759235332 888900940 577660038 364194096 351108832 647903190 609771655 819057193 409259538 333704306 615663289 491487629 507170772 139368046 695481358 471970303 100252603 380925451 714414426 357710944 787373399 794718622 385321916 224972142 833830936 287575316 42688303 942045940 365916566 23254039 786938600 796868992 152418310 669528707 971062168 66614820 477058586 428887118 431175050 125278959 177232140 896958038 359368386 989839273 460037307 452012551 350243846 875643198 666665914 328977233 282474135 928800732 981950065 581134148 668437184 995680194 986982567 680518603 704664628 212642819 957653072
100
117083990 717093492 586789000 816944887 526955861 833157953 705590522 776659992 424530982 392965671 576474668 543906921 647024997 918348435 708026977 153788557 96683801 811013961 499326949 715991754 25958954 621881447 667537931 525198405 778425899 595694517 714004172 446494167 411735974 173486888 195250421 777129612 504676540 187475171 462212400 296990314 589433124 962848883 498576480 242079180 715037650 74609411 465475805 263383835 676172694 430260836 749452878 283064325 645705361 478209233 973043420 188728890 802598899 224120483 844987903 204929309 134808155 472354562 21426925 212238788 335379492 761807909 973129329 276582898 919687785 738721039 760836163 634637725 801510293 534619699 690732589 249613776 694134851 127904114 400804572 340392635 325211126 361317158 308058620 570075836 789334946 148739258 86676358 474046317 426088249 722263690 639667780 513907512 849690564 710842571 895509010 863923583 730227841 875481547 399459148 886847332 827919527 458424363 867870429 287354233
100
152287288 31828915 394842844 238739888 384940018 197229952 781859959 358790280 409861712 879780696 983053812 516307478 229168393 940671155 998743302 807694182 282836892 896770258 790332231 170142577 225136457 595714045 777536979 202587599 15942291 904858009 524325111 544837446 586771134 228417207 636420004 633605784 251023301 971325992 679019689 5041909 124871313 895684694 830972797 805702034 73479554 993022092 265902989 670396599 622455520 105970004 803333604 691055025 17861436 457662999 111891369 88513768 217445920 437354695 155798021 36497750 484945940 493916181 280563008 176196899 44324525 983808437 934668054 537153274 732314093 844208643 416985560 984796401 431526259 430864515 808496963 109425605 802426615 434379087 795050850 51027630 772744029 122800405 490911176 359341090 409646623 973763369 193367008 523577206 877262339 287811416 338538272 414974721 19005550 964866521 53628139 423257921 169307499 861891316 8639190 227340858 350467244 989855714 480445995 648931533
100
740940347 698874375 131628101 449447099 949950753 345786761 777747431 671703020 945509145 343049793 5692831 341122412 203559951 628402829 121845233 298060091 182234303 648597296 919369135 468268362 853925283 831620262 714905248 655045190 49266369 870369444 347813903 659126066 878820514 778620085 660178528 961515257 66345695 119729529 595504862 624839678 246044968 27189024 59060006 963757183 175654614 907528713 27991733 953604973 307079825 724285854 574272677 595224356 112252238 904847420 888151664 516060173 94288708 715482511 852963984 63256524 308724178 265054625 893331857 24063990 149768508 329941958 262608101 862020512 35086820 206325071 766661241 414177794 477114854 44156981 656403929 38940588 401171483 570620525 630016518 792164516 497100162 147900918 129510845 432035747 638371919 561361019 110221057 69524968 513391442 761411062 602246079 33157078 732878971 316346628 74988944 946133140 458074752 28083599 517942663 883245548 457810527 215987920 942287008 476800123
100
983227041 80388920 417989293 115220105 131555995 581254738 592649746 469063722 28408433 219253243 156996607 571802882 763267569 273602654 446785671 180263471 981149153 178870457 244688394 128654211 357034077 993798738 602176209 173828573 961404340 2272513 115843723 46333197 949569858 636390540 3773498 521733245 30054188 945347175 836967285 864063650 729159000 399163410 645645841 629712054 419911315 448848126 878109916 574862799 922814327 740865561 330123674 494604291 993531384 974074241 359907433 748692011 805021278 757642513 722537341 651254405 158880734 175817979 108387366 468574860 156207538 626757313 188972467 947483494 415550679 109676703 911546490 854947811 138271458 140076027 974608821 234272309 680885294 403632380 496623432 250646808 716359144 652273616 715016458 515099318 8975865 562127166 305469677 910677081 599077053 542199024 893885057 603502396 840022499 950593303 670776823 117392582 551075904 716762976 493752907 756735368 614439119 545529 247228929 753485714
100
70226089 607459492 59318802 698052082 476979219 741842317 47456416 947460559 867021271 694110164 602889125 163456307 974240539 319940598 290783542 588042902 840425633 298773019 202737300 140954908 206557453 321062398 26569803 308592041 967686734 331149731 856352539 143228174 202731289 99494874 957662187 599208068 59889995 210452373 374500372 185339509 790945104 869210571 282268688 270939384 423822601 79617703 949460607 758905561 700796980 608011941 176508935 549807770 151451239 290967049 435224864 679309945 10381444 874156603 992724127 201697175 726057102 638227833 708094223 612359948 568609173 68089643 960603952 195715299 917593198 582452241 842203658 962283977 171310999 342075392 466412061 266000061 49186208 550329548 290941705 741630367 454678049 194169474 670408563 160136298 430203950 416249994 604225965 550326388 552055220 501420275 700861132 451182427 764300810 526064204 252949716 327899211 294099133 655193676 653881010 576472561 187994565 912376775 998942490 785549914
100
751910956 665701851 16914322 564310249 856612914 634095411 983695557 702729861 449807095 901856422 202548370 945357541 313896813 405277333 28965075 440999640 199650674 871948827 895466592 938751758 263601448 757114629 527483133 319127512 372517884 149312013 950304165 870832060 580316654 875708817 390511158 912994843 2487174 853199273 616733508 594064814 477404772 524915948 154871875 129730765 493712153 264404847 118731145 640902152 445478003 210227638 60748022 143248589 640874798 954927115 447488943 900694270 894882013 511760009 731455564 389588945 578691871 448687503 125802523 414725873 105472140 236966618 665581884 476609764 704750882 799024729 913798070 961536992 149710396 376787993 302398279 107028738 319078997 157941347 296191614 622930213 151219829 414373968 99850693 579106480 880627140 348567354 552929348 703509370 698076332 129076600 604159890 704190324 144223914 431689938 505411462 547195051 173552332 670941747 440742871 116293555 748764559 227801079 204885078 806177193
100
854697562 666187245 405298548 62128346 638358101 767226994 909084134 617054668 875221264 275610575 773096300 74509993 327771147 726818279 39666429 572066741 49465307 630988476 477918118 802244833 86807543 490711964 637927615 53543186 979391876 842364481 980605678 767352809 131981847 701702770 603545431 28738075 988744836 164703341 44910638 389272404 385939398 954225619 100864973 296881453 830735399 681757203 567046622 787197970 549191612 313272854 908847158 392558407 775958873 912561429 165466720 290818543 321490646 715188116 408304353 759961943 681423741 362923481 648600621 326866268 100945564 999615558 379679675 270298935 342096169 717565234 730672007 527622035 462181724 971931079 400317386 497493951 334292670 13833913 622293655 179614762 205901881 276668918 700156231 339497749 130091984 149629193 382561973 713478213 859136196 83734691 191191053 509710252 985976869 652444599 304071419 768532463 702516184 196746369 359137703 116319798 165799066 937931780 572397387 834403031
100
119764303 866096777 338687498 282254139 543140558 113192007 287872878 364077787 941028346 319343772 301259578 570868917 841258506 730365150 573981831 178039845 481084883 467525084 646832178 897055363 191760637 777801530 862005128 415219301 162200859 577642034 981829670 363118387 265201634 233080027 716982905 207251374 304381700 181846507 194365640 407338946 354408379 401672614 126005917 889757437 141070641 918505381 138191185 655057290 580871760 664318837 678394194 102728432 501811008 735508780 284593139 423188199 548484952 946470514 819420164 440806800 255008502 560421782 410771137 125005848 370879363 113503518 59483119 166898898 842046073 605048081 868398817 434768973 486519103 78595432 673125456 771933972 285363723 333018379 907012486 123703499 747797496 577467044 468517886 88270217 60580094 327262789 200226353 510491203 630086945 740987227 755630104 510531802 509110450 139286606 940593594 617865385 190269111 928104842 26405647 390917918 864859186 980478222 293754770 568578057
100
660020701 946094077 551479830 785246850 706253381 79069475 432696356 424220756 163830459 477570223 421979087 841326609 211855975 473873193 126834839 936683928 518248919 764292082 607879141 712098176 306605805 545945922 159489340 883786816 222708531 407050911 385194965 44048939 21156492 622816800 328505639 661431955 253731080 734903025 275074718 516284029 813201527 430972322 259648131 40795514 160119585 167509162 337374561 918174331 88561674 178962027 807793430 991228471 199969011 128009674 134323589 997898049 544697736 464226829 620829437 618729944 580392244 289452820 564121697 62000259 497161146 833818060 912450988 610500586 626323704 357936495 953982776 406310206 519538013 616163151 269194555 229821170 776778679 281878539 911118304 795042347 405360538 513599125 493938048 632513753 82041713 480379839 771014879 426972193 405887637 474449559 463047815 813490135 529909410 280242063 526662914 587700124 552248097 267069664 231399398 283261463 129495566 414797811 800224476 804916518
100
424534675 903635222 627611885 774000977 729965995 159857435 57479355 395534691 658114246 184322182 187183750 620761189 819227180 687393380 743982180 348960377 183450644 994445577 113783202 853447955 161326992 153027858 215821724 520372861 595647790 9198055 757764018 976906153 154055912 610878324 251141139 266014263 620985094 276445492 367420882 557953502 479429758 984218568 213053196 256952991 653027408 324014829 905781781 201640767 761168120 377111799 333776470 165213745 477901042 394346135 735453037 648205642 943055241 198384702 471212684 167825034 280597727 624310090 861607528 351610572 243133203 149393869 306235241 9987174 236626268 641922159 527607226 599911839 677825379 371054925 286998502 220045329 732539391 99778186 721305418 187632575 438005318 817444368 396115767 209384679 845506385 11009000 550501795 811150934 474811382 829017491 608355670 673472508 475448932 229085161 216626075 232388356 794878154 614122337 311704906 157938346 512511740 109551126 978299994 591484028
100
716185043 283627174 689239574 351272892 844522130 576168475 92423266 914927298 385948083 556240927 138282187 858080088 231073112 706732072 119906690 96585356 692586744 572032252 222297873 718878118 429412283 939741862 903564906 199761725 827277787 779874836 913716226 630612024 359291410 807764764 426627380 889580530 245174918 228307629 424226109 481616964 87418364 174153147 846182032 22064582 519058935 217039196 99263930 354971836 827983241 772323661 49710912 951920872 713487925 602717176 970719700 73148738 864013652 883380105 134357054 391352500 300131005 252133630 855299051 495076021 68896174 207541769 81373516 184430650 73281112 883191551 519746358 966752159 903647169 966351813 416511402 107832301 56916290 468070628 902199598 354622015 930924332 843302555 760037026 477448288 190647525 475144968 208593546 747961352 451279914 314015223 13601513 913541253 852714625 279071076 276234693 676016880 731039227 252633744 544838330 165364624 205086083 599559342 827797781 842860269
100
823922999 932629430 670224464 90854687 756506112 924330523 166301045 335687865 601318305 627570119 228657064 309531747 761463328 960338876 606264088 588043284 900301710 975553968 255702914 822885884 150831938 816189006 359419006 920731291 326469511 830750194 684700856 69640123 146430049 506952628 937648139 184580683 469789137 896994577 11555180 83234933 597466077 164774453 701872004 224546207 915283614 957652723 748280226 139026335 781010921 611778000 125330230 41995837 318358520 95774270 765292510 907520710 361583725 871860907 547328008 91010534 833747220 291790411 277910805 677433385 145381306 188455036 37365042 273436880 318734689 308224747 800404341 276988935 279943593 585082939 137893759 255991967 586781534 198920914 138054013 608739573 227233553 752858262 18407691 947132727 234735781 488229353 66774632 558801026 437656669 396174289 832043903 500064774 727990145 947805060 13812821 401633334 740951633 671448822 170656173 382838257 693992208 230245415 24427237 518800687
100
436449563 505204331 60412960 523283813 461029462 941843556 854085613 390629129 907163655 805820306 879929710 867313442 329000948 612081493 884189050 818394051 352341074 213712952 893176080 159491850 254139206 695174631 721493800 151712647 833784222 43581110 985774345 369456936 980223450 88798159 941753551 239775621 635950882 113400742 769359220 657602710 584885734 91174118 251027592 799930751 595942177 191920071 708975885 517598303 5083573 228696019 816442263 586682748 962685455 151044414 326832821 622066076 846691965 169218547 407577688 590404482 725130213 659718556 19924625 843107144 101404055 739670761 703871289 299870666 979998106 826931601 343370387 330306404 35714187 729760824 49038899 874316802 841553277 694775403 175127388 619944451 603700965 984789210 183576103 163743502 296942951 309677444 385928447 910602499 457271144 946841996 898956848 203587146 207588727 992587358 318468489 692038746 592096611 303208972 390347508 757156305 572431114 95984588 797106745 457735480
100
701884917 498649032 591464 149799269 761082064 877496500 497173385 353009034 365187795 142082299 234884863 843746856 177702006 178143324 686485893 526741767 880858053 714714004 578202276 55988119 131756585 457901350 545694907 238380466 726743040 589459473 859661560 350593923 105930741 392115513 413027976 828313692 640174330 806013242 361517977 14571750 602199546 791092196 701193042 36445506 189275221 768482812 922307729 892452981 400263235 342305900 175197798 920695521 102627135 794356125 332533778 71378250 641940089 512061684 235187468 812549359 19961318 306601237 483591722 911927391 114615124 472586394 439552784 548575830 30500938 206224020 986877568 221798688 53677357 619308675 508317366 338353268 45247765 519184150 99163173 35681399 588896819 428830833 975669041 992607401 957894831 643485492 66129571 886922932 103947267 626176390 327270505 565314490 176183060 982521347 98148655 130636499 955306415 63104828 767219831 347621283 220630036 206304975 691530924 516799306
100
30536872 50799901 625458453 219649675 373721323 139194264 96318806 985959290 27595683 792070660 423623974 549333720 989502780 632814644 456191798 889456415 81870895 806085737 825639612 601450303 581106578 870740675 533454672 188279086 218624731 720092827 238753078 302819710 738564909 636871879 907725132 846516479 763108714 513360016 218537248 624547117 587685018 903206545 798651788 615424030 626316548 446493350 498862939 640834304 803005533 954686200 406691529 361043475 290636860 689113233 60774050 555948265 147609126 378833630 911317026 955028343 152853732 275968929 300891136 472691161 404866874 303890161 802303721 922474666 437026309 563713115 639763295 980510892 27144121 604281814 514814159 306610823 222210870 666278968 817473667 26241901 434334868 484846087 452206324 354206093 353826727 250720451 641441003 181387282 392975354 189227561 738655522 488558268 694722801 428159655 649591432 599441107 588183785 17598130 987106912 591030036 969770637 110987942 668258116 255574475
100
749109227 816620297 821512873 292008550 923167890 261569856 278816084 255535298 309033906 132661795 939715538 791768787 317972874 704541903 22661430 8626620 678810928 891592454 152301379 547770258 573299935 76359214 32931888 166635461 38299424 35439516 760497983 18967690 969365585 838847484 80310904 660235824 464890674 892235109 667260349 890192160 96529275 676709236 914097996 296153502 257245241 748332109 477812716 920404931 708165304 305938617 431877507 773435322 662701379 368763198 740378933 334559455 66370379 323806532 878210196 187659994 911242504 278440913 363043942 14713990 348893056 557280598 148724703 779143520 698791708 528182016 876148833 170978376 197598807 183327167 9853974 178918480 903080052 347317415 644262253 210425000 397412987 39904807 271021888 643261881 329153604 483381616 434481777 601959969 315641851 568657957 411080537 400917135 260501077 449119848 949897777 454560487 590940502 804308729 882142833 679541238 171971985 136070420 990199601 459312501
100
848729105 732014487 904437366 784972839 78033682 89440729 860081314 431293699 141452950 11250747 35759980 702476525 44297978 121370286 612821205 960014182 936524684 921336408 404739094 153585975 667744448 769676094 102889724 106300637 385140227 789715265 57122632 514358283 72111163 643127657 402208007 62029748 278141681 739475776 195773108 41024978 576729365 248729064 760514656 736145690 370470871 760074457 829072995 467367478 2394881 918499308 28656620 985839200 198299288 722541691 887719205 779549248 19566928 68565425 60841890 805211538 185406177 442177242 836283003 174488877 442310923 745545274 671765845 495507815 29705489 379867439 86002214 274838537 802834142 576524350 962776348 75884009 209928192 551542366 110210238 830763861 245518322 600151559 491936441 770143187 655650972 713868617 216767493 247410221 92551346 222994066 451349312 79962718 988289631 535858356 702739858 246188580 821499834 70240898 483122917 592916435 605006531 617117276 191029702 570777077
100
556480893 129363958 609361464 994062928 647726582 690987114 619454799 341006072 324349585 677634034 215717472 57004518 865542368 304037682 90049472 395710769 625497672 653812063 920827835 358127529 609251536 716834603 781676654 795529395 229909859 171794726 848262954 875540600 488349346 862364774 504002252 654832124 637042467 558338819 677786762 289753832 82682535 576558821 724558688 128389969 621335574 50112915 359366198 298574821 239774824 860668403 681693996 526824683 690423575 497220395 484571154 541096205 744630661 424838712 822417783 924212794 809333485 850398643 613359547 808247017 295249519 367321199 322815619 121404554 171242942 354305103 665413970 611337126 30187866 616081398 17135404 216326149 587394282 95373034 795918767 425105232 122091331 674508850 807258011 4536730 568295635 701826955 884436652 873377755 430519338 839774543 982531175 819632715 665901320 656575714 711224191 815720474 483581713 940252266 673642333 925917808 601100841 837360418 771584410 529350259
100
357440376 756088612 231532727 59635511 996664213 336459949 374277293 10730456 368476250 558673458 871236520 917902417 609630036 751163013 874624828 287588827 458085799 263901044 704374611 431212750 779326558 835440525 944084601 484755927 686311589 245711212 206666199 372021573 493604762 202118665 616625739 782212624 260395138 576299562 196424129 167520498 948124396 12198037 812632141 933477109 398408735 905872189 784804487 438074341 757270462 366696083 838814200 393941619 772949648 647925588 413728546 175403355 965210213 14046734 146654405 544619494 887208459 454001865 263862113 510704545 161752828 28336232 147071377 255618209 258312406 831798298 839577970 574330888 34635336 391906041 273074773 707477447 943423417 737495313 479668503 616054940 79784750 101621700 823380780 2699189 119297309 221173508 966990430 698266877 43123333 446367954 10676705 878219856 989651662 634037947 276953048 932790694 599653503 336231560 126783841 276279492 364890862 877719664 400302909 192796275
100
848869006 867771993 424274359 612649414 502019401 923865441 361850543 836815649 959368707 744368926 231111253 717733522 608857762 180171074 731693926 33416356 143991852 586345939 228901705 349742423 849988801 597262667 298865468 296921347 668951733 246997499 322250369 334093159 876437682 777751915 274770891 568684518 785929473 385727004 72997291 871660418 622112789 129083156 243290773 387604952 49363169 696941816 908650870 769528591 801062411 197509855 818017646 702140313 839762423 268151328 757812640 143131298 209556312 735928239 899556659 459546161 730479003 131949080 414885805 288961045 949743209 673272356 363265216 867727049 174752055 397829816 595772569 783584020 197816317 989606763 704618807 362776319 917407132 237687359 50559185 179164444 589830557 67813766 289460375 818947462 272425426 991030700 373244364 327900888 602566253 671966472 628901626 44722422 229275381 214411549 163479456 856274056 230119545 87451877 441702111 740139113 895614932 443448997 702996799 774553587
100
674926539 922314549 69737187 982552110 9391834 897673816 15894795 719142205 751783262 660666047 255206480 111152984 719867731 697586048 441309211 909716645 510173838 43603824 679033868 587139509 479876673 747010342 435228769 258011998 409173718 455338094 43562654 245920295 348941997 321003337 691828192 900967196 37232219 896060601 457421450 51478402 482056177 413704176 758722098 692375511 460070324 32187464 571904668 250755241 916633705 406442556 276274783 777458965 808229754 642051815 792216467 230048928 15898586 937779250 772433385 853250327 476038035 331593617 245224042 169351493 747806136 668001630 509043791 924181089 59136732 815241679 249958061 133573692 870572159 140644337 687521570 486183233 200063670 506532154 994420921 74499361 567558872 912815922 323723185 827226134 768335965 338338326 300464846 769197071 564333890 638031335 360145477 456136457 681414591 370054839 324999203 888017482 237378658 832557210 680203912 557750895 478211106 590666448 318172119 15307960
100
619483528 418431105 645818710 744573623 899391687 103279794 318313573 995259046 777027836 763610092 786899484 967413858 870481064 412241194 476437985 261369285 322308774 705855197 471448369 169247560 971252224 414795511 394291489 695350561 600429932 187296678 922757993 340454726 417533202 86704305 64624193 717224093 638615252 441049142 292764004 957363470 715740214 14514503 807086620 865138957 714563964 210131167 275932554 553576667 523650011 586667500 103572282 234902369 817368887 687656003 162656693 458776282 919388243 596325525 76543581 903799411 769143028 827377216 820609581 900863895 365862766 56996358 400403756 377190353 703002541 202398557 998846374 168214161 562568664 754159300 852313472 793179360 77998473 88616949 265473685 238982435 766017405 851557604 147518393 699588509 605891844 94048923 414424436 821148690 897415448 434694916 863439705 339835193 588893837 369714477 89356835 719528804 346016035 734741768 928574671 981081038 201543256 466530592 437671895 703025932
100
798924496 24137782 928324909 856597432 461027927 37006726 371787277 718053581 9018982 341380340 883105642 351960590 646929146 386470126 754758364 12575077 126197115 718333718 888831993 955361921 391573918 173309316 562895227 895346484 105085632 162996646 494762144 377422625 791468377 632205584 598324296 93673021 617438937 315748097 159400525 78619145 47369442 605416981 982827118 605682777 287317582 612429346 809142391 615075825 648600172 185040880 445273175 826366142 909949592 660179943 225900766 464953275 506632433 398456618 507847003 117971054 285118177 972837238 968020194 618304007 38633791 812588212 591861462 399539948 106989391 248510208 824937603 937576782 723631795 748673915 404105457 741062010 327272622 364074448 642414882 923498381 248906305 984820628 64626420 49755475 331835602 177626452 180685764 219591923 298578630 867121356 649537948 706303172 312939291 103728937 346875881 377435548 800564518 554484459 322393589 362058241 486218493 339555629 845546214 300395921
100
450314386 426719652 593487280 326699655 625402465 483309592 117253178 9709249 471559582 608852009 366583730 88141041 170275990 956140830 391983989 230158318 347773604 471951981 947861343 73328730 677434160 849394271 466178602 487832395 614357470 121993314 336353212 551347619 639049151 449250747 934796919 895723823 553448848 908414575 528283362 321655019 555638495 372188508 862251187 13191808 429866340 638581793 911866369 319615151 58489332 270644644 409335999 410488560 948045659 461264440 921987104 490969499 766289120 478379058 255521248 807822525 63212792 660446564 912619321 3298058 954736891 233085858 225047903 513327028 828883743 323728303 143095576 333202152 316963123 508908272 539616934 183225900 372777162 208321038 965622040 826465533 413978754 901812789 912000281 203157930 474972459 425204280 437761507 460786108 959094123 712026823 659552954 332891448 758687030 732736282 126125222 133189133 238632053 190437885 583374731 865280883 85898349 362300766 583566376 815852694
100
216931867 433331725 602949598 162251891 700906945 347786213 218114761 360191321 807732807 791239378 611260859 992162673 670022537 527241075 683622630 678708905 170736796 621187727 750861038 266811931 650024494 197993942 408067609 464003002 720587534 200375169 611483415 669335722 672039284 538137739 461331044 458591336 266437495 753612565 844674111 85117456 655704152 511267184 198346270 412651368 232009781 44367148 959206134 893908915 840506805 470175498 281182547 537105733 464523701 380102995 364204543 291089032 902220192 597543270 271759814 938417216 404478798 471860684 873136343 752770749 946339541 207611446 360439275 476642057 126943813 745329016 135261831 601622651 189447508 137132748 439949632 334030902 692575706 477026029 628324294 348452797 885959523 830972319 792014138 545820237 9262798 223907403 673865825 413198815 252078565 602184349 986441614 563035774 255111537 81219281 956476427 613810928 527580363 49042683 122762980 997056303 932103771 18733045 546479028 178998484
100
858000254 418724349 981765112 978932316 330236309 844801353 640340825 805895954 659941117 833388079 522414411 728505038 410052885 418640446 797815219 876798969 89721402 255453776 349848044 123107910 235703029 238865205 33542960 341732655 726031271 705531189 210991920 682290078 406137673 671095864 987763499 285305168 362737078 89969169 384669814 490540869 992249655 83802257 955510927 188694662 164423293 832573332 748127930 571606077 660680708 911825422 360360258 868511574 147874541 418345721 92730149 30450123 425651808 177088853 667518717 721562453 349236787 903519771 247285307 789192201 345522939 209477117 762799400 972042368 980160093 960766971 911206469 604696047 140711291 310152236 240353766 84563182 54015206 258688145 680727714 482606867 998714954 828994425 300189303 281213475 283174300 68924941 819198131 368663259 616452313 781124369 875879538 303912550 587246563 683417815 651629850 543735872 911780123 901229431 761733042 786389974 665600765 792499208 924180808 704348981
100
82671562 751164398 275767588 78447454 511438509 29799080 346194146 351297098 623654540 609730052 485647118 290856385 827376957 158588806 994564704 138921119 224934872 608043995 568009360 671107178 494606253 84454869 28544031 515384680 14424850 206793071 757575670 386831661 349571004 882986494 846258201 457655328 672661384 683839478 520734350 191762861 336632047 36759264 528670916 340791193 311500562 301162371 753708924 775652679 496002980 180364335 201649659 603144536 222225996 321969305 210886246 637968051 912044605 63948588 901064554 727807513 965620394 92350817 109314280 658363944 92117014 755156986 235441630 493194840 145261756 721971607 563378324 775741191 960485186 134969201 873352722 230830142 879081756 108366679 391089241 135526092 397252934 71972055 526431667 578212460 489780284 160013297 448658291 2936717 734582748 293389937 157251453 279313487 4271095 237690721 437173223 253163975 609928246 179496842 677911861 882450803 461904629 712891000 915193372 701434877
100
615203212 443617581 712151772 203228766 58211727 10435291 639977559 772141874 429764525 44986081 52979083 819312722 405571736 81826528 24522970 567637486 268769082 748146500 512719539 513473919 677639761 813796882 834460538 88140106 181884980 321474137 357334719 26688939 661220177 503080798 888356141 993876763 472676598 643657151 490342777 666504849 877349051 481018910 697064560 351876077 6883062 914893226 247455743 272397161 167008360 666483317 365571931 839126400 998732674 315224389 352683331 288461129 701959284 451046513 976300442 491042664 48680711 517863238 439666242 663396528 923615335 654829850 615550978 974715481 394249461 367791173 118150444 140525063 409388117 497652095 318182841 65842644 149138581 414335745 255971616 7804719 864356917 858727335 884883670 282614020 111041719 923796939 314497974 825977813 14791312 479984528 154396732 980596826 675007988 213080012 638869516 47679792 219903176 652752395 909915795 69842037 986951283 859698357 554741126 510629830
100
799728197 394542845 723033761 940877391 102113582 685154119 949848095 182179151 586697599 694449294 878852220 294508652 951208681 40585431 107311953 887978305 841364680 855565233 212459879 642689903 96107399 514961433 425358269 763574042 223567678 355427073 765157319 327324105 874600090 686363690 491636413 352493559 321564239 978745385 404490200 702377455 150633633 594772807 634848211 349255414 917374787 689559979 338838716 496594713 434630313 489750651 999121310 290242479 301286103 528334946 684405663 422688480 676733263 642848758 95204664 341655649 703602123 898070971 756818582 146938453 59399095 915969887 245154504 70653880 162223233 309696160 329788029 912250754 887677506 80917838 130918423 161024670 522604936 764251183 82115225 107766964 729861958 528115465 898477700 862835771 763133280 349224735 667335635 182638110 192071255 45391340 122164571 808795868 155336066 436733200 419841377 594878285 589125662 763385729 64241386 61069092 489419766 145257585 323206010 748052827
100
559033258 860496612 656380677 511512701 307283445 789738233 623504934 497092010 942208151 816194667 863072397 129637628 200033873 972509953 473187613 795681210 455518590 261571613 254536370 889214423 905176482 818832167 958753598 43191253 338903757 627298985 619251602 444502436 401826222 921169247 921600116 762185095 13227328 519195174 99947342 268866368 430973324 493393085 353066905 824032142 812561615 443016250 579319604 638522993 35129956 449797943 567895951 55851054 104525908 553138531 717707391 519571015 818855833 330047090 147073202 923982775 867693017 863476350 871343406 349097811 571632952 630173468 652410184 957715065 710849776 534721461 444153141 431404920 705034387 587764322 926601200 86819353 845256338 916561545 350608855 896076593 74753921 385965486 626279069 356836169 569559357 864998353 544435016 629792277 577863169 74749488 534529424 698464548 630287008 687347191 24702600 5417072 787701499 498221458 698595575 578203555 506699438 504687176 765776464 613262436
100
790236951 85414570 49831882 552464482 266917602 314739636 969663540 347166095 28498598 841647329 768671243 109252128 498527723 894274648 955578087 113250427 898411903 330261996 273226249 929352363 265887485 685685810 283969430 269850768 791071314 452824369 722885725 788106545 662495454 398274445 640100872 983222383 580367799 273783007 7118440 584967173 627460856 638025275 159183388 154305705 869544417 347135162 684592223 749750330 5567140 181189155 633910764 861833138 456338985 433823735 604393769 626873723 422272816 421204643 894006710 832195562 122628681 112817632 551868617 280477028 689138779 53315088 447629176 928282206 140430380 11672465 554327837 361572199 174851297 180262497 457254105 425136728 90839713 599806443 3931182 438934749 628552229 472804225 57073622 985868622 13456441 882992895 183109451 987189310 599384790 747794261 485497223 782870505 21515975 946185734 272308358 613100006 231884291 28886907 838145661 490316967 597887795 808170793 697167194 906336673
100
753912341 470929057 490002010 898729613 824235052 171367696 337158776 664379618 726049239 386635689 123327949 236013258 487151143 380339457 134128682 831165257 274813117 429521401 942917235 517861964 721889060 996842709 408623256 53636416 159862894 963773451 877980141 174719001 933573069 680400313 596378458 766292246 234310982 942357976 336310831 246477717 625201836 26581553 486026564 172333585 899616396 442677112 600892829 774845777 644729410 912421212 606366227 726577207 484021689 308370506 104692281 460012756 919802823 447011662 644698627 926799108 884703017 470913714 785139513 364828512 777561525 767450332 693698833 515183032 378370184 495323991 803483305 447233556 181114315 523427451 55923298 831389524 865424837 525763609 322029629 393258898 658907442 502160826 114722668 181667900 746435830 48798140 383307420 705640680 462313089 882640814 581220425 584198787 175648122 472564178 430964358 612004311 369797120 883774923 135912164 263789114 6044586 648810397 41153185 454365905
100
506443003 621705674 719516850 42134770 541352260 906472799 279603716 816856219 521373588 52999114 485179107 959597049 477355858 440772072 812616022 388289405 694138006 162510205 465273306 97334795 474677005 723011950 740336920 11811527 771742674 579358976 243178327 177594284 801478557 830250912 864464436 298373386 185668779 99642149 78106671 578304824 488971475 334526978 701686471 438818265 973357226 880167485 812096440 607615335 865513626 742435689 959412479 250208298 721232923 807381341 936214406 975310938 616141834 550276653 300201651 399179052 351642838 222377443 951868069 244511419 736995051 21711858 583910183 219276423 282459766 280412020 362776670 830280057 24061359 675076116 520204965 320996293 896573861 424665895 923923461 949598986 325620225 653939487 448336080 604516572 833821707 69038507 594197331 809721127 59502652 171199634 983032048 597950652 214228708 977055202 493480752 722818806 777224694 494460584 931421979 906936159 980498484 293462185 545954091 717162767
100
281845844 673065269 157549639 906755508 748786983 930508587 817204585 256632483 537627492 11731532 653621959 893887554 339125801 37831143 405446234 6487541 34627920 87811090 41979073 713061220 577402285 288918410 361164075 578833221 563868975 159920808 89896731 117026399 257483534 853121810 449040982 801360575 917071241 906702549 245728740 681326657 219526524 118216155 515766110 949685598 848423019 207996297 259619099 421504809 678396262 952509636 283052398 122140660 493559124 418395536 515666341 866277991 953885805 789738879 184835363 753560540 837780344 458276777 937619580 101434021 797244312 531386414 973497013 596826977 925227829 377893181 544414452 358875325 562032732 210001785 464340018 837542334 436560479 374096773 219383463 211484190 114677581 659022096 946669402 445470889 883919779 795956185 783211223 259829647 734434579 362195294 184077673 962510607 386104113 555188008 249622769 437337600 705590798 616421232 708862370 13189341 470734071 866173620 840421672 309229224
100
677733796 370871859 981664666 577893366 131531944 772613979 126628684 349950552 529228266 679656518 978896424 288347779 109167246 787204267 694696570 612983101 217966073 711163684 897266599 59308003 3968278 312107333 728847670 397683645 210536669 869645231 198004238 196783463 604552390 99129410 927935160 714095454 931245913 85149016 59322821 686730366 143817993 219098979 251564743 517134064 361053240 509666414 714898910 153183222 192616282 861237215 392558186 981215803 862557867 762061387 562944556 379142331 886315157 295280707 624491130 61552965 964530414 281887997 141310112 486943029 876786582 512577958 414646389 716288792 151192970 629176753 696464919 497623259 699537338 335509003 989766509 951402614 64787138 601340726 742317247 422627914 346252799 425681296 423409439 646932058 878353501 343724512 715214440 46600356 678005077 126960746 928518710 376042944 152188568 814277676 251058010 522336718 3445357 217060401 955722957 940483625 868525756 999345584 325641268 753815298
100
872976360 357954594 85852741 181740995 717562810 132671279 600074275 375711447 307835445 594287347 650485266 451136624 58685241 678810435 65585448 939949656 781661460 801186580 775825837 628865163 626335723 626460187 40782366 10251157 748193171 993362341 662381835 734724951 355786933 554745539 645671717 804543359 652960845 929521297 431942777 439640792 720302158 272123613 789077553 822988117 213753292 977729797 902756621 249675908 150298843 834597257 36754943 767197705 461255382 761609582 278403919 986170548 68599010 778035357 877126183 372920393 256388904 362477483 215481569 939491798 740269352 546355834 773609939 655981188 674219775 622677003 24861719 806853380 323945178 318372005 865799147 138476456 659976582 863256280 227314220 403638499 135778061 875494651 777287966 778753819 426672470 441589048 971874468 767990521 628609493 888855672 365331734 471488540 544517393 31214168 749034141 508099841 168771160 140917609 841517594 610062990 350151224 147948909 985286104 381885469
100
747101604 561158309 298521820 938124903 6264012 259824916 693941470 125254588 498053506 279012754 17765030 733637986 657063559 419774574 409170564 562788247 345394935 792951385 587183768 196796426 17899676 945705733 666962629 340789357 626063604 43456523 552034538 200179504 374518533 334407418 336258916 209336571 266640997 80035745 183145452 760689829 584116125 653565100 46004177 917065120 391812638 447656273 893005729 339262184 930588160 966930829 73416039 796916589 358834296 130118093 361468757 25783465 821480662 961135230 460856650 809789910 517760660 452576629 940676396 717000037 399544931 167309993 66219883 870406104 716866332 940812890 100224288 666358274 645258138 125874743 133428600 558565408 545637004 751986258 155627123 675913190 866045756 785300033 266270791 173029224 577599886 874943552 479656048 654138026 140431962 485113409 143858 276932433 514214081 961582518 391076165 819034448 683818154 586087059 47451437 931367478 898388212 918100265 546557867 419332568
100
751014917 220584224 816294445 606160181 356390522 795556577 856190774 733290094 440872649 963485385 835833063 758611572 294909734 715056593 694722177 450519181 350176880 1014411 184271779 34995101 402298635 484192598 574496321 767548350 92656332 467807198 629215937 637807859 404391717 755647436 395737160 259387701 878289124 778034346 838511216 96667522 864844584 970134439 404392927 451409904 959785102 298530294 445983077 351025099 191399289 653904515 866891331 168892669 821474721 760352591 226095587 533762944 374209197 47195658 523798026 560017332 67898401 30017518 351359497 255488907 991661982 825224721 602116600 865045285 418100886 943972630 763550630 580166454 800022550 206030270 10683456 506239365 607828347 465684402 953282105 69243676 126478571 322255104 812948461 121504540 388060449 524073113 776892816 619160090 265736416 431967306 732759663 275232929 427398962 958331672 689843385 420572981 889064946 489627926 853220555 575322949 826916348 89331006 613451930 253353144
100
829050903 753287856 288581923 398350426 164754273 689316121 369739247 787091522 474568294 429788874 147327651 389757170 446055374 498927387 324589247 145935552 856840326 903892937 242776756 158178223 647094752 860812932 821116588 244255342 109960012 355221238 810745812 327689057 716273830 822772240 757607844 822730266 897938153 692185844 586336692 156487517 497751093 345439098 959488160 78620600 429990398 944856306 527986966 465844805 719964934 260033405 191177773 941176717 124552448 98196080 814160859 550607115 799907897 895016888 211820358 852781494 736577670 880385344 693343542 807751670 564121006 834295183 407412958 19594569 744399685 456086904 318865382 560837928 816590435 816168041 851026077 463250232 284096610 700519529 331650490 306509160 526762576 56350879 400002678 762389007 105886970 670865149 414886936 863497885 770806671 811659138 13415632 408917246 653595203 145607181 944613358 577089184 43053930 324858776 666857204 969871594 158012071 282243982 374477308 785958242
100
565043360 511005916 393351470 978222747 461214356 551869663 713747144 886198222 399073160 12902599 753113399 898842866 648099959 393504060 424058692 32446276 589843763 822065280 435972454 875035768 810315381 466462550 415162593 915693113 285164002 67671685 787154362 721626051 670191434 696308093 884393985 570603449 584247381 884323187 633399068 869328236 647153447 642227978 185468494 651952614 914508037 941252413 275100396 840812563 413327686 748100538 957572693 812375072 708338728 77906305 792403338 481330078 954930222 979331243 979698214 688420016 762398744 11024978 834664055 564290821 261885136 661097335 480018561 582797741 547178476 933532921 757664962 620919275 253390498 307745003 518725486 428886035 525981014 325461157 635717139 794340357 832520604 502922130 538005707 109912484 226734805 56863020 640771252 19284844 310981955 149944595 652239196 178066724 18215717 765160260 702689725 28978889 108567233 956122793 418177877 581053465 956682689 218867036 494684619 476002772
100
105299313 559879623 455410801 41706739 725226757 646480595 109586692 621932247 814881487 185433239 384811439 67713574 42410891 645007812 838805422 339793237 436526686 385375433 978925894 807106464 795641098 897275789 630824136 328073627 486402054 99890487 273706973 498909072 962258900 733265897 63760735 713569843 399616537 319044957 821248207 493887808 139153908 490037627 908784490 889539395 629171243 508607027 769614948 110254253 619028138 113771656 256348391 914427280 365386985 88040916 416080481 124399812 726136988 725901775 619773545 649748211 427668388 309834900 963480466 906884087 813302111 393322740 471147581 799572625 799795386 317727587 412202507 642979197 309017857 332218561 469972743 60286482 237597235 220176686 914761968 440679457 648706091 210823678 580241076 944525985 458530439 181188221 563969805 601643048 546093574 266068167 750541145 14784206 487766859 775753719 442651900 179647948 802134387 369142767 514471646 216117649 546327922 835297713 803535009 679392257
100
339924079 47811085 590815556 820036189 978674855 385498156 796681906 255614523 310681382 453440214 375882598 575022031 183568756 547536890 736998393 517669327 909217227 603745686 646633485 745977434 505903345 540169124 993889844 110469129 612225866 671196376 791356970 31880787 389561194 869225206 389562495 235973231 711667116 311322929 339629443 587343954 43336788 253361283 431375879 609802691 306056045 517958475 41300456 709117333 274891757 290469734 720664584 894789682 358403296 247074397 337432676 556317565 958585295 456876546 449871336 710293132 818463236 410601320 293257263 598442666 709705251 411880875 808132874 339075604 735836272 626809769 239998966 815993404 791942700 952008225 388698894 901629177 396528982 865141498 531407870 802964349 405120563 928113900 593847858 567739358 211210169 832083886 176801423 9180434 784680135 633928796 257667249 162363938 687295275 27769633 972173196 218102771 381229044 777987481 101623019 433883557 85296378 360802699 278254823 530952259
100
761608335 385245101 351529436 335989290 104889359 570978935 592579564 357034233 810302948 463305378 745968646 778251605 903686676 421225225 154894993 638902381 305645431 830996929 209527442 447588451 774958210 716884950 544241521 291792474 314727888 316431598 751102057 180882519 979243708 644096779 703963560 590720668 415544132 533336378 895228635 552283985 842968433 943973576 102010922 762536464 999395797 534393449 829954956 962803962 266501942 756523870 799580188 171040792 712040520 911027733 554878245 613517640 997960949 562899647 308494721 314507048 23058901 733305583 351130215 209150819 586071141 394274350 683608759 906217914 722306421 799279944 80995602 635680005 522724426 188159586 971535311 479448298 660592927 501764981 615024916 627930671 54134080 186285849 369795083 139156191 308439356 588652645 860224862 224664256 258557926 440981030 870456256 475588759 334148638 70426387 328542387 146074932 178705724 593381508 940618737 330633300 431751518 542556100 558830230 610597353
100
891363862 674878456 876915611 289873978 572572978 663059238 455447885 665572602 260629290 59064489 223566616 963556133 101315646 444665882 241563048 352082368 136093823 612971289 381174648 73595524 331670364 968456686 332353987 467202159 442991000 36639255 656757788 871352925 799891325 341575538 853577935 748612228 494571247 128432856 716610235 727892587 788981171 346273636 572057578 920303047 579443376 331167762 700049941 187296559 128182558 153317244 726354926 295812918 942615246 699366804 289432396 259956893 227595210 477204083 321665404 156255981 958058211 137026918 540942815 88720911 508867934 509067126 978839058 324051761 820509542 919849450 95602948 85924891 450890673 258977685 239664870 357625301 776617858 492803565 919455101 511952096 807171281 875362764 568292301 576661590 169302873 281822160 316692874 125617246 666001297 354786376 975569768 770663664 18082304 411472440 772838435 731517583 790946459 978263229 74182328 175436157 669530246 837553928 433688839 136201660
