100
100
78083847 633765867 630363137 744992159 853507920 990205532 699811780 72100452 788355409 907390148 411481140 437772008 53514957 137863551 201651432 475403402 155663606 245883971 507378331 889901415 833566984 455097033 762805374 611314968 898029717 330217930 990958963 291734497 30363711 106039992 596534103 963675115 191769954 131266350 784596578 406976644 567142008 626232726 802056840 563889200 316494287 399224427 684755804 857620380 404503767 70064713 956245611 264289250 275940042 872693240 244682937 998094761 768576817 382550519 872597227 201788335 237205499 521063304 60032265 129912963 500190020 461087082 141606981 245429006 339791927 496915945 626676194 335523802 447977916 931120134 26867073 841949591 215463416 233120652 840348792 346658313 715586739 981607486 423876500 962132427 633296806 394361839 855968798 127082254 849676693 861688143 767126363 932638006 496982619 801175714 222677165 458384235 152073692 979827715 811961192 615730568 797813978 220090679 67087858 455574545
100
1 2 3 4 5 6 7 8 9 10 11 12 13 14 15 16 17 18 19 20 21 22 23 24 25 26 27 28 29 30 31 32 33 34 35 36 37 38 39 40 41 42 43 44 45 46 47 48 49 50 51 52 53 54 55 56 57 58 59 60 61 62 63 64 65 66 67 68 69 70 71 72 73 74 75 76 77 78 79 80 81 82 83 84 85 86 87 88 89 90 91 92 93 94 95 96 97 98 99 100
100
975515728 387154750 495839045 786336564 95904918 952519965 958883262 684436781 361710805 377326418 815730501 417752827 752005210 602907364 669427616 48237073 872258257 773857548 179828499 650968791 961417733 778508145 731560234 661293172 787814236 211461251 846219117 274134650 411717804 140614387 326096240 898853393 893043421 163334259 327053766 283583617 342237772 12615702 326829795 184447005 310696689 595568067 101050552 641058332 437637688 53888901 677819331 432479788 27921400 257040371 672445109 400680737 657426473 360837303 291211314 997181712 692874962 819851937 456139248 807671669 167965934 565111181 444834816 723944940 14736084 472290528 456364603 186102724 947771782 976989659 184458204 747671212 113308252 777037959 626214592 149325897 31888217 220021996 385810743 536180664 956857653 408105008 717952678 996081641 347369555 820834717 478394114 314837809 504201935 727210037 966099613 2574343 337031089 234533869 700669211 928221396 770182222 525896670 280349223 42799811
100
800890326 943137497 599953598 59551503 343497708 57574479 220744040 111508143 238854444 279775567 923825363 845950590 699223105 820454662 900180856 189225842 567994520 596948961 197847202 338488442 236076472 646528565 736479903 404619814 887246971 553042338 905366396 969288621 71875351 596665564 227202009 331279373 364311583 574105227 8579520 997176972 232839428 21899400 94709331 501849192 943705177 627477950 109618969 261111688 956334418 217497520 95006499 510175675 261737686 350256389 770528045 331066169 190405221 323188335 291449240 478291083 597944623 663898831 336011731 422702723 73450548 285922595 120315885 95940549 5969618 266767352 274979234 194342462 482671351 860789371 343586838 959639278 598153739 19525800 242117641 701589131 795508739 987588426 351648569 594281660 951796019 104692596 564389449 400028243 637515332 147227743 656154505 985697313 840121138 717270951 106154607 106834376 982330392 789401046 431066856 601525822 781175129 905238597 334486684 91610093
100
637734479 432016662 566195477 278221000 248928325 72245458 12012575 418782976 997584568 9310835 856578832 60553505 785882515 690204649 248960395 331104267 101504048 915067158 25388640 450237741 773695123 199959883 102276355 437931160 577991182 536564059 105853614 620953705 993567043 43134914 962727352 337381933 594308454 477166722 984837410 677839998 175958122 827971377 380803159 636534810 610328957 719967367 230617896 328955168 174902649 337341606 173890642 386484516 675954284 528411947 588411043 634050679 42070074 917883636 473185692 447416895 293170436 565390240 531979704 214360760 661427224 966045053 611705427 565860564 880324943 927010852 248849383 988685392 842569894 7346691 689402879 986088212 435756457 465596269 490245084 709681948 161748794 297208374 76738451 281982208 814884812 235606374 928350262 318241472 122451653 684821234 23655775 402794184 508458603 204698761 735169366 318134435 966269562 879132085 189752868 988248727 521999318 361671463 182743671 750262899
100
648948053 165610066 507494498 701123683 400966327 791345518 595210357 366462576 290597876 49280721 345120769 475827117 102164575 264818963 553639892 816060681 636729178 333751701 620466791 736285684 206370486 431571807 112577072 904223085 536643494 306787491 648252942 589528318 169774088 195954 381131512 572117979 614706908 311823855 310034823 633803081 789419722 945857276 177660401 856850089 181750172 103117133 512610463 912085701 346060363 910331319 243390841 998830093 468761013 651383576 375277122 906207834 601839492 338736241 166778780 278937301 352879529 645452636 378131222 150146827 601494095 754194775 363262259 253515470 265915411 30356347 348014937 448164803 470151450 166972396 971083457 605797169 37787993 6040354 560427376 532264914 912936417 65054159 412572548 149832753 671317781 451366186 462571810 945181731 949734542 303341221 329242799 583942845 788398568 960287154 917155434 937231965 120164980 526436173 276038131 637696865 472573668 67889887 743988980 515393714
100
104355488 511260956 446894519 712729915 604228009 435643059 584370655 316958207 490875887 988056217 235898183 504902645 546399608 17344457 673556218 260306989 802145866 119863545 931930629 777080364 432364985 964527419 985781256 499650055 249797628 216151589 982173306 344743047 474453740 875751699 300146228 333569392 78428051 392782987 1291602 642704603 743693566 44512479 373158339 8983619 327673182 657062699 589685061 55045713 286343571 93459985 318073153 128875865 831402110 946220523 643601534 187777458 390220649 992016522 753816026 597433048 45128597 787489852 707305240 686645593 354926699 567678994 565570689 555958153 729011351 164905208 481155724 901770984 732448154 543024965 876333591 470992269 798631764 735832015 672210829 591021182 385517423 689867149 522666483 916154123 530371924 39722254 217937512 728491572 89605721 325217938 941042040 505742925 487329725 888296200 217824666 830589318 802655254 245471034 107706598 997978153 319364951 671789985 757002381 667705686
100
731707823 123265697 45418976 540658222 605622657 99791898 928756396 171257139 371885058 630370141 998178568 680070042 606083060 130452057 321838255 984201238 125769395 289411954 411346797 84146066 370981008 557596827 175590078 494143444 221728385 243524582 178419415 55128492 743796217 279016198 554893723 885743377 663565795 671204380 789735199 863353442 665338772 459688382 846758629 700791031 120275305 774435337 401890393 685893269 34426343 625755466 676131957 881717562 19500723 542605113 556218612 806927345 492746405 224709607 846215283 789808506 464862927 263325604 366699190 28622611 941163572 352221377 166331504 961699172 194752882 42496506 637266063 56733003 424664478 927133594 814106441 307841497 151816674 392230478 222057165 455119903 557169271 113954357 531102852 477834991 561244948 384855285 28474781 47935288 978613540 394524869 496993633 512402066 471725599 297330731 827367594 428170160 654215031 725174321 205952478 264402785 957221122 436294672 587536883 203110928
100
244339503 447327503 745545925 72427315 985960854 538203778 645946445 259441491 937071088 880191263 92067692 380069143 927656748 352595073 322368232 937080808 892268261 176915372 163528715 64675639 743188313 680747007 326368879 896203681 987138323 70005624 543726665 168553267 501691000 856343278 132104357 274571246 221039350 588823742 832199939 925491681 180425402 572128132 533303210 589279206 326083228 819254888 960443900 612240702 573739593 344976682 988129675 288130850 174174250 804884792 77443451 524553434 366851280 360726205 99639148 44512719 406111090 867988194 292010974 788107927 600648376 546234805 823482932 561050029 455787624 249991302 188269018 193919509 708329800 694012963 295771591 374073639 822083905 224242422 69443882 190897421 374370464 189248654 224565522 332473097 792539433 762631612 171265607 150069151 995245004 251574790 300137170 371156340 429716569 940978709 171741772 777467736 140940819 722644991 207894579 788954488 678565221 615890418 396056637 727953128
100
498692454 240919539 500722635 968091910 750535896 768973236 52580190 239604248 148017666 679772325 208057823 472304912 330855620 629187887 103953692 795502341 531485655 892136474 663561243 97087331 713536839 140672805 202202950 95183631 597720318 23631611 906368452 78143742 122766509 24046595 40031292 888701832 800540613 944917586 421214088 563524892 185286666 638776509 945527001 208884742 727802770 714679443 240905545 740406650 568197085 838953639 472903439 662356100 782855364 286003680 775683634 165054338 775112413 460140294 454433426 778927283 833444107 471203269 287659483 895391283 425701316 546465444 68194394 325969451 630538940 538819642 332175645 156066570 292767419 246444428 915888411 603398794 938563316 251351346 687515677 261581857 9290199 828696747 695413011 48599663 290501915 260612457 327619266 279082044 416188795 994374650 47107040 468394036 579679817 130741965 47957766 615423727 855591685 557006415 279605517 527003658 48799887 52664405 451576173 548590816
100
913486236 364493536 155900759 514166430 787298426 12707387 353751937 935644131 689047378 30915363 794961657 162922514 6954429 719998730 396583884 622349127 657248799 570764615 811678045 344684693 515399831 867661266 902970319 441178530 569478094 359458375 26302976 400791756 618125776 670720584 160232340 290821830 734280793 285296740 58359183 350909307 956451235 652979681 308994409 147791956 420607927 674733351 270637538 113265792 394828874 221860017 452475873 256514761 585631842 266864982 973181416 97495456 976603911 76034906 394822814 182677034 68162725 255155772 108578858 798745558 248253746 977763098 651292539 370866668 958989488 375119427 364976793 690394221 186415263 941662207 887381114 283759194 832353367 892023417 589195795 913534843 378445543 16957021 413524232 798487404 307749044 271948786 342201079 107204713 324931801 630703309 995101734 15292228 850987201 914684575 617532797 851365332 395185385 419652330 333342662 583508259 87092987 340286014 815144592 873465479
100
384673332 582193489 677923680 154633941 844870393 444356974 649959347 613176801 54559835 368251759 456463232 195236806 486343688 278888927 536533727 768224210 440899282 492493105 553034125 417017076 358649983 797170560 358588983 234421050 785249761 263784643 74352858 276783828 277160411 724651371 241590578 875536924 655547909 255540664 206778467 624542513 659419454 653703146 916334783 457840912 359907585 380676345 656227560 784276824 286359748 41591214 937412062 197513748 752308029 456449567 622009853 991780544 692887005 298835424 14205420 942570604 757808596 15582751 671219671 582814922 657339137 243954073 15561376 234169072 874623085 583652812 42453275 901500829 758120142 44387467 514391082 425236278 481773635 198202918 34894499 450741422 174146786 957237927 33470085 767304108 38771837 299145422 428969964 921711392 359103476 692570565 967650109 9471337 33188070 645556605 72125576 223243984 81480694 824492689 107685738 966352700 76032780 99625788 28759669 493423839
100
595808982 316273029 921819685 131261491 902256910 797759209 408509272 749914368 398273459 294931883 379329833 259261280 193154867 606729604 36063190 748636099 149173221 842793087 754915632 775534090 869233342 635852823 87039335 63734974 917340691 728270331 790403072 351394811 501491827 355987834 23395696 361492913 733760506 141300203 401327979 646329612 533185919 872939298 790291540 439128420 283739631 992118882 942562211 884944706 842249969 86032289 768004494 743918206 821099469 39819313 790954440 895890427 479588736 107607243 319227080 762271787 564845941 391054023 419329581 948560302 493667674 770184642 200551888 353665178 489300627 773476551 837026384 426753191 623446679 272080295 955352589 261309610 582994540 902332449 846138011 247593039 617197417 950999695 899196539 730952011 452705323 273846184 733560261 390857226 795038435 853033488 576251623 454941836 774759727 234340254 669821110 784294597 450555999 635024560 926762047 319051619 883403878 712504166 638427805 181070835
100
702285288 378966507 834672688 24184276 427331325 289027513 718188049 29024346 91277002 185423120 911517732 14493530 919429306 403624618 451405269 630439097 651553610 643616133 297891229 604837266 913491298 974603450 328597457 741857193 181708628 47833756 81525507 558454227 973642364 808455176 873440710 819649472 538686516 180254214 222903025 9793710 764193621 641755935 908604863 516580028 382566357 12498524 304787413 528267199 913953882 191660814 395786539 424979693 251395354 426932377 563318812 729062801 256099527 998965229 509827380 811280795 620684187 350928949 232432938 891149301 241333082 978963397 561764576 441690391 410096978 585265971 199765965 943952034 740921860 318156071 782065320 921389462 376038262 513868424 478308680 183264491 899873643 181380702 662133005 431457872 561040279 816890743 938893646 408106775 635826855 365494609 382163351 951275665 123199183 636777094 166674534 303945995 7336246 948676099 556276134 369007462 172896796 959022133 960104878 652333619
100
498566734 568896308 792907958 878039477 799287247 853123489 657905186 67018067 959238216 341239063 263590005 976066403 862848368 217268317 421320117 283837557 934564737 98566194 797400520 411379562 328593710 713703911 774765407 766562658 928090665 653642716 421997597 364757230 779136275 244516057 668620720 882474058 381594521 807125151 769074154 359699112 48818625 316846462 829996525 920707649 173999819 876063434 652112795 250083548 266928235 519163073 240416897 986268045 483258113 278401536 1594071 16003888 991183358 262125018 410682270 156733812 950191104 834669175 227637003 790256975 554838910 467964847 423731980 496334117 240394319 370561498 366784791 936680557 245062125 905675582 46139604 95548387 604638186 56603066 531239704 672908065 711782534 783656396 919947947 892669111 221287045 801281165 170840124 952694850 92645277 725666627 180990829 911910471 352865205 15987232 838474543 767393414 306387632 651081584 452036612 145818719 729748985 467566990 210456300 604584124
100
499893317 163649836 365850313 589323864 264798009 449520316 834399487 934429900 177593965 820919554 580402490 681593022 712812244 294895727 872684260 789177684 733905673 271442169 93998463 711958427 698456429 897003170 834343492 974360866 570583023 415715558 234832740 440735089 95355177 412334883 867208998 182259191 514127172 541372729 883835062 688005432 579667622 356535360 924545802 219750569 423121072 320964560 420599318 69690979 107414320 498293693 897638216 588971078 39487614 835602780 262693231 482704713 148305082 91317770 81473961 281084380 539752421 572296183 940844754 657726850 142813171 816411103 12523900 307688303 68161181 901506996 369006725 999026107 677254643 769639161 246984881 514288714 910943418 122165139 439209649 538260257 670449440 511789003 898060012 507819100 879305912 309452476 94307770 496898102 155278884 233200163 611457867 786518947 689347784 241325693 306889740 262236777 963713438 969351604 696660280 606322448 863188544 471412162 499130214 636001968
100
391065848 438379674 62780490 272765647 291567403 831579606 118343479 461799220 399011546 601776984 135746098 627598812 4865335 967488642 195647648 980128937 148379519 971998463 455647949 631124595 839489771 172113945 39217268 109976736 317629342 919274906 45778257 285395514 505778121 660452449 976229825 861831375 998435291 949691908 285558801 801388070 867472708 662496743 933817952 727941846 522576245 346810689 310415298 34639887 275687696 725316996 976461031 154538871 255273432 537734919 705192822 881957396 443446088 277595964 461841223 523330994 699491634 435780256 879806684 683483209 739587943 281362749 144880232 214818399 355302297 516869103 646951857 497475508 642348881 618504849 723846794 278926765 404797517 320316867 781392190 701194884 141197935 715576100 181312676 50722343 65378064 20217354 699104518 811837510 303915417 711348132 472297777 251991631 71061119 951546360 753064598 684615461 826038311 215236225 410232686 332458842 245862293 469962623 389880601 557064783
100
15395178 44042390 731327318 93321620 970705217 901827542 906322738 835468141 733831291 217528321 193552517 555565376 941294338 731148462 283230193 91368915 660871297 474299418 498452866 728429035 524906162 384133841 262165147 425030792 55215521 695796962 431028699 602206452 206152000 746816683 449613973 650691131 343077354 887789420 740277866 495907174 800622288 922776843 423159619 977946704 551952905 44978791 608234665 166803307 88127974 11766104 625662006 382999587 69487266 797580611 413135076 545402192 249606937 905889452 953667222 528804112 420442830 395140115 296569860 153521079 591852345 557071627 666758922 383640266 67418098 462068022 428719672 481821382 149214731 288578739 996325121 352023645 472159259 751565812 203407452 654516603 541751211 797111341 962678522 304486795 7094933 425450544 443790358 284082535 566306391 829133092 503808839 385844591 354454816 503770372 263929535 912612937 930476188 663215431 747114432 997487443 421845720 805542317 301448328 141120693
100
79929970 406515130 449682695 550565717 485465266 727042211 440737662 631053057 835744434 669924114 644575278 418764571 801071413 232744194 135546886 345258586 878160334 984161976 547304964 436308134 107116596 405348857 612522726 11065633 493586075 962480767 252708114 836190091 371341146 417832461 799848825 87185173 255035723 493758856 752789080 737221196 56169470 352094283 603811290 583708664 438960728 221100267 191399814 102090559 954779605 898312858 714621865 631391341 320310365 889865696 51216568 552134350 499717176 507116230 88084457 52637262 123449684 243065688 214630862 766100022 714278772 934944347 706555357 466711766 555286704 104115168 701744426 602930351 285335293 707244756 681362168 562529809 398674329 481042917 504648645 301236067 272331314 165896657 113601782 524624617 738931118 527706048 24142446 701800215 232722570 584647630 939513660 571143695 274582764 492261047 342135011 229841641 559784699 442245948 109905768 926969832 443668231 943513107 502438836 403057459
100
208087591 760705343 15538728 470521112 272898955 68982973 320883832 804828582 190542467 811449345 414043495 758556748 474918659 924779325 955082783 901505514 512532177 140081013 351655668 893049226 83677801 987883916 853782165 355707137 833064879 755453485 656886848 442553466 932925223 676190252 438539203 549934467 371680896 883881874 576273650 891807342 501599084 751737162 534085999 271003209 424096063 11177052 176239800 747214700 516822243 203609071 749383120 569112286 558776895 523182292 122945983 304649987 439348574 58375233 88733425 950613360 488013496 701003570 109897144 611130924 520044793 394387093 594723937 220313271 81007933 671659458 376964116 810111219 885161229 824185519 28662480 638233280 833929870 503757657 569281253 464618336 947317879 647897744 332876370 279275782 484034649 395459895 181606958 370748888 796824530 647132766 891494375 315695300 187057133 350363022 973842492 378464172 21856277 906384985 225389720 20533718 750072420 163114235 781484759 610578784
100
951128432 207499009 963964590 371626207 878814352 533320764 646216852 337714662 198709013 638825980 148999261 734726282 15098593 379525425 638648390 381562757 130186753 285969289 621706277 377724658 785278619 596444315 672080443 140876298 882320053 7746202 51828372 917373260 880311858 962450671 473613294 620514823 156299326 106049358 497929769 754875550 156660690 876438150 276537260 170675571 664126202 49692550 959626790 494148768 618157054 298530763 889658427 212240609 266754523 390575574 352343549 529188389 197173721 453575663 59861351 487207017 875973503 681246978 320033473 345104912 746937324 950466789 78399574 593426851 931762228 708885919 983146664 774866821 659992101 132630310 280080282 811573526 248664160 464526476 928153563 807988873 72803749 513154390 550237570 789409165 950565949 959494554 327318074 112610450 979093342 659062750 841308049 398629409 266235801 656944585 54691920 115838867 38262981 4430011 567798186 574147217 883709359 430250988 756467783 873846893
100
596338854 876577661 289284039 993017546 667075636 757793549 156683510 696380833 402946307 645609892 37879267 848687658 400964253 111881218 387841199 782075735 173161665 573154473 825445057 980653451 832119641 629439475 800898491 528169219 986454510 757741517 230751379 835134799 264392453 241936633 319319990 144241005 747674324 304002221 810165758 142657671 22090989 159225784 759376498 805587721 789938467 162900959 438319113 108540118 564839986 819612149 656695722 983491981 590410582 364862372 926695736 244132496 182782742 427826400 710169297 461686152 155274692 493789631 679758313 592269289 23906790 74096097 230025121 456249602 843992635 922188597 688051222 130347385 319571276 998839930 439144934 842212346 198258215 727422688 749246973 418344038 893340195 632219980 764276860 567543766 917456934 94366128 961931476 173180881 451462732 361455258 841328780 379667182 386449004 382349907 609165453 777588145 54936830 622865977 190208735 73372441 876801743 792493212 951359459 187383578
100
281932957 501401604 766934983 465864604 999937434 109405457 500519070 326242438 806756388 506366836 95440576 643032569 188588005 252073932 383025872 517870737 897140556 614173990 980533537 53115030 661695066 556768347 166172518 257830830 245096587 267506883 102851722 736307735 597057135 836257221 987981090 380438485 185016250 82311567 163941609 250572694 150301249 252764911 314016782 207913586 239136094 612001636 356667977 195576839 803826440 932714530 590760268 196303287 520105008 81870501 255592360 93726944 664445035 324944759 359964302 120749683 840087864 699698976 544476098 229596985 641454731 423805767 581132696 786634816 685234491 356334254 428336630 126123529 307218495 405349644 864253756 158655964 360937710 280689491 413215080 302311140 77593822 560405477 137267544 53184370 621290277 810199162 519967788 347796135 726698223 531253867 33307639 994735 859884852 291637522 364407564 579827503 25178556 650203103 625423632 945349720 180296327 594402658 333867144 579070816
100
266069771 955721214 557660975 989942354 465911333 867314285 605549492 413239519 156915053 50958162 816293217 649823104 807337398 693832897 137654470 57422909 790032915 782777036 693490494 28504501 760724895 804998285 68739430 408677753 832048082 640751960 367914020 503193402 467189481 641189788 374019782 106312386 166330423 317597961 989443450 684650692 922989870 124399708 144575698 595844165 950283111 262096338 414778755 928203258 4343540 133197537 814416360 106550947 721494414 210632659 16491321 805079323 935416231 516853748 634104985 51450219 71066800 992565559 577431867 333704710 124419820 990881621 561787201 642131711 905887646 66790564 601794688 211918040 297786812 234176670 345207594 590265408 753923354 582487222 911480245 614609383 630561960 75635130 597030473 581681696 415201420 422269544 525952132 784271677 672506967 740961674 966901932 363772816 594344020 617562104 173706464 980353814 844187982 398021341 964152032 191581161 969460001 178675804 928552984 78780923
100
795289506 216658529 616113488 781162129 784161779 551955590 990872935 147993903 140304316 863126580 807467787 375900054 657878560 33116773 481471460 523291410 131251951 310835286 828769619 328336058 816909891 625658506 617500377 681434471 472679309 56695247 251803824 664343723 117364047 256207001 365360243 724252431 492502840 862319506 945127699 411891653 446951236 503619521 441646259 660962309 827947440 210281752 967287645 582776746 773586949 480349501 769447727 930797986 623770556 214998299 404025158 361154880 881678475 493484001 881641100 543561200 755154826 697549319 318018991 827689278 146573076 15097284 571454589 21063442 644639369 320939759 741084076 300026340 577564660 257315980 870002883 896873521 59404899 835467403 854341570 601856159 186987187 405573956 83976139 352618371 988272065 578254766 290016811 936693922 660713435 232801313 833198506 146133541 462314781 212112603 686591027 109716218 596550757 42004450 744347359 750074955 758382229 165057332 668954504 798265361
100
184314095 819031798 261475204 405715279 277771054 105827894 359860927 949488166 143891720 987466061 222812605 200452301 795728564 435122326 576533872 272461792 257311959 191849256 188810130 92991448 1211542 433452520 195852652 84596943 905887897 149779432 282513421 985747569 503122057 43928663 828681439 772918943 220463306 911330575 500203450 525765163 960423023 418406598 709680084 95551480 353867086 339637776 591695149 577016799 111212910 82219225 580429786 168004646 529344042 200714670 794443292 571692336 419373269 723675754 935340585 353139746 184232114 935461610 795230548 615811520 186477705 256174708 782755690 413272763 564554688 228407451 445180413 33168184 358915286 643704760 568050436 962738639 153353610 197559312 508848832 339921377 133463212 92779645 26256043 851479740 175986391 740073763 601323401 972379253 171594163 63441582 796848171 377008559 483379408 395814387 819632983 924351296 325663509 907641450 509243842 614037274 853411099 435486903 989717492 229217987
100
541081022 599153358 546565769 315180783 823692603 279381977 99373288 522557118 217690805 163272324 739155099 961138395 912058706 742286325 938976317 709872906 501673555 477079950 642001676 963454488 450870000 359012550 401086748 347078697 76592720 500142045 112058905 828686977 596651941 647658570 71613374 538273469 340472193 332007387 395813644 998464808 939055184 617908256 112442615 911349673 528135184 66481015 977592020 282930836 159285082 891259078 831651646 160907821 110964466 834936384 602976669 802666135 837713302 542393333 954603910 896146166 255236245 147833183 188305438 500354934 416817179 275306980 295231540 135572872 51283603 444057183 558959202 667996254 825627285 467681794 519436157 958689886 569071373 508783875 288397854 221590454 692664397 499727537 783230223 878588721 33091318 188334290 258848194 383083595 312924837 726976990 681778031 709455987 13782058 113093976 566657631 915502862 337109149 907238648 727867052 231958859 356216308 931742434 488119536 548678953
100
426363163 216959916 722441850 720960011 928345947 636507855 961428290 290838680 629336356 94995034 28587208 963695119 649097965 372544556 129257147 576056690 138492956 72198774 96780933 389531159 573943098 243617463 33275169 588992599 660318765 321546723 86502840 263712484 174935082 861578921 303360180 43877820 438207092 888699182 190114226 343151126 607555024 160136981 743522856 529683631 495309747 987984824 251422170 545582307 936953186 939793661 653003720 607135849 11597818 409833058 560806413 273179755 554571661 163660726 250018023 680819003 750851707 149159879 248904939 395559463 882960092 326670373 601440200 64399577 825720733 698152800 412354733 118631685 104768471 807719539 457438101 333880090 742577713 403463927 501471134 580364060 767445891 446272906 668780851 937168545 657207171 552845194 602657522 557301448 981644124 45730803 727995641 853464224 496765109 173629821 50192462 130558467 515728463 626061560 694381059 527431676 310530311 554669290 764558442 79492100
100
895891359 416531206 438985014 6525032 300612459 660430016 389341228 101653494 771898349 551221725 678737691 885430828 366860610 613971026 787921071 256373656 319195208 683781231 284645303 249998012 164037883 419483074 242614438 842637645 852867095 43447405 337062635 525327640 979387536 165692241 80309789 75232594 438173555 761020600 461030396 851347032 765176317 381207003 812951604 715580284 672212645 683966285 985086494 201962883 684333175 546718023 763811850 13049445 405010340 114828993 748830746 102075505 124593252 591058474 650240336 475509761 198958533 819972506 165779818 317418992 877761834 598326574 985950469 257285245 309749635 925349101 585971987 189631194 703953876 208267238 628440104 591186631 324696348 613243479 720980753 649720572 855433151 780425532 617590591 272061368 935041628 571603609 914527586 216349211 625622071 723896446 751758319 90605008 654674304 783196595 833007570 545570615 502687429 496927856 338571414 315714812 175451337 775107630 728241568 566460540
100
683058493 990187793 384916507 822706199 92329668 643518730 331498517 55095145 333023177 863463016 743142463 785351458 563574220 474619843 23276913 159272206 929126678 469282507 835442252 54357397 358841294 186986304 13930726 215964203 653756152 93808949 463376073 224721185 71599574 999930497 197634778 342102515 21808576 637040928 696738739 451059705 355526043 805185188 83681925 865925950 548693797 742382834 920639274 911395773 24803003 648027384 873409232 684839142 714490682 151107695 679614824 780842262 898351170 718444050 502825124 552879645 618784208 746764422 619810338 899944590 101526520 376514166 750478066 623692919 720203169 427605673 697568018 507242048 311873640 38689308 382814434 13662070 421083920 251917783 803211869 362030150 797822323 430111227 969265906 523608755 239694721 704199528 449175258 526863588 459136739 239582397 628990367 539203478 556487971 184195454 736734951 453714185 284348645 195157621 385949683 546565206 188764647 240263137 621739170 648893151
100
787548481 799832622 361601817 604566647 614159037 269154050 402925391 45918097 899526621 375012321 962222918 678365834 495760887 724112760 278141454 952330743 218386635 604933912 62796571 62942044 509548384 768194325 951678107 764464813 364635716 667167017 850771755 970812809 832694972 513500091 850575899 253055103 806370938 796763984 562681008 164585077 87165219 205835076 741320598 463672693 810915454 615513144 18349386 54226649 321417524 991149298 884549276 260484166 811357633 155055268 387518743 629446025 967342872 556215764 328215573 77199638 779392250 184917085 702341965 40200063 46508082 808225583 237877568 579392386 115045450 809637245 732941004 508416859 261159963 385946228 556359683 739163730 432476537 510423364 282272447 299967363 96191605 644261798 940892068 263622744 335979143 18560764 226385660 935459244 155012397 491935136 726759112 601479583 341237622 603577489 840465077 329766730 308512496 379794848 493012402 258287729 292508134 573170873 738219692 314715734
100
721516019 228371156 137443642 24925112 571246344 600838820 635525829 73128882 969308255 927389747 250082807 944306303 500941271 645381536 448082652 802441779 680072009 705856708 226964592 971465704 378395460 340419939 851777717 472282926 571676812 440551017 257445149 23313764 246310335 518982923 663413952 212614234 183008897 333049411 472691663 62962496 316105925 997012239 606810159 902354405 883176804 318281494 315053113 504187671 835149038 792115501 359897404 799771671 575441833 558253021 839163012 424706100 940098435 576252985 843892980 159284579 308997887 318326933 680850429 559586742 611291041 513369770 176841421 948418279 946471263 389000523 672111505 916775765 283969818 388188050 895706243 523839578 663338877 183807318 69616346 163098642 15083561 857969223 470903332 768499152 772764313 635021138 764376007 567132014 249068358 740204399 510362059 572574289 372603668 155359578 222548781 749341217 685866387 130908408 854603070 992105277 479220537 479825795 179785160 173027594
100
599707124 385962491 826340866 635826310 529457174 15147118 197754991 939516190 805267052 572316823 617731516 772760802 381521552 906152449 245552931 805826954 430179932 369266211 925046294 563776503 988935210 539551105 819958612 162444852 598355220 513732785 751485319 29625231 424792718 147542632 819170610 212546133 427950783 815224958 179553626 371894684 920796657 957698261 374168823 397052857 294487157 847881495 678155840 534832016 609097368 471546362 784071710 908948228 841680775 37536721 789297496 145929035 916790830 869368837 408510887 105200586 311506929 406571418 939044578 216713778 435668630 814308150 814615527 897918447 259940201 47008498 341363939 912681498 831409505 318993701 759373466 158664247 86096550 33652104 654203751 629747638 754119486 208402545 163238103 674496956 125315742 116371956 836852847 149832802 399521167 860242065 909711991 987495341 770626624 497091787 691305277 792776804 343825779 37613897 186555525 255805792 467844927 343471419 127093039 155533980
100
85964927 646503815 280585400 156984461 966856938 265574272 904150291 116298197 991721122 811602710 25053645 63902071 493687508 58590423 708144808 18913638 433595368 65443486 656369527 608173441 240967472 947689062 736895378 446603116 931694401 150874932 703604842 998383199 620748386 244040485 618915414 916732813 987642346 187765711 929150194 244498732 75557867 524680754 81225987 972239704 118822216 193801551 970340233 396392865 711394769 806921119 973472296 913497967 280608444 553961857 724819100 672340371 818264616 661906270 200939032 775231480 325335024 264583013 490901969 284211923 102848089 445547643 174813553 159356571 395394921 505909642 86254170 389749992 260556655 790062091 493744058 788010918 763498778 692150925 31566278 428729836 388625071 536901121 171204476 2242100 414418907 613486897 914824291 297823320 79016438 269855317 645617103 359730011 904276408 621399083 50620460 246280476 445466605 347977042 59775899 890775442 199585356 990340966 579981555 911663169
100
940074298 766624166 649477909 394506099 776057580 94826303 614526464 980031434 756296492 557738129 467626810 536021239 951741030 654113824 229919997 417715256 58723829 238793494 480584129 933321463 770177863 617759606 612844835 984943318 195045371 562537106 891659571 538835802 725040107 16605228 50686602 25452911 366771250 290379863 654253801 247347901 975818924 782761197 947862285 690693124 42727239 128221972 328131932 389085150 157535171 991105942 261067958 654936702 505610613 720754534 63188424 888483090 313101883 592583284 167399740 16447739 246039450 609180389 752248499 478486280 15656082 807215382 355001727 207653446 996293207 199002713 217901227 261903829 477376151 629289060 148846456 918045485 90174526 340104038 305154237 666306625 817953682 744525114 277861914 993481240 885286391 802695171 719537693 131194219 139281077 786568976 598854287 772677100 798290713 575684811 782227834 31358663 998262502 710952059 533581097 170437302 782880896 889881226 869447496 67729178
100
514768655 991160637 13131287 441094467 924414814 127823579 83135805 481564243 397869928 100204407 739443471 9657653 536260842 372384367 418157457 338335634 433014631 873372940 680448760 675580053 683536163 150876438 986850260 1659433 214808184 903991818 102659691 19810531 866863322 719828708 525806333 862112297 993796306 106842703 224180800 659372494 258579734 494044610 862797329 974333465 991029951 191497526 785330733 67902209 850041758 654714083 547949972 875791812 353928406 680366515 843675946 558380856 275963296 946668384 767475982 617192608 911131370 910872477 566210214 959160822 693278685 103801141 858599574 663700676 930132221 912665210 320191585 382955241 337312303 911948454 573612570 45951140 407534490 855165546 464241617 229407139 495652178 168407603 905185364 664965585 758709338 646527513 609127921 449889412 445042405 69581567 894120118 432656204 380492256 504040576 728658999 243493705 703592007 280687689 295885408 851933747 953163494 68611058 891484649 896702980
100
929271903 391941020 705007214 31602065 642768234 744515524 37909634 109072076 730679673 342542327 269013544 626074103 138651207 568093868 530172391 275775586 131465410 664247299 859572908 307647699 699614879 27224920 398895294 573664300 605948210 435190727 442873884 406591346 189079427 251887391 854304427 556517969 51026888 841997582 477714202 216427184 967425942 323689713 115986693 359569429 78105971 978626847 258999080 699922906 669615494 898744291 851628093 481526805 395583038 93090103 55887444 449951466 592171375 609508199 403663558 128978425 931818028 768710933 113517106 481642085 478288058 679965972 41909438 473847568 528390766 856739138 886412017 700520429 904834219 893192364 73797798 723450867 197723792 430587820 869309171 84721348 410771407 561329049 119474451 843691374 387784842 373618459 575177874 148930816 604966900 801611065 94687966 144666730 970472008 890609664 629199555 545291863 592502896 17926294 824003828 927165960 842570753 39672057 674638190 184120585
100
824827552 871803739 407279366 581570839 265831526 901479263 117081171 178807210 786061729 322468476 993209156 190626134 22500115 45598150 891776069 492175653 495432903 617244766 308655814 890285181 703075362 161285138 248085717 24550024 194047595 69132616 37201866 200070860 451290847 786067595 282452770 972918545 631963775 238877831 657111007 63260888 650602634 744639027 334284214 496027154 729412806 271553524 915750152 744787116 366758764 170747296 429471552 100945753 79474334 925651519 239607096 329267970 354055323 292084073 119250117 84484317 488521747 982991896 82135891 491443219 706467927 352822439 656964585 456420448 340010038 729044386 523945351 923063817 610373540 929824760 967434578 454178481 518928979 440167667 630037021 226633048 518266618 94338168 391278644 538177867 904910913 569258569 794929387 500095919 538886222 551641503 119951790 245051476 857810031 428439715 565422496 333534879 217669982 495077327 767916186 20865664 398931918 248808288 393153054 496410015
100
230260788 640676101 179814226 248413224 90195626 714788262 340061237 759636393 702258464 955745781 443507451 806373585 954365208 742487107 367668417 145537742 512453733 406766722 636636141 54160534 296856389 949575958 312502567 254414823 12037726 974906080 837244717 328597394 357823198 373837580 926518324 632796121 211243921 674602632 919559810 820405269 484451718 714349747 221983958 561189434 806622753 121891216 560787558 152039157 827054286 136850735 563938094 663696424 385282932 376159683 738640333 65578449 703072496 615911228 224707774 354358224 160539341 122772884 286606013 429905852 33405458 349975838 434060175 131283596 122406307 444702831 105333991 327246296 675245886 738330642 888718214 845305935 873524703 747271833 69968403 551762426 849554875 849555280 791705645 67865311 980308343 32103826 432009308 493734897 942191963 874958819 589310543 831504247 200112526 486585866 980681113 644916753 430651250 210211706 472065558 61221194 603656286 395339592 339274335 650089154
100
299295769 987382182 17553611 315451305 320886868 832749298 239672523 610171099 253458304 842530208 859441814 721462759 605146374 968164962 99027699 1731143 533618754 708152185 242370825 533387444 441147524 541326306 533795665 274505532 375391171 449138815 868851840 102743757 711759305 805692372 959816547 707058260 986078250 504264703 957627835 441650575 540535579 956676379 517741029 164505779 148821238 98029842 363966063 501491058 572467576 507052053 97623109 866752119 521832734 834239666 224176892 931536370 806290940 440447360 991092718 769126038 242053046 325726785 618064680 154275785 137050937 526102408 538619419 550856402 31801648 915192629 186234922 767099690 267627679 779040058 552098006 511248065 217063250 901061947 888830645 22992840 49786269 632880586 564146180 757479775 19884359 185278257 558025783 363337276 477198787 342813303 77650201 943256294 198132448 965852102 852013419 728516980 819972088 444007525 121569008 847022909 276952444 309082231 738877362 45266092
100
989851841 876193388 547500729 370075103 587573521 819845497 133685225 723856681 381135301 111577826 624127042 796894828 309977287 488607934 452511948 152893199 653150220 116311815 489225372 316498557 950468233 437533150 785005992 852925386 153010777 768984933 619468758 278095330 383477446 44364941 465707527 396213031 163617601 55255147 737305801 295631508 503813499 131411750 776339192 984757961 826855877 33757454 739389480 468197603 558272241 337337273 921246949 555577909 556006725 954354313 929309115 174483575 856927994 101715367 790492090 851056135 672117498 625197029 231314050 56625374 750757090 516236914 188786472 401714130 546231259 437324878 239069197 541251637 264950816 862387740 227705398 427051033 225887661 639871704 843483891 754338852 541554268 48527074 852121915 611346052 366696057 26095743 649112440 645397529 676967437 668491260 9209636 821360643 82840530 253166417 509902712 885848132 664600502 207765927 941823937 136453706 20685098 763867346 947588920 867588175
100
478068279 865589290 43678003 982474830 115802655 659761048 80236650 634647489 564851469 463553202 666212907 935602722 181989795 476030977 119474313 182616816 330865783 105116456 373929910 73228625 589280959 173003057 515568077 564820057 348731796 108093409 19456971 472497254 750181107 995741817 11313353 534750456 336144672 179032030 412809163 884343573 921513905 199469707 642373509 150336881 20159196 970582319 302391885 241417112 87727943 668452941 619594725 261976481 170757331 233252486 507292527 586945975 406339018 973195333 999538022 867388821 948870409 502645643 985218521 231259428 124452522 517777957 741509538 32756175 54974449 683817361 436028306 158668430 512452023 734600174 444939469 49601902 771626635 379523306 843556655 548325509 864314636 215520832 732852624 127331842 949966381 670102736 596276387 758749204 638025373 150816625 177121463 824092766 755827518 32356683 648073070 387954698 503788352 197689873 587536768 534813119 951671611 995891726 165853974 985839024
100
124797989 996312062 280236245 753020491 571581322 84157113 213999637 613986618 244925333 493608659 267418060 473394034 503297188 337628560 739665246 322417290 359795307 729181892 115284049 653215939 324664939 3758319 928359695 3398390 85250302 862267432 94011564 310872453 707000835 693410564 716729259 78042593 638819510 157366309 589140951 798193372 47861853 361318263 871959941 457984820 319175388 987097424 30538249 309850327 381295710 518651187 152834042 80016524 535408566 460065434 824639684 170428850 831030905 401121036 699204814 708200541 603996211 969705127 669206420 641458519 309416317 180376053 812491933 166158163 520230736 572939814 558055303 724007698 180145092 797763226 823844267 426471538 218551818 645393796 690074181 873303606 691485653 431899589 452631274 648358751 923618895 731653573 791644090 709789357 871415459 579132975 675005096 56208554 327558701 669624148 920635168 421935638 970499286 201644178 813832895 475212042 40131587 932998856 666085773 758312424
100
750424529 808638726 540405993 936244302 347530310 420976968 558562285 497872923 21736965 37042792 174031947 731040719 452775601 29270122 672281275 320109315 233925000 70972696 420808652 127112612 188625751 830954803 521904121 945260482 537855590 38016912 919404378 319196631 475954168 979521362 510665986 974715363 276605658 726218909 684266080 516579674 536332184 790127544 32302800 141274963 426516388 809999542 293027986 782879934 995908376 343687234 349395629 868270968 933371145 176941191 743260251 625277246 168202911 451971849 645327319 308179392 712381995 265139437 179994941 747449147 758466116 703892516 169564076 434938750 287263302 829745312 421314876 385641882 301528609 761039232 344178551 404271384 1987202 971757542 825261374 873739380 800391581 938015445 199977854 241055216 141314121 310215548 448712171 312264625 2341445 543744326 130139946 276357970 181455217 17276852 66629232 131341222 324884920 179058179 333294265 314146215 173416534 724112823 978909793 249592037
100
841114764 958311106 874561906 821455546 758073382 262874359 694712011 577213109 452953813 694826836 719860969 515765399 489423443 513037956 507272970 794663688 4055954 262756434 843320886 821091411 419438020 753022295 247390619 849548032 187250518 225469716 340915610 470472621 802859410 514364277 732481896 985056656 301564434 549371951 126314333 587344416 6494474 586465764 556068925 693633657 957500343 742586661 673611934 824533349 117262423 254876303 139751169 829927770 688847308 430788230 577999368 969321887 668022929 318327346 811057484 724692791 44159484 688163743 71479467 771905731 254488067 903672531 691096541 108618273 782079923 831948320 55632976 708067752 643826780 20153246 269151411 147721272 728125300 736456327 842313237 362603428 506012217 606767047 290922918 315131425 974720676 443662676 7139078 511839137 335274143 112785139 852330700 750310883 407943514 449058837 841017259 799682665 734266581 211383212 151515511 60443422 201875932 755059155 434709927 576957013
100
527747847 805162952 592004602 514690243 682043962 643858682 208313408 39833125 117601710 813371915 464244213 978341636 762054912 401403958 671399657 640224669 607292201 188943631 911958393 265321313 408949193 692399173 567698159 602693580 931525298 894453116 414364294 163447638 541864418 660298992 67553532 585885087 237067891 628492253 972620203 664163859 604147892 418349324 985027165 889003315 207264585 130630707 209744418 541407593 867724247 679659287 668065814 201427492 576301903 161831180 453478826 517457945 613854954 531896200 312699740 364986381 378562856 464029286 236780178 101854451 113211939 761109173 2850617 291527635 472377269 757756805 60045973 504067511 250765399 362995342 416765829 354885918 722115076 574029242 496651947 145721651 133782925 820239774 153163450 859924633 962634027 682836229 8014575 371985924 79144382 599875259 141158599 627167049 860723781 227824353 257483531 447586501 733323578 533532498 866845331 314791215 319417932 301393974 496953874 708109954
100
719320889 485673992 549948088 335939782 859149429 472603610 229223633 363384423 20282285 401949145 963878188 875834534 875493845 665912651 440884311 964785928 804719126 525254137 11796103 846030779 880494832 722723424 112886041 918375561 19675908 566370413 242876087 689727982 194530750 512503076 244206342 56739787 785821970 416715421 254318762 119748622 407244065 999203593 950103188 610111641 181485955 130517464 407057376 824877635 39503212 98835528 804525968 794289890 387857157 5437294 695410305 685697519 661434081 722172036 181466357 135440670 727310645 791957523 383222882 699611243 949530154 605068104 148807480 721518419 946471819 362064582 105770047 166545111 871581085 533732468 438573094 476270514 488875642 714974510 825372049 847754057 947355224 181055514 637673541 869547181 786469359 324782837 600341112 342138682 674884497 350958123 207920109 148943435 160709463 556349620 17109387 917266985 347794553 106483510 8689943 709830403 773978508 185087190 997020836 482090160
100
163202260 286318933 781768508 100226716 675543415 920399035 601500336 175438510 307624153 931302943 306281530 92511976 902791525 413835306 375607615 944317994 745777879 485572103 63131909 912897236 21379687 354950180 706434202 164734974 918261850 978959609 753339814 443086472 834192604 286784532 103159768 618584902 61733771 50746697 986457134 611917248 702413027 678184883 813003084 174899075 487662142 949422919 624920907 125976548 134023550 269100778 668069659 229408531 328030350 443102649 912618488 598808630 5398101 419363038 492916321 70898391 476735304 636123535 700632209 408234862 628546057 341334421 195543216 881960797 792422569 538314716 206378511 621668912 443240455 800106499 32389457 435778102 882183706 966610346 349806653 459649657 612019727 873778368 959081145 312912096 123200131 89374457 264664831 897245016 435722641 357278299 627279721 10876262 973106346 469303610 104020363 652546444 757088170 726193386 934476451 250389310 888315279 992443530 878383517 460882143
100
859820686 191647708 23564090 59176189 481509639 574353866 745219428 296758627 971859446 932701176 618004529 25806821 861094214 660345295 820523831 144922682 161276202 629922316 121884561 329479674 324106782 574055672 2826441 289707638 173374043 5622946 913360234 613735845 676602815 161145999 618402224 601178521 148366487 406468953 323923161 805968727 575612044 53214980 353614536 604225401 175766622 304702447 768957058 650025982 441896537 675302468 474059215 997711986 916465347 274423975 543930149 966524042 182559361 998396695 936696660 409163582 610631646 136001780 352658161 864858704 538902825 212927857 612223020 308498392 482178764 957029048 343026561 964417357 702025435 474822464 877217959 815777814 787015606 487683703 224405222 534180446 413547560 355517573 221167698 60353918 937580295 149997347 23892837 831735155 203622107 701246707 393862380 620102813 132193744 645407241 78415957 84931357 846759031 905649789 847916964 252931148 394877438 453064346 993254457 669171586
100
616629048 412011177 656741474 680117447 382989917 438769391 16635298 460076568 90747197 658304596 470176500 645539263 115537142 244987273 570488776 580306493 997422446 172775825 284660423 461028115 840500818 278815906 320104651 676365606 891369588 381418570 646941914 571157238 105538794 135978672 233255093 878550960 700255930 581968966 141836279 273190845 269150380 192424972 558894187 218212565 418282401 814084785 624950329 987976429 134387179 731046050 91511078 869633280 264423591 811611934 212090486 946909176 402105661 921270717 810257925 997552960 223284854 540855227 26971020 883434514 277251917 218610745 263059777 552462854 624714649 324802418 122436620 509707151 513437662 812235526 227480628 809790258 327592671 437005876 955744388 557845972 104891784 290648183 718807164 104701590 299388359 471779638 88076516 798200954 532525009 200368839 183298155 715155501 937901019 734873635 372133737 686595327 310098660 429163583 146626632 382764600 598733886 101092917 332801077 152124580
100
168482050 191807321 1236707 728690335 891579587 248196901 356428528 171857741 812815132 198443173 368808551 140409357 376956412 978445288 269696543 590679776 167708259 369212460 645930311 398202195 425379823 767359943 429139855 745390726 627452389 187664015 318668452 34075872 500794302 714485435 811175822 731001761 17114681 159803708 235366034 169966464 460757428 384196290 799675166 682285639 280380772 61701070 410898485 98405099 180988923 93935152 924137112 58232142 859851602 933673331 677121898 843242334 778380898 444772715 206918609 244636947 175366277 563108948 507755860 98235802 295547086 485734121 53441620 998057024 83709068 949761058 753824289 44120301 302043176 359567149 930679327 516428721 521672426 992589338 194036757 331715424 54134118 48024303 103954953 240227089 535092824 295028484 545833669 269235784 914822614 483476526 108985886 456502047 266317733 164623976 524328924 284899112 979844802 788937167 598236430 538763967 456832354 56316718 918481 127020804
100
499542997 623645591 118185899 202506291 605758619 643919583 761220855 90850287 570871990 643693122 651307672 918689778 175555793 191258791 180360313 631270044 553646044 572882908 768090659 395896217 678672630 242113127 783333700 322257157 576039218 252341646 142778486 181363733 603425812 848866931 101474542 347459590 261100027 350587152 869681270 46403472 390987280 965440588 39588218 704170705 15362974 705620812 700535169 453561197 326661809 164399915 358258435 273706904 140086481 222926641 573473711 810728959 347047800 643416891 998518558 53837586 360827201 144948169 451157639 823525389 343527084 669238818 942439447 699470987 759686320 308149381 939422659 113570688 777045714 834288045 180925833 643523148 458079275 324705279 499852625 203404109 954959604 5402243 66644666 239224810 193791560 801767763 404833094 701120010 325685425 891823559 915736290 104519175 924561019 829980328 819864082 565307906 248403253 190241011 629101464 801144262 163165178 323074894 594860581 952323366
100
844354807 68596696 171958471 497504671 159341022 838442802 369645174 339915640 228359732 32307045 774856312 426740016 247375773 961297036 580210054 81327092 250996397 283544528 244160189 486436054 838212662 44526604 702528846 699025345 179271220 810829515 880913128 455762313 75230756 433181042 944537365 406055999 48751002 423161541 548745874 165720006 763924494 96095861 240335364 25234325 458401950 157269901 352992538 577517489 693895891 545085299 509507468 644282466 381080830 762354669 732342632 70928015 575452841 101562446 61736700 297473457 267672200 606391685 134667843 26127641 674867136 642269382 745107789 355853978 807131557 803241211 928787666 65041946 246746586 811418238 10954351 31300283 117655109 662023902 959592322 880460657 259070149 557886950 880459112 701530319 582632633 96940996 281887461 822161730 679681734 283273089 254498136 478975973 938954549 99815976 395021523 996300420 605125577 55547492 107389184 524890934 832083596 27930373 440190123 249426404
100
941241097 591618304 480599164 13260223 88814426 524147941 9647299 172479194 167559365 706592135 38154990 702887263 144882159 432982426 788464017 562685527 119893596 831570562 118952677 48721515 827020412 361339719 196479294 176677084 555166543 895670030 30064807 775652267 337885359 37696133 288505664 323205985 819577108 734147652 955477212 890982078 680058457 667212661 969600389 538824646 222593319 721746753 720891674 288455909 517058525 222266633 264679273 62593864 551056562 64168958 671870812 839712839 284741437 513069035 148892145 113783032 447567452 779565134 224390226 159424466 991583432 390252583 95666514 592358878 994333747 446901046 911823370 660168034 328387707 849032147 489627639 129043511 646534313 167415219 156832254 254806247 513769701 67841501 547786524 778677862 140095337 431814245 562749928 376851867 543815293 125798648 83133716 234483552 698836378 750703032 178625979 172562058 241522401 794699387 540818529 619680166 373157289 64779887 787398067 943699654
100
322781333 262503517 932201038 250595979 258952325 286765463 770192998 405802559 685296696 377707797 651246723 387595321 236443147 470659600 92826439 600503579 447080481 398422381 350797000 522838472 498691105 770081152 496728074 557820688 695064499 773117822 840495366 997648885 397122768 817084710 583452399 82490664 276989449 353164426 942167366 282961014 672848997 996380786 638804405 223513979 723121412 897866194 849077983 632108898 955878297 51062694 764653488 224067166 393482320 355652291 621688785 869930535 668933313 162835282 12816132 618445288 894286001 732804111 462964556 559866715 432795942 434120194 509423430 747934874 477803229 307551777 384840048 492665764 945351877 999722195 540943410 570469553 265392980 633732745 754249138 854063796 553406760 531878112 791688193 450649763 186192316 442546293 635349805 409950016 326333459 619784763 900014078 150192687 543929248 591244889 697556825 692771706 890843993 265121040 643025802 842388606 565705960 393618324 89520770 831301112
100
907267929 511732306 505369211 772601420 149857403 747645280 461489004 40574065 891386682 218683076 349194340 291539530 704921891 413141140 770070355 199321315 314399773 56912393 647277092 662404718 962099176 151493080 972331076 918880395 100561037 163170398 805622525 82254786 475701108 126175029 963421818 117890636 326236677 185001509 383801249 776995371 529757699 818695313 788253367 644472171 823494391 789394492 103892161 759583979 502940313 90846982 368222385 481416169 252550290 648688275 145461655 70146414 501962952 987980230 146230946 714583425 292715456 230237270 700168014 212657696 190394792 268409970 705570591 5640353 484741252 421891605 490707803 317958732 493577583 721345046 879748546 685119523 831980519 789598604 445358460 44423525 429738670 40458333 227533447 639344561 407140199 584495963 405230881 88097532 912161849 90732790 952438899 602257261 402303055 227879274 869609321 302391747 147039770 498122869 53181411 561653386 363655784 274633133 587270487 810943310
100
45224652 818892643 307233488 792863930 140369635 597175694 97965050 101799010 257172218 861658480 52658953 425610868 288213193 820579866 483006845 923958066 364373205 82831072 991631501 184537688 826865123 593430135 732887749 105381212 611402749 347559120 402817549 130161555 603420360 210653519 570749602 233539818 431373566 155713684 281306789 674749365 493973936 18582250 124952041 43168727 334404806 131336785 62064830 945129836 772164203 55534674 734875451 632477101 829944125 781094194 155417374 835498050 624743895 441637964 177252364 889093025 592425815 441082668 526674008 417767019 880335778 566343378 298092460 238514551 32590449 371448656 78903557 651576944 314196587 779032529 434620921 702643645 136368741 720959665 667179649 63688993 129107916 327798446 906936331 851450041 732319069 529100625 720414680 673256227 387065184 679674746 131474840 478668555 397259392 333159383 690962329 737348703 49937167 982770713 740630073 234576428 518367817 485241909 454706970 750327075
100
171509266 995826891 670784402 677690009 322315415 52941877 443882516 860327515 936296183 596093475 381736208 778048735 722653880 538819654 315508801 796416103 475104764 737378188 817903054 483160843 776259456 817061811 447355826 381676633 300081154 807197142 729469867 435397202 382413410 207968242 364038638 970981513 15609712 691162952 288456934 967322086 688977845 360999380 828495088 644178697 415235487 475774201 409879479 214989918 52575300 163025995 51401817 939088619 262804802 405779838 518699147 47077156 288294183 286265628 973812295 935557211 107300660 484334095 289412088 854883387 152507418 407289050 110488634 179579642 647584448 886058501 109865033 481905200 364473904 821116834 237376775 343274056 253123574 30770314 605869584 101633555 816022724 179381907 993480927 122837370 632095655 675690312 362328019 688097776 968165534 129472204 62817363 996902873 618462524 916956871 750934157 283762320 270250876 685686716 565719173 945872280 198971763 340401188 326462220 961466293
100
978133231 54965937 593562038 226855273 476356859 404455197 586104813 550902 7877551 521354723 356637065 958533302 460637622 471474191 8246826 386698811 959608419 453850053 23665181 989968801 618106356 317982635 442387337 582373800 257708756 441135742 191536940 498563999 794326292 296149299 895391863 467556362 567687563 302090987 828138651 281491478 671967571 634682024 429794843 528835775 960992562 718458003 372488342 279533227 117334280 700255606 225142098 502499097 99393042 480351531 664444188 313956054 353676373 437059459 817311407 957614105 485124862 216091998 964396754 163788955 972295924 734809901 301968693 145645036 336331069 951026373 75117888 458271075 301770490 588309276 668678550 919295338 361605554 73885853 575392785 668915680 530648136 267335891 856834000 275240390 494456078 847949964 731206701 688297297 279043650 972738026 581202463 891588559 793854665 569950898 708265163 503602165 92008435 602934823 754461606 609997945 311736058 53829302 604768438 998057342
100
513909793 270068961 884297166 472613149 413237607 136841403 914681161 388645808 29979134 606062825 729306405 794087425 578230255 947257374 383007374 66102157 73361333 720885063 665919355 22498894 613242688 417101929 891097335 93540053 478608807 737580914 697198510 230319638 698515828 811135583 605449038 822019600 122435241 955318891 242099672 974716920 361862643 289988950 981347493 204546376 30197339 722997269 975621523 819498045 106817626 154701461 989922724 854170086 261125424 867134673 423938989 205845277 420155658 223571806 571588907 908186738 864106 198993041 510580001 322165753 465205904 599097150 800207152 97229647 778054930 966556597 63556393 530737819 977657613 585083702 863033111 271152420 588037740 898234110 21309059 304058785 623486848 704529786 625256858 982418904 842111889 965980674 977133199 479985663 506985391 380591163 891657016 306608386 992971158 780796314 537843661 224745329 238756247 217915660 470143320 703455747 335917368 620145149 206083483 293533774
100
998148308 937896433 305037444 128478946 241016109 784213040 509064947 34685930 452403209 882133334 125594587 15002086 87470916 544986423 736126550 355008236 639682736 887826837 73286801 488305583 395444441 180273423 791940016 835889809 392133124 990813361 240549889 230523217 938154857 751015191 742143536 93022944 921556548 906594251 163431825 595372815 793897150 925634079 53155217 583540631 785399537 231546534 845215859 172479171 204525390 341544290 831837250 68928639 147202399 701575975 32590820 268290062 184321207 984529483 95109854 818118993 936648393 872300836 126118629 615664128 400612686 960654154 642760032 880615817 869487705 37715444 394747274 189366199 547504696 353737906 7131906 344913298 887559500 236285120 663372700 71269753 864520238 266275571 702314190 804663780 948174157 111844412 715826436 154948169 588658066 383719937 832276962 706089921 989156532 34624728 861271978 709212954 719076807 698071359 542662171 976045510 816023281 22243257 500853962 405929742
100
629516753 604093511 490259668 810020350 254681449 573125632 776866551 325912218 961430360 769357019 445661402 237862724 305568270 522902435 7696879 893606738 336165033 874619354 957579684 978169336 792368336 115350769 609693110 80268110 806517483 979936219 523973333 954221152 291460160 666666935 174144571 683285680 966804430 614129987 258526108 996275688 751770051 498810112 366131164 805978085 963427348 973536264 330524343 606275345 848321867 5080930 427017771 637409854 14974164 127395153 327038747 635651565 159011863 89246906 720367194 335139201 70571621 414186441 469497421 942256147 5084139 830868990 757000604 313726182 410213665 61831409 700707553 806826139 784191283 40989797 608357107 763695512 119070378 217518625 79214327 265590649 644265910 31335999 690535759 600726748 738252977 932256674 489483018 276038639 167490963 460096352 77499822 703983047 856196404 484754840 958311933 749486876 410531547 786075265 200917491 978067038 342944609 689645566 460672466 243986032
100
115774390 219623547 350163524 895981213 980310695 763243129 629525268 365669032 25927353 969803451 701032565 186122205 639798489 175650380 791935615 325832768 728563905 402000611 325023570 65891650 721844050 442741990 389527711 835596731 258445779 122068441 894900040 188615357 777687300 780958752 171513670 984309034 731894438 237009447 425693235 951080168 299412782 549675863 252188800 215531799 43607955 81348330 808613977 551229354 768872422 269810172 729152162 479430203 391410632 383783948 116539025 971579936 180368697 535129052 87044974 879224120 848361926 933552796 781449619 56578407 216191801 145020042 211905869 410963675 661507266 842701154 408858545 269728501 785971813 866069024 404183737 130449351 841311470 15350050 186296350 435372875 654288801 655195899 784659473 503164500 952286828 781864856 188080511 575256190 552212261 351000367 373734606 233468985 756752249 423754503 796042540 73064162 154465641 271922545 328723326 449447672 835498802 410967185 934828536 770437778
100
48196758 930903417 41292415 8060375 119159766 860506650 85273452 326310250 894697087 491692988 544208016 676015558 775587160 460927993 543232787 114196454 825105570 92761726 207274863 404013995 450609710 389413709 937534207 368547638 58648518 773553422 3128310 946864573 681265059 226946234 706520246 571737005 743266067 285568059 388289678 183425054 774750965 329310577 682344056 868995202 447450554 139155143 551187000 67808559 831557486 69609994 686012827 273451416 465333603 650301435 554430122 829726415 828559931 615443898 494756861 896463391 57422791 18049387 977469769 967017138 324801772 992209536 420974726 503469301 562837177 88437799 873387840 301251364 362089828 840881921 189008213 19406054 466985197 361673078 436061801 862924050 108130205 635244415 176936119 73478900 864730765 609055081 521440808 151598007 911361898 87624785 215986626 559782232 194405869 481372325 155105136 551672259 922046647 643362098 56359080 677139593 515562287 430016526 34008283 127249371
100
516604348 698070995 545116186 358922650 797517902 55729262 199048810 874469573 367612380 836141498 876511201 928845634 995257665 757509666 284881189 47512667 700238156 258363736 698320099 256073269 708839413 735789381 48069018 236298918 598010250 605141384 781044345 335096972 675290616 694502720 899637423 613400115 961613931 866667767 59238727 73927121 563746656 777887411 171897036 229196403 754594703 12255774 287428811 761976333 522818875 585970779 724634031 513609501 490831073 471483255 330630845 994799274 396853376 542804449 282917354 685237154 948682060 261137517 732409169 756230189 160869959 345132055 251565366 632688985 950498140 931196516 870164510 304291421 161044808 784049733 136684260 142500955 278763838 460022132 590770804 846164435 971231274 156808777 942156746 586975701 140188597 931660743 163171873 1936445 22514975 614264932 660413261 785645377 779487813 963992856 219648919 959592356 802458952 297856687 607765364 360663985 211163505 869871055 414681285 790151453
100
392179782 742778055 340698107 283337696 879082348 861786932 806020496 573389552 529104462 896608001 538275543 885892984 624170919 76709847 40494102 243512304 969278414 771059361 377261462 487669451 377151312 337600521 471776415 1041307 291045628 319957005 328151767 957217379 662113091 392342157 691512446 381843472 832301749 43849547 373195778 231758538 199120681 455007404 509185599 811109869 14826355 27321142 929676438 555925430 854371809 51189368 121943686 465108397 68597760 79223516 541323345 716525124 227861995 601820264 61585085 207477760 26186822 164325739 624964921 119869525 717122742 406218527 428736439 945629942 558023641 728123159 519283862 579775354 20445230 9707775 761995140 765231513 631304465 708114743 12769342 429562578 46356367 160013329 277033577 581990055 895609756 409175820 871581566 525409261 639917056 724227199 592323534 6660129 258121503 723868363 726655744 806800301 466737013 602008025 579376238 209059802 398454649 823463499 224514760 582560576
100
420741525 324224585 4043442 793333263 893811980 260009314 670013107 596185837 734370460 666185403 78390951 179795668 379367376 924430666 103366752 189254810 123595191 903278242 511218980 760902668 446621348 185387950 348443395 17199966 160710903 91757557 40452872 586044768 8765809 513513391 898035793 5900742 59036375 595925418 258396855 190615288 532301405 927406181 129993518 520300655 509244298 539084868 819307804 766298341 418365652 611602673 891264016 123975825 826740882 587882306 356015941 250547104 110082079 481956568 984338106 548689367 938556995 532293681 48512693 557364923 770049801 623691543 738050007 707259159 936847653 192498695 1351649 252969710 1342284 536530052 229012741 667923894 245696965 505181035 337634934 989956541 128707915 148118777 75096107 620597693 245091953 202259441 383486572 149968240 108867966 599729403 812970387 97169949 814690899 209201628 872561819 177830975 218259037 992419025 957082838 897703213 286795914 641031613 909164230 64067601
100
698540246 923312893 112118840 49213309 807200720 606894673 446870533 550109140 392922731 74175150 971988840 423516304 121911390 650140852 601245124 240622094 705891199 523192647 595934841 255299421 757227089 696838441 581923718 552044274 36287006 586690548 673691318 306255839 665919036 8604934 498187387 198718774 709615135 65020162 232380850 691910534 26240963 185819410 744149936 719891969 434892095 735081984 929247959 798118812 216602170 471904147 804306657 678975640 422562328 703929024 119765039 190936857 349438103 717720036 281310281 257135190 40008312 322283484 314798594 134379570 928787003 451406938 639003336 127744962 82535763 174066700 947612024 24927276 240762748 396584794 198834536 518981883 945279702 737009476 838564964 790549142 252736887 57248671 160665951 167839339 635945892 809890568 27212971 224151177 492692092 362806562 114308076 836936450 589443719 712550379 396977353 200487682 151195388 983235850 86499843 64699429 272029241 984949431 512353329 312592422
100
343008600 829839232 431906179 997223243 389965197 932358594 802286395 181588081 647415891 694311202 993615401 518546755 668009527 215015595 586657706 630893970 145983392 210874412 837575441 967368006 824622501 800241972 243234628 557017121 76608052 767507955 817089148 944824946 430570458 696386307 659900025 246328349 747897947 579459468 374089736 381817469 114630413 931715015 438722100 766798688 426332517 621198550 790744817 197023626 600975676 116401238 854395378 826020399 397205321 26013511 498077676 722651677 447048313 69531314 189887417 888308371 417347019 580613025 653421782 369030845 465091375 190664104 95488633 750417740 692468616 174347404 244550578 160738113 621646462 534148740 954078947 249510642 190915327 716660010 136603226 404331451 566113157 762965157 93827154 91164410 181950956 546106125 414827641 734214422 675990700 808264705 389458637 722990577 225149255 470439821 877217093 221649013 135420946 664411220 665779268 135864457 360913669 322925632 392641283 153207567
100
785557734 191387941 673647954 976625657 827598914 751644384 517516814 658959519 827514578 86270838 329926721 342311369 500533384 386915458 31862126 741413897 344571152 406143216 229761180 23972093 229638063 985528905 398867800 215050623 547293541 613578572 809330685 300984296 663035863 124378452 469055145 43194288 533088998 712230403 925601749 225889523 389253622 632451932 423909183 24067822 23965443 98107382 565202379 804964109 483580489 494476561 974992982 364752176 193309563 697311615 75313603 561736666 912095023 103977652 888238540 153586213 552569297 8694999 196964091 900098879 804526815 246746452 500896303 657000838 990440392 913580180 29011115 979692584 974337107 96953896 890649976 758250602 241610692 617281085 18495037 662892222 71821176 300388286 388132223 277242823 3499355 764711233 396812008 183287923 13889257 328232438 196788349 229051391 295662690 294476906 524784869 321660116 161529611 685205275 718629086 442193479 524529823 952433760 844343589 340516387
100
107496677 284084093 10099097 590074927 829704478 663363695 514659463 117784830 251970676 335254636 10238879 874459711 81558030 302857337 479476872 893205490 421865489 117942521 201804839 869034792 198315663 807285850 330789019 752479828 387871067 270965032 529877236 831262233 979147613 504689124 500728413 854107167 345694644 464750450 488415065 20993860 76627626 178476438 941187819 416835692 609680992 818624107 240964383 404188857 373535688 467380886 546778077 553567371 879716531 610026342 402646433 3654745 894412969 554789758 224725750 997482829 290515108 839574809 48248108 782016080 594814764 268293214 109957506 609543121 310248667 327553413 780909368 857435181 86228383 782724421 658845815 623625546 209644042 112117209 667207860 813238112 305860085 123317462 579943205 287197721 58800129 733626398 457471840 573868831 522313896 996717314 320033531 704504773 286333576 910390487 482696804 776206176 133629711 811743439 550223411 205236993 485403410 776772036 789981029 718923257
100
221315370 565736918 889889409 177942010 860661435 170360060 147307726 909199652 726717223 778935961 610567494 31534720 888898158 781081100 756617504 986272218 106208610 666819141 646322626 90953089 976161801 362260233 356028901 108701977 923996775 300991553 886118638 816682891 865493936 312438301 424197404 710180834 549603417 251940084 968073494 848793288 59195804 837721503 498335032 132793422 946763020 67015500 958832885 968244965 428962341 525557147 114180030 184448377 536703926 868218114 16177600 512067485 560315873 730066595 465060994 289669795 6321355 499535970 554348824 43765311 414396126 718744374 439083224 492146593 970213891 565751806 63298812 532634434 838119429 577014296 169717334 767809955 200168059 971759467 833121585 374947694 6788596 568222506 121214091 799063997 896800919 612469753 816101228 978982860 530431489 646177115 113470244 379183009 916926812 348488195 922101664 311804844 598599415 341661079 912158278 885669320 618411134 406793927 726128522 964208165
100
586507192 485615664 261235616 689172427 263868172 257136924 581581404 617874227 156796891 395131559 648858970 284374865 493786775 177632610 53029161 96387495 939317 68882985 691063064 770260004 47164747 617861643 128619685 793349287 332196598 324292450 467607283 318921175 50747122 405638849 380627722 840123767 545364185 183621772 653834014 295147610 760774105 200599374 855970370 400653877 585359987 841747416 340848388 677252324 252106842 207601530 43386406 284418805 836261639 123528322 331082856 817886345 626226599 113431054 21681064 685692725 30328725 858358985 504798881 503621444 421268475 323156271 182228585 155738166 126191915 436830199 585314095 898764101 432074207 56235754 539749660 24808936 84091019 895117527 219660195 287304252 741761767 133230390 357410093 931208644 262706961 522301442 588438338 293660555 668214781 599682199 144319921 449414784 380855558 783647328 301674022 639428069 961775691 284764835 518820430 138223197 132800908 113040402 176092850 236969115
100
163145642 59790075 774882753 14433922 267119822 348712045 854656900 420777734 644176709 176986414 787846382 608802045 485646333 162536467 533079528 56130867 304512365 322036633 515721464 199103658 531130733 162491760 121485618 203153054 285122660 648407248 372250592 237862863 436522066 770316639 727662930 283384337 137003420 953971553 72403342 801589675 702442418 580854169 382014342 824582202 426485108 371261954 769768455 195679377 797315669 371463229 405352553 878261727 394844331 651161412 370402271 379176319 901162089 141755533 955579208 928300504 864116132 242652311 947513897 494362735 65719849 495084261 87311896 674048018 446252465 255610241 338678772 995490826 433966684 721584322 338469699 279649016 206747401 668536868 373500382 742506719 151980494 187639744 466421150 714191229 57815094 783297065 560947850 276555794 880643003 768390323 334959273 966593027 857464351 647984382 391070135 711151003 342345880 167460408 941504227 211831291 528690673 744692948 20316739 357062627
100
355264658 518475922 668195181 648053770 197449693 731430454 851852625 91077101 761746628 243798956 585966218 321705077 97684299 902833865 398344009 464385710 354039833 219566238 636586092 769546884 469276835 413623711 35856591 647068192 803018066 157934449 333006354 693036538 161845534 620754279 233848245 168218482 150071449 881878027 81251303 330130713 313535036 197762201 434476753 751097580 171822764 716760108 209495497 169808515 102421673 857119589 679275556 609820177 163796592 210853067 172719569 728432147 27795976 237055649 297434921 77492702 930347530 384845971 191925619 920270495 262339898 322709493 344961778 377319915 376817655 35078380 397993141 859260824 601226543 194262930 235958601 634836934 213505992 887898133 518109281 615120046 204510003 92716958 422004513 644455793 827759305 643285594 656169059 55221544 20815794 200984677 497302484 366806480 263745553 437655493 978145958 360400352 629230746 707117541 709413024 773492622 929814462 406255805 354127586 234933667
100
713457619 791728000 327750604 303294022 998960734 47559145 523419325 291583594 918647614 853075420 935196120 628274283 533510571 794928155 261925629 241216245 18367773 617662290 121256970 672627571 999324726 673588741 282803552 141478502 315986616 933964502 957805829 55602027 67769065 22941005 888851922 271257814 357361324 363139134 748343012 162075586 992462203 938966839 283520023 180948565 186470010 408722173 59200799 177114061 994872782 80949976 20599085 428992149 3107302 676596815 464143205 491620992 271864494 660390459 150165816 670542457 590135511 633891892 316592565 280431400 523226891 465621522 369727046 420199870 230294148 944583453 344720861 236127231 180206156 330781366 908995051 311922395 181007233 890357341 988690261 414712687 373839601 379318098 833550351 73058448 400323013 996935320 310436838 687822158 150820204 260845372 297397413 827543233 765715444 510443737 790702909 247276718 288160848 22242370 442143482 974331338 51095812 492217535 227853095 597691883
100
225862103 637147025 694942751 249650175 794337290 990735760 606171470 347110887 312322131 130856509 995695954 955294697 507170064 967518266 592619720 536624299 119111907 827681548 994020873 342227176 13680646 169205210 915530817 590430360 987955428 37280266 41087617 738726794 79036654 442464422 763591729 418240516 824008169 34727229 588255992 605210003 765746734 677884504 445262787 292205641 385968438 367687633 969865736 946753127 592899809 180543408 184989585 278455907 174752234 72042008 203796613 924415457 548912058 382644661 479295003 753613340 670535562 174277258 157180002 383201870 191799323 759934407 280989959 614552738 377891592 899671809 752000883 111564136 859434717 445090131 527029705 314799592 876063526 448505679 421409252 256904247 106822469 172441993 951719318 547571067 742092320 111223886 859495734 658862923 989815238 403440325 916809546 781540689 666238325 355735186 410099814 921773709 245676660 535746629 100527591 394038400 436070777 114015404 144085748 968994266
100
906399957 692198455 604914447 869455958 80342956 594732705 986750293 966247464 804943510 663827694 748319057 457312963 813503941 879285450 452803327 97039359 884826530 228417674 788541832 800884887 433181883 755061921 662169704 46503659 691005812 941517815 690472538 231281725 12610630 38142802 225043995 683765505 516983693 648533816 89542841 988684248 719211591 190768886 959867639 590791743 262283419 296978169 3726691 329163953 807455936 744511890 519173967 378714627 487581601 584835456 37052793 595629929 480229716 494166801 76289888 24322646 764903881 637617642 622898589 94552911 332268263 162060715 271977074 224332707 915024821 744300872 913773030 191216634 206797590 312722353 478854049 716372429 694323674 935652397 233479069 727562849 121046275 375229990 876830343 29786391 158220124 208258446 18875868 930183791 665782303 153761041 168308467 879101100 993607572 788724601 962907871 594353417 660449345 609427504 201547507 36555416 205472040 534233505 857168176 148973644
100
171208449 108216615 483713933 768406964 362893187 415818910 928603107 366735648 65562212 242291991 534403215 450032187 685468586 572048989 852960446 778337205 194000411 420239700 497236521 476052584 574381673 304453009 827748488 897761609 772443179 167661349 564349832 407045393 480376879 170392050 782185161 431395849 282101620 64105934 975015649 414888983 167640735 56612160 241329037 125291171 87563320 601639255 686801142 48554821 912443040 932137310 979467558 962740388 208756740 526824314 359161518 527359978 832679123 406208302 661391442 722232710 400392059 365795608 21769652 337194268 232099749 939142058 779957912 692751581 51229412 924979534 971347091 941581139 302846922 413651188 65539209 232312507 195790257 796400155 573437493 669274052 836429971 366135007 295088586 805286051 198390355 362579595 480854073 934818896 807326592 969184557 24364726 901643635 659221306 344549544 745897467 563678471 962729618 548476891 698483820 134405240 900794927 395823321 887867408 342849419
100
292719580 254516002 546038041 822834888 400590745 46113065 372019403 686897267 288467830 54629405 242163713 99268845 578476973 693387342 770978459 292972575 576893612 424613871 942835776 211927372 130949916 931937794 148944888 658876296 754294629 507066591 982370074 290264154 780008012 183721463 94863631 528217480 679527416 717995202 945880236 201056291 350823412 885430753 259940406 930083338 615977208 759878315 708700945 960836313 780006140 181910607 763991903 450811797 646420918 64080148 965176047 455870786 489792862 510105882 653493760 947588165 376168230 832165447 792195019 502876379 71673702 987183726 153117120 70116466 249815975 643189737 909468862 464946266 469466930 615347238 773038635 364288144 593091545 720794083 133445166 30899802 800145778 103792934 625978222 414939280 961355216 203375839 189118770 348316377 991179656 832119719 527412854 500968600 354372859 21707849 487348744 404083239 270417486 56510411 210568201 847257271 247311879 333279525 263540030 263322936
100
946879519 593128711 184525760 438860556 235453026 698900523 815514443 132953447 992105832 705192160 147579947 770867833 629368468 307934491 269929313 222738023 289062217 407877947 626791592 707648884 655215183 926249668 521441909 7455814 539086192 424720381 820977493 531025408 2291487 340050596 492527098 76997544 917350325 827226254 474569289 397225217 12272078 459311239 319861959 438634424 849033207 37298538 42283696 428701463 974689355 422733654 314569375 166392816 720591096 904154423 998865276 838267713 883016937 476148960 572220448 181375765 538256031 334932490 932425634 420952592 245226608 705516487 73560178 117087773 307031018 639924197 649806513 157081207 91386179 18273662 349337399 978414813 674399963 224361855 33934719 720793534 745723240 779721487 363720921 761538981 169809495 705443167 451000788 592932848 381607957 290786739 194326712 56952447 265329513 936642381 519204729 848517510 508793037 43146913 438906693 54779077 702347628 260148127 719556952 442273835
100
112640570 126658679 87184273 68727948 748312047 546342381 407810776 912416561 443117966 465407294 720456620 471577250 90272773 725223913 910387354 99599428 390084676 220935397 969198213 692343694 426016701 324629649 43163957 461352439 142100743 767272307 825366081 726307409 504631734 950479148 292079082 992446995 541059444 139604208 507842179 540483078 838448666 388962884 575094460 345630948 225104237 380521472 134118687 551884513 126593088 113958267 679353025 759436129 576762605 573463538 965552251 763057851 871545196 212823731 984980245 461418561 676417581 825265023 335439851 235381190 737461920 224287849 420837041 385372406 244495316 257597403 953700701 749862027 600849011 859002307 714288908 675742826 53797764 371261668 171809620 283100656 227103236 179733177 117143063 139322203 625461342 621779501 24377773 649707896 565183401 409880468 556469172 583535245 645432011 505558609 345995127 154562592 867291020 733785791 497892359 311065623 276062681 162673536 257240928 537964350
100
213028435 312972001 814265650 50246900 563487899 988489638 701857063 260249392 595523483 216332371 364121063 272146061 252136454 603736799 943768892 106573265 739839183 63162680 210843978 711433168 456572308 971354430 343380476 982342720 811019923 571581237 736361857 103301297 363317715 300256554 26519436 971452577 662710770 664631468 499104556 46836145 177821321 642954161 148492692 757311618 185381715 638085017 807006356 499741738 852866869 409360244 566875913 425769880 978854999 430206453 392751810 74909149 281855952 350919789 412113406 625527263 270760899 776894582 265247035 100826614 83983549 766436963 203431738 862217585 97306403 961210956 676137162 20347258 683435094 506172783 65792352 432196746 437973577 773952334 999413706 103796383 698439751 860807384 619991000 79168924 610407365 490136325 697926005 580426304 984798433 670474576 66900454 302579790 600807565 243718605 662844383 945734532 111256599 261303094 661565769 861633545 474719557 229463510 542214706 406642049
100
428494865 73053083 938255659 413288016 633313562 945475581 796826692 675489656 85516264 791106881 513679352 453485334 604896712 368325008 199007077 125238479 865545145 668823032 724616404 853720503 646029257 728821156 465419526 679055974 155423096 401006542 925200743 725386289 901955769 568976802 155835411 669167183 130766136 462636251 352513079 122634457 159190307 543710915 631302825 687193362 50272864 990506679 966903917 808918805 732231595 197163365 107157725 796982761 698566833 719404466 15896426 94493224 130242917 715347385 358118707 188927996 628554337 688208972 243466816 524446532 352450260 684011307 96816045 591685026 761420064 792052482 195265682 139330048 580488542 83457974 251678770 917532302 340329618 978002508 509471975 8877908 474244745 568102952 580897401 206254656 81175855 461385090 327401515 199580414 656723219 626717420 85910260 936034514 757897166 747183722 365495456 250439899 773448242 228236361 198067259 812416077 842607850 95425407 776586585 924533988
100
303460856 958952876 532610637 271669686 686825226 515426294 850549135 734856248 901640453 942559275 897154017 208332715 896227859 409150136 421806904 273674618 761234093 309001135 729059324 269367684 864767744 498543974 27738115 137951270 674489399 547865356 572169305 848749526 179520081 672502654 281606031 981485042 942706858 278580858 647764398 681675186 654153691 213068897 177253003 446916046 172441154 310887236 38159620 903713829 143768308 943829855 287255390 989677699 943787036 220041271 786999835 732145064 573988138 826950103 24349880 318609666 392461937 194897898 84039166 189258105 293781802 677145086 473195053 681162386 581457152 433540894 213309095 160290934 496722071 23857846 549141715 382113211 274735761 89579987 505180990 857641989 708965082 188017713 242329840 656029067 45336939 523238840 107613691 903108993 894176365 197404673 895564546 978555650 146481781 709820497 721785344 879857010 220848612 170586256 455308411 44454082 709219702 937688522 677068492 615773172
100
986679180 224163057 38475774 725196111 974514927 441881615 309113220 357886303 807520001 77010686 444168396 361778941 329767653 593809033 896528668 655431866 72186383 43025794 556478853 806385672 950377440 390432854 361024055 266215560 393041334 953555519 378498001 849546311 614802483 153370295 420024049 264773590 557071894 217134516 991008455 21464292 472005807 622108997 117119925 294929509 303230407 507484775 520111398 674749668 171448959 162205797 585689300 478874632 648978155 889400199 375618177 236791493 985972438 508459187 265716702 810393018 805355513 254060774 856866847 671580119 857144592 310237644 255871517 735311966 308652184 79119713 652087685 742927957 792471852 681924204 777789597 697013808 294905254 943123512 28538672 701354288 128976886 104498919 759590435 46520997 905058091 118671172 641032867 810104531 869336821 677036433 95613699 1604268 253838715 738646560 997776997 724834787 203277342 311368942 966033211 286599969 613633692 610753060 754521 950079749
100
286553267 429451806 727708047 441010387 306309092 342937994 838035511 403485303 900412261 468334973 374562303 164906127 82204618 632376985 231908029 861326243 772216992 937729466 553022745 5240116 229778903 45906283 945037881 879863703 475646615 213995189 209681957 532118232 719668217 686351977 857610696 167165719 507214225 358192777 349687448 691008626 947180495 992151354 576891923 272122524 46978400 797681675 303224364 20506934 566476356 161021084 189148476 288453353 948266307 469829773 875066725 476997376 550972066 81239211 797649394 503319471 781863636 372200919 513575798 956546718 371736901 280690569 955529501 606432969 825882896 404696936 633779865 873157059 153280327 607761991 278287267 632957166 752803806 821593560 527890535 986984044 366190793 556621957 155351537 254291420 693187475 614631552 269836593 445285905 690571108 982186652 954557983 508304247 736838637 100943720 808755584 561706675 646629425 274687446 618790111 756591556 609956900 707551805 968213463 382617321
100
172362816 666874384 493022765 964466052 475282552 392440305 796125990 332913516 966496516 880218641 930018511 552848865 161807715 345989225 651046085 141823020 923327803 922390470 389465675 423637223 657745121 534748097 626496392 828687794 442110035 735142668 383199550 759429887 158181911 305441445 95945324 823489007 127654915 653395788 948425980 304365474 183557990 228644176 527583222 942384305 383933511 229658892 354893244 104518569 804463287 62567788 472404071 725209013 606971017 438627484 109017211 25147068 852266943 302731502 38519980 952109947 907257271 813885377 58892040 446411556 356221303 554236230 414238614 777222746 445730863 238879280 280291263 253204491 425903355 499266674 457625202 972768763 676534018 779387620 907581346 760479462 826693993 340261002 179149754 402886842 341543580 24659133 876978878 906262671 91403038 888424659 869942227 65476293 983840355 674074978 399167317 546709602 971465139 791847994 509448055 43141955 614446929 669370711 624064795 210886492
100
369009871 843127330 160238323 353596884 873804769 628493985 742895362 133028239 875789470 504658539 328912308 220670417 919031497 608871880 425312944 709953308 270375780 257425744 393766999 680975734 109129579 291429052 50034820 590113285 811219793 665408158 933055984 643436964 817874069 276352305 777820236 115615032 877855161 774327894 466921384 124947715 853651288 363773952 927411008 926472476 367963705 126536659 459588735 755051053 370452372 85111715 111595033 206202241 642421280 525823860 86427012 891949420 265224616 185631548 689876971 767160029 977950349 506659816 124284250 141624707 663412299 600250058 360523446 833595101 247755991 96446471 159711657 494769086 862591632 207615315 634979305 353878388 392208871 354021957 987024989 203200390 380191015 797138626 255558615 675564245 419782211 378638901 542649860 593224789 798585678 367459807 363545086 184796723 959973646 404504151 991836218 838447004 453022677 87209336 704274594 527533067 439016177 412836785 639029937 618327225
100
485549636 976266009 198124818 679180741 830519528 227321280 647144628 317626171 383496417 656553446 541357958 653232808 996919534 714062170 31740172 987386443 375479289 952828079 411040730 431080727 67597384 371640739 582348861 523416161 473377479 793459263 418820753 496328508 883818103 994727138 689406885 726625102 84548144 788389325 393733603 258806880 359615636 730015770 882738913 144052841 825117417 419682432 840453367 596747025 785393105 673354489 831544160 945405284 535785044 660476873 844804238 174295081 930219479 542981094 509204206 627647946 132967091 400529781 478902116 441068001 74318693 69792406 796524413 886556001 808219743 602428082 975069037 967570314 64282315 528890345 277038639 15882387 585765815 940118751 510644600 526631451 680043804 846225373 671857618 477172526 532513358 441534235 662803936 167372367 908601291 753306921 137598717 933506096 378959774 423850922 609236657 318126800 257731603 834159430 664614259 85529439 791674871 577549987 945331156 683634031
100
931631180 989013569 430768031 39843081 820271789 794786556 899729610 842963887 471603650 908997294 607245459 471486987 48717289 936546152 752003551 137745903 178110816 390589081 439068595 134805934 77788911 423896791 195452734 13666167 342170747 392819326 666352458 300283244 622451431 144666878 884492525 107953362 335247190 772706327 71293585 780614780 443844054 518182308 684460095 958378521 460199552 750701678 800131672 21908110 177868258 662659361 265354535 534575504 176407435 42722972 89840373 655169063 783340330 750318189 525204683 413945736 628999414 39185774 350050792 787799530 33827753 241842393 762805739 811272857 254243179 610790630 723595596 246323111 571552795 440723300 391682303 120428053 306981735 810987113 603888122 731597778 984801686 842171664 322227299 650673770 412067783 371768599 579836193 476922880 997386886 131479398 461460837 625623904 604912578 268572508 796749134 380635182 849910933 137813360 327542809 507322562 897610225 408001770 356919789 257853868
100
986365840 316847765 802859626 553759486 265376770 946069591 280399091 936035092 732253875 138138555 315536175 592610928 723507940 429089082 337780972 537245806 1210062 392552803 39036704 57917704 995374975 440006742 663461255 895965330 717826872 203939383 276788367 724820385 322786092 192423313 582590927 314449941 567589680 147656345 437789767 570132439 455139423 91801383 599735425 362969622 165701298 574541460 254016850 337614749 911161651 337542369 869990441 241201392 368671943 17029324 893932052 185699691 730036306 238113689 837858335 375151563 147651683 495355443 444574909 42075447 184942633 108021189 164232538 557489582 141657642 791129536 20091886 707650626 45200996 943081464 282348896 109374438 889488691 454283733 684921323 173415214 646053479 882502155 503265987 213765002 540953067 49126182 770761447 827959985 165814804 164806760 264414045 403406418 772209361 67279744 150099154 730513916 228694727 255967600 102827757 391663824 357205866 628488539 742700963 125095068
100
398550030 824993688 107918993 528839314 595929383 495305455 658178890 702795716 919391111 810584930 994796096 577771154 76071843 264533763 582365926 116335833 535058591 745343589 745160583 131232329 783928059 64836284 846508535 532503849 804739613 107060080 968368603 328024068 569157215 560889976 450970615 344567052 560126251 142614526 92220185 863084943 490405707 950025742 593536130 193726696 357499745 153246580 772090071 697042276 86490525 693361125 427058606 131881681 888551628 645737965 496917107 94949219 107430150 599835573 656581947 533046459 405159206 993950914 440073877 116568811 638590336 151819280 690565663 849434531 589701714 355738066 174318533 276563202 304550524 217926181 632889569 907583365 683828 531119369 711421980 5028558 292971288 585989789 614204596 140379829 849097642 128465055 594916275 605178841 190591692 643059218 306279119 890423870 633091171 60890315 568269016 404664577 16491300 418466683 451860409 181563764 884162387 335192689 153980175 973358284
100
646519736 688696174 868251461 562532269 261114124 614402146 588583268 297307353 408321945 967433063 304565898 480649665 432515684 807964055 510199844 748703918 213551032 956356100 291223900 100900947 93282137 390031688 997893214 975753585 676324687 286713275 115043162 712648841 917876520 7621008 493278962 762283640 408714404 314237393 467150477 760447741 912196458 769153965 755017254 620014275 482553537 320747190 338878806 110392450 113511486 36258961 369381365 40753236 573431640 234808407 111050190 113351571 450159387 469260604 289531083 468581011 26077443 347929748 380765762 550586707 817631859 300723332 775128582 910470067 886110148 995444918 961086918 492796711 290688990 633812127 49240339 224604072 201312464 242749216 484997353 987369517 439165108 106875624 362074176 499538391 621770266 806564546 253122113 6886951 523347961 840547174 416936513 616204484 997154911 642536266 700020743 320475080 477659398 387142129 912387391 340603131 222052207 538361879 175187759 485230612
100
17979811 411396439 804803007 325726747 760513596 62327949 971522488 788344047 147854345 187767276 615372018 966867523 893746154 383168430 96675964 888743041 470955456 914280618 230442046 278776849 276471992 626146156 122819470 807150548 997151690 878748757 600411161 60951953 320475546 625549218 891753910 512065759 219603527 252851055 761965002 363197100 218935645 530288726 300459489 551640809 949154938 447915913 277392832 896316396 607004089 685900794 973017176 150094999 153047719 81417635 502903744 172240814 889611957 811540651 267481686 339539526 781600211 314252010 79815447 10261036 821601859 321454515 193060657 649716881 202451212 349453645 603476473 34143148 129909933 529935934 192381200 581265549 942138781 672590870 817801977 342565157 298232488 67572803 172226158 311346434 379963870 230858859 68501964 675059318 225939277 227074403 469276257 129527945 372980693 766219361 869369723 284923356 896236188 307856090 495369476 772900143 651377618 573231733 901978288 757481389
100
111147995 457307164 426018731 898389895 847933044 41452000 673609532 196317587 341955555 279421428 518098211 635678920 389726239 740770613 735658039 968906955 344862713 274409727 451939982 797212828 192846271 637412208 496361106 235674806 545956368 354236219 188223715 926899678 422515620 668181657 133602783 452729538 665319801 267828759 125475699 737375538 172731166 901549305 182976758 795355140 192100011 57994850 500045177 194990121 365501744 135537635 16066262 671138004 175797556 983836027 973204092 318428952 887302988 321826630 894324907 43910249 350865703 630363698 792455757 805461384 346510335 451157897 678757926 209054502 253021553 417552415 743199878 573302030 619740864 705405004 226260730 665269072 902368169 41515869 488104299 882140847 569090251 286157845 444812151 637340073 297254777 943555407 980279284 739685395 758229853 128554161 237288403 680313829 476677482 138053565 25424255 776533523 138514807 26177730 114269599 22921205 457205199 303696918 186976529 275114196
100
620610743 251767577 390040891 213307673 474168059 992955963 521527484 575335060 536115507 320396232 71308224 597788006 609273676 765351822 82336375 735701227 811394226 284759930 933912243 273059775 308132051 874918442 660851051 544365721 736167232 863976489 87232685 181867251 837677307 470758045 547277575 226511821 947906634 802451766 73716662 352610542 599527850 941955262 309620081 744920299 516731682 770259127 116888247 25884394 224361786 993564813 227028639 403619278 644144265 682289025 797547110 653344209 321857581 679126484 61696801 608043430 186285692 198063182 79205694 828821575 360087775 910382759 737751968 412243789 518265375 875314956 764304635 689307557 886958736 917306012 486703396 337842750 311017225 176696254 957196798 815188642 221447031 709557219 479852429 211769864 796809542 699283182 829147985 84317456 732241671 124077976 627417540 110700593 397019495 890586972 657893545 169727891 950309790 11676547 649143153 434818424 794934535 819971478 865526590 461713413
100
406092220 573335231 880453178 475852914 398504526 387834809 901774096 215983564 942121841 42092891 995308128 458440191 392358544 77390065 48283252 833839010 900759139 770068746 518910295 545998760 581416171 299842610 486010342 944878074 767165802 681814959 323415549 5607381 114387278 128453848 101329281 257789024 343983924 832843573 936495575 410844129 813224823 518693132 45360226 389876220 217770502 48417525 853635717 560366502 330864137 83150619 111241139 803256209 237877786 953692469 647891902 42937311 818828946 722620895 245078640 565280987 127020611 105350215 461900401 350488347 16271697 168448267 509349073 661766901 86434635 606892463 635953999 472628836 558542706 406642598 418885216 353816861 395906173 450087160 180099331 507978713 324038559 51238083 931311512 226105138 289602108 107718232 477805469 580645819 237321242 461948117 452834876 57857433 659048318 351548506 396097918 993635847 299980359 400376860 342940063 62863769 956391787 235179341 850235934 457591090
100
292680747 640864793 75284507 348713498 615593797 848770614 22000098 254919341 673750722 126593399 261093991 536635346 376177406 294417779 60568293 138684278 148568519 287159951 488328516 963744369 256587573 731211029 723074883 746283922 352909665 31203034 554459087 960949122 158910353 629334356 205795994 775603703 494073048 897606830 100049463 724874033 890422868 901479192 811192657 594817758 868604074 441632064 176492075 78911833 793514111 405940453 139337200 591423096 792635922 989666185 514401691 310229059 11442395 457852683 674174337 561616791 484759873 997588512 259144882 829603415 372210139 73419379 109215745 846886320 471768577 836888979 18581693 152770939 218637075 947181792 391384138 397645199 636442587 714572245 736874540 712853552 585556202 548584303 755992986 611862034 191233150 355894789 354536017 875729102 59772611 218775226 848856585 497218971 545111714 957499921 756987606 807710670 367786208 604939934 498948073 950565529 455408884 794834532 62249127 732966591
100
393830528 2701867 915976667 924107573 460323055 396212382 421791971 663226231 334864577 723326561 732425106 216117883 518751395 870110578 559991140 29780215 581907010 431984038 879090607 747670050 98138943 735586896 890359531 501408696 788802803 581945954 802719954 249933894 718783679 366395052 564341143 389859805 507042576 826545253 63779217 144513833 932144846 259292823 461224568 910195291 38519224 156811761 356671175 251860911 225297098 892187436 283185660 734433193 401273310 405093870 306777620 753252419 603538625 624238934 860907613 864273698 902948950 409810673 250881806 615833931 936623930 274576420 557801415 186064937 873066740 942094797 820253448 822642451 179380659 13456835 218918133 200036270 710113083 523435720 901065023 338626599 640884330 944692817 420651858 998225637 882981767 328870537 221266499 468736235 219939947 579903685 522858404 180630706 243703410 546759940 882579712 974187949 706472826 500623182 911410334 916132326 610343022 122030469 915448976 60344
