100
100
389825028 174347619 484285328 648284711 31221343 780263326 13724319 993709726 782656206 324281284 310383075 704587220 109529890 819869624 850079776 265245621 882729006 489577483 970690424 594550150 382210735 973073987 947217867 276972020 718503198 294241008 128896316 765216497 68632330 161707305 423144204 605874187 942382500 862496406 511251334 862816278 207255311 167156783 515764526 102182711 117997734 393296324 282601505 46275892 140270656 857673253 20776561 341079886 753793647 390177116 170146868 324063793 962321684 934292399 502463711 806504453 144394964 918137587 266525400 926847904 297965635 417159883 437148045 263450786 643775800 610762518 106674301 619317811 297679574 669202571 854717116 873280043 955780819 69893233 910472867 265335341 899073995 17640671 791081943 32040014 509659950 386721100 16132834 403722678 645488483 418666287 938566383 158120995 324944788 253609225 197009708 95415490 998868004 106247317 782628835 534063986 646606306 850078798 842639178 293515164
100
1 2 3 4 5 6 7 8 9 10 11 12 13 14 15 16 17 18 19 20 21 22 23 24 25 26 27 28 29 30 31 32 33 34 35 36 37 38 39 40 41 42 43 44 45 46 47 48 49 50 51 52 53 54 55 56 57 58 59 60 61 62 63 64 65 66 67 68 69 70 71 72 73 74 75 76 77 78 79 80 81 82 83 84 85 86 87 88 89 90 91 92 93 94 95 96 97 98 99 100
100
17050523 77479728 386802082 469070876 320769368 113508171 666080199 161782156 3078395 931237821 290036112 531350326 631147972 287271020 227198930 794756024 416359756 251412331 792679052 715104651 543222117 543432982 86355236 517049783 354284319 126530913 71575628 983853660 659789895 416020270 55040655 134594823 309597870 29756472 594486470 794946485 764929819 383165375 471298186 528116511 960357773 394884909 86187990 571979420 323515183 654436753 256162424 928482046 235775437 104093818 202702160 321500382 485242906 318212458 70713838 344307377 168601914 555367381 684791467 765471428 312033282 42727971 426865995 590308419 682670552 81483711 88415730 820274367 910445317 339694773 363191771 356750988 517619720 268888225 936014593 831844052 427473384 202604458 345861210 79911119 71460619 880503788 198693359 84569904 118462482 467695378 199044917 821719332 449919333 417520602 555875858 628318704 690508418 812944554 390216729 126256358 732080214 728615439 773822506 168450570
100
75853316 188724205 388691658 978793255 547887270 983620497 738966836 744488904 695177494 795028493 632544849 929691073 440945244 248397677 667942923 261398305 574357141 725955729 511163660 706612308 629923236 512034079 225269360 938868897 724924042 535734007 901762687 104000257 414591005 358325629 293451559 478967325 401472416 278988349 589183871 464724031 818665923 812045489 230299100 730071610 988996138 443332664 376492734 389623050 612994304 640136945 576161478 400858455 944221293 567714366 161040326 327662856 31367335 269997196 945646770 747797531 572971988 39604397 317350041 791516902 714166023 27130747 681738941 901493396 198289958 766026324 214637375 939486748 58549494 394260589 197440656 52284279 747793226 963705412 235381060 959003689 933901549 374524180 867163999 793551470 387967544 688091868 181925932 305199227 820710619 639282671 373727629 796043553 499284573 62621622 762771222 897704271 780565452 631042649 922906008 928035275 628399218 412143404 136922937 164550088
100
555227975 509768545 736680775 646161709 447215877 190228908 82840190 794075629 769899307 879131241 148771919 441980528 299272239 733905963 860325226 171048188 920129728 697354693 19157265 136405876 180694768 692611160 184593663 85846222 20862154 249647525 581953223 273889174 242460354 380239503 548101885 10997762 929215586 499221237 246163438 488215569 731944979 83211201 544358370 918533887 594298009 212936185 343742490 458167743 88778626 90948514 633082741 102021622 673670079 379299300 484210390 392280273 97845772 908030622 843003455 645817745 464558777 821625819 781345993 635564117 638471414 472004638 796878821 321816163 537178336 88091253 807596786 127028456 163618439 229175937 374402237 951199208 354159730 613088314 165541638 784858166 504860826 529484514 435662933 600147126 864351495 860534048 407699527 714367018 864833220 87692096 425246472 103741825 525579318 547807644 257369453 641904684 891163161 554091118 188966592 582675737 320317148 368255107 310578214 257221617
100
308459643 678640924 252678131 894732577 942388302 273779947 578865241 790801888 829411655 993689884 595059880 388539774 121148175 146277443 332902387 82633059 47527169 700193170 584225396 998570936 966508560 782004404 37584299 109592191 50782514 616346785 13635866 970359767 144199109 27080734 654528001 385582155 966718514 934378433 167236432 368450150 903643679 692449505 665416103 366191195 899758278 4274862 669695386 145394633 958958604 195712702 237280742 133510923 268398396 549402457 122331729 395136655 467821248 808611145 628624922 101631087 646081359 603790142 201799799 793712008 811318653 268684919 682123398 375778578 621832571 578399530 793679180 773561989 383880636 52941851 394689767 676078586 335880222 647462526 645083709 305938703 371732494 527290135 563911472 432604593 211921006 792469594 315713943 321743131 765967078 25946223 751043866 303762660 517205648 878001634 25370274 106186853 676248418 522784315 814203639 122950234 879809818 169051432 135233379 887755503
100
533665016 618378348 300458322 820986288 210077125 341458468 573202129 855786456 809720293 233244931 763929852 361951997 712693276 212073899 965951956 345976192 422775356 982029675 544324298 616842561 178418225 725865162 93626267 209703752 623667855 517711646 783619844 429748798 37101611 493183795 638818320 900397700 857970824 437310336 150119884 12983081 571836827 203193609 434772149 21134511 541839081 823418221 598970822 518643798 240285744 535328215 845788874 239238288 791883086 373399968 772835939 328010651 208805290 283835269 331515361 785104151 402963872 393426033 316328480 5339299 844835122 563334024 744176817 427480357 1287377 94437826 62058210 354903969 178900004 43486240 484172382 943419127 551827433 166882330 711726343 711772841 445815545 973140872 212755852 634913275 639192155 64380032 332743416 958190793 252861183 697513305 872888649 932700100 817237435 185161058 547903368 942107183 359242496 740165972 650567561 476597673 848456520 154005647 134774234 623544478
100
267973156 542605581 759585634 112181653 583844505 445984318 42836245 851244320 181175070 642917305 631257660 578415376 793297958 279553055 525355776 368321620 535032904 282826728 5224424 457968306 844738505 838500542 838272607 531502240 466136507 864220903 933997021 622271609 461093534 750684589 101015813 834616506 20585357 644680941 727747133 624222692 504766320 290192756 349060058 631153295 798572513 45506265 3689264 412069170 289444149 815483453 368579258 947152884 640082672 825391701 498876769 231076268 779343878 729946321 576311375 442053867 741363586 584776391 31109751 707328625 964318706 85450843 761584288 322382727 910355354 340096704 392872882 655264485 748882101 845579969 816602025 299089536 187936283 362117483 656850496 232627486 522456884 335336721 255363564 403450809 376913115 647578231 46315701 554227818 942502561 203156872 595543744 558923182 375264885 834075767 213604341 611021745 818264011 306683737 983789736 275287249 931330381 668586249 292946914 921200451
100
656194266 866394790 739476302 315195281 933778885 137562344 75498945 416749860 20272247 467468192 416422453 767177871 414144039 501268400 892673221 955803753 344328761 282439824 565124014 915646707 570281093 144119355 308544128 977496174 597894521 460811500 211940454 409958235 962026030 167722346 908633622 237039481 313733521 186331083 95703819 828059948 705033264 322778070 613954321 56290525 509358761 862342702 68291911 787644521 753977495 816587759 799091803 274231598 944833237 722550127 271382198 71389068 410237232 286623380 178696238 338859081 321499596 288413730 335115728 409003423 970542106 638146716 318296998 531887980 876063050 40731975 393729423 450632067 388327103 587682762 950537747 395637232 135057711 159318655 586226247 709304819 710135878 791037467 413932449 150396469 966745841 577883247 524003427 443025480 465697779 970977508 339979133 844570144 797751938 279990127 494137395 837620624 172925208 657718932 714860344 787039043 486060320 537570102 537181820 932884748
100
77784611 920669482 127605473 953339675 805632141 331201692 6972799 679735097 360463203 134108169 122973641 400972933 973605146 66037737 299078258 520500593 248362584 905166517 961192928 963498991 685077844 335347126 437323424 238678644 691995617 339337025 31389378 98728995 380614781 703041835 81358458 48699688 493025632 836739416 13153976 706090870 317269872 294372932 643616068 630844758 100100203 326968010 92741284 9023649 36482474 627676030 14360891 229554741 37320071 855871797 477236507 553221690 372382597 891559606 819526672 856847162 559404353 399416223 270280049 184334583 141691001 168540446 178247671 986471474 241899131 550200387 250489360 372293136 290806572 394987900 735243723 936296592 150384926 129464741 246733327 60029129 565925001 456060237 758750235 262945849 406705959 284829935 396407986 262720772 260473692 860626707 145595866 748502033 157293330 290710983 683092465 190199179 627825345 265752752 336973172 34859534 991062768 422459207 871169785 782271840
100
681198964 202517951 205273596 925658705 607605376 719946216 158279879 671680929 279433890 15650306 524826931 457268271 327531220 316970432 597473032 152254000 87882703 498877651 526222514 404753421 673130444 283692913 224974933 184697120 218666329 308661596 920329760 938262718 42958677 136358808 114117659 605733035 262724009 222531137 269231280 254310259 138978886 168322306 878706122 131677189 738203998 206513419 650777367 741400190 140368709 204895520 510813569 762273856 349383 249017557 248357164 71942193 927057464 362907400 707464688 671994483 326523371 205428050 573318740 253828643 320461820 234536738 283318292 570833970 429908114 114340091 280775364 437725011 674347035 807085219 751933564 485494880 737131566 7475177 908241639 351752103 527827098 128350936 170037315 151625107 2775600 334340963 986350995 143380086 899871865 334941561 633164865 298630588 49734817 330473927 121352720 26392815 773249629 633438141 140272047 357821622 285465785 845837677 23927771 255077984
100
460575570 926901891 307393772 741055979 251900280 41412541 517288658 745153714 252463106 986973820 817528826 945685788 374316519 208107641 393094786 405290421 60019876 552221140 526231129 458746430 129272948 996537353 752629678 187389776 963420938 996985920 626352087 81775545 404251097 457447446 273512181 50743698 359620239 160856220 238772439 344858671 647025353 991290670 603558152 34568196 649450022 519011055 961095740 941525020 489531711 940592838 256066301 583797711 560008766 231301889 188929519 786518094 795939548 933866691 384032247 239382689 51202635 180732736 3462083 600038202 427151822 469445151 468227183 449647690 697332754 660866107 546708117 3974165 483053636 921837286 233636381 95486457 842694355 712710996 773479214 179102147 33847532 646923439 591507699 504804892 271555145 261429516 422907584 82387426 22024351 325819332 299631903 488000117 968865875 124889300 646235529 134653007 537535688 702020822 959984901 488199751 680984708 381540738 805925131 907556540
100
260933831 77388641 399687175 430455372 293847595 564035881 885276689 191279376 254774232 162694659 363088820 510306640 95808448 878283709 381419974 799021807 11839257 917434340 775615775 131104524 571752892 703381496 577299376 668816871 758122345 752561137 936424270 439075359 400798781 774708023 980804095 131420707 594969008 384400952 813562212 687244265 451779869 958694148 823086489 24437415 324408759 3867790 115288967 791381125 536771544 692266078 864605296 849694404 387245934 121191539 640911516 792232590 184397122 597053647 293771247 772482822 751187497 143402364 30215178 473403233 434811594 745656945 159802964 751624715 325020322 50599382 399514294 704278463 147021697 72672157 515905446 230831717 842061674 416396832 596900343 37901092 714680057 197543295 430935659 738507245 647715658 926064241 35373293 299344873 310245096 411967377 913099667 815849684 648718636 823643158 705636409 852392999 497782197 649802104 467272219 633426810 143626477 90723307 8246233 181182972
100
772663589 535230692 913722651 442038661 294319743 978718803 832610713 464780040 982141890 635448235 196812573 224726155 61772961 78634869 161589644 681467532 978807193 505876432 119671530 764253022 981252349 792216030 310951999 469503136 613448158 111544505 27606386 507244939 14778644 982070619 898854756 303860579 550953396 51873420 607360324 195801284 539628221 174564381 166505741 310454656 295852871 692438684 130694760 457580887 404338905 632584645 903638102 640745252 522724829 544655973 82238230 507156726 498951253 719214729 471726305 24667662 204523458 426396951 532228531 809389257 95416892 995777627 16641030 613888266 730355987 535836969 839403083 69003250 118291063 923315598 114618076 351502638 855957431 493231991 354688410 566203034 933433456 460925316 324697237 29714173 635952172 746749830 92134633 365528094 165688013 290681928 484350424 940460527 759285977 627505233 554272738 654293930 239978070 659931051 90819579 943040952 840997825 97376522 995139630 989094927
100
735564772 203507789 872013831 193642059 475758225 550240582 596298173 747484827 693095762 698459115 14770484 846997232 374747516 462986280 848318565 893248515 461785401 501558356 159728113 491059855 163663152 887973052 749478724 758498479 382916696 509362084 642425916 180453870 153253759 819161752 957081780 243243815 770428766 124844658 337579497 437644326 189354022 556012781 592589748 619119771 787177501 988420875 667795153 560187038 635288867 70885047 268892365 859705272 589811179 264130067 139477205 36773080 878174090 268780418 481597743 87134061 633814951 356842141 226449788 619174372 355355762 116732126 678272872 147165745 327714970 301637918 837181442 812342686 25948622 878921353 989077978 522698201 53057255 923924378 580372586 246547135 800963077 426471603 103271713 984173620 746871280 40959549 21118074 350242797 690764394 31269416 762030377 386744875 392919892 209865276 791394725 447693003 659652120 169141923 892122208 201990708 869060213 884274694 831601998 216087260
100
923442148 63998817 76756538 547630677 812597577 321384402 969829419 552362286 507629444 537175522 478566947 618888310 687301426 115732347 180561649 807372217 160450092 778843823 78593738 850584512 410062790 161024453 307222469 359685046 981727369 475628887 405720998 102549596 50383887 819723618 933731865 881587864 32992455 178405912 629048351 334365765 661493269 626325957 551929922 86862031 197368531 85980983 569873406 584378300 846667904 347984603 600775564 256082855 928123226 463124572 566445761 680839307 220395310 231603435 764336236 272461493 326632922 720523133 235406630 910964957 289910585 311674198 155213713 765134576 383585611 84175359 881489116 644938240 636357622 590603921 959666660 172166904 821844993 17996783 898474571 892368151 767331689 281773338 605163647 497995059 556506882 970867439 950989392 705593875 253319163 793348378 404975157 540574949 27305824 635663334 370489196 146287766 834148660 428653185 269511799 572867088 991670761 979320365 992673223 58395799
100
943770092 613696813 496791115 252386326 9062871 867486247 934885628 966938438 60134513 879300734 960648265 724883129 636705452 884417779 727578509 896960706 691036262 429783026 829319932 97372287 709784995 452669337 740531943 125778709 332319661 570417912 978709488 611352289 792150687 68892656 877072612 171445381 139542723 3406174 223299138 912968122 34112030 406904454 35099072 762090066 518249152 318831867 999344505 389354537 949167985 721186264 943468079 439488562 296000252 495122640 880693268 536103370 493803708 972871253 344501240 718316551 426557249 616124123 466392930 447936123 487417973 970642138 536376422 906456451 691445433 723728978 930047914 657421372 825037689 407334088 934318912 994131779 153689785 848920912 919717233 270554166 985127492 359290076 485933171 223503440 272705676 473712242 196706619 592033590 252068175 298049126 577415199 336080718 3337466 940216828 793337169 858558632 31773605 762369292 585813276 135483706 46183957 202552024 215711547 276575411
100
280612162 430975363 426137668 52687381 171812990 893334835 320515504 116083653 849094051 525943606 796606440 289319888 311866532 518444449 953373210 804434129 937266543 723545097 642431563 622825651 793602163 413086018 380492747 373694211 295513194 907644034 130560827 28295297 872189119 752696441 883116795 155144762 705274110 648076501 786596542 313060192 202575005 850722195 109832121 394365801 910316679 762996832 650214081 244853489 677036600 542701064 313014024 796476134 468970589 960407648 660604073 754746278 544201348 461492800 68939674 82319329 515357680 19530333 424234705 981448212 93826839 719165951 610142034 282439524 453122127 282240943 196667911 79295437 892679942 847797048 329520591 393783084 788236238 634404299 139991778 101141259 699630740 230103350 636956023 291696729 958130656 950667363 969414716 830820525 954804692 915278775 872338585 285015042 708316164 267735559 336767991 806059736 448487104 148386779 930229945 257563959 577053153 814317090 597866443 407210094
100
741982913 982329916 292039916 276169774 376991617 828063171 692389232 958747424 7062258 21658158 39086228 397682013 750351272 702000247 684929539 683097939 72507909 628471741 778940201 896171320 358080996 118675039 526877590 820364850 915134807 633487343 569429471 677629357 725544165 265439217 506601645 444334768 232933675 997769815 283277035 661554471 104277537 15507685 483006094 437501394 413764598 517904108 426878946 650246678 25136679 162863368 439252701 115342241 451329396 944848375 125345055 100962765 309257004 601263786 291273382 608381376 400980587 776757232 2156473 979382531 706729406 24392783 270013737 796841092 827002519 587254042 390849482 690195451 769591194 794704862 917548042 913955097 483691191 544902458 410133495 642241380 635414582 617654536 370274664 593552792 502784936 995311002 505323909 582680354 805969740 539924148 682470378 982167529 57414135 522051906 567890615 243371059 885270520 54296894 490233320 87193787 65449907 101933420 849746821 862469743
100
663073497 191239682 294738588 359787468 374221724 59128988 930726827 650021662 811577788 218128761 152849338 626685600 175378203 883595236 176179141 378844927 255378252 976229275 638612639 262695264 364274298 797517276 878349996 247580269 925628210 449018315 668097595 901613912 592252926 438352738 640630204 784057578 51856791 816480373 603506748 128383132 788767862 684451751 427142679 528562826 690776784 670496721 283622640 86439318 778351804 350682504 343334977 15308632 905848692 820127393 195903229 918536692 190541823 488519414 893215420 37194626 803919561 879160223 174664092 933383320 754369193 9037703 351915173 518996848 388787210 424845489 501253425 854568314 360462208 368706970 590041746 271157943 514519550 561761377 508768503 274954231 133969885 373470111 774972954 745459674 104353484 709295792 15294305 270915087 46209213 367933089 69195754 12590013 527469718 668133646 717685993 845098913 269213921 615109922 789710671 40533306 587643533 657677876 945985356 890784003
100
18237775 67033302 377931098 380623235 951062287 515009237 884210703 526871893 508730763 569049085 776765124 129426059 315914756 922472004 206477541 290060875 253851488 803310926 839118658 999230579 786818167 5171298 885215906 524958530 622211961 431288029 224437097 679989807 340762763 560613059 78540694 925496605 965199539 237888677 928598739 189056023 802873972 801120142 868790580 505015043 482516034 656162462 53605340 946132231 400753984 992802185 615338969 660429202 750746176 720984274 109331459 683967238 534657206 33364701 311016779 618109906 721486027 420534066 957156497 578909879 403151623 393729400 318476193 926124178 732269095 994355868 614706169 359083781 810912484 819747356 188836635 341107145 25640857 753901668 226491616 416598546 565942761 674588663 642527229 632279241 887001739 804154782 779759345 837760402 703960656 862535228 609074565 78072413 895300204 551448270 66172975 118742705 613000552 398388246 335467725 25844004 484348583 915071372 762772992 734928837
100
89959694 165440450 149606551 125230545 952731176 701640164 212219107 873451798 921503668 555543766 378864360 400433096 471649618 640037504 820200108 770087326 989258796 726732491 328961961 140214721 836478998 891659092 480864808 126420686 422683526 648596089 240237702 829299240 634144214 740262407 64743822 206805437 310788271 815981228 85995937 579584894 954584907 509296995 515209671 894759376 196022440 920341693 519558401 289494302 792443967 347431220 668323528 57752076 971193391 664208940 634287140 437725176 212583646 667583146 288860659 860311348 379718723 160496950 857622986 608510850 451583924 392048637 42589829 433952467 342550659 366470916 503107098 91914294 681198622 317381849 139302424 276962469 460439008 941638953 922092810 82700033 908009210 505731486 506095410 907395531 694295621 682513262 653302830 762426683 836311446 428922551 820966433 274543601 643044062 308678764 589580005 439760140 402539044 665274024 293403876 987877926 212436630 896735779 55534683 616321449
100
799102426 680637297 667784038 439306909 819526295 862297001 210075753 934630628 190367606 354952564 956491719 192708709 428621844 657048498 909152464 711780687 947354915 133449974 423393986 613122229 870329449 509863088 768462220 484616399 68728921 880267330 254200265 248899071 491570125 975567364 892821392 502632670 2648562 283519140 112194698 933899793 255922313 410673143 784681848 496187265 245473656 105937710 866632701 137463004 638283268 697197277 574740630 576182297 201019653 612594375 351413556 668315365 82241709 714618859 202857 771350080 854764990 859873071 505864447 644007217 35360628 943426774 776473377 800080285 104923285 212253807 484737839 484060748 68244996 38182840 551377225 471204999 791755415 176471355 958324455 643091136 319801099 310928671 294137996 533330699 595994900 662443813 842786222 760184372 835165473 613432605 594810418 552133568 856191099 989748591 241472932 983136887 914899870 635919433 685996236 219176893 593447054 946706603 60228981 469529426
100
96806994 609698489 541135101 583651255 899224743 398185422 427320183 634571886 694627991 143561329 574292472 678218354 810419744 458676608 367383583 19539081 154076207 68234474 416640877 576227609 32700154 869629205 850001737 550496455 32926926 686194410 741066291 859231252 632191201 962058969 243346540 304161652 966025829 675920432 466159936 298776884 893553023 905995237 188947996 708625448 36275188 980469913 239059487 337107606 243084475 485590791 492278522 415211888 666911570 600196901 396779204 637769524 649862753 236434645 68391564 146734351 648523470 656670307 68060000 557118792 913382363 828602683 960935274 334318260 843426490 725612620 360054876 569009604 630604153 881444770 2975235 288382073 757604909 111404386 515748581 259727125 366077057 647705520 877311867 81213317 729030651 698592030 228375591 501181723 470481823 553457669 736365138 489479868 286698811 805386632 847399906 473440007 18231411 31526043 587136110 573724283 632315659 147324140 257152757 913709672
100
378541401 819141059 733553687 293916176 907250465 221073231 139186782 446356081 339823850 160298477 601890536 327885873 545636785 922291125 907912670 885376770 824198993 600001726 122789488 141562107 40439307 456434067 962126752 823522480 445569819 757706750 342073897 981554891 153560650 934972019 21750377 968398021 539259325 721639289 936937008 683751937 763741027 222775083 595667557 145597590 238324812 295529444 684785740 340677182 475498696 705189334 431822729 529420056 37246268 208327852 440090452 958422172 702537316 883838088 618207363 362297729 461566114 400124325 869437949 657151477 598076856 989151519 859559226 270204045 404860967 30450472 253513865 292660404 968755419 302867679 49418128 501865871 324897531 48164912 95435935 622719579 838743871 588294268 190296021 859613476 394633578 781039540 82813866 353058086 836231529 195416734 709450264 568804845 552746618 545831394 58134728 862406130 278553264 48952047 128454839 257593590 811292983 894415626 712036382 586068185
100
652225909 563013719 548996935 392057727 41295918 692660223 569326985 936726601 990273328 71252118 671718000 915245098 120867073 553152362 542734338 464383310 852028948 74008877 516338449 56046353 434940407 380569298 495378411 175958499 787873539 315223134 739387154 165035782 980639451 635360491 778129984 525469200 166016622 889822466 328027921 151826514 611348877 423276830 446194591 710245944 935144686 845759169 178431290 699951236 580134143 872174336 847181709 417572436 391938860 592245479 79091524 882127400 485860710 399485783 991589968 948738489 290392374 113872873 24156885 153406853 329506063 881770125 310998561 451574369 483024101 117740430 971056916 368021577 794532949 746614927 435336577 754554534 139562490 395251162 567337765 389645389 413949302 229795843 574154590 141120370 697630027 727774250 102070819 321066566 400673801 737093108 379869331 961332689 84849491 161867301 864371789 165014321 542382721 621985536 703152862 99278451 592225816 606509249 372625188 829901483
100
556478176 978936808 504451595 255502553 747542673 211361671 858547940 433652362 334399732 876334029 274888819 236302914 449135721 649950616 987400499 273758928 95902018 197072160 353964189 177602996 644286226 921451237 431760003 918309256 79769411 166081723 532901217 245311057 671154586 662707526 261254089 442417600 769496523 549148459 269161039 690260165 329729684 501277254 26355926 741416552 983032930 971821478 967712263 463055287 692573088 816553676 971212636 41271119 118479542 6917622 567873155 107986626 894187755 340604819 919720491 625914897 162332269 524803432 70449311 596363610 668795040 745739574 911759526 987604283 913138682 633419226 615415219 453068472 177780431 820007019 682848234 825302914 930845690 320053419 5058010 477472305 9575779 477096219 916558785 19409296 944515519 453470858 61454733 149063403 850963099 521310066 32902505 794437477 910019357 764822258 815628826 160065125 264850598 471169758 56312254 646938043 241501616 233185660 472590807 63807203
100
811939271 56477370 876200309 441613752 753898050 930702975 778340753 545542107 716648488 26271542 553783910 401550013 464565399 750503612 825436220 119208476 233071982 173446290 151266651 196053127 156000444 391031846 212394375 531865893 859632297 710094353 640502021 508031202 446367469 491258785 302166519 750742808 612547366 452885171 193654035 151952371 905158109 107418526 578676936 847459238 624841890 785380667 251737370 851555825 901615708 442175881 979528743 416399297 789750798 325040130 578705929 900997488 849340558 243006099 429178383 702137566 93268417 680860074 48004694 515812024 580584374 657831016 733366915 648258416 784389253 791016661 109330485 35500411 39652916 756973438 594036290 239763231 650445543 715906079 640056586 961792792 481630514 531972691 810250793 83341462 289482158 651010695 783089210 560272044 403670840 943616487 951295560 358965932 600891229 797783897 624472412 797533871 796987018 126831485 827153644 523424653 989930284 594186967 776386575 658924708
100
432824342 431282976 734467195 647436430 578305798 751859407 257424087 559634120 580081587 775656180 14692109 343883312 446763086 170591611 430814072 926785573 600205253 998932160 518589383 4922226 123084706 633309594 988691633 671133907 334400461 703152275 769024327 123732143 800221256 76977853 800972433 582665414 337665354 590680494 632688569 124461218 752996629 611215612 354495356 491436862 26899977 210398432 563606281 576490229 439404014 93827084 237759911 223963643 444998754 69567728 626983156 806125248 753341648 264099305 726642387 520090854 199310358 515965741 210407173 156283108 320577072 652941377 511684634 531149913 794599812 979320808 718589950 410058896 518325772 167553467 938718913 534320955 39821321 608484588 172153240 300133604 265645382 346762399 983722396 991155913 744758420 728917715 764162608 3887293 373580269 439324960 426777154 147142589 19037097 950108686 974962087 560679694 123949000 632573541 788761107 589061548 833721886 167799615 162911653 378821395
100
931375506 583155566 4548183 141748860 997802995 871212877 390165342 673724788 617344307 777219156 870353873 309718364 387008768 490283872 573029785 60995096 942221662 244111613 176358332 919065861 232154442 660191272 561753631 330991036 815096443 197995043 529218666 32695490 62797602 292157879 580551742 969586529 59548638 716291937 309090550 632078290 436732544 580553624 199605294 385375965 577957925 130348639 527547631 324470356 69303804 482170975 141203808 459375979 466360894 286247654 784397540 931918971 902723291 544028018 396807174 223348861 845756086 443161937 979462965 687103286 954471116 464071115 966506034 42076497 831084361 108036994 35089509 343699056 227829858 536803070 895564613 372642948 896385046 686704792 314556747 382575756 477036271 238028610 632927150 633728504 43279619 656819581 522794202 213907352 663882220 589851541 309498407 519751253 819392367 993933187 887689332 179763219 707620498 99825017 645033573 230696573 675548464 267113694 112512281 249765680
100
443677981 120769646 710634594 90184942 241216378 478024887 925471201 922156092 254464279 257860982 143852380 737381352 850368441 670299014 712560163 795502766 789350249 187291437 974699331 135482842 248546078 165446824 927318221 153622365 701631586 818160770 952751468 606087755 420629759 51565016 124289541 78447566 166383065 952184197 676268503 176526960 204919911 289504703 792394364 809384224 220376986 143626290 209701469 513888678 994759824 118374230 11002879 119307320 561364041 80183152 149084581 316516591 349921183 165492297 678752620 943495383 911425042 806090782 354993363 657752686 756557963 514224699 943829505 336513332 867476602 601106179 627200084 297657206 309453643 804515051 731886050 342540077 280107257 135443835 335168125 279204738 848279898 670911501 112289397 791432262 413772473 245457722 851527344 193195529 633052348 772844507 469784005 271694066 209351127 490711026 283844166 93423594 552343219 550531106 162138209 676007642 319280648 958631167 681208010 591620127
100
459699975 396222221 675766647 850982702 13705912 598776995 324937708 744887849 115621072 964967558 5166403 740104674 479179700 228497254 224069466 517109683 519123754 21200639 342967242 243908371 69215447 787209741 302503035 453426505 285847064 806817766 34834644 694183807 8168552 985979845 136550310 289331070 236593033 21717624 236067792 12299587 118771856 451066649 569569495 801605580 796244186 937148734 397246807 477400669 409730330 457846108 301482379 321795319 159560046 192530142 723369445 5178201 357369584 760296146 888698868 349785686 335777183 691490151 594021709 138919437 680317587 184794732 353727486 987428183 873474752 543587135 82954530 321534969 380930735 153317741 162635904 412590600 326538206 486335982 786136887 829129407 149838384 258479423 202527584 877947409 952393736 739681138 327654834 342455434 497273491 182420452 640219985 719492397 435876495 114757463 425388123 402175331 776897984 259961319 573612679 935153276 963354720 755174830 532616165 359877517
100
254656744 563207915 677315665 539579600 373486233 990125370 759985043 882981260 902168041 533268835 981838957 102313707 183820769 263412552 752244076 93383717 858225068 939871897 84018614 772014221 86156615 799065184 708285994 467355703 64820573 998124487 299964313 678889065 97812028 942905805 553391745 842955298 526105282 321833465 73309867 278925887 329218471 770170985 113766645 99618016 369837678 868860916 716553777 838088920 849719389 612232749 902698835 783977027 419026660 240466413 31576671 684325209 926396531 73694337 459159043 555295367 93506078 383786717 460243519 48068241 78457442 456028709 59833961 850326840 573055302 233493317 915968614 921887707 662114831 636005153 901738157 733498463 400737044 233673462 658778853 27308979 117985014 80889387 323380500 319669498 111668942 412360682 74305761 316329880 149536084 616306041 149590700 82284346 700656623 230771512 529390580 592803436 103816880 231714032 812379584 949824949 533280938 621734470 970888850 689739302
100
144806869 988739604 120543840 111181172 204382597 930732937 921526690 190768412 177419667 310582509 432144011 479104199 639748799 860939028 259913931 695386920 928077055 51554745 718263520 62321633 379556706 89261640 562161702 993305686 421503997 589856737 491086527 117291984 16403585 663795926 559265185 928753449 848145955 863644792 361552418 253368843 438308405 952493635 509196026 803409613 894937932 218050545 97939961 157503801 807376282 185107202 481696164 23758013 595913611 703238736 725769806 987541495 295142716 735257432 372911539 510069841 924857221 487226192 624828372 756870322 424832023 998114351 384830918 126431557 43243007 630900386 510083081 43314763 177171977 915859132 275552051 35230697 965044936 607841156 371308612 812278676 523611469 926058657 591640703 173043692 609284421 25680246 190858559 285965926 772078453 436316170 312182345 305654077 967016791 244892156 524574461 480981411 459246250 218806228 537869621 316634490 388853810 495775717 519860629 827872161
100
131198189 22775619 537772647 395078426 562308796 124145293 305544272 939091427 268916038 28418627 24646425 947186100 711931046 940070915 972451117 760071204 730781477 120692535 415186624 257573049 508274758 886251536 814569931 284579574 735153600 568722363 30242335 634439244 239313523 766967644 749239798 814580135 244065840 459395655 620196085 130249127 986886126 610678514 269635104 619738482 162903885 130418324 965729921 295709918 418183875 709354195 10086355 275374483 773411858 576559642 342949292 967597842 554598574 809793619 115795387 867176901 894131533 602140841 49713349 461252648 303550719 994370847 504359656 867967948 530458571 224570826 708822259 788445607 65263897 290368651 67932252 387478148 911069042 262053809 703920953 40259410 917377581 684332707 605689455 797910679 255662999 397357536 677927797 516114028 681905765 284886958 804836015 176530941 314910803 414117268 221102642 99927954 287980229 930969687 382709902 907408263 271642849 312407623 436514347 230212987
100
207006940 529546044 539169306 410917425 200479015 861099101 544327905 281675500 653081355 309778547 755435813 40736281 229087031 503919542 868014523 70215180 989508097 863733327 995586288 877323457 311927092 827489186 663380947 606321704 971186551 342506286 359281180 887692295 549388369 36068609 322760031 101751610 434947441 58548420 585416933 721155938 646439731 17180285 745920865 374011197 657603189 902308088 128582097 866915423 367633127 313150599 685298863 285264228 528547640 903901113 249305178 465260342 257558076 14972349 382552818 384718618 501931539 199042383 660610153 478758929 657018483 701006742 324857710 43751551 666356222 512046896 357325041 309531593 348116909 825843368 136752686 540438968 110844942 79736228 77836178 979433417 757356823 278601178 176505819 707657793 384819559 478383003 857825958 993545462 141070096 631792487 870622204 573823847 741459733 666856795 167853779 833244621 643149381 815542869 116878652 893264658 414666534 64138218 776374514 850331550
100
255127191 462550181 440409176 220112500 698867488 478058585 551235287 623397803 924201190 321875956 521514897 807230017 481692316 43279422 84852494 452047639 907914935 622430085 875285528 867807569 237696556 106796565 407275747 859622216 54689336 739500604 395044480 604538705 689987513 859076215 491532703 55831933 454505579 98699481 663163247 24730765 82369492 429917240 585140239 370054347 575563636 647798601 893968128 989363407 376816308 759179928 683704707 346361184 938649364 565399497 341039161 965881560 739809821 37315453 152746644 98903464 620232096 519361624 158830327 506432492 67568846 958718443 829106359 761548781 409027173 844718767 881761367 421714708 822872205 55813938 609126777 264474029 680653673 744869022 194426283 797365897 530032644 493254727 125580624 530692308 712431870 906565114 496097424 234635832 922985556 336796869 148009324 253810635 461526736 865112403 403108969 580797954 49751856 740509016 995248206 419452114 211434682 493475399 549484292 578163860
100
191822774 919669421 220784135 534650658 405742051 18748968 968294805 873547169 258888057 27610587 746383286 199638938 52280446 630389325 398892519 188588607 757849247 134287351 629700994 913188961 755146474 827297048 607112385 450462048 448160330 692853515 727338086 306206742 99017104 636729268 828220776 151940823 385182942 688056431 182887160 654789571 884911234 917232547 388235860 185378533 135333761 177922203 428552878 887151300 218853367 423762355 461186673 303544107 856330387 230531490 717133637 783300985 67541235 680545663 525866406 459466453 26942226 887672909 816162670 439061895 402728574 411665407 617299874 600629892 955039759 631672545 972662721 33614444 253355058 338018677 144548456 614296181 888366016 295942132 835889555 489790831 358902756 225433466 273087154 798268629 182598515 841546518 496640359 74730739 871644951 314937297 389986234 890884489 415538128 40607554 119195114 351037807 963376933 7019398 357479869 494312011 284455331 105338635 523098027 736870140
100
739740679 709678775 668035 496284465 223307959 735830617 355823357 836327103 172880457 885652920 605893799 918653302 351696390 529295101 446711134 680287722 516881177 912729252 764821608 136445149 889853593 369753402 534622925 929337491 746603942 417567974 313172191 597697250 708902135 334263673 313007991 656549347 4669212 567388134 648469645 337737151 122538267 990744300 178265414 29216850 467136395 749761784 944535153 759795467 632878466 14250998 11332212 898955034 539671525 607521399 253425855 492032443 418904977 912524536 102245016 975215324 582576972 447419699 811866985 581150647 772728092 309364960 19136928 945361979 998470914 686829572 962827853 717867106 649227999 415220276 526174388 722198049 904065059 496649981 330968075 758186218 504091698 613275309 448841587 947297116 328653937 488949238 543716130 663731038 61961621 173147650 843820100 451527551 109470499 181093822 504527019 915602626 177176666 188631222 848661060 572878042 834386365 510606096 490668703 993023699
100
10786105 257521582 292845593 195885641 195939623 932518129 562270463 432017574 419027024 184864132 200579693 686178807 504038250 278287868 398390812 726136076 92179741 122489657 638861847 380497775 665448340 653927177 454474002 96621074 444260381 454500767 166416662 784348692 669518352 904324177 633102138 213619436 410226869 908572414 677591148 990424744 808566424 568736243 364309836 120616046 59012939 744734863 577688980 651020255 672222530 613972528 232794281 167443494 367224030 561061598 82281302 952481395 938657104 892607433 899538760 342411300 795594030 734141732 904454385 511710959 626771511 878498400 905717671 992350246 16593994 111118453 714830314 6042828 134878102 837808933 991297265 956722124 896362928 446781025 289571547 420128373 14032870 822899757 994496001 983249007 707734973 616336359 180895605 717370781 897235651 734193824 715483192 40511659 332852358 422030551 972680561 167110793 527300234 132963586 671399646 492277633 915619656 110617077 847361424 720280289
100
387811844 545231459 651132975 594774587 637063201 354095495 820052344 7551591 563958888 174192487 199446110 596363720 868663602 366875653 98686332 833436164 627414643 16309236 957788307 213196557 817570211 250765774 940101682 500787382 843303602 75871655 949775033 911062618 483011300 743067112 676020451 502934188 827224689 168897560 700327945 490053674 860451693 558520641 58003117 972927862 819853968 630258583 516741440 515241050 936561377 383890017 402034347 973074972 928137076 554636054 648439669 359983660 412633891 782469930 84136157 636165964 531749850 983538695 615516520 461826390 573155322 710499643 139476700 273268149 643066377 180209536 839714834 525768721 900645569 595320163 933447934 218506542 198614168 19588744 467702406 120526000 637374196 439875390 918913995 829785897 772870519 545763189 510829626 558187946 886304308 720858362 553241338 878515784 361267264 92386969 982031466 358538108 361838661 419010330 546780826 351711750 65178998 175568151 211650339 894948223
100
501763000 439271748 599036216 570002055 666175122 170829563 332862118 212647952 607490529 878550172 198877878 601968971 724945010 1310100 790078113 191369592 466796790 839506707 918929086 416161485 863535890 132998596 516378873 661741423 724910310 710340094 52703298 986092983 130611917 209849244 588037684 59125055 371381512 482302131 953664018 93638168 736588926 326575599 873178367 996887693 273397881 212274294 883602256 285626937 81454808 791049767 641033071 631643636 535632567 277132607 176040772 388867972 923335503 394768595 925500160 663094607 811625967 665952332 957926074 356899126 249847265 613683877 895602904 792304807 835926179 619261529 495813168 16229593 612435371 557944276 26003458 949983305 324862152 626211087 677511427 957737572 713427165 845756955 46007982 189896893 470320220 361881322 431752100 334645644 238744377 128022610 91805807 147169487 114355600 975508840 54248288 877890189 671598309 931940853 414167704 606777608 569310108 765427174 954062094 761021535
100
994325290 270091862 242283408 344209393 801561477 132204092 887773187 432313846 19761496 559819739 663918225 368094160 105447717 601003239 78792872 529499316 229015569 785508055 900189986 938244283 134474037 571858503 493358741 94952108 212295962 76313878 26053557 799470694 528719279 608427108 544135846 512822169 861196117 285162072 323445054 646267788 801480000 361317742 466593560 204837849 750267739 141520158 453706982 353087898 814882640 224377306 305021945 270337043 997130793 152260714 605085955 416002637 733999392 868875722 855476822 376050405 970992899 416867393 80925672 65173321 217275155 999518536 809844460 660081685 951870756 244903727 791346995 339043012 108572658 664923977 550775018 417195934 688278828 762129247 42673896 902516049 306466171 381460034 504856815 66943132 957198322 379577418 29711664 28565032 686398749 619318276 98556536 726297142 40638521 717396190 730626439 833760984 230828219 736369434 474184102 629373500 160258559 5679475 725117379 459454418
100
23734749 218838480 996954042 977535490 664513035 95003215 241129153 22566722 539899508 984153651 860627278 212186267 174738389 940374265 293509472 439394461 160724783 721663972 461139653 462551551 158801033 534597044 586797988 734245999 182769762 942481648 664448888 484606445 971321560 460356364 779046835 319619528 819455653 546639205 656669743 625421422 970127717 17631214 717032519 456065951 757369978 78776361 723792104 656224042 580179104 188882511 563962390 389752031 870557698 231225637 638801535 883877687 788645974 786616772 389279322 858690566 834877847 754266864 567810314 981163522 943566750 496474742 680577022 486961232 425231328 248563927 970613038 513355916 838443970 696183343 699329453 337286093 491923486 81437166 365467698 197931178 541061843 53066048 839631792 927607100 901497971 580731565 984369303 933752314 236874726 125576220 545782968 414178399 794509998 822701690 401136067 66078421 600023973 732982276 894871388 25533213 472020156 173240387 572239691 944463172
100
654884137 20075769 139327223 274573614 961525321 354211275 438559391 333860596 155043728 391385581 85814599 333320647 8529281 429179088 915476848 917027627 35080458 766795079 479490747 225696757 861494155 523787459 944928662 331272410 518153622 772202273 94764294 127132583 165502132 689709220 838299629 981118436 801272732 125411057 728066602 151584172 290623094 400100821 899207351 941305494 897564788 464911316 425290610 120655838 761264837 155045483 245608090 816424495 523210782 604420763 777500461 970129698 782175230 398427482 150641704 49191907 447515454 569998154 962049008 343702009 159204861 41233874 445031600 511834113 847112196 344728075 55146258 328462770 746349679 344609633 964293712 488376382 352441827 982358610 78627345 575076568 769800622 377291502 304773724 617201712 18078438 17097066 251123856 762480474 7146343 593171964 721401101 932987925 675966796 304721575 275205027 839171260 560428329 581809895 787709236 715316930 959445048 475711259 961013507 65271465
100
394301767 277231187 545904773 478935332 581756938 464154218 461077455 676096743 471219483 741544009 434103762 785538804 243237629 433476321 661552496 762722480 446102401 567132997 866936706 164379553 52598476 394703930 422055191 752922495 837161608 885700063 404798420 554775057 130930401 848515543 708835031 898486966 272573634 193815165 443918694 124082595 309569989 774068688 559037076 865013037 566743911 392648081 30767325 742326926 942855862 85959631 595443738 493332664 712140935 344500576 663972033 410939282 580895929 200771722 124802596 992696995 327667855 615924098 277818049 962574540 779976953 367828990 409939046 418368668 701692535 943145566 329907868 381223603 950333099 461274744 658985392 400357649 576337604 422017143 312238815 278292806 450756785 906139266 38083702 18346809 316349215 747024308 902936152 925565379 949060239 150899893 907664318 526136080 36267508 871608541 397642022 697282829 832524113 858437871 77560841 370574594 313887112 180388878 789603730 77656078
100
421843986 172225440 175430194 814060210 723038933 939066789 11788483 1544636 345308195 424929455 794641734 233452303 887056231 255360055 522903657 272988531 951483111 571651478 567956508 636597564 909709107 917242494 518345363 340456986 353389573 28965031 193777502 168765059 734883 700469585 48819340 144058755 897768681 57995415 655271990 95449909 230425310 806562623 882181224 327738651 324656220 871450105 304953294 51362595 963865792 571269882 548452318 793878858 163342403 763468001 762735402 490942042 41014478 304050378 862777683 750032735 885354969 771779377 424382037 219240948 965695763 277041174 416423096 390679830 836395612 350000326 368184822 881388235 787652165 748254345 479890678 862188966 417598703 713792807 967945061 819374734 132911174 81242618 960428638 823709766 565469351 808063438 554561541 543449296 293271103 575754822 597868069 898553673 675366106 917192539 347689708 233286455 958684046 125969439 513427192 146649420 614489133 688171278 376252867 593441275
100
373382032 66421411 142290114 469976935 538835473 883051108 613813158 590324403 790161574 444973209 56558883 278073113 873692113 982822609 558140958 620843460 543416248 20797084 967003499 701362742 573771934 224096239 910405530 701238906 971911228 570245880 652182283 502638566 152591304 287839094 495780618 521977830 104787796 225577192 532611876 602890715 497436654 377830976 16058877 368972916 31136893 82036443 569904876 883828266 506268046 492673593 539994725 70456723 98847621 665723595 896654204 594009405 630166133 486526700 671339954 761905982 591059847 343072724 914253476 568196681 88521263 936732674 302958663 110252227 707571345 26641023 364047580 969882794 478865376 851197869 230099533 532655464 948486418 544045221 962466816 68189799 53688822 795200707 195156368 311598999 60118242 120086993 917673565 61353644 226289569 863887850 388097755 269429595 56739426 451446147 3040408 184470734 635947745 801586393 869624539 341327374 130869969 631867883 201212424 55265317
100
690105813 26346947 765481795 856607932 116662353 222847452 877563166 775040248 892318058 637806620 896477318 787699623 771804426 269572951 138596987 876969508 418915618 685626331 192855400 901342556 370775768 852924734 552712863 271895749 558964562 272770745 116769216 136932907 90778230 820091439 771668549 809563453 181770308 125224705 702016469 172259287 494101271 13269490 552311214 184008982 677747114 175517256 184207848 157500566 762050755 96603997 547317210 131073546 939623121 39588724 2154291 183431723 894496593 628491693 683619728 441935657 80830467 907234239 915522204 641027813 260868161 288658636 944564008 262777998 408144885 322278629 267841246 579921933 584702278 616633153 7266290 12116891 352095499 902166305 858877509 750510659 646113990 649061505 455643961 769131570 181555174 916325452 959690270 173912701 753598711 144825942 650534488 952661986 738890771 848560009 125404648 731782270 129244929 155365979 205947483 598374397 869139595 475652847 127454101 725761119
100
290728909 362259573 867440567 392396797 904491665 747565467 831806550 152952046 747895296 117092252 745961019 382392425 927610715 659806028 760472678 583283003 408368542 263287622 875300236 13020869 662522365 773259058 805013696 474251755 767720688 808994267 558849379 406960843 633447074 340890391 675758173 786444182 259164022 367595693 205267230 118176806 754283106 365585217 143932358 860200132 298581975 548005848 388231498 685842457 514276512 714169114 908918169 773798062 170528522 80773242 792237259 665594018 272815040 939525250 748084327 473849733 319737720 624932322 33320607 206857159 561797015 637013710 989029920 605455567 442738730 489277896 468961234 289539660 717478798 545299576 722612708 182928188 845159229 324772159 46067766 202216353 308000804 48294938 863802242 101827447 512088776 17372423 774029102 471390327 326796201 417246353 605011882 470458590 200361794 604935645 963237222 163365575 907121312 650276083 744626661 40596033 995128418 334692009 762429842 722646375
100
99945259 36546320 520128807 810219014 160617113 845833703 236584962 787071709 494474150 669045720 753142808 335740188 412313926 768012414 687397346 117966228 224493007 30760230 652334291 183258835 438937854 426395017 703209949 713443665 286156466 275420510 112267143 58763716 626784117 915764855 292479221 455325164 414682411 989180779 495377287 318266547 220324888 291700591 593954035 90830388 392719893 425456644 221862174 603912733 715041855 739198723 252857103 211848661 604401322 131457983 436763121 409392293 758935952 932038418 331895120 64008116 332103428 496825813 812652027 623847078 853134397 600391559 489561805 29283303 8740020 394159296 219564213 467859740 131613807 580043140 967191105 953489202 618525104 422714945 98523832 214112885 684234268 23751145 851038040 909911982 168626758 629276024 611225358 30966763 113275019 707901578 806766998 436710999 680311310 875437594 904766914 388915621 948935016 172645634 546175228 308072864 919362625 794980149 915901177 397550957
100
725741943 981738547 507358042 758016896 955936084 974201952 427920224 596034069 838630714 145711078 950677120 478595341 343472176 669791929 761958132 771956832 838893096 590535463 925146598 772635627 568407647 956560375 467690295 860856843 314763262 301965116 848519015 771427102 296600744 561586390 231366803 988091663 809619967 521762687 442089380 295191852 662206917 315933477 419906064 924397157 47928427 202901497 731702580 170149536 16119844 581408996 415160235 500969339 863084842 122025471 975581154 130147371 289107345 754172058 200386677 179679529 713383540 851369790 286516271 232043871 120473721 449979766 156372608 273972646 274044629 988586297 819568375 489983277 846150584 249851999 871372779 787600915 258925859 507003423 538541930 645507145 804618757 779513209 633825030 824252459 502271886 677720388 192706531 976535556 425483093 440496302 703006877 679984320 559598281 821904064 122174507 874589057 632288224 635195895 530772202 987542173 767868991 797697251 701882265 425954695
100
164200150 635154547 546234013 84226475 862775830 882820444 976768843 158455635 665835592 753905548 658832762 502786315 834558425 650589242 47522923 767037789 512803546 466913425 525606550 396959979 987195105 460243116 623508311 714156846 153455140 687055812 177234759 517822619 671954355 887321585 944770507 210874875 337188617 281932078 38031344 544088856 380630353 377980621 975333085 418717888 597867975 69410445 74022727 941887846 41983436 628018969 96473737 933338816 789359337 687583611 628210923 103295276 938213679 283028861 927997751 196500027 708918397 976619913 957175801 432833564 766199354 305691300 405103111 262751472 894493096 856176059 84676645 538409050 571989799 796188741 647214394 721345745 819088114 895703199 240412488 709483879 555763002 553404811 560310025 382594274 271142633 748979356 119485619 632589498 527889151 275450536 696749657 440854631 535143065 946215321 253896392 437216128 921953647 411209156 247520105 21157568 274639330 589551263 501135369 155295703
100
3324345 644179011 285529180 702844272 629717503 583430871 338716550 155563928 920796807 752592803 846074406 33267784 878981048 233233378 651491789 752957420 97531250 379487877 674832326 925516582 1541305 586489417 153255509 476436921 273199977 325645779 847132717 266471380 454091711 843065725 302506962 845447830 717656267 11798618 285162854 597939693 70733441 614654258 359982828 853896712 940278587 636795998 423902490 524708928 411511342 575656490 888188752 501581743 38450865 37517025 114015610 991633529 805226717 302441467 524622163 573406042 626709578 245047427 744678697 403658213 217217299 427987711 193036711 516280200 490494589 43787861 785708138 839238823 504388234 782628072 365687179 893941145 489851511 698619532 475581028 989773422 516043707 636001830 665763258 946579445 735008687 32821115 224680342 23296273 851055647 371514105 91789134 452132254 621784874 492114797 470699375 143302025 501924491 655953568 459316798 355286797 710767691 766215909 314013639 284199350
100
81238524 223434283 916251886 931841010 464975826 413110512 798131088 706039161 474158082 543807748 78077263 69638573 667892679 530707713 18781567 583935823 509953323 465897558 712464268 945976722 664646143 71070219 716529045 768040092 792232490 529852986 576275599 92964055 865726789 410801943 92776502 150567913 411731592 747663455 123448155 363636032 710415680 292664153 744575228 312537520 237992306 598773306 912389305 810962888 628488103 463505443 759476214 830037027 894836104 3164330 444951763 92076031 230654577 954138026 704754046 309650890 222765618 817237218 969567051 500444808 816129553 570168113 712794029 830630719 695307407 338902874 970631794 998960687 260682412 501904429 617829526 394182385 482149696 50068989 447150738 728010051 571930351 896467809 348601436 700982736 575209259 224830949 406675676 354916529 880966697 556966191 245242297 874170107 296927751 443829693 545969413 44920305 478906259 20542707 258989756 624085121 393144789 391572805 233972785 568692903
100
399248252 325349250 302528184 67879887 119204452 766586934 466941412 329368348 574904948 854602243 849674794 614615165 573393889 310751780 768257839 970479267 198892405 304793758 631061232 557130605 228862309 155539717 633956966 744338968 330950285 845158410 399392547 984563982 931327002 666946962 174000749 943345787 229088553 3069942 571444734 160077935 170957485 504867626 942722245 962738255 652913927 625352988 300513374 2988960 551271001 193654199 680091490 962146039 183531483 979311264 371853292 624470113 972034219 223349284 147375635 420726850 259193032 530642969 457046409 287593907 7192645 733415874 437725557 232463337 80178786 77274469 250407884 457816844 916375780 453739439 488576041 81148317 972172245 771600930 638628157 375777163 182299446 439166503 932352545 993350011 878540840 673382113 349306440 132289418 617858234 101804934 627511533 521064611 451090260 550203200 118321227 767376001 922711194 673507792 993932002 279191533 677566080 173894766 441700085 771480642
100
762564031 824379122 40598030 630507480 605110548 372572593 667722006 547310613 762913261 715587217 546076489 458879421 419506229 471517135 888268521 514415983 570548418 600757957 161245158 350744226 188914934 712813261 80387570 722260991 87675879 87698524 829135168 484021049 644384303 642565315 814006969 383642135 173023551 15248827 516304866 6240688 103349920 955248423 734736868 548058966 695117529 932378649 876036594 560061794 443596313 539304982 392440166 988488265 279202610 582373832 553211723 282161186 126614681 313966165 993828585 471321669 362355164 244776064 161474252 42229766 857547324 844137954 386492076 287754911 240623684 477237348 873611136 810730690 288809724 598087501 143043581 491036962 423424251 715983359 271801098 82187004 570701885 794916640 303475525 475652149 974748246 944494194 362092958 797230004 440975554 560714743 803429705 421161719 975272192 835195638 665564112 527771588 852375794 649982426 641398224 461832134 382251862 32860807 707696580 338151410
100
816790320 227510054 957625411 38128986 122675295 209489574 54379699 121845434 849625827 330286489 841683060 472466816 782994731 921239082 626951579 385410694 816504792 696955465 477283012 724102167 665844648 401235964 727954764 373693170 464043556 484229406 460143375 77550981 255898441 778829160 84208077 794300306 849931373 693450117 124960435 973018782 295024095 602253868 220801731 72556185 451330473 184220791 237955224 734740124 882943997 614298982 795657637 383476573 36921017 829244692 621034715 877796243 530146133 936363578 937454605 391217736 874157503 166610214 447442093 730515891 966224744 312858742 500344264 360485686 654042287 672617879 135480606 378447499 573136488 348199560 658161243 797175008 18156422 783990890 547265922 296257205 258924412 2422141 304828942 20875776 91599737 486178162 666408281 67476748 65466197 485774901 636537595 489889536 752743922 703940634 630915778 472873688 173740062 304910822 170276070 176284859 84695293 323116832 201883858 13137510
100
831246140 396039800 987226853 137909362 691278054 723646546 606782014 381851555 877474691 564059922 876977946 456904292 825928025 76898661 814670780 213080155 154182293 38579848 852887066 869044511 68263913 13126698 78919649 778885559 890394449 360648057 68088486 507855257 634247602 506002250 426745049 401841040 219520183 432173119 364378631 88988753 719576044 859936145 346621621 418822288 621866509 774189823 210154820 8422549 882739975 499929784 14268935 65465989 861696360 134180252 645125062 737686470 692008060 59947080 804435120 647680769 624608636 33746018 216758938 4809697 470157200 95009517 335695111 147067678 746841729 675158249 986184483 307448271 308519887 553384330 254953035 568507158 965016921 261345435 215318975 512749487 823159073 409682413 494206218 450237775 231895805 792947895 145619734 754967740 342881643 923624520 581267607 522654061 436078502 506383189 124772871 90062422 117360250 198835664 414814992 356360769 475823185 53701930 945157469 800934723
100
517655072 519773839 884682982 76642948 441078990 608592429 397544063 737787294 383625553 410658849 234358150 563290244 123578522 446113831 735481575 823985857 368843173 550981331 303019662 573824992 536142337 940803517 772732462 716220324 817448405 408358373 837443544 251398434 303299623 111789650 130508198 891496067 908860816 831568993 466751795 995429985 191752148 240290241 612813424 848230858 408904136 608710345 975664238 106760284 82812614 305206146 227985871 843065543 492930065 559279769 308902746 644903901 925262043 597454858 968189650 831070653 751762340 589020309 402555805 468411000 716517054 413959381 504537613 646541416 743746363 959660027 371669604 321136602 482879044 28658174 394633176 264241982 370415972 551387348 540080811 479016958 929631533 782984100 493884655 825593442 430601496 703450196 515096458 956420322 64815627 123952520 146436609 693465295 629415480 684146685 398484980 566048767 143465019 785434850 639709901 299273577 586467215 76963539 384591811 384877257
100
176429978 824247953 254740816 107365977 429848102 380448125 790021627 585827944 548387963 665817100 983866968 432194280 993630016 198646455 917457911 850128751 582102427 292517120 967617493 5375726 432268581 288894758 978685980 374528383 587262450 196107721 728249367 118129177 102371453 700162864 740188241 219943937 342990642 238015020 652148509 413876357 417768994 833732585 336622340 160644189 137931925 942962543 635101696 323617780 413487637 348459469 615996085 154929347 879060181 291088153 766862770 746030872 608768814 797161047 244744978 160014479 882293467 85696461 146002995 171647768 193287031 719082202 418283587 836199342 972111050 684560331 47514337 656712223 33634327 503921795 702011741 829853702 592360366 293047193 220071902 43258206 514722488 151812221 759768174 548293220 500150529 161641202 964570811 325707530 996337470 297450261 69570841 987569135 134658895 452846694 779596282 353198478 203639225 714342977 473485381 556882161 962003550 108548362 851908839 855898855
100
855327346 980786163 534535120 49534804 788863675 898742551 483383350 225727552 912527463 897156542 274907261 914107523 332701389 585106732 635835100 199441183 875229489 47861060 259426561 375958318 218979873 134690947 853826986 263223359 1303131 672791320 945901609 830642531 425577489 605766600 804299862 614597467 948460410 975360717 978083873 592335459 907010428 281798073 265264948 143675142 294498209 805499843 370210905 831997359 305960382 625065083 17914606 101382794 57846079 433073177 864617718 275536109 555854472 609092781 181135841 648025815 125293481 752089463 903522800 359779907 231256428 301158741 998638838 662012763 445789557 704084802 516606968 371258994 696351579 569995687 865637259 894377385 836816803 755366397 840523415 59506477 870967032 497083629 562691584 403325881 265084277 562502143 921674909 411503877 520188597 265323060 181714634 130098302 568772744 511588089 413638805 926807020 907786812 303564258 601659860 848770322 74613341 715514773 953325212 392930653
100
504057769 437190185 6895166 907118811 486256334 692602251 964295117 82928647 263850936 223285571 686926759 813324661 969659981 950048842 855179666 86492358 933930258 464220952 487174813 102599726 801821373 153907462 163827660 905357178 842063710 421855716 963303663 254667167 94533164 335028547 945824554 196959654 895407876 286977097 373206639 569107953 396370081 8364809 178706465 599373313 996524963 493790970 703562734 566434381 826272233 123776530 344721878 294359587 755669258 495350722 641673543 254602136 592809077 346479612 263108160 645465734 169049073 245344866 629481043 69017674 818305208 654597047 84833973 685225121 51538986 988802452 630561271 383736672 314390038 544017618 819364920 727312145 623847789 918248277 41100233 828213096 156856716 597976767 367273400 263829672 92697398 504212777 321159532 995535136 759254712 975672515 613913048 229706457 887035940 972833626 370526527 202736353 911540513 543270140 183367769 845208960 171576209 632806784 674255482 446742889
100
20278980 618485857 800413366 918782378 562969021 181581911 182886026 995607816 772896481 745106338 677841328 506004514 804281091 574983653 830926943 594101815 862200282 241177797 614660188 763342560 398765144 710220218 660887184 598898045 920248463 822821579 266177436 562378250 420136304 438286530 865796303 829340310 962157946 80275137 571553324 263178227 673360128 144828333 675106027 69298360 911394897 153085812 231044816 765254672 438078940 309151529 876493617 366637841 263959019 24723720 826001839 289168340 65673339 678891160 899449475 307333322 966466493 983023617 792049638 568122891 880114893 469906411 366490398 206902071 802110719 13738446 889658036 242943413 957252587 485986643 879458796 32599944 394457379 612497074 507839908 782500017 607194352 906621965 248502869 749170380 608223923 948752708 556298844 202039131 294216309 271816067 355095541 734116264 307166125 604574555 86782240 496890340 585078827 783600280 898918367 454512423 606232140 315290641 966019925 720682559
100
495524169 866941999 922221907 854274157 153104612 973015099 155346575 669839568 89754428 149102598 613952082 19610097 464378712 497344110 951825818 39002999 239170122 520026228 963659828 194047070 44846132 248522457 968076791 451041226 835434046 366843446 920849059 494344526 926889010 586227642 216653670 467814590 493469345 909684332 36344693 909131987 114187395 263791750 790765107 545892737 748737372 807785377 211195515 998398985 969919210 94671183 187433994 45997364 711747380 691969263 168122120 603238228 497523556 609882790 640303800 564720837 52757029 906659476 842892245 870016007 537048693 918659256 120935756 354793168 305171506 998157756 174657076 522652095 841516939 119158467 152968636 531665532 980465035 34682996 59558588 312902138 833089064 134379553 405596936 407573318 612118084 615692059 341560691 783584431 685541877 900829916 689158765 352222091 656153315 525756980 100474893 360154524 511810791 337157290 597958368 221512475 490865327 962311198 297431929 811731508
100
809690426 458319554 930252014 929695002 127863647 44342683 624519710 983268671 517496613 947270658 190477372 340065977 249352856 761055682 174519554 610644052 530733946 367888426 864454414 19749170 686135060 870194459 752555239 970376052 821708623 986360349 321433214 626120598 748017437 187094775 346126443 94987488 170906768 15867587 127478160 576875702 997659332 328193108 51899381 92510879 613492620 585191628 420716440 789333403 59100759 616344086 916298737 92570980 919862342 502330796 868128633 814521856 699055524 473069428 164266409 338321324 195624129 953939546 450387642 636769911 55647875 790782911 39746407 986619230 578167563 218332392 693048110 366788047 478191578 896951571 676685955 911181235 481133605 576938714 990691876 927338445 99323211 258189770 526968807 819784708 691247858 895739862 986953478 36482652 313924419 535866113 874086846 417146280 949705297 169943105 961321480 970323036 478104559 178341911 418820528 866213747 824521449 650783621 169248421 6848203
100
622105879 125732912 763475993 796629138 222165682 253254625 118614094 146203049 660769021 20235647 774290466 871422944 455258366 313435563 234183182 342215898 103269842 877847768 969578424 791259152 576034345 956437307 612323872 605598345 4791634 863175637 261536499 37434565 1089837 418828839 507453194 507154930 170508226 973941808 242413626 968290507 573942466 825748741 127601854 788719952 673824024 904561192 897509918 279248520 427626582 678025476 648768767 65274453 137758080 685314819 770957047 882200136 773916533 884217794 579343797 715032955 75145930 413935888 626222528 17303966 14452085 213619447 164112857 375188268 795720265 113917860 885816822 891994188 178924026 217352172 520753847 610586762 498001211 469729251 165809133 371332130 984187633 302841340 799503895 292262485 93852774 885807449 314404033 948928553 451235409 416774375 522052062 944111411 87405874 624078306 184492337 638420445 57842668 568284178 696511369 676284700 565522566 732611032 191620607 937898035
100
772738364 268200801 716113954 183417300 919506679 65614832 903693619 762360964 852781774 956106360 814677971 866362789 231034844 497952612 768512742 451934859 223568722 960536017 27701104 965274815 647821440 147414236 649736169 320630533 512863361 646130278 200713440 176729797 165476479 593253965 201539184 858947340 39006884 756578268 266596823 400663521 654879412 460365611 505607848 859284053 340061738 432582955 911098134 129165754 170137323 374047098 98874835 241137528 873167038 682299447 925593029 383936162 133977886 928770597 207008507 762762061 996374352 950553077 491435735 966200239 285701906 915407431 793751976 660602263 628669254 650136457 372152006 426579842 728020234 708698581 14019365 582984233 14107018 311224309 543868907 539498292 798215301 280660959 304340058 526135503 846321579 470310895 912775577 771276646 625464017 191175252 744920060 845326489 346169379 756047649 527189943 102846951 907661933 579490147 798921787 37994677 585810556 71741125 420962570 157966686
100
558825938 977940767 827043965 533549925 711704363 36035855 829393092 704527807 494852035 607285766 552910857 188543971 266297530 977991815 694825940 967211341 189298908 139961280 39473184 447968608 77441586 618338454 935629124 943519690 578500937 859991685 529214760 238876889 189564573 599875852 142507635 492020400 460137462 820896934 468486350 480653890 549944083 305507980 557240910 642211582 424071652 594744334 994157859 437740497 561082447 983639599 630039095 109116209 860822435 93097691 24693976 353373729 295640263 920949426 757629422 198257753 34916345 676915947 583874289 44236577 890219651 656989616 479725758 124250516 521191113 232743678 402843415 655235649 751364347 506286738 343562873 716628398 377160104 583775090 52168879 231933926 610902416 368439776 711993937 261524900 249819382 216509428 129754382 572373184 822997037 923488694 272238649 61164413 880328097 981807046 711103249 589563475 497706059 861553455 592825676 501581198 933029087 421012562 434058849 709391057
100
325572954 746947430 138214257 901720466 844602661 551361417 675338497 56081250 67496416 909711782 564783739 513773723 435113697 905964021 506709362 319804781 169766428 606365212 776674010 910573174 944662252 710512031 423558004 194915644 180203968 165388178 969773828 891543190 645398607 640350132 319654633 810662282 534729552 129081850 660198721 710265273 105077687 641638944 635487387 256194250 539138975 497975251 38278284 221498598 458619268 663162601 982225089 949798664 991792183 536468799 190926855 298456717 74273607 697193904 358249650 489525224 501960595 923056092 315916658 547103910 51136287 466328109 464973229 45725920 138960397 880533502 427391830 778303330 52656398 978420102 532306713 595608152 37287638 390795130 376053638 130040708 110150845 454160375 41583260 513783321 248781686 897483729 576336268 894787289 295772009 176183569 385006003 886750304 454666050 753827051 279189120 797135903 345852814 613516156 87388606 96878622 659355832 85062693 251399040 590989326
100
82400416 941710732 842117125 880258294 45313611 762286006 543268436 971151794 985023943 234575807 70042245 290585501 853888425 288682658 891084992 354882052 59770079 592636363 335548769 373888116 566852833 314157342 848327464 524034363 972550880 684824737 40759080 851199274 697200852 926728395 556633143 134030521 925309532 153833584 992321721 137027911 732840652 202212628 260348055 409085188 915476710 173655602 676847105 168859656 304526949 324351849 219880415 107552633 237129021 293144689 741007153 214776058 187098210 30656587 85445772 831800090 23848531 651590349 423583588 960597343 416315419 103387353 128881005 898412291 186906840 63443889 955744728 969077536 550497665 330367299 783942952 221019654 708376119 588105975 280678739 688055987 83611406 311655447 378242421 569311320 883712859 418258703 43288963 544217870 65884306 64738779 893953299 779050022 198295030 723497137 483806078 586135570 854378109 585968724 949959869 314369386 313693173 325130093 876459251 754468768
100
74584068 781415706 987404498 145042828 717093784 810582949 215226384 916717851 586151660 98724036 778431509 19999512 361331276 238231285 287780809 937568211 204597595 452696781 50730794 886585894 352151527 974056793 267336017 507249466 682742414 606094502 504808640 773998105 282488840 821245886 134284535 736145898 67989627 63483643 226257250 219793302 850592528 16670640 739268623 81012793 414824823 286424101 225892568 722819361 671454064 205692317 951886234 353333457 440946448 196366074 862900729 433737756 538521379 963607204 970463673 823603839 23283353 558868447 735511063 596221946 227993371 744400458 278983235 45180520 930914354 11022319 726528963 119395461 254910293 499377712 443987980 84186838 310758373 413308421 307797808 825474472 693684611 780690311 885542780 945256533 613415244 684240295 735206496 148904613 13072403 972576401 647518824 724125662 941756113 583947358 130539995 29665974 306722326 666109107 570281007 663109048 943336289 185706877 628185935 771834787
100
661145758 761563481 354623249 449593825 875851272 168012667 444967057 341621950 553445537 842368187 240275905 229697491 150459084 688113037 665502918 170116068 605257975 523320225 900520002 79942912 819990758 486766112 33585433 230917239 611494829 888598757 686223045 544905571 497661867 104714116 474182056 347574520 538114353 583617922 12851558 472146054 368554695 484599293 126703866 215808592 298357256 950917440 295932654 274229247 320104236 732780594 186172329 904412617 123530731 605865662 504838066 48766482 985047551 142754550 186258791 781076890 14696872 294309596 956612981 951558484 34590317 557044023 799927915 33461331 802386640 917466661 327820204 569494227 238371237 853742793 510187226 423347443 367111287 352357618 338228685 294022930 911119931 377699674 292625400 351193885 302676507 579858974 524761037 596034953 849352302 358609331 293725185 239545088 175573666 447340629 90521603 261089715 208947447 818256862 203295806 399041658 326035726 943147103 226264507 618396
100
469083468 169520798 35826711 704137125 714732420 284703399 396141444 525701196 652018230 577808072 545809137 410886366 997889474 276335254 498763593 730331568 372189798 539401964 740052880 406860101 231661008 164854468 251847316 203296931 870099456 818362420 753498875 533479615 268831505 884283945 336343055 535025191 53550284 547195374 542152202 308928429 859529532 390506945 405622643 683032451 712730846 962514997 233545172 349037484 761193798 111921605 582659667 118333789 704215612 505465456 841816893 536634921 88230105 618022843 488849583 84986519 263795130 190229498 89371932 615199512 219358128 568459527 260134050 286805165 214002204 234447836 231289101 210914873 767431119 922029427 828118034 111761602 26896926 641933290 616329844 131144411 369912304 547570177 520560595 306024863 441249236 317863976 560968541 909893699 381086350 804424122 715698842 102113230 34539292 36414255 392535533 956336070 142055008 524783296 210571496 461810044 865568242 901242637 890019153 342559104
100
396849619 657548218 423919264 826369277 879407603 466314205 323195119 430335858 222822801 109559735 36398584 870700459 651885161 210699461 9244320 306994695 39740606 740968263 805201908 483842850 812897816 25097348 494672478 422302494 837873194 200641104 140810612 243371990 191185553 805907574 142283514 822990759 706283489 172599713 221318587 45031610 736178962 349445903 852075801 209731540 542560864 664980402 74625532 202925969 942452616 17337111 627674524 614464202 814658285 554899161 437041361 79115053 833363313 967522949 867831107 164752377 36863464 179605936 306566179 677983300 947601881 937859553 170395188 212567281 80780543 660431803 708143360 890151989 612250026 291812794 334673443 25105873 58182209 389656413 640313906 422095261 758102624 965291215 896469076 603986647 455491880 430004988 333851299 559869529 658434973 521374929 801202272 109207830 828738528 104283519 430036962 762664000 58355564 701197439 88236648 244426834 81410916 961747319 998005838 434351010
100
851589012 166667378 119365453 825804438 250700113 243779820 495776327 906312806 616848083 825961200 791800838 293303251 216932103 696410125 199333179 284748195 794812762 838356872 888491265 409988279 415415467 162152188 325987556 249831878 665147224 304106049 261790560 945299433 143174354 85243844 282069088 255760139 856191 793360968 473944370 991157959 743584575 471719504 476846463 441167621 165829277 675878438 914019764 760387486 905518341 655720982 267339823 297117035 957285459 500315670 878151114 635419025 718506685 315230675 673863667 402207253 227874686 247440124 802734420 570293706 854593671 474464923 623947829 164490390 132202465 825329948 459716598 276142903 756217855 673240021 209126991 529341277 770091791 439568680 432672153 221495650 921812021 307405452 548764873 879521776 189834919 819173913 623928760 633178440 493550943 318313286 636514781 559220617 547029892 343922949 368674636 997875676 478256442 10424029 898857900 693297083 655762514 924450386 585766441 654768140
100
725415262 285811978 124903210 432727816 433104851 187072701 98371978 160274849 610048516 538479565 357219625 403202015 747791488 163210149 603550882 696858959 893350759 837055111 324399199 764522352 391285013 179326793 773929147 430586452 169280165 18228027 795940460 646549786 33266464 426351719 227787483 753217690 507053731 59375967 7922841 940483029 366135088 671927747 68396918 338364672 750027886 496211113 501716662 634984483 259824047 863731367 956049234 164916410 241314358 962099858 429258614 222990730 434486366 211438937 499919206 399550805 491860985 172387132 194546054 349188337 6215260 367260126 378482042 39954359 962929001 13675938 929721487 578409418 253837265 232625077 318013177 652877075 730541494 179498382 200669933 732501348 407493688 209434913 414175309 25248081 59929760 966930427 214635337 780916442 604077537 174628538 498825107 248742111 921650165 141567910 592589933 754977345 134706651 544196836 608573548 195668487 997470824 466708763 471153270 172826098
100
437575164 141692817 309404916 861307101 640305332 286870689 621376890 64884539 29829393 494590577 612427093 995254828 534625105 565770345 192471216 851523614 565957382 286285757 223078322 783744356 991976611 510389657 871169784 983717862 223274761 640584744 226506991 344158332 749815214 401506353 124607825 101201695 527743163 377194817 318402993 749551429 742896939 921575123 423216757 588593732 454414800 806428869 500172873 696411822 463431322 450843817 768334016 849737243 508471108 555460500 924696840 813503597 934122675 6964137 22575883 959380346 968761455 94420432 888651625 86000517 790370235 721521093 15317495 409102029 712846859 767735881 354703259 580990710 101412412 691755485 88171868 805557440 222905868 625212087 284570053 253453425 131169115 173538687 670542202 376711035 510480535 238150992 996245395 742545096 969528187 291749513 970818570 641471240 812380726 653061136 326812034 391853615 273691669 545862617 441208111 52700802 170052873 823798717 699087040 728114632
100
855624483 730306561 388911786 196323655 333569286 98468038 225973264 620706373 468464603 798585699 826889577 154566212 362504951 22780287 315153034 646804627 943934851 584359503 114686040 745480109 176595005 147426698 384036363 371620039 158980204 494133360 130684571 44094411 732228162 387718210 871244891 807627065 845857014 729384528 221331330 557153207 7404554 662774013 999053068 511847670 290555591 346354688 953551906 23200838 793210134 538931014 81930850 275848529 518504750 299331479 804304588 386296253 629060718 21766884 107833983 612330005 689209150 782522463 869362223 282985482 260755005 878787032 794494453 225540467 268172635 282544381 474127733 785330019 907801041 91572543 271287349 725590403 212229967 170288175 110579908 388354024 521864831 292659384 242716763 430071391 817996724 823838607 209186583 915123129 206288937 993244573 380735723 686205052 712393737 753914252 968530992 9985034 879384433 905183292 29413715 668705950 647602278 264951545 867046817 751300031
100
14688278 990378370 774601483 861549008 290938890 984685948 689989080 960435523 884807630 996781684 169211486 277859638 923602914 845774179 463596417 900330291 626279560 66256122 251265593 490330377 373562578 875525745 913670193 285700616 340020943 571702313 135802831 49668358 505159249 867231262 441826753 607420085 703859274 838216811 862973870 923627902 702573889 34598752 926406644 890909337 126193608 274636363 945732511 799109431 73736887 404732648 806723317 81845289 421488069 703773409 232441948 917703202 509127463 435829325 986885368 508329902 268275288 726914012 647798325 980334115 953433285 725431954 687521415 92499228 925723731 667141211 316821656 958803165 231391460 13083002 529721653 702377774 652906264 216434168 585898160 831569349 217547063 988862235 608091103 455960699 870321863 230744101 932971480 416440066 621622754 876612905 672808321 704978090 998342323 409629218 853326637 318429666 288165533 185614939 111090518 57369298 7481004 168357265 415009280 753684016
100
610058721 438226356 947272733 944855074 362428825 409341457 162523267 130057150 994983329 325352201 229982485 123643677 524086962 643821616 94435508 791386957 798745593 270490592 903173883 445941253 579395019 683829902 175904090 542164652 300613922 335899392 189553130 318097377 355853022 594881930 481594059 607065675 112238982 699604065 849292949 579413159 267806167 68460230 786945208 906581061 985484021 609716260 641595324 456404246 362596548 498561889 213926887 299776470 472445307 986315634 892478663 131610887 973324999 341716556 782691978 363101331 63369935 99858610 879533718 153481485 809107110 89381617 476373510 571463991 794399839 258646301 757549439 749216499 101562051 884974905 863040558 166373569 157093227 458605159 791148386 417386714 78658269 343127311 62495233 173937487 520024169 627970356 713160529 729114347 503625178 745421434 817439975 391089042 273516644 929366392 310342024 706306013 156975092 855799155 650142616 415332853 146849136 512356970 547015363 175493003
100
171220230 527611779 653933000 210527114 247772356 398602492 848216003 206428008 677173869 43281652 431625124 343846593 193469313 527579953 892070169 359705235 34840600 959907391 109769285 962164733 325194756 795949615 118951364 967366172 21932960 112916691 738072262 755011584 43882707 243886559 180354910 121911899 296309402 24775242 896298872 702745444 530719686 662662268 909957571 396708667 305771875 648381264 683956195 802056537 704546651 794073910 526253845 521909149 425841060 808492304 441255339 157934570 811689833 509167910 753348062 130996375 585893280 314768327 489442143 697204522 284021748 517308855 178979425 152538381 915728353 186773418 863942146 445043276 59583999 789396672 539457923 173841803 142179011 577051773 752116485 69401634 204590555 460784640 716324927 352892709 918664995 406858026 588977064 689432110 644319741 586340974 253862922 401573295 24368022 818739710 944118175 488319161 360785368 364047159 336462416 244441682 522774524 663510356 784469775 690616895
100
421237315 99613592 554585450 454274818 988056728 493679987 562679624 168038661 371636635 756399929 119307748 783053938 956805594 259825886 422736389 867249265 740378862 360206165 546962052 324888624 484045475 824603926 780455873 724546233 26244390 931410752 19112759 403036511 626397532 7101286 878410817 689407956 602823876 548875499 227245295 203882632 328130723 66682886 771854638 269372470 720174943 765719361 666646682 505876340 879788592 553922248 620526847 832197992 887959392 63288105 936131182 391441647 400032283 455036450 138694159 442354011 805586422 1533672 167343917 220809105 31249176 611452654 621913823 174288485 993735598 335699648 172723068 808022101 964486463 901436396 768060140 711078497 232993033 487515227 112849798 244891072 858464155 634600207 442475292 110146368 36139989 558642591 948682383 394371106 753714688 945182106 474115810 407142386 498533289 642517973 70386527 857089059 232454835 285311429 428907491 199792356 807314416 883541110 379678455 869073493
100
785992579 856373613 198847624 939649770 108513169 382741984 858417714 272397034 716562991 345792175 810356713 821269059 72691485 622747187 932347820 735205008 479485505 124752565 559280524 50104316 193775563 191955316 319257545 660404508 924922609 97038518 974678537 296377729 882826849 70284916 546793504 92302761 857324960 68095246 864056921 41186372 904270257 781606958 547389667 691120597 482849010 627607733 42710745 619247426 474255333 424158290 614216198 516836068 40989606 91256 121777838 908612476 300921292 852493781 41641166 820908068 275119518 196886812 461839395 350258801 571749766 405086271 839993897 53845085 719375389 175597089 810876927 312038823 284846034 59490897 22004135 722387642 108514270 584552617 148414560 952732435 214499731 143005045 981239665 848885802 765392179 292446637 790806877 734103541 574672585 238245407 459442429 361360471 335724180 621961385 793334245 460142896 705605991 59998122 968632776 960165460 694739677 46403442 249264993 618342241
100
460398655 565202622 448558372 858030282 550928910 951784311 757677139 735563123 536514128 218309892 363307366 843635375 336032901 266774233 23524863 125616636 69185570 27823516 872312128 336588888 513592827 437724763 706664569 351040193 263408241 275005067 439846986 883340563 497748555 269574647 213817307 690971585 873974079 825554724 270376938 51321919 313405044 498065015 105850444 345082275 695388441 95728257 226530794 908162344 532131607 157178193 832611363 75844329 912389206 312736274 102603389 877957426 410175668 520559827 816397424 506082590 76994599 612488227 695337183 68054935 538907517 954590376 632180076 276247276 129699093 368432889 447174152 502446207 433190463 759522532 149087508 982637709 337862316 300321203 812845884 537896750 488543373 288895637 860354617 347566618 694221556 873360116 112834479 441776619 493619125 143811347 230130661 985774490 380627791 902804254 507665028 908659862 641165234 398153574 328541075 777824211 425306791 252601292 893734716 179178055
100
925519572 787822603 628359882 818507844 679592710 826174229 701760104 577456718 164588758 452322626 629903974 272757836 381020513 61051983 66905305 536920856 650478020 904529691 187682115 379629046 481571931 506031711 885440523 901026549 199426315 835705129 21597718 378640083 890898114 501126401 566644859 186026316 135705200 923440609 46554638 182183770 264986904 286006225 316235901 111003211 360244800 29054554 388220143 790287911 353633412 919113911 710450172 514601015 498635255 561587209 87263473 281307036 789207301 709626449 101645272 768393242 858001738 829062183 338950635 515089914 238691944 772812844 813569160 964684037 412908486 23553949 967161588 10911084 320998920 163562298 88765967 860081012 426182502 341643023 361219238 489170589 262333969 243460732 100088626 196221311 320006447 909317090 52140949 639708425 186554896 512565538 469795678 591494435 857359216 376427771 988410172 939852141 126191117 914618345 334937827 661375670 864849242 604256251 440497914 939611118
100
757836388 312594891 298081118 90927916 667830828 21784595 552152450 940509691 749995313 362602540 362917589 880654322 105812850 672014985 918592968 45575723 377280153 255521452 475197130 41344767 759749829 485206368 897596188 684456688 479670636 838337124 616495744 96151808 269238025 57974079 94910277 558612696 87350328 578052085 322338921 54671942 213184785 804137330 540927539 990906377 135125408 574903609 110850490 238509276 23366029 745970788 973818488 111639748 627758829 754803225 737774511 653399307 456101385 160399930 439751532 445768533 749204419 939222185 857507541 3125932 988269819 392142277 628375976 397661904 472719927 824913427 91822913 377685892 646718694 443468414 997341902 175083553 838468001 778799602 997599480 508734282 244030067 1732788 295583251 281416569 194804533 307204821 169293108 44940467 43752942 819746886 11834225 870480354 122516656 903512646 381734884 499033715 742069012 140803442 997003368 500564717 993418245 755658211 801273887 17461951
100
14181922 109802179 879683294 780118512 540942249 61201746 661591749 548716081 691768234 88387504 621336053 560464709 683586666 798768480 146905343 194532490 33303460 622246284 342460276 400000874 764603541 352738476 310008149 644956017 841565988 67820730 773069145 723578790 820136239 146060212 606501487 487194515 549296119 37096642 680656239 105947328 974854375 619961273 954305257 294826598 800921283 531034892 956688121 966097635 435194612 445476463 80067524 344992988 506425895 581338589 889125435 956122440 900450640 538893820 952496125 154265902 383655723 95858176 855131511 871388198 392626972 58227009 969691858 480921413 64145992 753736253 455859728 638799505 537462565 730995570 407268616 373388275 32681804 239499390 631595238 926848031 733038307 159450171 380771804 607927136 811494843 572913659 464121481 665959845 231332536 966249085 724275357 815724021 288449287 553788157 146977541 986060819 844036015 459000285 820041780 892063758 691940854 629358221 185862791 549211570
100
514540309 111017289 30289895 115439156 690392599 402525573 849925388 63850557 984644750 85271785 19022681 99946330 899319675 20770590 599585056 342570396 259721203 495076941 285765561 471761636 103899157 96406098 617753274 450944265 524607277 19471107 145665037 432395185 107380609 962657196 743160908 591266059 894856129 664215581 114158370 781093828 842516029 968302149 516831537 635747268 856852461 142514121 904344641 130022154 117494239 987388800 663644510 764201417 261827173 517595697 403333641 222723910 821665159 620941621 399174290 383358477 152492070 614356281 456651435 314121630 952168583 635858234 995988858 236591000 673202407 40532769 623265730 894315498 155130332 367159851 163952082 911824769 903517025 388920155 661727073 926188994 765968986 491435608 288810518 585234220 388211322 537898673 879689553 878826104 812716456 860790085 375665977 137907743 764311166 474853233 919468779 438121529 155439755 785762188 852900545 386447792 740563910 654540693 693360671 362440477
100
458602939 383550095 269187107 845989233 748179020 461389926 915701830 810440395 687907515 556516863 645548924 429537616 688455298 684622267 488627663 526335116 692904026 254178533 590100603 953178253 599713797 690749807 225336258 455965831 877217426 755473536 58504424 865398037 460375244 462158812 784306693 672546812 318380966 61266458 467187724 248694875 127604883 218706179 996830169 422661167 509350784 20347438 407035526 830190266 628544615 246569210 673299029 751266034 707177896 566286383 708390779 836047253 54257393 268241292 209712340 571850358 292229266 955358335 841977194 143616453 716832784 775970216 213013508 136203464 399479436 168017635 612215091 780871538 925718879 468962099 111088602 741534368 36776290 998331353 586165680 625967903 799658098 936343192 380165563 88372212 288675304 518323797 464544425 27084659 409460823 531434215 291236801 105815438 173198897 358813998 838093312 808121627 112364994 336107246 963902941 114077656 2563614 698351272 413922314 265810668
100
956122102 505072772 644781502 191734575 741107337 951993781 48088546 855795815 294453289 769125668 780888267 598700987 76640291 290810589 681088747 511895789 110116825 327554021 795467792 121755873 552021678 3708853 442500632 493107593 238102274 52286933 855408031 622999280 189302353 104467079 63127620 464191518 865384026 913446962 262800580 702422554 115529401 210040844 49137628 881969223 423651249 803703394 443046924 580162211 259587911 400383776 496376888 30527279 109878541 73764464 450008698 854217657 886688205 759660104 724623760 137894900 534074237 596476516 690025963 701215748 559369774 839990525 899512701 466582522 642286054 131170966 193653670 867313087 311711478 264268130 668732417 931007201 85565581 266712240 24985105 704125289 431911256 386397787 633963044 299949436 743041608 455552340 241764334 978255833 777674483 791913185 296829146 531558145 753587217 878980054 817335838 92327374 277220402 267101418 295807683 833453946 374465673 389578428 921344255 494143034
100
822547295 646587625 488727625 506375632 730202894 971273849 547296305 134195867 557423032 241111094 964643235 260993092 130662914 598317660 652497712 889456016 635803138 675536419 91751837 53596552 750818667 644071500 406673565 608341267 239240175 784354865 642113285 290944876 705471632 452579920 99951432 685312514 168621532 901678064 914679592 787323633 327682144 750101568 804597284 98196475 453718958 383257294 681148775 769218852 188969370 651123642 6518668 614750159 932854206 680467864 545974319 533759366 693322877 281368686 421741935 78905624 853906576 115114128 641505139 533969412 795716653 597524838 676722995 604794415 36985022 66848300 941816880 118669649 332246367 569623417 388630600 766382305 267457418 583228313 54213116 498006867 647388213 732160164 754659984 273964500 397810945 893720115 883950960 725558006 48526804 342261446 309359572 61772458 102026995 473140614 224283145 928712429 417716715 235333824 169703356 409102320 765472179 92462968 772880711 580232567
100
63975181 245107566 436497850 808080953 965925997 873781255 838850072 612861862 273710326 333774653 982069605 169467385 689814088 568451808 137314740 204298392 151889499 703242898 671430127 538556153 249562785 604011885 423438303 811495412 61864519 825460592 418877184 723607063 833526710 348768039 237799944 598450562 427980481 945756716 548323034 799933422 604439444 598346929 924989680 883489237 797143178 921147011 599916076 384328916 738791055 615589778 372521808 242415883 731345857 192303181 524370426 981821394 768955365 189529682 269378768 50482757 380579070 71587014 836558921 570258231 408957783 467865687 717673408 841901594 165919208 798151756 516759235 606206384 613278851 197620723 344193723 493512928 500244918 667364315 106130245 290724946 320267558 265571312 773226863 231692014 356911054 85452862 724257575 183481595 463056897 934236707 136749982 153814211 454115022 976987849 383570041 549360723 297620461 301478287 299278345 263578357 784721707 749386399 575421692 311505948
100
854107246 981788271 798812634 807431057 645137545 39724395 350746993 103396469 770129446 652561418 84386001 64555477 717287990 812429622 924681830 261476545 811916966 71172234 622152265 960726534 5443233 89730831 49517740 694759372 569766543 829849764 498177219 99638227 21447521 201897453 857954928 395257086 63075609 360836399 78873067 330995579 468911357 469770076 618589438 982777513 97493085 284067208 683725478 279198080 497561330 534720200 585197880 14617513 444282723 949422190 136991003 443171866 278402612 23767260 25582841 933969892 908793525 466349307 376864161 868988747 509161986 460085324 490408776 800043538 522393014 592935078 996142424 706438069 355098708 748443087 114426338 988936310 175889160 972217827 31213312 376489971 436838591 893992037 23433074 429050477 216522873 230378563 765941592 392133902 136549124 689134011 374644116 629417446 264827693 392055436 230809724 147838755 425069560 652626056 293199360 537483072 452627093 966414671 512106549 195049033
100
811636288 664402398 1534214 251909926 654387129 832874447 89049580 773707079 516963730 427073116 959917976 161604109 530533325 341774786 255451603 955579223 557771006 527115407 754126325 667101959 705550742 694762276 948127936 32935716 834575688 963651248 600602961 948259860 302000992 721903831 777974318 746929843 317481672 460355117 522390758 929252295 277686744 897529169 116027682 625704447 235157240 413717978 84530600 323796281 89467764 410153668 1592557 681947173 682914198 905794774 218175543 937192286 180080495 959469094 487804423 910410264 159308763 64445210 619956952 837699337 967880554 789532939 472573073 966930612 583627490 893262279 714363611 184202914 517385095 451545724 452301907 287901179 920044619 231193538 116836944 666903466 178324012 798686498 382685835 385842275 851861783 792160400 96969309 763664203 92373447 664282984 309617098 37855929 536007656 386620963 740576249 7015081 788285236 837052413 334600252 522136313 76386228 296285455 45759217 754537359
100
877429973 177746840 969482680 49716173 233323572 382044442 977118892 170190594 815797497 412783347 580336804 758124154 638802383 769578808 934747788 621219794 232306482 567937134 987138507 344258623 684596372 101389425 562924701 628937782 684029082 842017175 510673497 600944923 293273228 266597554 605719278 172805733 550677428 220103839 725496990 216268746 946117027 473841263 719627041 43079840 350787275 430514550 454387745 866438061 926572856 640562754 677532805 619502690 163224345 307093218 935262798 140316621 385632222 514344942 200929311 19300703 964262296 664270053 770228842 587550205 824087219 164332288 172268367 870223108 69113333 927299887 731215698 747737724 89046228 802858150 335314120 906668758 804625045 572017505 471546495 52485256 410421526 670566415 671985443 828939997 786885030 188332837 261071507 758034005 119560592 673789952 687366692 456006363 967548683 43201939 351633528 676041705 777636627 707739297 421535494 669912916 862484555 884626663 476694613 115776286
100
548208363 975291876 259310483 633701009 755536357 767584792 691887956 872876435 855268348 178315452 86300976 762675585 684685913 866810711 717160122 781640085 643107066 688404695 683922310 979282336 350544559 511650024 166657086 631934241 111841605 364438589 67986177 620406536 601257813 495551663 908486252 474698428 528690992 820928847 654271366 719338449 359324198 585463411 97973110 92410771 24564121 243769817 121078538 888008601 407859784 488861792 771987443 277687022 366461001 342750766 696263631 594383374 214236151 655178978 129036374 109713573 746756447 127666474 40618442 527144562 89951464 577137402 729513878 819901068 185696148 848565807 936935993 917993310 480176757 318321154 632816072 162087250 356108 993304027 784357344 339066208 329038377 413003816 214303249 205914317 58478609 326569114 198726892 467678745 305997781 680145841 104466728 790504829 885496623 868748951 793460414 300788008 578327463 842403836 334787284 283781187 599624361 731248408 426352119 871922498
100
111538642 33594458 589101833 137248418 168561031 72502378 928063623 809271370 577944132 582831124 31773909 879158717 168387969 912815521 197402803 217701256 347059112 462498482 737038307 149513149 250120072 200932780 818702541 426778586 447985956 186036313 824475509 821551977 329768179 208252053 7114042 669145335 368629290 531320108 166508246 269611551 758131373 763465581 411239089 334646215 714342065 654398130 934238057 361999741 282282135 863701854 596588699 168238909 530071231 862631731 914258225 618510597 433843628 670736426 107436236 694978257 971175641 835033430 592002001 739670501 486756818 231118008 534277394 401807880 691000537 107995472 307806645 18679585 645970765 417349769 547136844 174946442 103338122 253565691 375644501 902003078 516221238 844483996 104902807 992529743 217809938 396990311 175686463 21179871 75670795 713723710 175868774 861570182 954097121 575420466 229344548 215428756 622505491 224272286 90893361 66634950 500087595 776812153 164967384 256310708
100
3505637 899813606 895362680 955442791 746869346 270063186 67691723 507307236 327961961 732014605 343640996 249950922 89209211 619282279 963020402 862650886 631660726 254489436 883861146 507501621 335391520 545843152 92141318 398875820 10721339 227076914 816659351 637065340 468419682 726118573 679839443 502568453 918760915 156095754 977789623 680383676 313893524 243843712 529692990 990115816 996220747 261831095 554355121 282441448 115766449 298741133 366771177 683240571 487335957 234217989 293658066 83836823 599648875 222147841 482131685 87517632 866684097 232537352 439562173 899413714 135757863 205814367 389047205 969855178 247305588 300350622 572491859 825724135 902691313 302167907 187154755 365866966 756753441 797407510 315047646 332555791 26260560 378911480 429765417 72125630 276310774 972888523 236975724 629034992 457012688 287539175 431494602 142517751 311324341 277796958 853862195 521785283 291114960 812649799 389330163 554110773 863636689 830395303 479442193 110328433
100
519353741 742632540 132169812 606047033 957963861 582727645 316513143 781646565 652139959 248568585 315741035 472320524 333137556 108768661 342941143 72360467 661263996 497873531 978857171 617172601 70450871 232825580 658863236 732814096 960861256 659634343 994587524 154919632 469463852 985840518 749022360 538927645 788741196 851187606 734607116 438254119 928043096 449019348 892497559 335152015 444822000 688770049 761595759 917336640 193012551 552456526 326554668 420353704 980347139 46135995 364817868 790822895 373369308 887572271 662124141 516112044 960929287 551358851 106561501 557480913 513889285 119783294 558875437 539085168 290404965 477610388 230440605 101689776 868613841 871892613 859915214 289683256 225036202 501638111 640973555 158024912 391115104 393497202 5950604 37873037 623057450 396411064 127622524 471048736 770875052 224045154 155465788 724625854 593465251 676430242 334592599 937213997 45369753 798412729 458862824 75359484 761421803 554450887 596766313 748494947
