100
100
574743427 78998327 188556272 811773165 640319205 533807528 706273291 675182486 512316831 138848698 662307573 267339109 478610812 12123736 836505219 573233698 901967700 782711912 448847786 569179685 364233822 918664686 935544268 809010686 435698559 480099478 553077681 442567854 597584523 137310952 416377012 477389518 629180448 951442202 216701973 94980582 900446082 577588815 819440977 872508412 342063845 63003949 368166124 461010235 907501429 199207377 64240021 89288017 886324524 294985166 952847505 908632175 774544658 549560006 471064743 138582892 140311263 225228104 943060818 604742183 880004519 218118944 287471569 694543816 456494837 929785879 861379409 61924177 616447520 982421312 46609808 770921987 387039173 135044215 35449233 456832683 815098584 211208310 306020601 524445245 78784939 515166294 666903903 296372303 877683974 707969603 36408536 972087112 779304235 43108367 201902507 631371300 254844129 934797671 681521268 744829717 860463678 233983217 202289172 85158783
100
1 2 3 4 5 6 7 8 9 10 11 12 13 14 15 16 17 18 19 20 21 22 23 24 25 26 27 28 29 30 31 32 33 34 35 36 37 38 39 40 41 42 43 44 45 46 47 48 49 50 51 52 53 54 55 56 57 58 59 60 61 62 63 64 65 66 67 68 69 70 71 72 73 74 75 76 77 78 79 80 81 82 83 84 85 86 87 88 89 90 91 92 93 94 95 96 97 98 99 100
100
678999417 674874169 583448879 574171849 237932070 113264647 370091857 74762528 547990403 16084523 174005247 836634424 460903595 452147921 15550039 159145535 179189086 664163601 559126826 492373027 374937070 689284161 993282908 493915388 766433371 76539277 643548053 388447077 668532394 603050013 112206965 888153966 738746162 873787727 445629206 451370256 522182461 337726554 166652428 580335166 173405708 574666256 693800262 225305499 41645748 641695533 105040216 354219656 859705933 950967696 986393359 62729660 841556186 322911707 865901859 546545762 993002437 346099631 123853539 937327813 487526052 913405311 920232365 31327593 770194026 932599502 76639556 332575648 420272790 140416473 127017661 242503047 87125531 213755723 962098657 491218428 958511830 85034532 562484393 29046918 843635406 465603871 96218727 394798843 892639818 949726076 346308956 327184359 113425721 232776898 406076463 69218406 479926927 75475750 360814832 919914696 53053361 587175360 660369003 428846274
100
594909017 584505873 632770298 491785916 74014425 664819311 946635279 33305821 803022550 234190018 216619739 586154883 93966938 621744641 995539743 270917535 431984120 293078679 992620408 384340383 659299088 779591392 166547575 871829889 26788245 233581308 769006728 238303912 638089807 728929645 739073175 82950178 556173377 12293118 245612876 523725922 146752062 851168521 992278955 14598266 299463537 36167061 442451992 291557952 800650596 206833274 159153108 450739300 394897721 557652633 316515636 118241411 461474943 705431155 369630996 370281313 598270230 337285940 783928763 594257702 61007731 610705376 952031801 217143674 80218144 695350655 722944015 56244716 7352034 547065597 528562035 67187376 644136433 25641531 6477204 717723912 422283306 789223015 818440844 759147752 411194243 136855876 988206207 965775002 340687597 746584005 591995070 983169866 750866378 705614044 540051446 770390695 216473176 697195526 462165357 419871089 199610227 199352216 272854036 776409093
100
280750809 650131825 766809840 262124827 747515700 311448536 118671864 268495507 792145037 498934586 164467378 259812027 941539915 658173122 530822930 391305113 808537726 140785690 396975535 976791999 409014960 328748399 59799867 321177910 786995335 936229991 215789144 462300274 887760450 936381148 801892059 242415672 349840691 198519063 866911680 156476648 194784571 72865463 941758076 100445556 7429856 37146310 29206008 849117358 985052044 854172427 9933405 75006520 710904805 154519248 989434876 113359449 127181074 47890149 194165916 336785069 390660773 288175457 246451871 907571577 412329851 162900158 765098166 329353172 321420767 858309696 861394818 767410379 578737197 665983609 114460408 434244466 551934590 710010421 774568473 636236847 444168847 95612610 656510343 812740271 260570927 123773309 115727917 470627463 32133349 142456785 173450478 901158983 747219378 546149144 805775490 132142265 641394817 913274653 232874041 250083449 11933143 949918905 514692689 442992015
100
260343650 233453818 295690052 604898766 80037693 123771977 610654114 146044062 429939303 853183596 557356461 314066754 962687371 487340656 978180146 335144053 437438550 931106187 588084282 71047131 839932093 486256769 333318837 528645570 998988430 427226360 779633223 709675546 588037350 489038444 631995479 534024653 82542517 683765315 410101626 63120495 627214857 196270706 781279471 440384872 349684400 227092847 29565156 854500457 641643423 158723679 162369433 434640520 831772715 399265391 689099155 203798326 722689219 931017580 162902835 54257396 569137880 556772108 527719576 827529186 90675222 144916875 930278300 504890390 447613332 99285510 464227725 515057276 193318212 4531188 956803017 724854192 367430795 759218118 379151454 211337940 154470588 724280501 103238596 168390436 288105839 413395782 322188341 553329828 946171151 431664820 14214136 127158934 245193014 446953191 346657333 212465712 888757778 169908894 309500761 714736713 76634580 777694274 54505135 819506333
100
85204859 906848629 180238296 606438223 954067859 939150471 465241123 398502641 796159478 906709140 948807462 615513389 948122584 448508612 307164930 558858652 745786668 184290229 129923149 879093329 363213352 982777111 708871988 307955820 212819186 740085036 882677494 616599773 467661749 678409621 395782762 865448841 361306019 949309097 79085564 272928337 217482417 461173443 892296132 277624899 654649397 467148000 736917612 32985587 297080784 320182844 10270271 314307063 983430076 66739399 942055293 766822577 931394064 863448902 350836792 675126408 193939348 629611537 388799729 206374477 814641131 732138932 546720749 942526356 672650766 934525048 237432880 722007317 474857323 175297807 556185555 164752490 66721840 142292266 504596581 824751874 863990306 570913063 129573495 375959333 472413155 431135209 594689413 856403504 94127342 129254895 57137776 913935005 513203193 767955271 655552494 945079087 377751115 616761246 354491385 157349349 92048101 254338150 281409435 641205521
100
787435639 315704850 762704116 286038142 144820753 655103701 407429145 375585722 371025850 819019539 920336160 974100453 128622858 562198714 786891760 839161992 764175695 410527558 633542340 192549974 879774757 180922555 38921820 338789567 762657541 217126228 575010602 461516560 990274002 947793094 857855271 963447035 178673411 610614 386561535 224145877 948246137 205923572 584935516 40157730 133223779 562325734 908911936 444608702 566610785 246341389 380639904 84355705 244218810 853506056 689644598 380895710 275196094 283319553 299699713 761369059 794250946 891294721 54716690 990211804 494921655 177082380 359385860 92653693 938130348 578829140 577477509 10609676 922334737 860603131 888964879 72321025 259146646 572735734 280621264 164609771 165055826 614903354 576193328 341977093 329905059 632347535 239925245 938413079 245275474 840854446 270958515 20759420 441345868 575107554 909747525 922618605 837147456 181514947 802092422 427134995 617240549 481513390 540461107 221962696
100
168767880 57025086 254179478 887021969 50038946 464110108 280393201 667172969 691606243 794721500 323692423 682753272 941613801 818640685 513619783 334339405 409047794 436005577 732841840 227131591 213466886 280476467 861295470 900039829 566790673 993296680 150554268 186225021 791242253 450901489 818178120 875688807 336114442 832455536 483037058 838906881 280617268 143093657 798224505 890841440 803604444 122453803 94878321 906616936 907281327 475616396 985502014 35343552 633030182 937750793 421958090 420619318 834905330 478969798 724120989 492058683 541918550 473086763 636657599 375001742 544064842 783509076 907835192 258032624 385201764 311249933 805942885 371449896 825700621 904426543 995810707 12266827 20129415 985351650 218687176 365457788 96383084 210626819 820900387 595386625 331100827 881014676 1450643 122221166 334845884 193191014 809395228 687817650 301585924 855672465 959720092 445110010 845942312 158355583 871641485 260309321 919079341 412827847 225982570 386744805
100
638890602 806054275 267869456 113559564 978697550 604318830 364374254 505308941 563526682 322680945 143204296 270741815 781412124 310958531 121591691 456237002 550929055 939419410 141044648 938373162 735222346 382405306 560085307 745679933 857156361 630111722 13029673 489595685 633833927 415157236 82860881 331472003 29180489 15506210 39256751 865385122 344819993 19402013 665338799 533078428 101344398 419618382 792823361 851765510 101477379 100759461 576334474 124065744 239060178 626594193 209128399 601010722 539511731 864919452 53215216 994551715 840087503 845806218 31026025 929189175 255610893 7254852 388779180 993625075 693633436 578679564 522041903 757974525 729456967 518910193 979289578 575170408 685828261 262382457 523002325 982184278 431682650 837976199 185756645 669943184 499935350 725839331 684989707 825809711 997281563 372371321 689123653 666209076 247650326 125522331 110231771 232686929 915728912 206935974 347069718 662812762 585837333 94510670 287963727 485210038
100
446733052 889636985 598413710 149690703 392628692 544033822 405079985 721619672 742675550 654889447 181223880 942322320 199594757 743084070 118759240 402756968 510507254 224250842 445085568 171555855 566758469 235043772 382333839 686356199 283522741 34484830 270149704 126767485 350327027 381468943 579855180 414507741 868049142 655450717 47454481 472991705 392368066 553184200 901354936 559228513 584703225 149282760 739380744 664475806 742916765 569483501 680304623 348994172 192833091 486330592 784652803 745791596 76863364 335491416 982003796 484389651 844308615 499505191 190313445 551733936 752240493 145653618 920506846 710371231 544805914 917349451 250672354 632855335 972009246 459511909 543699023 593082738 127698657 978015165 907607747 449240159 884814039 670313393 651513668 269551903 310908768 437715220 409997033 357679125 148928817 715027062 674994133 625761393 773971299 210667103 625596195 645290841 682729234 468805982 812245013 830930884 854021078 777532756 924535694 254807851
100
278239547 266136279 879154075 200040844 135749762 792923390 180216277 775278683 560180716 242520605 65739289 47693270 824750498 890285947 92455094 909483797 278308189 170157834 636911728 888064954 357251293 527487856 31375403 895163255 154609406 616107658 771471523 985131631 649786727 84776415 186925389 971319246 606072222 684991738 531995216 153784677 305868764 413453147 567915103 992544915 323238613 993397126 185662327 468452228 469407549 898756807 871047721 237990039 281396909 737433544 731543852 599126025 635394973 83892120 271651488 875825140 610719974 11017023 847098825 127822058 42126371 176564494 57464815 480860116 713146373 532002555 59699196 816790166 874755122 754830479 765987622 231590382 379028078 278027356 69923224 953848415 476776583 577804022 769174725 884692878 662272031 552715267 343002591 251078991 337100765 710055286 863891292 347294858 530598125 996046258 534926365 171236496 498564086 388745047 946052986 554991467 414093548 916243327 745561895 614533541
100
190898444 222071747 334712910 541880079 139007498 912773927 401829212 679221325 860353523 592523034 614917697 258424188 687417043 250716994 800716385 381243641 148142111 762330573 400844253 32318164 112071092 729388477 721090684 379998719 929716650 883599089 694909579 864481467 905134731 690526860 100929618 121480850 478147224 348561525 838199212 559104551 273945104 51173556 762903081 445750980 866129822 763117662 278513476 700384555 800618460 122057160 875557019 256974120 234921253 157936691 392967902 122368127 464168363 250229166 916087899 695850538 461677110 840694526 767543651 853652518 825605598 266873274 338902578 767674139 43449928 40896149 401847282 887418028 626872117 700478140 730700682 849627126 545535543 891260195 569853983 169317098 791818665 473904086 193902985 285304851 130474403 872386395 123336566 187778903 103752365 819861105 354802627 259111320 444481149 210305379 469687720 287639726 155990375 815200826 376200490 33253420 8876632 607084294 638788434 100591783
100
989668645 895460355 294928356 7477098 811830532 670691079 868761894 767215464 385992666 411666872 321584244 303949770 563316765 597021278 839999038 911430779 139566724 529322806 628071314 914882164 144055231 677415913 558087904 702323525 115579340 196652465 511713911 948755293 412280280 453866437 149047905 656980808 881046202 303790705 48129734 47715147 272797560 641048967 390119963 368601338 443007628 729857641 895563360 26451976 761264930 722950227 732566589 187410617 9996478 327857036 194739576 672061531 544751942 301767168 983341498 553939132 131758374 249959758 653982225 374704504 792125693 919931275 879391483 350046261 909908359 3224436 467986800 250756169 303750655 792890200 126244403 365933820 881049574 83594395 901768994 593726429 142599710 126212995 827190397 975490350 938924733 805035868 812559718 293717591 895493882 284022346 505970225 575476742 617675757 343474878 303117929 565168057 451161338 784032653 1113314 728795877 811864137 324624676 102464368 482012199
100
159417475 690518261 659922002 423040506 822965905 303219306 566418693 276976947 169392053 934588168 495811218 888966188 793511241 873041435 317865255 675475385 847000634 15744968 493350410 670725732 670245352 166584453 729969232 243398674 85977136 170008661 280086143 884955727 938698821 221342991 973279264 379873981 667496305 341372309 471528133 837558994 203577635 792760440 858093054 532107558 456432787 635395966 775724857 505456583 512812254 962805946 35998826 173981660 279925821 469805132 270061283 617167822 370625384 911101038 595277757 187792207 455427245 827459622 899689677 738080605 572335881 600030668 267396095 233791845 810281398 361557503 247925030 978959419 9735883 127179820 569594353 635373687 463190104 282291357 848221434 100975793 487176213 53499664 638209395 996052621 699188962 10605275 853617524 89676821 732136836 930643052 514505895 970772892 209837185 815449613 284650089 819973482 267987635 318930984 702363047 659221179 286723066 125487015 334747617 879071359
100
978212331 758265347 77685487 856531056 492172997 846661448 820869852 658639408 263468446 585894861 212201505 541461545 102295833 523610462 730212105 283517449 364333036 395220360 861322328 264865943 381029815 139784368 73144136 347055894 527061448 674592755 537105159 161551448 503358935 433019882 2303382 493164762 514658199 400546666 326192631 331479345 307071932 164387488 143611830 448080636 980595073 870746989 249659185 363511345 205961820 910188355 532274605 604809601 917953869 665602710 385958493 196220211 104819121 717601482 687922174 960474385 113629390 386706188 358145656 22192842 614401643 914733451 215410551 107004091 625482193 329220468 708678094 446900294 331160704 835545345 307053609 602955713 482032351 666041699 774926515 521308610 891127325 58131130 569835647 992733225 428979869 687120218 524904661 676747116 53318595 484825693 280198180 206512093 696046170 47675272 694963579 446895062 90522184 549431542 751787276 284383536 735273886 18716015 530861253 440472327
100
13606161 102600981 419173457 644250625 920011840 519124912 905841465 243304059 451661918 954893372 251550930 911920303 139466337 534141812 606394835 758379986 102582457 635669032 538796042 93644394 293869312 345650641 59232796 758120827 911524989 203940199 669575429 917690036 648550413 73008054 359782024 485738859 728477693 149296076 662932767 412109955 981922474 279084410 90506139 531651414 922311324 180341703 708607317 806642106 75619408 883611574 513253755 209543148 414320379 52624111 269239673 490462429 653582988 830741165 758800233 86937284 340766059 728316348 180875033 33770780 913828766 723281201 596616051 942273190 290854666 114615765 58635701 475701969 134751322 853308104 429781911 845469172 672136059 388476874 600091466 354179313 174042352 136471896 603613320 72704843 893973218 335462023 689823725 941101141 85677375 288261731 498495461 218860631 681863445 721571699 524115405 917102569 644859460 803442265 706330176 597195964 559960705 971734431 247672339 811540522
100
197686963 501846901 653930323 87938595 860993632 888230529 126157167 375001245 694904573 181304075 800167487 68171347 866857928 693352981 725366698 106295580 662010660 925778073 594332052 620987033 80943887 169321365 439332578 667160789 121815679 31310370 366847270 876977744 739216101 180336179 369287963 152280281 819485326 165587102 877567237 690781775 396082881 600453603 252247186 171435092 390194279 663162081 863802289 810577953 63001462 294396220 839289124 603458691 961254662 598330091 340217492 242419811 905437479 467015262 55107724 861005387 644169455 475633545 102525281 427298700 143055391 375072463 216821293 680562074 990009224 582998050 931458968 709961127 334153937 670982015 385202129 380197176 356326888 886023361 527422619 441034349 353113036 534905947 824125200 116643268 321740878 301191207 495217259 163185813 546542883 216625602 373113498 422519857 435902143 829301876 355060670 545581038 422555712 600920640 105716098 939610869 927623981 856398719 325026718 405505454
100
430854766 151425894 222251619 792902767 695722338 892981984 489041721 221997251 520699778 891334701 226917000 759233413 325744724 443208359 222110611 613803499 17073537 981356228 492075323 695998333 957894131 642821678 919941308 431432444 613942115 305182149 6254771 623496704 461059578 239919024 722761072 336877571 256161712 421052406 440211931 152150843 450798483 246428510 97318955 872708812 515428854 908652131 769548942 598956496 690489756 207289263 502638848 373182439 118092089 771848739 94123004 193040193 621512664 779464222 205851326 233055816 586939510 122235696 435871448 406862128 594839661 709626016 828128843 115468950 711091616 648030942 766379684 957473127 964967360 821474178 94020472 737116511 369382813 290558684 69321391 484450168 934768046 794409481 572132039 188326348 137120435 296330943 837234564 842783520 509331171 364475869 589556091 92666167 636622985 355587756 616405069 261993221 234199040 46877405 202128912 386159044 71223098 630996122 639377240 572196252
100
33206653 487522696 833287688 714406189 845401806 905692768 982511113 769622532 915504659 219146677 14922610 663452844 701816201 917195751 614855252 380686239 794168210 137236874 91307341 523790033 49187813 357330243 165476640 772902206 351037962 704623628 176757620 949554436 738405952 832278756 967597452 818622073 884766749 280593868 367304344 803989935 94347262 739020382 228297050 137187472 643756530 466976214 993748003 265857511 16143359 296613153 105778656 852682283 973197401 978484489 595903600 139244798 164297763 670308507 684339521 794620807 761112201 966121181 567557364 476271599 358411767 598369208 88772929 248791372 619498525 450657883 460857704 652972249 872818533 953849927 985992036 138713290 823960188 776245109 334405048 140510803 805969206 158358307 199197733 806875753 541341446 934830942 391660993 798131733 73440856 286379183 816747023 531899868 893045294 867148947 594927825 981177078 345727394 614442141 407084535 706119698 646480639 13595941 830977816 802509098
100
253528443 451739789 304985468 139927844 330181917 23555395 256910529 224685542 773474906 888678400 961573861 94397661 889070921 567281348 852482252 368634008 476866709 585077711 348711238 159839107 284589351 700081006 501447078 171684222 398646934 952476958 66557537 354439508 878240266 525758304 525388414 186195235 445247428 855058428 771868175 37423728 910960293 319470168 590332402 475649162 497181343 959799596 481058988 581612826 907253598 781178298 494140868 586514945 629875224 226867985 602029442 474221218 496668770 492096447 844012820 170301413 839488840 140791052 827072492 529859288 21483170 832389339 25833039 595750914 524238809 12357755 602259428 233516579 887869985 787862086 100766396 220367606 588359892 975015116 146108106 204372639 663876640 48263026 826550123 943951925 135164611 306724851 473349415 236292424 992587116 987163153 446267047 634775972 796733518 515500263 882414193 859975466 148083398 2552255 610761971 731642747 621122398 314568965 554004546 672290783
100
212583164 125673611 498288330 335750013 755057871 526979980 4279599 213197957 602831287 537352847 397853900 144382954 820257298 641403250 507169324 105404107 812422382 469448762 197354821 121160367 870635881 53681263 964627824 456258782 766362526 76236349 520024915 924402472 488546717 795522986 492205643 874493545 411422896 241707343 511631532 148335387 432704329 311807897 878638528 968830365 91160444 931903911 435169194 74245594 22039722 680308796 111810302 67546404 482681517 621085479 793362368 659679998 217240755 377819384 868952824 855238099 661029779 529655080 728821825 225725648 816070727 383255472 942381836 617405961 62244400 356489520 212981858 903448115 940593384 47171672 994377214 768891277 555703308 65148946 93891191 352971911 417007655 244348960 465289824 579724134 672468091 884925525 528732328 997082828 60769229 500006806 42254850 67144744 213079997 848583528 349833234 138011086 254345084 477081420 615617511 318495422 160867080 112119974 302131094 967478929
100
923037059 35207012 494807386 393865385 817948423 222155678 969255716 543117571 207229295 981147432 335391363 405413343 777043621 668369068 53043866 402274818 221023973 64909346 445126590 356300754 645938702 618146006 623555596 644074205 889288764 208736950 395201490 580420484 634052757 370792820 281248307 165275473 568947255 261034802 191994741 435333304 919363602 379786042 19125323 507760894 672143354 192606223 251061590 47001490 175113441 998877159 26850703 722091095 56413613 794474375 922031766 151251648 537094019 243642012 584172431 286930449 337199161 193780023 237161488 126522626 556079610 825125350 658352594 684345670 571523729 759053534 913286972 62391835 700503652 786438410 279131407 662589662 550820895 861027579 306474694 759187486 169211416 363742337 819476410 47187198 951245929 26975811 538966000 272086647 254347759 877309584 147780761 932106449 714034508 798231127 241223452 827083652 208600662 86331647 696957918 246939815 949903762 829781575 16032816 644277002
100
970433913 922918912 645480585 733823770 61838481 27770697 737434634 827043880 595171267 882280595 258255039 199741701 322881719 338603175 275883351 380563747 572025567 84503635 852264025 424476819 787506352 26553824 339234969 914983379 160175970 330653388 194313282 288062497 977893590 705706338 100159756 830613985 580949235 394426823 251757609 408889551 480724683 343394605 111087705 315073440 738016576 513238776 479100132 299626767 531798827 111399145 852285781 772957927 318843041 400859525 148726158 884932757 326708373 530247224 855032198 551403682 963962432 683818922 646551127 394643862 177834319 437005306 466627491 958095177 451232755 100068634 319358449 24096116 555275928 975138613 573392514 985850855 476921362 654459236 385353535 472601506 643792836 761651607 522179837 787653507 381412712 132807795 198574373 402747667 29766282 760022070 732285631 754396753 963253506 452739144 953368417 790703893 773966309 717898955 287683703 75691155 211376641 517783889 782999006 607543569
100
522731746 13177677 758380241 732224234 958087454 305086751 551557420 982493039 131107578 889760391 344864997 810874087 779370941 423028156 477354595 357791691 274710998 171155750 563314564 479699229 684684095 150038169 326960678 504840255 733061583 623063614 441775200 369337863 130965299 929730425 916132484 277874358 718024101 739137489 25464590 358333180 386039362 608288847 920101407 313094056 398417491 888068970 175874407 40830777 868460400 888936804 439975899 451845248 563105667 587621791 516123044 992400515 208061408 20684931 974986902 433574154 718502165 662003952 225795901 701966893 992962329 199924468 477004247 93025801 959772273 791477032 732218121 520715713 672058091 8493013 942484890 642934297 420691211 121946396 41220502 373905600 401131608 321177488 201062362 43387137 676806738 575527173 935709324 475983164 426354709 589600822 13730991 200529379 812695615 955578069 917518375 575181276 655260972 892330981 175748226 743765802 26191775 983385424 102406702 232614692
100
555832979 234980323 469914044 428703245 348021407 729326109 295454487 51988760 274250920 242604900 157655243 277022042 870947899 744165836 948464235 609536953 79506442 846614034 286911754 160286192 846395781 288306075 678013908 115430867 268560743 151669199 148042702 301003799 164706220 579636696 131894057 800401267 330583057 118253889 918505823 239130672 352508861 361433590 326750374 447948315 111928697 178943023 493931026 845167904 569505797 544854954 461971296 347964387 554307219 572869522 192737239 238267598 645023271 25033844 124009055 423638165 526597054 857675796 826170475 700134942 473095060 145835455 996534596 271456587 340928024 959594901 410037717 72589435 786758431 883113770 808780184 435438159 695571659 588064484 472972562 700616484 863636382 328479089 434204985 918836523 649945210 922344587 885087648 488765807 393311606 1933450 968092127 446447994 168688840 25299339 192342889 110104961 162141227 923945770 779812434 978387983 717670990 801990630 681300823 141015278
100
672864199 596299914 500245399 483224097 219323387 288087296 472162769 71342831 455026539 181331533 811829049 330713535 485495820 361588365 699158813 600227075 750626370 578127650 252230788 213591640 495650330 825950144 737190636 876605759 248872328 185646021 41710899 841226836 744516205 413039909 143708985 345366340 632114233 633940148 837094202 962873650 801982959 239190263 215681837 582480050 360606114 739078859 209465461 603754449 928595206 788682200 889851628 753886689 704128346 741188171 983900773 401758441 618656996 173394228 96552747 606396208 337761324 222019649 307049524 172915799 923798643 855411276 370225195 919233907 33048680 369541860 621454849 862053514 629195875 215970606 356451745 57587726 738499175 492489266 822160677 126775678 807302035 600822513 289433217 446388696 346327760 347387232 323086601 629264024 318555405 660727370 905372749 474426783 262881841 115634594 278893274 540314088 320484862 656608710 789534927 618087200 641984464 340054635 180650664 42057891
100
557724293 9772623 6873720 355442141 718631161 17522518 607879055 852794136 578728215 536995919 19212724 237242055 99421900 558260520 494547594 819214941 544492069 135641122 164194148 799504119 36670181 938162575 216236530 210693871 783459559 119770848 281065014 188823875 279264859 626726946 966938644 322247665 197482800 569479455 95519815 780931742 108335614 178202808 854135655 782062225 880439479 440783558 530198512 982437500 439528292 393603158 139468411 780691391 663312670 561959673 564600759 787251088 494004738 431429630 702051079 88355601 985435711 705471712 695139591 608634893 948207363 163742291 263826215 640539427 767685707 508625401 184195740 754858147 172038464 125087167 704682887 159384199 571699150 861902572 822150178 950916097 221125923 238022261 846825528 382669071 922053600 596136726 977152734 896457039 362430472 537584871 67599562 209301093 10173609 269109418 933934252 918719458 268922705 411441969 293982808 941510473 810952339 307547965 257880825 549504223
100
246036168 345084768 720456321 402129317 549498975 803344553 955482392 610388589 77428997 442405029 711301129 688299202 491537562 978577617 778381382 643127753 703566221 970606787 898376655 39083469 747538976 927842987 576361862 17919455 513336067 142178497 775805971 481351139 362382129 785790272 175163655 151949116 166145207 663412199 619196752 127056302 115047108 726859072 200613701 937010458 291299209 290758957 274250271 477388046 333698523 813340969 443220165 77566111 762915506 265138747 828860040 572550844 62423158 143470258 258727669 545472144 385311101 2858062 848784338 726838521 69196955 8994507 15655285 598313479 773024858 742393169 301630923 169303939 942209052 145625941 460284611 724320676 721735883 373279674 467029674 398808012 378668626 319533790 728027993 409911056 92062037 26193734 671275120 487080304 805856713 506099856 666372075 234135816 521819049 622564138 379674795 2259664 303770649 82091169 565214040 300809680 30716533 17179750 818161781 270184072
100
713209621 528970217 314369270 456065479 322765990 78129492 780938591 662722180 320837170 822503693 423232391 614118396 527325657 139827042 506669820 310145366 933027507 598285819 564022778 144388611 438064316 47667622 727172005 470368454 439924090 707052749 410750633 977937625 840474891 966131024 815771022 646553459 350321063 656892530 903667405 84679935 233491395 985588280 957832102 9060843 206805374 528423477 49566004 937734128 150793927 662631353 736017318 635224151 104318496 798158608 181971681 554813545 859628062 385713736 288701259 517882087 906639049 853565604 636812081 885968952 341702272 898170541 650423627 133476700 725751311 478819040 623344475 526941394 798899867 325524373 19868457 424381483 891796755 602740973 762243105 660919186 462009196 224115083 753953765 651533330 85469006 700811955 987374882 421426403 959034326 709106249 117812554 633747958 951620262 173434923 931782007 389241332 803483915 46388321 850753417 703357696 6336455 899975862 722725177 137501110
100
445984015 150476564 341411132 201034812 437931452 525329414 2586625 22426739 112792508 445281301 637093403 985547875 377051429 872415657 358659036 644417360 684009256 128050254 556022821 875810722 254140012 845907093 642414415 372775613 692533352 873028835 420264243 383505393 709633586 723221095 69293823 562178488 43305751 978486327 898341700 622286818 624357411 733511253 130855707 112718551 580075727 275075574 637657887 848065687 164678570 278562998 527780978 124878274 52359353 998671241 293152531 1578637 857538398 123629542 181633920 994384697 420744064 852939036 113540913 657492283 677048582 166988384 265377850 200922242 430885216 735773407 169171572 385516983 270275182 436425073 46918380 186339018 708570998 734524308 355185303 31058700 389638942 213603524 92870840 939945955 908089081 783605660 792733118 615441454 56069776 958945202 642228139 943158699 405217455 640128647 143654833 225556934 690668954 153538906 222626707 862406587 611758471 676917423 14762378 418517003
100
153632270 387141456 999642852 534586215 229590686 29023491 263234006 836162294 855565790 825588031 436517159 125045709 935867378 305961100 692108912 885097710 775496148 673526328 382081966 53952593 850979416 226891326 291620652 450296046 288308968 750751496 565723019 682621403 881369381 851654216 15696365 383492588 441324086 597156055 762480624 722329121 539175521 422511684 109820914 615040121 190075852 793908185 849029145 53713189 753799956 439056650 768234650 673950097 835853602 331384913 611400309 127204020 406682348 391807779 387885882 123295039 188229 343362047 777773068 803432666 537477798 568545894 767618715 538827944 82018994 442890643 389285799 892013724 571737571 875880491 823857132 546995618 529288086 956628796 802238723 554128468 943573194 788714961 250266560 123158112 808858817 476117120 84343161 117950693 142546975 237001448 864632959 93876575 559754602 441730278 102302102 230670263 200122460 729982934 817506966 741329949 942488231 922689211 859444263 692347955
100
124691646 884466518 804174776 268610398 48095446 910289534 384562432 307696033 865916927 626181166 939827865 297331230 288682556 695323517 543090078 909978191 218356401 450753735 73239115 145664670 161518951 552680302 792145562 205412868 360618329 935197861 32119824 184730075 884531652 536757311 620885090 165071953 803197349 310823352 50930108 53389597 993071866 617380518 173782112 295608088 960661381 854149514 626212638 982830019 21188355 924540714 761330641 712880304 477910679 177509849 649513066 658551109 993701577 882742465 258607556 79259924 101757392 957902838 513919309 815050198 863310890 458696872 249605654 892872948 27017923 776053022 330986208 179781673 875884334 920268003 61481112 276305773 870015681 147729671 21546848 474439267 106361654 425201526 551193977 240465567 299423088 141457592 153940261 49158911 41497027 878253680 661343022 787518422 827947537 690817747 788932147 626487993 362742326 926536307 841819724 573016143 976196038 330525921 609514857 823501466
100
457275309 901561275 696154604 909921320 779393470 744568215 714239033 977650160 782238376 196505320 605931081 385372065 126912451 106877371 760720451 313212035 554858855 872361658 623073094 147183173 689644564 9038039 41448278 531493622 558406259 631344581 185933573 75100506 651625297 679218740 35516354 321817001 106567832 593111522 506566516 760595996 42146105 170915615 639315525 608699092 956781877 730807878 269012055 6375493 996488032 784543856 483723159 62513531 421715576 718562707 260992831 35051952 148449911 780202366 463225665 363982304 409630593 510233178 199809937 259290603 773663716 729542956 443651552 938611998 36801209 655964225 791560246 503798533 118268087 609881101 817970529 559971077 698594629 634061535 551110652 891796357 587339751 689825408 467939389 773158715 419255028 494202623 62321843 697220711 362661497 364317774 523435627 103147119 656298082 811361255 852869711 774816608 34198967 900929335 360818258 883287385 4680397 814192263 58002416 229881835
100
286270372 801304958 668176376 837307487 689216051 857844078 10356316 429806654 682089834 322415985 293993539 574364098 223800154 294051016 111999506 484367020 109734265 147043481 510190386 165413995 993946271 5981199 819812542 123005885 163961220 658572399 70572775 324273628 253424174 849054574 352898467 426058363 562410071 542477042 816070665 366171554 733877199 358897395 757515332 303373587 739480236 260900357 570723199 384091484 141195381 763459031 760305360 275490716 156052435 236857896 507730621 77167807 458319579 197734057 224828906 11728428 93005534 855512415 796333410 836596573 831406523 779762857 64831074 661810904 659267875 766108247 817900495 672816735 439025925 927348444 963357990 442951592 986954119 467712088 876702704 527159392 159453229 621335196 84416847 948369713 623145309 941518112 612898852 109254722 983220666 407259331 267395400 424028239 435664299 774053495 777034534 913300581 255753769 90453700 214326814 790150834 409016630 756471447 924320052 445942424
100
560045050 937837070 44468463 948472937 454252450 156491786 239549638 196855805 394301665 682633664 151257209 84995551 389368493 405147960 571570585 584408270 904649210 934747047 462667388 462886688 262641133 717792425 198606492 770774417 398481970 814655575 729702819 366260303 323145391 929990945 636305967 626680761 913832420 377848019 467484338 292463459 858383299 307955427 382209211 243115340 815403366 167665110 203423702 856907965 728030268 669899995 963323069 571901979 230407337 825461495 249107550 846878177 316374121 816697307 345865168 123673278 416510169 574757138 46537064 380104446 622719463 70354038 204830845 898452323 677543816 59449504 629800179 957111245 345174443 352133662 834340540 157423487 474466650 350730183 328448790 37013194 394440683 5496838 854514651 565700152 330705426 883561102 518932212 657178063 446807085 245364786 326334962 523047850 490211837 179574676 367829136 86386637 590688969 896838175 353387808 210593859 278997495 791791052 274619856 370578602
100
509458281 128142540 777794945 97391123 503241206 735913378 256165310 886269525 496077794 988752429 342305941 874008977 766633326 772571628 343556118 184810907 88265784 354122945 319021383 876945541 407553424 504831187 507917338 193745630 461304186 756092134 726829961 257977911 49084748 388116467 134667405 874742023 354491103 99495189 504593488 63091848 220277233 178926189 339217618 659990688 275581275 452386879 940345497 305758822 647299218 718271878 56697716 951964511 374481598 339797479 34948484 431989475 310420413 589372114 652065392 165157603 84221750 892798839 638204034 783838851 185740260 681252184 678733354 552151923 864399274 677449641 869086500 855614719 973320358 445681361 959488147 891485599 612851127 762375430 156344254 648833777 250250144 322589212 982790468 539172266 24900078 82065917 347834002 838873473 93876892 243021255 385439641 52634819 488364392 30803196 121282622 485684932 878070212 416765271 618665062 183815769 156694376 658332134 603467790 730569746
100
744753654 256667231 21776510 159236430 657999105 282205582 74653668 348110075 208326215 371846895 340192377 533023071 508151038 264128823 812236422 321641774 592222134 199440535 843861495 40591382 819951069 900466383 117670074 391948447 445401307 525534152 502937098 893356126 946385468 230052024 209473006 669362218 403379376 481174370 964778787 233629542 1681700 430873172 356966897 751680438 125573023 20673504 695122593 970344018 286576605 107734505 255268621 115069134 106446141 278813557 738374480 482531963 55410047 768083149 685002928 286126864 794421501 142287186 571142464 829806456 257271966 76285993 458733115 663365161 614367181 847200535 529183649 221648714 179881108 101830666 318322474 419231961 366840319 273237277 682473367 985640229 464216684 485593512 322460367 742083993 856599376 196438249 356281034 666999139 453537317 67295430 601359786 58881225 102367704 124962705 499685699 543300219 816708528 349063008 325463878 834319366 48903134 529928228 63001774 956886676
100
757640027 700781982 82260243 967127401 544806478 845391073 433181915 602359485 464882429 968391173 337040474 514523700 101546256 46018007 917543616 419290384 712447354 558052091 577594072 281569730 803464389 860788383 193458654 531600303 547694124 450240779 27550686 21793084 81198116 874295788 571769154 481251590 955571735 224250754 23876113 974616825 423414764 397860348 446261314 322824378 522809423 135347372 648076552 798881542 232775285 705149839 880379894 396409894 144302088 595855917 905447362 449338074 820598202 641295799 556709018 921481904 278769420 919883969 811840379 125328416 492302477 368084702 280920049 763428291 334916569 787048764 156362690 252685630 152959638 123676580 181409649 203918463 150118867 650083065 197747 276860940 818758031 929485446 302226211 934574388 455592538 572925231 284104725 503381571 697810469 365928299 887923329 645177130 356859197 379745257 192494639 457762194 416455987 546556548 347305180 299349999 754086324 918524473 326310111 865823197
100
162936026 144075858 388691648 170008048 530372058 571405634 361930938 837108154 940820103 52235132 190548708 110147559 650548991 930061212 340147512 782112697 244104934 280702276 121549267 552869319 844382784 325636984 543514795 582047776 710294844 424486183 214362849 755667905 127125803 275787756 924506605 940268502 157761282 644896834 429981493 939544675 178550666 649885342 926340341 840198743 990712626 161179394 361676924 175058794 432344895 831569877 623074537 125497891 990690924 873044288 862282614 985243274 97799304 450194214 272883782 495210375 678264846 849294882 224897856 603660431 331877813 908208705 488734453 889534911 312061691 420359215 475670 163998183 775523753 720777984 955549726 156778083 286651456 820572292 464932840 129125262 810105109 281794389 987909304 972007907 436185509 917531083 34538233 21780364 282141208 804972919 474320198 39064667 640010153 248493817 491831591 235648649 777963528 763734999 914644044 914602558 624142352 989649635 568545840 95526573
100
338544454 843682380 674595109 130613594 19586308 691190393 369655767 971428346 362519427 129645460 585256127 9023634 223557703 400429636 664960308 489563838 877592278 719872858 130197932 932801891 170650951 285474058 872515370 378261283 992295457 250592587 315964952 118207361 233075790 90778948 80369204 93804657 348303662 725467702 954305001 650238724 790500759 807007715 627993287 363701229 193234851 870881981 903926688 622440494 810718978 390429564 98385743 209104037 563362060 332235217 342877155 480568919 510902566 777566603 424596599 260962423 606547008 555103941 31322610 530746543 870740072 24673058 517556556 53529454 157787735 777713178 522599868 703555712 9219621 944861745 447931435 309051522 543505447 861742192 969534072 915465443 574481695 45088203 453042903 388476113 712518509 488076969 585687666 22487965 43882644 999940997 905308835 135789658 875382053 276274693 803185605 802569853 599676171 995546314 119278852 109882475 591152999 23500574 525625031 779755342
100
771566359 406545189 903431379 951935150 578622097 173914355 942699372 872239585 786555104 399021626 9986774 857290641 989394393 321133117 366058834 312021026 168174249 86620476 443403895 440164863 61487060 45896308 620753205 355109089 600345425 195005592 143852944 227963988 63797255 353801906 867287489 647736273 213095530 883980290 146214406 593647141 319574716 689838340 908439835 158389131 843401318 799772714 846341029 55235177 674294954 876407681 224816567 106351598 58913288 873057645 816888736 418706584 293722596 258113960 363581573 378925 64520121 750827886 948844030 210496495 881805382 215872679 525820106 833928280 839466013 297995575 99199724 422939669 241322401 501808906 172879182 196371915 205253317 933387769 42077166 62681340 181010608 632431302 365113574 633168427 710410971 83847324 938902325 989556190 177155771 234711622 781104249 521674403 303733150 413479944 277269096 216816799 87575429 426156611 195753828 780778199 185192574 960334165 773658572 113724954
100
636711373 336064438 294426341 98993162 561499166 128307212 165870160 332273066 830712207 216379710 144409872 655161536 747663909 728689743 918622304 271236446 695642059 801083345 637476973 908554380 823434916 953683333 326349524 380109628 193331939 967335176 244930232 935111028 392568667 21723064 622746558 229838932 741743924 448300563 865501715 641595571 151766233 842224023 641023477 303262228 997376381 836625265 868732864 657340654 982165436 985045013 960202425 54934279 900612349 567421296 269399984 243181758 679490650 305402866 112131443 153141362 278898903 870036348 310528804 230927475 5876812 947270474 778525288 191283985 854407779 57026074 36173758 705413175 740317394 5625357 442413707 295484745 910682932 283752739 835909421 474302438 254464964 473104957 950548044 47182964 223332083 28811776 329249006 832543490 112180642 614752726 311059936 270885138 823294371 495416799 233092095 793657578 113698101 505033329 528801589 245875995 880152984 856391199 993020071 639137067
100
332816501 306030571 966631989 100523870 782354710 427889457 797412050 813502214 587783434 383964548 74770126 630061639 319939116 774205751 966197615 151171142 528842464 976929740 997858784 526084905 503124284 691253221 276955551 909499928 693565382 979359096 845432526 654208523 29605783 987861114 782411149 171249609 911672469 977255282 962894646 976733022 485147721 69079493 73120910 960513316 754552206 654915311 538901088 729025838 812120568 62738177 734913826 671027996 985081090 213994345 96709476 858023211 243016075 649300309 391985244 326617031 255138145 986935856 106315548 418324085 211192117 902669831 242555769 224010292 996354865 520686840 190966952 790509067 815100080 458656134 632136605 997392153 656518696 139056554 122337041 810020010 394209426 810021801 687827411 470259549 933274220 471092977 78414471 325572570 733907963 227651112 459305852 915808227 383153987 61440226 66066707 683498777 300683990 683510173 40787239 526321182 944331446 196738467 660422129 59473831
100
238386406 651161363 674399699 151766642 325720310 337096031 26710279 489294531 304511690 763894042 459855967 414114657 622293346 456586578 744101160 31207213 60366485 707636924 533775084 971853285 406328060 377938990 920316912 946829502 916629112 62860385 923571169 204640759 948434524 876361216 896518246 593374523 130404570 672066219 819689854 930527022 237361975 86869141 742272564 404032364 177268496 681210865 523543510 182151354 827480243 558547122 831627177 10619486 359714837 416235987 183497766 336846966 218692573 771699161 7988078 908005919 950831797 373232087 684375042 761711204 592530758 196044604 886058083 583030458 256780739 92969289 919863753 607108424 557253311 50959945 49913649 159077669 390509919 723297792 494783971 460270679 4029820 775970402 273644988 470302141 498935465 474734316 860434923 991045666 652080681 122492352 502656718 302175298 229321350 390573498 69295360 663053814 872957874 186840448 744101323 577608104 461832727 358722695 705597615 386795127
100
173026745 532285268 495108895 38556293 36045070 478236208 377299378 812603865 470163584 427406596 65967758 743960358 767228470 823658125 118644710 351739378 948796911 231655195 195648191 633993170 692130479 424183714 918959877 654511198 117305647 49747912 209439954 392619377 25182634 141363369 689030396 508873090 362890928 205490641 950057572 239082094 379430555 746606506 128138264 716945142 872467226 624459849 92823885 767586634 480593885 472571892 847478065 122048073 887989959 661694148 112394906 434506570 150639747 440905120 713610313 91478386 560847148 494837756 57782020 29046625 203909875 634094420 234115375 350369008 752934956 720398767 360390248 374627523 991085184 663059172 497833346 589643971 930560496 496813392 78472475 926393929 192094295 300718805 451552543 683288470 749505602 745175609 241564891 655347337 653899570 197413896 370670185 303999036 228606840 580418590 138575517 301451207 447629967 964760851 886038581 1768567 376745974 437956481 348243131 25591012
100
63412194 630514855 711854365 114195269 12878405 741927491 931087857 34006806 126962579 2271958 755777131 506558272 677963809 931871055 674436251 884136200 782864052 390125571 398968394 132863341 354412949 650301056 376504035 137869496 987869355 348430209 42658676 503027702 586099188 55484290 549655959 479374015 968605763 347044759 323085508 840789109 367309311 977937095 155340363 249236860 367312682 316054239 601018752 427952096 786810044 468468723 876865821 763591014 154426316 818262493 551833141 65017105 481044467 35685534 312734940 500162808 83731536 342961257 193177174 841406853 612758375 391709458 425831570 559837525 712889781 785647584 52190646 346719296 728016592 880527209 353032363 309185694 874882736 556613903 831866467 679729624 972918420 875928062 679308514 108169973 567593028 215045871 458429530 510073541 277519452 279281042 41294395 121615842 930850248 889149783 961689593 313075899 294704640 627704008 933223682 82799944 973855044 627010407 911452288 518297937
100
775600461 411530089 859644920 687752208 160617834 853647704 107107912 568516644 994191991 148812559 335076226 829804232 941996030 327080516 882999449 74184780 973103857 212192841 45661658 359209250 797574967 491814551 432162483 238372926 61699306 899769531 654607049 68086129 852419398 765664761 235659009 16370061 123496066 522390557 590367862 158826504 271765319 269435885 894442841 516257343 393000186 49818061 310244572 643711363 286295202 23744411 411318900 835823173 356625677 962833308 892917820 927412172 213628460 247000075 695121998 67843887 560310436 751999612 397056814 259235808 640343356 699222867 192394922 161689831 189883041 256427242 811032760 916578426 108004796 116293129 130124900 963320671 80518817 719317138 524729048 691935748 527314429 241148580 615087734 335554238 71592079 771744220 852002592 23185285 668494858 274628702 582660829 953870901 894373181 136128480 721448111 279628383 889888700 697268870 399807801 576715629 832769278 724277660 846068382 217663868
100
116601279 351906173 468466069 191095907 996883061 518322671 744302857 206087887 19247862 637626423 50742321 719724668 748848250 922726774 141282113 297929259 860594881 699280654 913923541 837954392 370864773 21426469 268547679 974873558 133771217 52837636 345250448 807145164 898681142 195613599 66003972 253676302 996805039 47670563 288431466 243022441 179607171 998712310 433479065 468487399 588427332 814842417 863443352 974196613 140819825 204903089 667878259 652470834 246668433 399802005 757490178 11388770 948367814 9456331 5282754 865451084 752273377 918828897 519643658 30680897 669291613 979762300 875856814 226635830 648414181 510089126 808303460 735704823 440890002 914466673 664129319 732728566 201765114 242937574 544371951 8740466 395896483 457397993 984323938 790857811 134931492 541775396 199711711 312910787 787879567 568784762 435134852 207828639 720819713 445439366 300441700 70562097 662155516 466326928 708749719 124514085 45603346 114744482 610165358 581163110
100
424013973 340695932 418908576 712138774 119890211 4812196 468962701 83691601 979501771 519273387 469828754 798535392 651040323 934678557 246013272 261375886 489998742 15677492 726324581 158292821 762248935 279812183 736978362 190598761 77341244 111456364 674596164 316823200 388675718 156837538 858900186 533882185 991518848 991333203 648065103 268513261 966575281 46515727 519299309 586335059 91137411 927391619 501963345 567471050 90452870 307996007 809691806 523061007 51975732 635825992 426902867 878862802 378095419 827410395 883294047 62178813 323170538 60684531 764546301 226351067 778535884 926181297 656012998 555985239 568405428 299929640 163886499 403850771 97856450 647914236 908273516 35830803 745982584 249435042 765857962 450230022 57823405 347262592 951178776 944767116 142915632 912352436 422084472 461006159 681634622 533119399 194165734 112622298 555141319 576159138 217187394 525417933 321236234 137886532 33222207 169923448 490674127 470779055 994203454 416412695
100
404742570 949827683 189406086 968068682 479775714 923145001 874122275 208831359 769062200 217107424 269105385 861767422 306886583 99781962 191851186 757410821 969091571 64597979 935734938 544356654 856372043 591822217 442828907 688926040 750422597 169879181 236408910 837292527 896290565 346044418 755274099 921734495 711426730 231451056 929268043 753496947 560862462 434114629 374568858 964302462 522146274 247006286 340596031 764785747 651285157 173432396 969120575 950144828 550351693 58634475 76521329 187891808 629426811 173140763 90689081 950813227 143282150 571968066 479338828 947179419 815500589 998889018 546971623 343769588 663839872 869371786 163110486 903141398 629307462 284429606 341744870 44797639 986901732 823372549 514077552 662123802 381630470 205071393 295090356 270519414 499614454 103864294 416199165 545072314 394380780 644236062 340713264 747197446 835323280 909162408 422254991 923974172 822217917 721449948 940467358 114938218 296454999 652824778 860043039 653812220
100
327790873 768321955 465156326 509743513 704239438 445742283 735717568 396656512 515869167 644698974 469811218 980553514 850505236 741403078 369242681 691910036 781994147 700932783 988641706 239044172 906585389 566739757 43965722 330132897 280281553 857141391 343387121 737403511 274278593 831972041 523250716 163413004 314060005 222081593 938831435 123494298 724821415 626205312 743956676 854556510 31860888 195681265 849468987 97616198 837915352 778515185 710823449 885755554 229671985 76250725 572696340 673456746 992081031 616732874 880407720 314573129 644632637 226312620 617880049 848124101 823759662 803433831 283848783 530771981 882401920 728688700 378664203 571272338 74431705 650321964 451180033 72815435 556275211 892718857 352419506 725567559 734622295 17301587 178183628 622716152 754859505 484560671 185498971 873756342 498026510 625945749 919795312 183079443 138623447 35772879 367845113 323172933 785106657 551631320 512980931 106520698 290785668 746512450 533077138 246693441
100
76002379 98101405 717592636 440739071 380025412 939335723 592116352 12560985 451017574 84337061 641046549 94645117 725494902 285111450 708559836 996259711 837766642 417734489 678251393 118549722 491544945 679016311 639769605 840546752 171339053 897914658 309873076 749272614 784075352 390992677 758993190 418266053 106272240 573023295 423741663 255720359 731357265 740254236 377556284 412479957 879289789 224978151 943332731 94262765 353176604 425138512 636899692 273700880 126963522 811460702 70649810 898221511 496545848 224316240 849011716 405017360 829439523 921217647 567521674 446116475 222694083 785700010 854029654 800043949 291646962 348692261 406121830 716909461 351337511 563756519 286152472 38322676 508658110 859201028 498013076 696594933 195828828 807834087 435786454 243642577 291310313 419809673 950209314 467161591 597095394 424504466 805826951 944449361 779014198 899879607 363030013 184812227 883151549 542612920 111985453 997139791 590871207 364332383 947689683 665916702
100
368441063 405808707 662367116 523360379 218837468 606298190 408775458 838949874 163530839 111353496 46749879 898341233 428023442 425924795 297230556 655160506 14708176 631820602 406089657 15286823 773365885 440119031 130639599 856212783 753119746 452976730 508467864 614163013 397677618 144674522 187987553 856742740 443891455 501021927 690784740 241264590 588054389 692865046 973794224 304023082 464218297 319311358 867251182 158155105 737494349 202742875 352026726 45442236 882380154 724339963 484393277 392377646 753892384 215724121 952902801 836983908 765526236 926224640 80262427 481550691 125201467 889345616 30515849 514706672 531997748 994923837 290355006 987304442 340430872 756348854 8817661 56924016 347177485 118191565 941504860 264485738 71421823 569284066 605952979 654706006 684381458 697183068 16471368 892316578 135757098 888724816 322962019 658771806 422322376 159570080 561864225 765438163 949003899 570332557 398689632 613744821 877135506 59298909 882437269 717685704
100
71300601 831024318 633513960 686923465 707454460 458870120 634841107 123325134 123374273 516678434 305390360 451520786 821790478 984718029 81926143 471836288 461232846 739982458 618864567 351339765 917341063 67333664 674736711 969817595 479540618 168844101 747554648 823014752 693376171 130019335 802265793 895912139 374567734 995240059 547461492 990421100 248784690 491423161 529635743 143231360 342900703 802627929 195731320 629664550 172866882 492394786 62018130 741690292 98495800 750688291 170412195 903763873 430157870 594417262 733391412 100116020 348287467 760114822 410962076 664550945 523531083 663068590 165036943 650974329 842954305 29444466 173640705 499585881 715272052 416193058 973560191 385597553 723000749 309143206 360115711 219812645 875210331 426743180 723871550 948948023 421459680 864448170 425162785 16561706 926455631 889611791 290004480 561729800 65636129 978622885 103939482 376312142 505706596 599561103 91569863 378481066 600254580 955270509 825015913 563330811
100
430518007 3130644 341178910 811742442 604122189 933839531 727724974 154275608 825446743 354181481 355993642 982847323 340878945 394223218 232629048 227842160 933962563 432854435 622501703 182882753 200159157 633239062 322200415 126951868 345931370 392156453 745661125 628467768 506190756 710624161 212744269 738993242 720859578 307730867 298869122 24918222 729838205 684968624 563886637 947615739 633374704 930762426 449125608 394551445 359247749 240458622 225033782 785007679 145728447 375156279 751902241 654056242 874788414 814378888 356116099 943903933 439833762 457161775 158052488 301453089 872333880 128174242 760302933 222766163 146707691 879444284 720183815 601446295 555050268 449036449 830210230 152959364 650437963 414949054 659964288 267908958 941018640 331303468 51987761 318302220 37915585 774383233 855545572 619558212 829056375 706205448 796963798 21193346 725256601 925565525 834344574 826858742 363379557 291208863 447471795 469668568 466177047 575898657 631489712 79179531
100
745246822 414024673 377202735 145662166 951698583 810347571 336156425 539646065 832077572 567391902 201404732 668927987 224244784 122889869 563876565 876272327 322180854 963240995 174519729 333074856 412162753 140839326 932947065 735253210 818546123 494815293 714093471 946012433 199123265 675588572 164675315 612365590 462440082 510265071 956104529 32650703 968236611 243201333 328759153 307752327 310186030 908815773 419156331 668121889 90845255 531232757 712493184 34126678 865442042 369869796 101497125 666811276 656655717 576304601 39864470 595436426 201666892 307190599 124784725 82710247 910016692 22270769 870071538 380429137 927722856 504275744 182728760 648187008 634419101 901380448 987648284 916682800 313220635 72080410 964545313 16984990 310980677 486659769 351919958 708379528 73509716 684353045 891707593 278738892 130102554 170613983 391669908 850815063 583967994 633035953 910764920 505702608 73730494 952655875 880542871 79774086 865116757 694519158 947120581 580149113
100
990099845 44819463 689888638 547260454 660095649 372864158 543584002 926710226 228575436 211209218 719891206 557930037 901892032 261219227 713123238 260393095 233289457 211329250 981827520 105135667 872998580 926939915 834060359 232928281 431585254 939501693 757406702 598885615 441294732 306186077 564197014 687508482 586002333 206591523 131712468 962413982 76290908 181494155 674895080 96737085 873765454 403725306 424915545 944755385 13916190 56706981 857103200 577929576 365282182 973871109 834495561 908016849 661311762 476209762 225312672 552234607 47607783 797201997 865533892 643588824 914870647 218064917 279156361 262000422 559019919 420018900 340385063 182291652 363421051 941108612 672927874 139438792 737969500 280122355 773573638 571704007 128710193 914196541 548501985 221536237 251874067 894097517 514806736 507680840 867565915 52866353 40466331 595449286 161304084 206616250 715467449 849324646 486716552 161080535 581574849 861949354 525744662 437651304 818663418 38582841
100
60222365 901172963 433300926 250024761 387877608 861269564 944664341 35599360 41439275 240799554 677372472 342311556 345216154 745380833 594097663 168139161 197798901 524862039 128918414 261809410 489325326 194584555 557262770 719217595 607610875 967289148 186803053 726585934 650441202 289447530 959060173 378901349 244801084 462322227 93480239 609571909 289523364 56633372 873734716 726881773 477356034 942081171 628707319 843170461 693461250 820670846 658441017 15761951 524943833 169831509 423507420 352007714 903351532 517073602 954823337 129404513 137672168 423825867 758929169 698008365 502496499 510560259 770378293 151960481 402780994 305681487 303098193 930924171 782385180 442517926 524115395 279357645 502909046 465308472 921350697 804601110 555087674 815929144 775100761 519922403 479731339 39250516 768787409 4726729 178155500 856326888 836234933 88489169 122341601 877328388 480169154 339125362 195901382 531865183 513398446 414260866 979626312 163641478 30862561 85529801
100
629818191 42389995 797862632 374463433 848520992 887815085 716909897 392981862 426811143 875334196 134343606 350572296 429034703 82605859 173669040 715200968 855517448 552789133 608183516 184349297 944438735 269704691 492656153 300022313 738375323 807521455 293848265 88303929 626091998 530210652 57208732 152092457 374305961 82178593 837236573 797538837 363751314 650100697 464154174 920261160 839444693 649636874 654334466 902950132 980961396 384070644 315162892 488237059 660434642 389753682 592833855 347016823 721642891 100020522 780632605 958135520 629473006 81273155 569534865 344002998 350825348 338643729 941707902 254217928 823247062 626049840 592090886 410067084 8126049 50148629 903260027 907671271 149078623 735143437 685674941 960348590 920195904 433743370 274279822 151326075 993216800 343973814 525860528 701098550 775622007 590338677 699906091 622601421 409797862 494355553 109697157 467367329 94949811 327005741 202002410 60772647 81245554 346294891 315256097 922117572
100
263171928 287274578 88184984 357713011 911824833 139260646 847755190 175714881 993736228 536600120 141191234 352937706 363293862 190986298 423639170 498928848 984307864 544554955 440697749 474177021 808856546 938772243 827833018 835676283 375686271 877483031 612460513 105851484 90476461 995570698 695889210 656656443 802803077 390592629 773662228 911818341 370661459 397344762 293477438 481141681 396635854 976781182 921851559 243569780 470908882 196301680 949121276 786629251 874913297 731378501 332267514 115224175 373870495 247759004 918058588 919114270 734889854 785578324 263987394 143800164 63762048 922764128 395924751 956561330 370730011 679311312 593387757 407232914 906019657 204625651 390932410 7429811 597482746 620960357 728966468 863564349 382255121 607602720 658635353 333659732 192228866 755030309 956533913 18305907 390314586 778249981 316155938 96944161 367964771 379171926 163463017 4497099 756047018 855915910 516354561 590614107 917117070 253394329 410816802 78947328
100
214388222 899806788 666224359 910379289 23799359 36676928 390833463 674387061 850533767 386243822 709836077 420522199 993999241 97431639 916508554 613781007 539303656 530377591 389106409 419387030 957443471 937329818 411009608 741266241 248870113 612535770 718455801 384391642 200946040 25879847 931971412 10112479 707775540 80474965 770534166 769839894 571707004 344306098 453631183 992123284 996266926 272039403 972799287 386544582 955832146 939230239 123375592 488293150 189081456 652702766 434890992 252427913 385434271 450965413 615331427 419224069 140788340 204203450 869409788 757406600 852985816 293119089 445294295 745016351 765441443 874070049 968574594 418170522 247022247 588225293 435652983 149263639 704007571 178182660 413135896 446379656 532391903 239270069 392389366 108799145 560689443 385913680 861694251 599085095 47960516 578040782 970502242 450237229 776313304 488265430 483686198 782086921 565267356 902628934 904803730 933863770 887132562 991810444 913950079 558009397
100
193665371 480862141 741556081 188474726 744799263 518816863 957095115 817091651 684192751 105783519 289423758 88982734 317716528 520167588 370156387 186311871 683075870 245280598 586740814 969491910 206312849 464676274 725493053 779138637 314744502 311259164 619957611 743870603 65512643 17649083 397733614 31180752 91145384 562455235 884924227 185439872 229659498 558243646 739407543 902067610 864452755 398719236 682701623 690881046 504654877 572797925 687875932 92504263 884047564 516665780 57630254 629521888 416908495 266266475 244502372 441175939 711217611 89900666 533865674 76057542 163407644 730434676 393547388 10051732 993390546 982684346 37019902 384092090 350915403 38922548 921120180 576741300 842989386 25040224 565830234 195479524 965722526 964048494 969131649 167511177 516704933 769378805 257854605 283944501 643654749 966875938 282334169 734028346 494643290 389172043 898424202 185944910 24049649 539036710 355594944 989021942 611588926 324347354 983190962 870320347
100
311267551 733910375 561648982 253955937 975189583 263479638 361344783 274066699 142506538 959197875 943925405 499800348 487010035 409192125 664666238 161728535 759508535 428236592 281536077 466691869 594025462 854082988 818280479 526112815 268799613 297396700 447158697 179134871 124004937 719558335 238849871 599804505 266890313 448924523 163345464 113411718 151334629 320090539 282966440 640743553 495194152 991539931 177395957 582596725 959718337 509677555 629845471 794780738 879458581 926993484 683081159 707785611 165306942 467250748 814625134 134310691 414257615 813144835 370522720 555834970 163756382 176263388 376646756 911341770 225791689 743293259 53543797 481517550 49103033 151878184 536835539 942124237 261015247 548554377 901299196 857733368 26056223 758317123 954825045 681551968 84241757 835415968 976960884 649478493 954294535 956336501 996941490 415565726 19491658 650956306 408721696 860613734 748136057 171388409 312382051 928193986 5748709 462346013 822450914 495058930
100
870455561 967159810 348631061 319810882 440304979 602189306 823950282 439059445 194730330 508317010 779025450 273249715 65382979 933262860 87996207 626817860 390982645 35029521 686067530 121499466 893753943 51223911 62427900 580550828 917362076 590287594 83834305 345106374 99887638 422415116 806322112 191930043 158902383 873819355 192643873 686193496 706813070 175792474 103958030 141338907 14896219 334230175 570582415 321029813 573939200 940355853 988263925 49236167 870382978 93208674 655997356 985615470 762373975 259380135 452304369 453828550 785225924 892428793 392560305 515770073 658129420 491105882 584928026 94002936 316952297 620264119 372370423 424340568 430794200 500421740 639743751 218342928 913046254 304245157 82578354 144833009 799570708 665820727 845602716 64692270 515868281 81193715 898699312 75301010 820624835 150044305 347522075 750539036 454151809 337293581 870188061 656525094 820279341 389925335 167232546 265125288 356342645 762356411 239183453 704295231
100
508266972 696049884 928306348 301771574 740359835 863624275 569940660 968052529 326681111 244738448 357918714 733935227 483222175 798077653 256978454 650567768 375461077 295905279 323295467 77538593 832094681 272751423 94766110 617377875 751216629 554061379 245610080 188149353 385520407 270867011 13940162 624591006 802059866 922745062 323764963 492443442 473030388 438974182 143530577 313017461 529931971 616671707 416899951 298796726 453568530 836352628 423580254 435092021 565071249 324372624 866772894 967494713 263619065 601575540 723694880 942024293 306449884 822548496 225945187 347014678 375803433 286139209 762989085 95645657 89167405 191289622 265569664 993780313 640773369 531425159 578307513 533478976 405596287 801546416 971829449 535155251 373711429 63420120 400245264 304966775 388548049 923797263 155989517 831072282 686070161 502277379 100030733 957987313 30040249 936186078 709498048 598829637 588880007 556502313 706678358 679483965 237837646 721103281 367626127 898397242
100
473967732 929252861 445285099 265442929 964091145 14370102 714081037 592292681 278092047 784702941 684503921 836705736 548533622 614354390 600358268 764447252 890007214 665025230 414142223 119078461 830465340 682426266 435582334 317456321 872562114 573626423 884826422 792098669 779171316 571505574 217060919 963303005 417228042 334621993 34801548 454225596 43479980 623982792 12695588 445318557 554746190 877196431 666260867 860263307 179334172 831984793 805910155 754471657 973700965 775110074 78678747 10223083 393941223 723957017 588170900 423940452 430618290 401472801 852103263 228882691 495189199 446566665 138469336 51844600 537322122 775515407 386525167 185147801 347225938 690995628 203657291 129239170 586558191 22852778 326012033 874677820 742244748 613619882 248067218 172031909 945760556 294765461 829574580 670345881 800299624 473243121 208682943 125992317 964567474 961431338 41323529 822276264 947866832 118651308 920385940 16941851 536954810 208782883 46329897 649187547
100
392794209 215379712 498748446 207608610 242598338 85127727 718559541 704827167 233211316 907154085 250382695 721258025 777673008 733569827 160176643 584921651 71152150 238151995 913900781 814383612 428794668 380297137 314234951 982951024 521143169 66228032 888293874 695759584 780316660 874178290 687808539 908759750 950195028 498623068 571679570 477254537 79212829 554441076 991455466 73208037 699476061 881604798 178929808 902840183 223764390 982070661 944472991 53811496 370335288 617642568 178616165 641942042 571454909 73722188 833478812 44901733 278232372 551270135 37039956 167680832 964912441 465516480 494699423 750457727 130961801 795497536 624205999 318682045 650453199 301835126 444197999 419952504 591688628 856258263 213142456 787599981 771204830 885904676 574085429 119205092 831890198 179433269 823850119 573278198 881106038 837089825 735596315 963419544 829520204 660062387 458523302 213723435 135433373 575438977 759550002 835446807 732151004 138062548 363546461 328024486
100
994141745 398335897 576278944 981163067 183570125 147920833 425078879 150355046 714475051 916289987 3870824 392794830 691089346 741377503 551625216 690658862 686091609 910565426 707894125 956419906 934245621 426977504 64348263 886326564 989350607 507815426 908688916 881300171 356555772 560926644 815233991 23070265 21246573 569058557 556856589 176384596 113842600 277727922 931760878 294513450 381617346 166496679 598996543 852284717 160536717 353069217 462195472 755509970 298339338 75289611 238397776 167012291 99717644 518898052 991327809 959541517 800200344 96396130 489932285 458347852 376776012 145239968 739275248 653632029 650896886 749373838 306114490 308766346 96602112 185428558 542239178 159309913 709528291 880464601 564953112 429825066 702648691 432285801 521762710 769560194 539238549 400047522 769647980 443483916 836985144 707891431 689059253 973064895 938593633 752841087 872343585 310770903 396782169 600318276 308689128 573255139 464889830 15087777 177139083 978271750
100
122394394 370720698 764277538 467860748 874848437 761641571 102280526 426641960 269082637 433116072 858610504 453753145 161427035 624857317 243181600 571843881 695543850 147478010 507902225 692202607 649625740 616115168 144424059 265360681 291616189 591342819 265484900 310918651 151715020 972290840 729769035 437862485 764688250 588069499 590553842 145510463 139181198 478323872 813765608 697942051 130731742 225007878 142896935 241104071 500082529 443560289 977619100 459342743 618763475 936143056 130401570 24761776 419006449 125904169 526339975 661332937 309904681 306841926 382847006 54436245 791303889 467688354 998992877 546607683 512629238 421756403 534028571 647875293 221678608 595039882 698636116 87117792 965219476 285330180 433276343 339458784 521539374 862609102 882562302 159922246 89510463 92738594 334835926 166814746 525724142 969089242 929198387 982192901 947849826 704169208 320830781 206892464 864140089 234194428 495815208 975766227 942582652 992370219 395440890 595898504
100
657206154 909834917 618398413 453022319 659378496 152005619 549805787 887347945 824904669 195249444 865222387 629715764 412578244 95420294 798550945 194454962 638327752 355826866 684622439 737749414 832467452 486866185 443128528 719572313 683386073 557851594 182841165 434516066 33497819 40757574 177112315 447904752 280496641 609982449 978645759 988121507 210101680 981505423 986075040 209563242 542897799 227815969 856320944 530483625 92925529 495881792 590365839 774325501 123707428 3024806 434926851 822404161 753653720 782023701 986086822 925465820 734966881 574167349 185990760 380623357 365253473 928525272 695868672 411424431 173965542 88427552 369998233 339519995 909015108 157958773 203924557 865419259 752557471 566252536 572347924 74463090 529429018 246256180 841987133 456612513 410217783 532085480 161285506 481962754 309270725 98352989 124482955 60750019 532476169 739938609 729774924 742302827 984402795 944772164 779049960 310992332 832004519 194939609 16646665 142637955
100
340264543 767092547 323227119 89459278 885368291 981982189 924646918 37324405 678716904 92726094 904671965 513009613 176873621 857820654 987229226 348134776 770678419 138088809 126806224 433752873 172360201 895829973 921209304 368149139 559579771 231669105 205152179 868930363 941831199 583796256 985908043 223348885 601135158 151536171 138345073 323679195 851714324 327862585 932621401 678194184 936691520 867319006 882653576 443450141 83397904 724081639 225029892 507727696 399836431 355304480 514712946 936997674 232714584 361198843 897696645 774303178 842402345 977491444 587652561 977315256 754977954 910271555 611756641 156472611 27351744 615234045 891733193 916058988 472282577 149885372 967269439 493848901 824345769 610580056 522802910 46076011 54264579 231304528 905927854 96019441 232633533 759477877 627175799 560176845 639261235 562185779 271812669 994769946 841619019 395185291 705482782 607607124 421812403 287836587 566419443 272620982 14869975 56776545 148262690 494501030
100
948850435 409058946 377816392 702707490 461170897 676587025 428085415 41106296 893157784 472599457 30272790 334485690 481523888 876412377 329204736 115728346 828498565 333765128 32523890 450039404 553804280 756952582 75921386 738514213 177233731 986366814 833867471 633889481 769585428 797738445 636734911 994860696 397572542 648096030 345758984 664868789 832626239 796375933 847434098 865780605 665403794 178321568 21101730 584539166 249462607 823581424 356711497 878793600 92865844 481867798 558203483 742088234 294691008 562974591 210649739 395858082 471033781 272777115 792936243 492185188 964056613 89707844 241107078 630460837 931382263 455821172 598176451 118189361 8287294 510882130 170569753 850129411 779667826 786330719 487602773 219283323 824476158 906633908 214475629 87594430 560021113 42486851 934332034 190228808 580831067 478663463 581906756 463095539 925256387 801389388 528293385 467076406 3794446 305634397 566610528 866717387 763903104 354072148 128288203 595597400
100
251928480 979692954 231278327 783704036 657691077 775701947 441041466 372532234 855630789 943668185 830787855 69754835 363923982 650249845 259186299 865931992 676118288 339658067 502820286 429568741 138576924 465707291 625958244 261601095 155709645 615999116 179087881 89223455 458324543 128447498 220066410 284217846 1653956 286739357 414600272 907419675 3058810 643630884 265611207 471217892 80764404 894288344 456262866 847403708 210777674 552678428 379060307 703092932 23650465 221180713 304334025 34177008 913081232 11889756 757725644 977765628 726300586 410784541 741038641 245516909 733355961 630466901 598027490 565000876 733498824 393150497 756139789 272649073 905788134 465083618 501428067 478769712 301314331 872603867 804497681 927956984 925226111 54656616 578379812 920265412 270020588 685054981 951326317 633914296 716254358 258195665 161256600 645962233 492678618 334155178 103230576 909157907 948257937 221219366 821865781 519746069 384668079 452654539 517517868 718328230
100
591248256 478622971 265275841 924222388 700001677 847631245 276896886 401189424 469343834 325715363 644822403 95999851 856616536 220060053 295853273 2410918 809507345 21882540 184124176 457608066 267559562 321527354 179024041 416907768 25155449 240343689 956034675 570087331 988744899 242965796 64425857 606029736 796014788 326426305 882952449 980998652 968170990 506844977 624716393 933027107 439584245 67132456 484835622 640268866 967480890 271437630 435456343 69036358 222185756 825893116 864612206 887623373 738203093 485962792 966964203 503259891 390313250 583805842 784102250 125286815 666183589 365918345 284402563 195287015 995437913 738183095 523533 286370484 608882260 354465158 521431111 369330525 940597107 966613751 913953849 820596472 177441797 54630029 154203346 428121667 613491507 368797283 958305121 481899703 318969658 108105587 901512070 420752628 112303536 467679220 221317186 943696069 979284679 759127452 213076967 239417706 333224054 261729607 477552329 89293015
100
115870113 109193913 780399321 156537364 363733696 460050970 704929450 696681443 798874034 239049751 311260330 284686636 217603192 684668204 774353249 390266857 211228319 642827078 781269086 609432324 529625017 751900912 710242160 91003717 590888075 936894404 929355472 759326802 105397343 230999223 290050703 542919492 349802162 319834259 587348999 582778208 698996217 925253825 736571076 161719135 318782097 184310180 144943022 407140757 659653849 10925282 852468334 325420448 576240318 657026840 804704969 157892866 657059300 865612553 510846787 115720504 851143541 197516737 755053402 991216847 27977717 965527433 633953767 64357939 858723397 753775659 61735372 510749246 350223986 244244111 136002369 475014288 159438524 405321308 572373957 656985984 128434789 870576976 773218138 600496812 960975414 278975101 447663241 322695897 26204016 393979126 764508847 722693135 411017891 145482435 430537093 29250960 654344368 647664291 879535770 735886610 377197272 109694563 506574277 713175617
100
123275029 5977009 822720391 952926382 810741071 149550003 376908037 611515267 334699263 244739476 463696095 767953497 169124308 677814570 731849413 928037385 588094612 610050837 151835967 607694421 804836637 836795753 994287759 499810305 405568481 48264780 161978189 210863619 427290658 836306602 359634116 656859018 4908087 63018815 71865352 294739700 791867447 353468014 815941687 937167056 819763141 744611832 582896896 51519924 710767190 699690808 227635916 200388759 30864998 950990451 625101169 646131414 493182453 621618396 412181192 955556683 999232635 794765299 169630060 69128825 65722682 217306935 929597404 649336553 784586540 615049696 394003552 864624983 295072814 406997925 630070020 509466097 654294128 655694722 435988690 551673977 216875321 848911542 759095262 823179255 583228987 381744684 634535927 56087601 338911784 694335068 124449330 20276602 792889648 592751366 453886576 201731684 276991570 812138236 350881405 188247491 14187986 855672440 145229454 487838639
100
960852731 431356186 494927107 76167649 996956024 334992289 545936007 777392741 259062648 234261066 554953992 876152801 643420740 392915267 228595353 757465496 435707553 159866978 627781892 297342553 200371529 102645936 923883691 153457772 15313028 745257932 187895791 647867129 680280223 153207487 624422248 266780176 399148055 398980423 40739569 511850375 436742682 220748653 748584533 2818727 882655860 424608518 929654562 777788612 407802326 822802542 886506314 474774377 361153842 138286621 562204151 871571115 343132584 955927688 161578014 190842606 547536285 153886594 793141657 618109179 726034889 226524287 893916114 781936203 770596432 102240617 682415974 272950923 551915214 962082821 685208236 486665996 747540496 56795874 465849034 656072465 66199062 149751940 86052616 933080134 245096540 845349087 404071934 258012528 716808319 563723571 811448365 14953029 997577152 256224681 498233511 785747291 750229202 828306702 406680607 627647707 351931690 304697702 396132824 373652796
100
204568165 949187160 951458238 859530728 913591719 834459207 955398146 760324005 432824913 205489377 850613518 798641084 415488405 802406662 161516518 661208115 346442697 552677257 259293368 576944120 258185735 84626368 456110796 243047368 112997772 193642905 983946080 824203676 954640706 512413012 557808907 196779223 919355229 517169404 719912220 772734327 973846981 519215799 610922402 467193102 552181315 753747694 454323004 922287708 182882319 442427012 673315639 25566037 470994256 961085638 266076738 944324375 471633126 64054860 49583580 380924528 813240184 333284113 105574451 528951818 217038757 175706557 879779373 653059565 845618609 2568043 159400149 268141830 755057027 878364871 26982534 321062413 740441706 648287137 421585172 472423081 33917642 540377808 68678904 964092640 662787724 85641743 504458049 670471749 568926754 689437966 994054549 471625447 50333950 663123433 553411443 159793319 549780291 64312776 324935605 986772271 981550314 726686164 992913860 286760666
100
803338842 540784790 584077634 323412501 594088123 214170254 341979326 128812965 894119907 520737859 482219051 538956345 381596915 586166523 919960327 576423286 445250516 797105813 203335308 904648625 740881011 997068223 660993723 834682259 389662213 320066761 692379767 142801427 64415924 517257304 668011930 974790335 250289391 291901244 744325126 526186915 194618837 849672998 515580657 946650283 328468760 902722061 644587191 441992103 298833124 364345532 574691780 608899621 891032719 870767703 492084207 191023164 144383304 192267247 933665427 501388358 730177095 447213955 14895892 297977725 147860103 341178239 401872787 304890872 504311314 674657469 799022370 832753200 221794872 925225930 766325900 470011432 201376937 350399403 513999416 728483511 410320812 443644238 446172350 217320068 636563175 178361035 151864257 992266254 214572021 684552019 69862872 268312280 765843526 625254986 634154910 366747550 290292390 215687044 289624827 468536276 782599836 119209650 318718330 756472655
100
495050933 966033179 726982291 544839737 886337957 86252255 432702525 517463386 131437162 186151459 357161760 575928163 778548098 300058280 656391682 661302 801550813 518913357 445629469 843870662 279824183 546538091 778935915 102427414 640631983 633257461 971628186 425533486 293755732 860101267 974766245 443097808 165008538 462029800 570109340 682319046 192035112 991246278 385596851 74625009 145496385 599019883 754064268 874954655 187785649 309753797 102639181 973339403 72305687 766949134 675519994 968496380 765023688 853780343 126978538 137918144 589701245 329183260 965826055 692211722 219101228 561638305 748601491 274347286 723897289 238854155 331442865 590678364 779526393 522087658 598427699 259789446 695756581 823173925 57077711 170486713 502010512 121654228 712922412 814255683 239823502 418817332 299608804 311116380 412375888 596458239 632843568 506261993 690844744 685589953 727056421 737011424 276178743 731927192 560174443 784376778 119394837 137848795 460433888 433566256
100
548552289 43997446 513803421 963208742 85077929 7663288 706304807 621104713 589810621 346940071 649308680 98214098 868218382 22440789 65288918 904163867 270043244 276878709 2799256 740678315 255872897 343023663 641870434 272947868 173276046 492407342 935766754 651370259 715835799 673861155 561869164 86661408 734938096 397514225 472000720 755942077 735848618 436095357 741230647 458017146 531216569 281492791 437516370 376921120 450039341 124270297 612838973 551138823 468869371 227128018 731351342 694329435 81977235 115528371 607673082 898261744 633773747 832138197 492346207 472713862 312620385 601144600 996055457 660954613 400024079 337059688 967633864 409806229 629501615 141892623 196961691 105015466 238883458 713953535 911286935 583083058 946593791 187531666 931174000 911711190 452145173 137551557 513212382 457884705 759256208 32710160 633716202 770974028 63760165 210753292 128957091 831759795 831724262 418655866 733519231 285354642 605539415 118483889 506104710 605046230
100
543306641 163726546 455436499 971236596 566695607 230943479 487589178 686060524 735668313 922595510 238877755 405430874 494624094 697573720 43453073 93833351 363010176 575742228 168430116 544592850 828239033 487411450 943866529 917228896 479238250 818341217 134829359 755641612 67268808 466920791 618747500 684839714 697145733 754372646 278552897 458980310 403156645 957907914 360324523 834521077 149354815 635243256 153412059 973914642 460074302 185758559 537276577 638205016 774054781 489780004 528764741 142382407 781170812 828317093 564273941 537554316 843138927 538854958 4265856 242140764 58815 223017627 894868168 413240585 249607581 506215605 932352630 198387129 405463926 401989169 931177040 565730673 748249077 157448192 513818365 518971873 589843040 603238064 817535750 38021828 668848034 82927656 555382147 12252120 673695594 956216850 700025659 498602337 865917205 252476572 484205010 442636762 490133249 828811563 110282386 680654341 567751803 698320163 922013851 216948393
100
891186526 545603377 387574175 155504383 603301452 950520455 212692694 945707298 651425318 394158706 727314048 41027806 124743848 693925047 355321571 712840813 497749900 853508104 450509752 82591741 573993891 170372491 186971329 149173584 486632606 847554104 917533715 7711554 431177989 100361670 201555747 831777209 817262115 556720402 121802546 716141777 21002160 170567076 690291983 597613221 57635143 959420936 143446545 958816724 527622933 562570624 980783311 578042237 277636726 231225404 119773659 401464737 366332917 836849594 505311726 522250096 802627993 383232494 560741164 536969877 790956047 796133303 131088316 521700848 183300810 466939007 283505996 790123493 988721264 632781699 144447314 991263692 202435669 432565826 402758191 215409936 238596895 448122407 272398183 791694742 11616784 387540618 709491979 416337287 998989086 396604127 880721742 829526102 145823661 537114189 204415220 697081112 689320709 73011266 142787691 917489726 469091138 897466012 336590134 65226866
100
799001622 525423310 28069595 886810144 82766930 823240652 155015236 203057550 49470336 389818033 854507458 679730037 620003622 714544989 879418609 359181157 188144726 412572719 106714871 405942648 540392991 560209394 382174046 91876121 548302486 770937254 387867859 13090174 645264892 663914537 224824103 285133288 239750620 842640118 343067663 135904118 786042325 280290558 466354486 102171816 476953657 976232381 945750141 997539720 723373011 339485649 603827627 552859270 644359439 389901649 174936208 892141957 905193718 353284262 241917711 150817168 908535779 511112501 132221908 824291627 494871918 360856174 276549683 412337934 632900988 989465858 478028374 608531571 713596883 468116087 600266892 40586210 900874905 935302101 949013274 810190088 203495053 480142565 922778802 538324789 927416771 461008762 689604348 762853586 143462866 909968128 844325189 741528163 357204698 489852188 414676851 268267081 704062749 80758058 616095235 309818765 94791838 745260098 430575825 205704685
100
450688150 537494266 447746960 857272498 831561017 886296687 402959400 424490419 611545210 845779302 168419887 616076673 237368433 747749878 848115207 391734290 966896318 222317182 441524965 805493771 693997244 123858788 982464437 628044092 246412820 953210015 518898704 665484993 797947283 992979668 987443928 802619836 294014722 642692689 600005059 187863926 12208663 593176793 832707612 359214940 218708254 402622314 200767670 132383649 593422323 807474971 326376340 910112514 997276896 974145003 275877698 454909629 350624079 66479290 762472984 755208769 73038677 367005003 998707292 163197489 886150298 300638873 360882654 147139347 966158465 103648486 251965256 477395144 484866721 685154377 725595055 205515724 686754985 455570217 425284598 628857090 218065068 900398389 338475892 94493691 883323650 717414939 709396648 361445523 74071324 8598533 771902169 282886541 730183935 367458827 111586641 480538947 269920155 420128851 992582639 885679259 601602054 887205000 195668659 42934040
100
57495568 162408080 982495977 348849024 895669968 4551869 848763864 733772986 273237153 134379805 871696874 152273478 904885054 805217760 114656155 373649957 883330232 652575073 243273847 84397911 204517964 744024102 376512830 562779349 923147569 80741966 763468955 105005913 3794718 717120973 950913833 985429764 993774282 759928193 485895578 59215866 58643057 732012080 86678154 631844780 601604068 81778763 966895851 30682155 949233307 230335319 327653595 354823914 109818129 179761180 72331550 752549244 159895673 360695774 314636331 171221781 766909133 198303488 877566863 269810667 200321317 662886557 833673888 711553072 570940140 909981142 574192473 173858050 913051421 894668689 883009707 58034006 232982228 829139159 319635373 233892840 958601035 732683403 560592123 25974416 898503031 206829138 743389875 768253446 308328366 179555730 672746966 133775126 645760641 494869245 489476952 125131433 898131329 144618774 539275739 377096014 142109043 293263334 810784603 342736971
100
498274665 30754715 403074922 259503170 50226809 937887091 100677683 760850210 818533501 863880330 798455691 171228040 546157713 32069308 451716201 255219897 475707316 656812437 804888399 435060690 267111296 611660883 625822649 176283508 339372847 775595072 779411463 529477768 540576309 410018838 749671279 209774343 632738905 105769693 893594450 969582339 288117839 303544581 749866028 196528662 703418016 999951981 306180221 88875132 772624022 440119963 718053577 439113540 40548125 703953772 394337503 482742166 257458011 734672778 577960302 795820024 482621728 530675781 422662043 404559434 697211003 632563011 724029778 294584892 566913315 929227880 472691591 824891043 803152620 610855785 520047325 815933713 237926605 52377606 447501553 855514721 93444152 824137737 937446319 211479612 703145822 855105387 841085503 729974861 454668657 684258497 295789013 396182880 523269778 324466577 505511097 834217721 841776939 388098717 21212202 713788332 910522439 107567507 134935582 266961488
100
286833507 597436634 722078641 18975761 816238918 544734580 229731894 292324723 905079921 500265284 532006553 923556607 728555096 664970513 477566879 620296507 810775307 391543528 778341691 945495661 209149987 636521900 565033389 250577499 307480396 767244870 636749698 546589038 388094039 81541927 727803143 163565646 997066481 872647442 129642732 559952993 259609844 349002806 147099639 314515124 841839805 330057438 592918338 403393668 335476191 866297388 442870465 138123353 707111650 208208747 247325059 863595226 114098878 480736217 430588833 715950487 62613387 834951330 418236960 644337156 930776840 687246381 493043312 536247002 593143459 291459919 160151959 257687302 615967478 102811903 513667202 599853556 65057882 366399991 646944532 546541027 312332153 881777396 277769576 993057425 241476547 292656701 750293408 174494573 78904522 728250080 76642382 649111882 190576086 973649016 142268642 139377364 697664497 41273755 704779836 836316268 103902700 66183225 813214811 493932288
100
266432857 550986843 276091803 725780116 421116945 530900906 428924029 253318887 971442848 370129909 633799326 678863500 29277118 850536104 582600570 330776855 29071115 627856028 258945940 373761951 913941075 329012550 518248551 991855291 602911550 157320595 938546931 327207588 491503877 492973595 361115059 936837797 37811671 188003753 56662533 694174553 739608919 825320198 487889189 931080496 316882311 266840557 971534054 507507371 744901359 424838965 522723555 75913511 668650672 81599318 267431863 840750041 886250656 399539753 456495363 405333347 962567881 190732556 60802235 717394063 542527923 912059978 92859874 776726497 499412661 428677161 952387223 814997855 650294882 888563081 278088676 573990770 396809159 839176721 725351055 541046726 699809511 714545680 444311707 255669498 864964704 854191746 207398993 219500981 331651947 951459990 48317736 242841029 996196653 664040333 693519973 121983854 757687877 208945437 63819903 445276716 889314825 684454492 447321154 571925114
100
537919417 159234312 789126809 846700524 492372406 141500766 575650661 718223408 687799880 846340190 93801963 719980675 586641527 365119274 661955605 721446265 903072397 568076416 964037187 268363583 161112020 252863884 449120145 976021524 693378187 254188910 453262959 16319047 475813159 729347743 105982043 729511169 94127958 360409351 89114738 745585957 95903757 225182782 598662947 696653109 659393232 719057115 590338593 675873761 430801375 194312532 371911832 109563943 53730996 556208029 305768053 584729140 658299521 791093459 661861029 544656533 519337890 640305767 487185310 464825797 109304666 721187145 436237234 843881802 576045107 148407929 647400059 420838283 504076528 436301063 809466084 429391746 378919809 492814213 461155437 521108042 848851570 631956595 356439151 416812001 682184839 557614047 928681952 263685890 827058839 510146542 696204178 657206196 537520926 431808276 221790670 194264018 536160753 955189427 537262283 458564048 466871289 66079299 398503498 295944592
100
42996979 845171414 731506956 250466309 429876772 972591264 538908296 262512545 568593869 935606331 566557584 377032100 772122515 557733426 571282733 231520164 434994196 952801640 9413964 675228390 732476961 18005579 213008932 849737891 290282950 57868727 945373618 300319382 535924085 206697287 250619919 278157174 902081424 893714223 65942429 41807321 349690578 928112007 885389719 787116331 84325451 81312906 82700959 880024923 651726454 397566542 780911805 302113493 945607930 244776262 170334455 825372140 546283527 829341251 496703750 439561491 611312541 254665383 486582081 981719757 662114708 757956949 683204825 449523033 170177316 436227752 139683438 517562069 159940334 415425069 514610132 639145080 340915233 297611395 951875174 90089317 530000038 687944616 263543367 807145101 725119203 219273719 935499651 630576718 320657140 924758253 70527409 393524251 795743521 980778407 859279238 450629618 641378798 953575928 436495354 989133235 289832092 757323855 221615173 113471879
100
658075998 510027528 254191242 708905185 887744845 580998056 441560037 380979280 843836392 383103660 742318662 225669788 848492387 74558633 796778275 995307140 255988651 993585718 877014974 99402781 138390232 608681526 292315555 270101374 553012272 545190595 118087795 47331012 659353018 82974921 655310181 529228613 414428778 729837166 548195778 469149476 104546693 617062519 644756766 967345335 748228782 118610614 851070567 998570150 657224118 552504691 40615081 306298991 212741401 626132179 311772113 778454548 158855121 136125918 252595445 212292309 337255453 431111334 468780370 731792835 984331043 830700376 611741299 459592829 725509319 99025009 225176267 598416640 567215005 479121042 838950497 463806445 355074784 729941002 360129552 302213433 286478066 886771212 732750370 695943816 799007116 901153195 929617588 546846919 601767712 603005624 132297655 952752662 326333607 575656616 850085673 476630854 146660693 384825315 577692414 982260637 142683830 164531112 568947627 985559897
100
680593848 484920434 93830092 412986849 83471669 954375549 949330167 473924664 519172042 643576284 93541550 186147262 884277369 244129595 409971991 262232434 892750227 291521663 65726763 516712946 552225722 470215949 858201794 137746721 260905184 175876625 641614107 317418854 73808795 759524015 611389103 829717569 272943136 648789575 865826502 988780554 953170760 58820170 160094681 427096961 732119900 595905770 966692330 180665680 811775112 534443423 700923238 421999777 939903113 205550831 123895689 913462565 419395161 466971853 839423597 567829688 731415799 838140829 690491452 620238180 336818943 451426166 230748553 810693162 902290071 853801064 930886862 359360871 792394415 515746051 252227069 312532628 41667443 521968493 642374571 140979088 181270111 348691255 228057586 504798156 230686968 279840970 137998940 443944841 133866519 901249543 403732317 93894480 540920229 974981793 839412480 957264399 43457842 275081917 109538566 299654658 212581821 205812160 160030607 600382483
100
17011976 547004542 578882528 824005329 81703486 820051555 487181290 925166402 99291372 136573262 297629902 310025774 268149786 112854568 823741184 710368690 878050790 896853731 668677353 517895240 175294158 366940217 446700839 508567222 840444547 749317265 677370564 337152363 29882244 363564194 128642805 647184883 851761480 663493519 987248378 666043776 164078095 202454390 593492126 114624264 465867048 229521470 707238033 955208950 62672777 350679308 163752405 391044616 143498211 35545873 663728680 39033267 997468735 865814298 821031788 621894938 185441650 11798926 960547042 724935488 744285638 353637092 689729316 765033500 757817458 207150133 475032994 356506831 930213834 327522891 969114838 75518896 637604763 321531040 150897573 255337756 520049272 33076 710583404 647212212 255950056 346201132 678292917 43390210 915925567 821322878 23378963 155354360 755020908 54751816 250544853 796275316 996197741 710294225 316577480 330604615 823600246 875388146 395240051 573907341
100
171839827 719989117 817709482 685463484 57189964 227749254 629028458 658003177 444822989 425022532 990507168 427651969 558863793 263020623 514657214 696121181 355144925 894924081 482999410 805861391 871753029 427088215 675230231 376422 931319808 608227984 295291449 616400435 380735223 794247002 937972742 82615291 488801526 451705202 511689299 997554869 292195815 502428107 576531686 792351691 936681642 984259411 279323572 386320497 542258588 736418936 331026113 977277161 228408851 944293359 870965571 908121836 234349906 937630258 987484939 920435004 324751142 557729032 510423062 791336277 589892968 716055735 151090444 703192402 191546189 449383128 442720124 150144711 580108534 982730276 499928862 452424720 764458181 408830141 135537 722214653 974611714 850151392 177052092 251955987 346350579 510247300 653814101 745544434 79746196 156925483 58378048 479653061 640524819 774135796 932449543 445012398 651843158 876852727 556795363 179653722 13332008 290873196 822733310 994978126
100
72976144 244083019 644477258 515639337 921111066 983117149 318095212 238798625 411608466 629062418 139648999 860305757 450560933 801554866 903696227 183757996 521748290 687421124 201513366 334271004 826622662 513391675 489427088 551659927 963083291 608318533 178107579 134977122 343400934 673984310 932381013 322445607 535145007 998543050 348046584 401882517 739920521 121905681 646751872 767448324 607439628 680239587 365233269 961620047 25666586 712063394 93017940 387589943 923670092 527957276 878594961 515942573 636746099 976854155 799370541 715922919 207154193 465195146 435330141 926844743 361394671 347851377 427451238 783249726 284597839 645891864 265481614 906587125 752579754 221839836 969161029 25395511 337016141 95816144 199670641 580478346 698539312 806252014 930030723 417927393 564552536 47286136 999848161 836349281 803063804 535108699 214418104 651630765 283698487 850001098 478030463 352429662 881258538 229892158 960606158 237452027 370917498 840752386 313263612 13955187
100
183128081 809335262 63385053 50295124 783891972 660749797 798237205 803649995 317099908 461344375 930604813 930720559 286380820 781649606 162705610 977943020 34619236 97423989 640613968 713033647 754495777 17699513 747416974 939032042 399177613 934073753 545812854 723917814 560707250 786090362 870126091 956306781 897031805 697237850 460195232 492616235 762879068 538026297 393598209 97615248 129583514 700345624 125194293 158925073 531988373 790730167 546405920 261824428 699675807 974501650 114267272 644164996 513204303 523359040 78658743 314181399 102177276 775928946 706695746 285650414 656541768 690662897 661771361 362031402 588198445 436272718 263323871 999389983 545836205 96777052 629117777 616091647 524269560 804585569 463709842 558110909 41765957 29269855 800389389 969372722 297043095 874224285 838915067 168517878 702096032 689247780 817880051 543400155 204423753 319360230 382761598 813204690 945092477 631109710 15208013 218500627 643860565 620286358 965126217 310395831
100
101361935 385579398 458876619 648294634 169321732 898532095 26336189 986757921 393052415 399729156 716872452 807036156 935585669 618377231 582147991 775223576 134878036 641009152 442428035 437326356 87956018 16677677 75047663 190530385 349278183 785406281 275395180 311325361 556858537 60148235 857289494 425006309 792805736 778110892 888798298 728491057 557720695 312539479 449091709 840341833 357977177 714668123 479482276 378832232 141840560 900763319 686494061 308355900 806670258 121681800 19881096 501014490 266477351 446704976 339568664 590611874 128185504 778725975 133753815 981624635 458749378 516756697 833410756 91909665 825199244 421676835 80862389 640244875 372141762 253202131 992300437 894652592 245830078 377739780 130079926 398831630 683791872 318795172 677777177 876501577 379825333 714064807 152668164 38810309 915612026 732139894 869159232 630856373 421377583 808482676 402966540 706074946 609137865 377355381 635115941 269773875 249873399 487970842 972859488 88525848
100
866290756 718934219 459678383 820748134 950165111 158892097 846752829 874816417 66189151 185393227 313802443 893314647 634641005 825021037 427778657 973389733 708269869 175425600 589207219 509162963 845329049 720812810 707986700 503181605 986922023 729570230 189778748 875027606 704338035 732585368 81723734 957308348 671738921 456960579 817398709 635969777 647144865 372114119 316064381 753926408 648557476 204471249 826765747 213554786 548551372 871188154 773408777 144982677 813730161 144909409 507807872 456408264 200653689 143877080 933024359 496381827 357791243 182744622 562276468 730921242 650613723 479589559 228371584 127144280 466245077 932535702 358566602 692327954 851257205 479491813 461786244 317565300 396584626 590121940 665598212 633803615 640416200 616686270 502675982 252102923 455774531 255361831 346427074 716801025 832898665 667009445 221809292 805585408 382571631 57879624 477269043 301842332 685535136 444901221 107767390 302303869 927979168 277436352 32573512 972708140
