100
100
80495976 432538385 143837527 805647373 13785697 804000392 744231803 613023300 904608248 855026733 338368993 254536984 827647361 485053742 701468976 959621743 489538256 63294690 661293826 498350225 74768511 659198048 636333179 306473865 489519365 852597262 537946000 350812033 470855455 786552813 176552053 18725440 623438630 987552854 71080264 952944846 298373199 861929578 469706182 97667719 428169641 467680510 897695262 498906469 277990695 896162062 51338890 10575650 422270148 156291147 517484646 183204066 765497911 670334366 726626998 375736488 394117363 482524923 752767234 757698534 992313078 117481760 932059532 785467298 967206661 531603986 10482105 954349239 480058801 930056264 5827255 883463885 233068337 880688882 985429126 429504326 22555259 69943823 629198799 50809562 404941206 413381256 963219044 676681657 34705744 371782440 809895054 41324223 892265984 826854547 856655953 36863566 363229243 666158903 687894589 706071553 865764204 377801712 155713151 15311710
100
1 2 3 4 5 6 7 8 9 10 11 12 13 14 15 16 17 18 19 20 21 22 23 24 25 26 27 28 29 30 31 32 33 34 35 36 37 38 39 40 41 42 43 44 45 46 47 48 49 50 51 52 53 54 55 56 57 58 59 60 61 62 63 64 65 66 67 68 69 70 71 72 73 74 75 76 77 78 79 80 81 82 83 84 85 86 87 88 89 90 91 92 93 94 95 96 97 98 99 100
100
593883788 782359258 965502063 326656403 25683711 660449286 181389805 294346113 1867800 434041404 663958686 142163216 704888214 99173401 722582608 174276295 757931748 403536794 398356802 491476489 863914418 578697220 923369206 437031949 467868236 512155058 69161381 839332316 917903243 577834807 765776092 390363068 269509488 358857101 921983377 647326913 491667209 152098974 710385458 213194586 849655625 964135594 393123073 228714115 944169153 550445858 822499533 371038416 154221996 382266423 917652932 865316595 34894146 135032556 453215652 95963790 136165894 131174040 39496386 225196117 560063852 482919147 470088249 935892197 9208948 547600460 15126710 527393501 761508671 94547379 112045897 984128010 208709555 410452194 536608841 574844213 783211136 318314197 844268857 463436544 268160818 376387213 307181509 537003813 990381020 549909613 809826281 898093241 133010860 81678982 445929010 994963005 513063415 54636271 682020464 146459481 817643130 850183538 658967407 344605057
100
718649319 802030604 167128988 295693600 793709285 674827290 155043253 354316400 300869715 514244207 919816950 807375910 200027647 607417610 526001548 163869354 691679516 46193952 517128697 754785087 984372472 492943465 575037341 468864052 627088609 199049265 825183830 267589417 68030180 206025833 563142729 431724243 545588354 275631339 401486650 602559116 50105768 877615339 307983440 859807346 969846809 475679239 769696678 859412218 767855659 110209790 21212532 339191573 999357682 790636752 561832271 703098352 689857267 993726587 532637783 79052933 366658880 420168709 857621152 524504964 987040921 226139312 274063883 144266557 906941231 930064127 486106850 863082742 392506530 917553625 351250282 688519710 304794958 428846587 123325274 208939775 675335165 264494646 983060655 89261573 973880904 588307679 504939520 646984849 160425471 657426419 414012921 177987559 65735382 43883673 499464000 621516480 954059420 954320115 145229887 957725314 47479288 213267528 631565311 687062627
100
924009156 328318380 835934026 650550307 143857315 527217478 812023483 207835459 783361341 694372840 727055038 466784369 289867984 243670261 442042380 453726650 574398512 446059883 756939249 164389920 207646181 294094232 149583490 557849553 151942255 564845835 602698275 655006722 960023969 211187865 36938199 660631553 63047074 355754108 442932287 998064033 342357170 542710595 559565094 716518296 135066813 262647512 626617680 52340881 819695654 790448284 300095526 344305917 365552171 894557216 495337860 857631845 915065912 644088622 678920091 859480028 317538748 312720240 833451729 38200848 308998122 822002703 846138194 320312197 276907146 934296537 116531566 379994688 651999929 848008062 385341647 676739344 586032146 82708060 369691530 818462926 748905113 485218877 372759523 827103579 234839764 682954159 59665235 678035949 222774847 310932411 750670048 959754519 118051731 626737154 472411966 2009647 238691581 14611042 910526554 556437122 475294527 513187040 835493149 965909824
100
513107401 21958419 107490327 939083728 273682475 675449910 126610255 747607744 151663151 867106759 113342616 487381189 474608566 917506389 238646651 161566049 747334372 70133961 522498178 502447690 745672183 390107738 836995544 829212974 400382601 985415244 380558522 513483165 263475506 873020829 316609550 291279441 111223426 383925938 536073380 163410528 824701291 209784620 155495095 605435309 555130201 554902285 82452916 210394493 725902700 537608386 74953196 728874121 868555754 991731400 834530507 406037488 414826769 359119033 809124866 463836235 588460781 935100172 761213612 437991105 896434201 983543009 457374306 91743885 391329885 910630165 198108986 998511122 900838069 420212862 184084335 654898654 521643797 950667653 255341151 107887041 578018606 608821391 276760210 919801963 350692453 731942732 6791193 752999393 415149598 516285477 696700523 469614189 913526049 709075017 580384372 145609196 469775533 136274263 877092433 167422744 94961562 12626674 99509373 911443222
100
595295656 346578273 399227643 211552198 373473933 38152367 150086896 401836522 343041309 92119215 152404105 432743144 637882447 255850739 673798653 124109878 480084678 513245618 567528967 409692768 159183092 545869603 38475616 737211783 863226340 692050166 758187680 867734659 963462048 352390282 854436732 876920535 586469437 889893938 97554112 90503849 607537137 195509234 814490237 352803576 208268450 963774538 78533483 144652657 297583503 504867339 8479501 191197290 131739614 547446104 12343239 312909429 518025222 832808434 997553029 31956508 129175129 383732526 637897112 862268493 769824095 945803247 238381791 710168720 503775567 944202361 199366560 971413350 723955057 67951301 986387767 232368425 616949370 429260494 929500501 405730857 240208468 668537539 870558426 452434854 369809159 705939756 548115990 980921702 576993917 565231426 175118937 436070193 337167524 473813612 215189338 742518728 484236862 488659023 414938213 523379119 34199000 85939889 270289959 689590124
100
851523145 866802866 70944868 257490206 944345559 294908285 381983687 656696132 657067189 747404467 698957391 732015465 574373733 277762084 817261174 265613766 228071280 512059213 333768692 306772657 328769469 333029036 99569312 320139213 727993856 372457137 858079031 822148670 158655719 692116588 573413502 220376468 122113025 14826915 271330976 780828122 532548063 838559861 851595984 210616398 344893230 136676911 930368786 302592668 874605313 58038809 447879669 822858479 701883604 917821509 603426569 125577190 913305900 9359549 939212008 492250355 644321790 313501643 575812785 272349925 685506132 340958880 895594576 538008976 555874526 949503336 289792481 872672970 758430792 314051842 683352465 177487564 166723425 886714088 502122370 360849063 74834986 714693522 971869905 681380152 125831562 801884053 346473770 758422056 462145266 493062666 559316023 665173327 618781979 441320616 593710799 166512831 617496082 993151659 444375595 299358690 668816016 386461887 710675626 942836326
100
955626428 735215866 278549970 32504319 64140165 46586904 643810918 565355369 570723456 610345613 231893675 206925176 663431903 915530421 616137856 523801854 915477992 685970123 901536578 962435906 478690865 49228840 459429630 679493712 89280733 574792869 88787430 404534712 912188392 399418229 420110513 425670111 892081827 178729528 521863534 193127857 287301891 375612394 536982305 688530477 902003514 575038714 274535983 974828441 143657822 352622098 102018113 258087681 532502670 311313069 610989255 183471099 993733322 638210286 36122364 470693351 463895578 409922270 416358926 813902708 488613111 602141484 664017137 415520771 27527194 84161259 695869617 106490924 32574244 680759245 810737938 718163892 769977858 200419884 981026415 16147742 171315584 651730778 624867625 991030699 160718763 841978745 449370479 141767571 928579833 525694786 7390683 475229030 981685751 744945650 141751356 210193884 132034412 878378916 277348567 772076497 74599009 842985557 969131185 498179813
100
710738844 922994473 838091310 813419721 623410909 594324686 466238497 455125152 273802220 935502719 915556768 853802060 495533173 87675472 911172323 530139649 833612697 733533551 396870932 912038258 100200714 811132507 270088515 911817343 605345539 136399271 487165124 674397086 86269898 695011058 672294680 673619405 750492073 539306703 881052023 971722866 378941141 208617941 819353657 279304328 911343526 446621112 114141851 173475231 404832173 290253204 367121518 999408974 786073176 875853205 502023300 792195602 44139101 906851836 792754542 496490158 374018738 794883223 645596509 743269847 834624983 555996687 687889491 701940986 277621626 832557299 32633361 693230303 266620029 467315285 352763744 408602702 89623814 714615793 399749611 174817889 585750607 540862276 68943884 15756779 746298729 728352333 790039642 786096738 803416927 334201990 888089990 226402077 558630010 50915693 27143832 133985447 372152851 141241677 228208221 326063755 904596419 774718445 389366069 916230648
100
166357400 468777669 894576660 805083090 217142866 884390 129480590 805813317 391326857 96559000 813213487 591998953 971545536 942985630 424592005 399422788 449817985 727117787 661391882 34087280 74672518 95231767 88102441 274035955 865032301 183279786 910313439 590784128 390694751 940625123 265970597 663107397 11496930 823044607 95014968 239651143 439367982 184114496 382555276 581047901 313635182 905436683 993501756 879919109 171698226 780091125 615341320 822740757 575109013 127755652 740685885 814059415 293655047 992835975 86663823 486645419 429108010 325903173 763603261 824893309 521880385 817536397 794004193 872193503 81324074 771759133 665717615 779059913 124501412 897712776 873284179 594337182 22722881 822327597 15111907 187580138 300988753 860662424 281772365 863694027 516584489 530398099 185947494 436919694 222147980 924456999 272598275 37881421 57811992 82291801 552920644 744844379 892159259 692177348 354790809 831495333 206267300 345900778 242655385 599153738
100
62595227 391734528 741214043 940327213 728768067 172906648 841191726 10583019 859187903 351421424 148197071 496082176 7568945 844771564 994792608 83500075 353573440 31509210 76513268 440661506 194706232 31100834 133689824 678442289 454185558 54310165 488575658 214365974 933070989 757959041 113774712 499817507 848397338 831215834 877188911 682109353 609427617 73753061 17802443 690835010 628966766 210957842 235959383 18650001 496897224 302091221 61149612 927101335 210735591 765596584 184587562 718900824 804762713 480801190 214513659 905563033 347455185 360370706 740282071 596495302 408204202 918001145 247872287 994800213 640343986 432566344 16794080 744448821 229161747 143951263 288889842 336800385 182603171 488520178 647057311 873360539 186138144 571600644 948419085 276046848 377969116 453594225 658285739 814288377 636144592 687265149 930662067 389361483 835173893 398815508 133321426 386631290 352243769 78870041 257381940 990964073 477177039 189496290 257409099 491070739
100
550613638 326178097 67579196 338542300 370520776 144415874 912442379 412382297 117355927 989629502 608619911 390596415 386559000 624008083 12588032 7941005 923356618 975878467 762991593 642256126 210606021 272221383 75375428 306495390 255579206 379249798 2654581 645928371 914188587 354849299 341662385 516662193 896566675 530224740 323299781 161491390 952619540 695311170 247231151 390224725 622302503 725011663 566081476 678787808 699397097 352945445 381543941 206892637 454053631 493814416 653187790 705316839 800492768 113077807 317767056 957920676 893756746 809833792 297138270 565372598 221176776 269555952 353366831 962355771 967309453 624197347 367625997 11285411 827495124 895547834 167998899 763548203 188982891 609540074 106004174 858438597 552169692 631923807 583887524 22353944 944144828 110342316 46082320 955515984 625099808 944717802 194967696 367603039 438314865 806656387 229589253 692103307 786170103 140187295 528581825 936988634 999694931 999445408 758675663 235460942
100
139143533 551098427 682921325 970242118 586219674 725756518 46837397 322566052 989117516 608506002 220275957 537271521 34209462 59164506 725209147 57976021 84362624 2430778 796540746 359781990 953180442 984584391 989704375 406300068 686913774 819998647 919647805 236093117 711092622 62661827 787387463 825276107 787421803 512330513 736551361 65563117 700064652 573232955 989820595 971829374 477652536 483162129 875322766 283000429 880584163 449554076 871547379 256077080 500010390 81577976 720040365 800502420 123975723 492943752 312255876 671726867 138197851 674130675 527299215 577408170 499527002 917908905 442394388 280553855 485896301 484937229 790420213 213338095 962219362 914452970 609434599 115302356 322364389 146816525 128210637 379722592 981253862 884304988 885603830 792415703 471399951 609280125 616154323 224088821 40633762 403951827 218635159 806278637 585352623 446510317 660757410 800986966 382548693 646091792 587556441 410125927 771481612 118459342 98030308 471008893
100
757505144 396482608 589562680 269022995 705033878 693812118 201929680 719370322 38586603 711281012 738077868 601761383 405727665 403699120 566222998 282825344 333662136 88026070 869196990 734981314 166471200 179039468 439838317 677192424 445414374 900773234 625757626 607722678 816461782 721498915 105569692 842913541 747911058 506654016 603948425 41432070 45904642 428707459 153345178 10252680 188677243 521957458 744460228 326889866 179442410 236697800 642598131 748762609 980370840 689878974 174948707 66494795 705599276 715989182 455409897 874960669 256655672 134639534 871970521 472386495 46803291 414397768 329065164 194261755 286974298 720202063 277521937 299759928 168849627 520647231 191216677 399176941 579100848 846463773 888030138 238006407 364245260 101259571 52152657 209671215 929690905 247440946 602740928 519414650 590126912 905558339 225198074 522893053 640849624 881503514 193878487 526138786 892724603 769904678 869250505 123105607 974883739 27563685 282210421 990886482
100
342882575 297927291 694689271 701815303 197420454 215075238 645148183 168982753 815171020 79034823 226041539 791148561 763632130 582384210 313702060 99673882 340214542 95795699 162865511 964635478 476096498 963410925 417731946 245037431 111589973 351142081 272724865 745822571 918916609 664813922 670861571 275761167 935259360 404908646 11305662 745198088 698975623 806169800 604386522 329964896 47611767 807167530 344365068 76624326 230795328 874617097 963677473 946577292 85258993 804709306 62749298 620791528 804870927 706745018 609005978 373584446 188293257 591529235 221408428 110274224 492150959 323502978 910129235 183182538 29479689 364329552 865693437 187182312 518171929 494016755 134182194 571719274 537758638 111424870 981614364 69422948 549289032 993279330 338757969 396751157 783923917 779217449 11748040 996932536 548758992 932055928 510130148 936870110 763860182 846504769 771036970 85504060 367868006 121324257 130187798 169215451 64909045 819581978 281959376 70525543
100
734225176 304960656 83976106 201692543 420822229 457824948 305713808 590262751 311520856 959842483 812153612 746923599 693661064 114726302 989287609 520056873 77904570 540078585 177462794 996445925 833909165 884384540 807364206 737959232 652181892 447767691 909301710 543371008 729122752 724270129 479007025 314869588 990886502 169101631 891582469 617703292 295575043 100421793 153380190 663326402 144385900 339231983 837368991 397212875 510162149 825180728 374579962 901341971 340654826 402742344 776632416 249197151 52153282 887564729 751036899 913003929 918022169 868812123 203529644 690960362 318910693 275474168 169522383 782793258 456505293 739393156 581353916 41087343 513701269 899693006 105732362 822815732 626632525 275227166 238681851 472405878 257748867 740424219 458874355 205296624 418067771 254476781 642156736 905364044 448862024 853601332 189567713 641430768 356881217 766803722 31195929 460187223 221757783 172190120 769937288 764139691 536943615 906169804 95566729 622289732
100
396592451 325031290 366867910 583227579 113392482 511092402 264499067 567590846 178798034 704978822 611030836 794281115 601353486 748276169 255202294 713944760 310474688 889829770 366766756 236180314 431508644 244767205 470145461 73256487 569358895 68054642 237005419 795889513 29562736 963603998 222370380 962406269 194266781 395494159 398284050 54983939 885035362 643171466 588685183 8321081 836067646 879481367 525124831 576836655 763952297 148953819 812239640 879725445 249350926 79274205 523404022 70883329 905479208 280846047 452479971 890527519 300009190 699403809 827474363 150960050 85558129 349908146 652675925 619308045 861064222 436947672 775099727 787227943 131238410 495844819 866452349 468778950 68060273 153996386 429991711 199841048 43278294 125419109 700752962 44471018 456929758 535123568 874053394 948690329 913151318 743485336 380730092 977496403 98478063 133217874 702014673 64640602 688838849 424684660 105242795 558175685 749936021 304363813 820896342 84963115
100
88970950 365525163 20719236 28222663 925674159 755626801 234124191 472727838 718596888 567058609 910635496 890248513 89904137 638662865 806176306 395572036 444189685 203091264 627780015 650120266 280232964 431792032 42171750 547980057 809830822 615297756 222022487 920496945 835783463 472708913 24735226 78466168 264450691 42669262 106671324 995808727 469674291 825807038 740791164 237732779 200027108 851905057 854528462 569024977 622926527 696002757 446930081 806565506 151151580 58147370 225842104 473838694 361255346 92711864 738869038 752714816 58789149 849714428 567108137 84115372 721601305 968784610 935988625 985689375 295675649 108471281 364569616 314629032 430648451 609626176 653813289 39927853 3183785 731324857 488100032 75972032 896760954 731084258 354616168 783415946 159456213 270471881 920207962 868148749 675941473 396721663 69413849 249929614 73643972 922127630 709676394 194131303 428607289 688186812 836110452 265497077 525054763 23652202 294207017 7304598
100
428904388 841715406 317091226 864526348 67865736 736866165 409429397 341876259 565384795 433984530 149661254 465480854 545342248 788682723 413226480 71977597 586049819 380342188 504055159 291970982 78167476 336740524 961548772 715701729 9828678 363612906 3224767 926126001 85035208 805246708 872605113 636577931 204601117 319922694 698474839 699742210 916921133 396377347 488935988 343353254 262751870 25402126 388066476 750040615 298178547 866452972 587605176 471016301 798846344 702604176 162235608 589431013 489116676 850632487 354034216 776089154 724341813 833906396 221753748 305483008 751519871 579222150 754285044 780692307 964614806 651384809 789004497 839512505 453918888 741360678 654855699 358321640 607964619 725930932 701140162 579795849 36511211 711657689 263156163 195670732 129062300 405223432 641907079 147627192 443709016 259720228 896058306 603644559 644603236 817601649 48375939 758612940 513401789 642048443 683444975 812660188 689403534 869609444 116194333 369974308
100
773175083 111984767 638957371 896948103 636023197 35065763 270062741 387197571 808665960 319899883 467614144 156843551 646080291 557212395 149830990 737871045 675301510 301669888 361525358 816062145 198475881 500877321 166628765 42827106 467247364 142294999 776465963 831574191 650371006 913879056 495287408 654495287 981331571 497219561 38365393 320202611 744670447 856154330 882208509 566074991 453246236 903997240 167445620 773109455 682571361 477101994 516482751 131396926 795585442 704169463 156403470 238527447 712399524 676186058 770417359 664443134 902227344 748024374 788133532 247607321 567892085 462288187 566709810 798182287 537677461 493547147 33429110 26527468 385597013 56705792 802199069 669031820 975745542 38737098 489722649 64530270 522300411 140262334 145074496 532818736 701113003 535689401 691199665 705086241 895293702 251689302 300814316 329771475 791664365 664196182 969518665 165573293 808989191 828440406 733167893 865318156 272407103 312288145 487915948 329774753
100
180361933 247929749 376257832 735231904 188716589 420937142 637572828 717381453 719645389 275851670 126696097 203651871 416344504 609970478 455134339 201249422 638312770 381260090 356954225 450380887 134451493 662087023 180996257 114990714 734413873 61662508 753208531 259511801 162613374 310790307 555144660 83856101 761292060 58823648 812972736 423727619 624786563 456081801 824624912 531512163 170344929 809675069 363606989 3871390 995345555 209448366 998753109 138546250 479293624 416225720 166215492 236752000 104645572 879802410 891514132 107503847 360745719 781912739 416194001 494786356 294141104 982280004 884288421 878469824 451464431 960351626 30874312 339199636 659775265 810403433 997771962 891761134 411131198 728725570 727680844 406123598 288618375 349427201 139546360 846177828 222522087 747073194 269915823 735425182 803301833 723395874 621837696 260039707 794644991 335974423 915545018 590029804 591592404 526121154 764357768 418982500 708669695 648727441 297783359 875276111
100
957855487 219803060 639541587 569949437 547674332 335734357 732264721 501590258 590157322 193738890 835184222 750638887 966833102 89714568 531798161 928519229 815049296 724157624 799715338 723675111 214152838 914755507 567329456 539185727 36983547 701348936 571161209 852891102 915830894 513040544 760792276 412149061 279462470 766614368 927051685 435499298 490468168 97030332 407413074 801001954 841604535 344024365 186447310 182520939 668364028 809528417 93010612 850694068 487084336 359524681 384904637 365638964 497243903 727760656 395895456 869323526 691441041 988297615 384437756 610846180 762145250 12424391 485338996 303032921 883262581 234922143 857663569 687523392 598086461 762430159 899777307 846867841 778595518 38213979 137720310 422469934 352778455 472182401 997669238 112424873 513320298 719609118 938755340 926462898 602212743 682510200 917989468 621342998 971124461 822008055 120289837 778796029 369109539 59425548 635934359 113088175 414703219 470072240 43147460 683537798
100
887911308 414289904 814376178 421581189 27761034 337901593 92290675 156008062 506710960 495791104 84174146 498396686 867730222 386767394 56259360 3609340 53452039 66302304 477449763 116354413 59731677 227537016 99934278 598993521 314366179 983574886 3800773 44008510 740413861 452297707 569015489 227879837 881918923 918973748 221440 389474715 705292606 763617427 500563092 490926619 493094781 614606216 612788620 387755245 95552677 337546805 473257917 780935949 264436143 147360068 597444161 284734371 928405096 41588615 120503100 283988225 318532998 407294801 20096720 426670901 295539862 940490963 957459414 801152225 922056664 645727745 525098743 194811632 594604796 724954276 91804085 336081074 194834478 13556087 566031572 659110427 663343994 553872155 259245182 675570766 269384670 222063206 980887717 512320543 588116720 153609539 624584664 908266982 760168258 927096332 542382059 406691832 640390141 303315288 487239978 337776846 34549308 158144812 98030346 867816334
100
382548299 539289666 500046803 366104217 48668824 494671769 498575355 70805885 831576536 224389484 118500092 732712388 675260471 81451017 100765960 591898776 637205193 690093368 925920576 478331372 694415379 633074127 987939362 799881096 523085347 508166982 283069241 695933474 481275471 86214927 752923593 465138726 644034786 136963234 432131565 447839091 725354608 124977806 577380170 903228048 880796621 341805633 58964265 77003588 419887146 793640288 889642871 142624893 462325458 277209537 652919656 368824240 836840900 909689855 982099638 576894306 451909679 682717557 564275991 485314494 894810372 934483216 950864471 902838838 995167819 493216770 399923253 334275858 629367047 330816703 934076544 621199705 930410126 945674431 8958392 143707504 524108759 12700791 951646070 135937345 340477096 483377153 380888106 336651943 593723485 994227203 178789044 860717942 605504168 535389320 60526794 440770152 661677371 271257038 606344191 441813596 460792267 459075735 64867881 981096067
100
223134485 908570442 796822344 777820792 536219777 656663031 111305661 606379935 702671976 656568421 640042738 811144816 965667599 613075438 174789342 111174352 151684984 847414613 125028910 9201334 215910487 640645702 525721613 536358459 483303389 437378643 757522955 411321265 969252563 786990963 29497255 412625026 493675762 354787235 540052027 608701417 730028182 846067574 913867260 451433582 292121403 716608858 813184289 205318854 581151160 77923783 407563176 756601204 550568271 136419963 376198111 284884744 79910203 958759126 329939055 125411913 441591946 577208849 652273668 104084511 217850282 77262704 321335282 293254074 117386510 587142896 41357137 616858180 535232774 749761643 179900322 745917522 831416244 269256050 72329093 23516825 71507057 831733537 393582207 100523093 509436210 601239614 477664621 225652219 420885914 59744075 749693424 197171766 853080510 469456067 721732749 649281260 174661188 810093243 744742212 436065382 327149017 696847394 547643235 110740783
100
861911311 650676606 745303945 289968232 47249716 231510113 795149936 547646939 646616583 182819115 530731421 506390119 605226647 172380160 572609944 927942055 381488824 100886792 674952187 706487792 623252314 599802948 896908408 165053426 878180989 694036437 830756241 397413083 141496655 390243184 508004053 679930376 915980216 214795750 323940586 485123262 683941044 605961840 577037374 999148566 709351532 447669549 836555213 906394665 403120599 647895135 293365703 252459293 6594864 824372045 99750179 304815560 334358453 526225429 28280135 424598923 269623035 983906658 335862026 809803356 659253575 627662249 376745927 499998746 559932349 437934431 815708481 168862258 370033136 781228736 443502410 776695379 212885867 679658040 426982817 639485996 939207181 550837993 550789687 373799843 584597616 279920520 465725812 189672405 884111670 178279809 816969091 730292223 330432018 92576857 163921761 697084945 516737887 150101658 473573523 852866065 279799852 987899200 583743818 627994855
100
597054540 650062049 835463510 883784661 714643227 994279501 229161952 559982509 281796784 352436567 704401692 642762889 544447242 309492270 492771062 621733727 168117247 59990089 187005621 675703709 171789063 621943115 301788130 681727815 181135541 508014990 999693417 44819704 681147096 288436858 563598248 259420587 356239000 1167082 845382611 75425101 959911701 857204774 718083421 897579611 49992436 185632171 623213425 805808768 288646191 858880633 487804191 523857515 933101704 334887384 579274435 217326378 164882174 233125090 685859422 939400796 17400108 750800612 807131603 189521811 182599574 624386144 120261046 152061220 950816814 737677060 711085026 825259117 291361985 97166566 843024590 581701847 248047402 310699720 326936960 803687972 421988935 526992174 368886336 703554521 839864784 93914452 331377840 731913586 7368181 96222471 302609142 437587093 533181345 137490362 257984486 280657195 785269104 956642867 474797928 702028959 570125531 953852 325828673 929368946
100
495342287 62837072 850543692 433837414 723206298 852364686 950080398 735023557 720966529 951375107 408191751 76639591 479430553 125313942 939659065 435330089 802283092 125401533 281995540 988346090 88411923 236384015 810414716 662809979 451499415 3361924 392674742 287874621 490854511 10179902 266654587 575566330 782490278 556338635 130158564 539685912 75790361 66807301 956004020 689178073 972345607 769346344 497520159 596990573 800152208 560465234 729547437 3130080 102568908 116145957 877588780 641382279 874874452 679546385 866373568 534590400 763211267 219542109 385368079 760687378 136736019 370327068 526983309 668330812 152498994 474229826 711561866 461239197 538931782 126243170 588154273 848407421 66047635 595100071 397533569 128277884 660168642 491064609 309840066 367695238 150402029 3793648 763858253 438280683 405887692 663281383 469421284 17460620 800906024 168331839 211457756 617609215 155457879 787344977 846147953 241979559 671068751 656165822 569679202 316710562
100
779025234 401789747 594693509 905790640 941368889 745953854 901235623 592597411 836637189 163143409 220613612 381501304 457393447 334437809 185305914 964052271 96561348 896361464 50434476 447566621 583497099 610520843 895566221 461698293 351276696 832752863 965894208 327562091 661095294 517109043 928735007 807419275 365586675 504353184 462332241 839916648 875616292 119043739 281601127 731384032 71470142 624996713 282414233 237376056 677345560 300489649 791761610 551383443 992648755 525229625 840506988 510521772 169571180 696283714 72004527 95573113 285140572 76952893 63189765 317673888 735328873 320677114 336674515 832064040 149189367 347763675 265708524 241105374 529823709 361875411 212932106 28267415 857911186 67128991 648966745 333678339 229854755 955759791 601939217 784777684 473912567 619267013 904510992 730479194 437032451 386346840 947206341 124195959 398866597 874661673 572485422 74834018 304796209 616077358 736039490 477421586 307317491 604822088 470687463 202529400
100
35129799 250878682 613149080 697871281 661130994 123695040 261312406 939147548 572267831 354214811 917372608 145146103 534824396 394098081 930399323 246504807 385745206 349386693 899231602 550435392 735289926 915798201 141879166 874011454 776853434 949278810 940390357 286151294 772994509 898467370 310412682 744567166 29003260 191103777 711630478 736825607 757034949 876707485 194320365 670975040 543173524 356608597 808398081 516450023 879199794 342042952 172615238 495343453 67140177 864141737 13427699 437797069 56217125 30108816 173557130 934966101 425557592 476875767 811005352 854526734 439088008 522288310 225594343 170871198 121637994 100052935 140536055 997173840 715898262 910396613 978922911 726624131 115143145 985382115 208858729 899316787 628827902 249038833 972174122 22585141 609296922 802837256 12166819 252140845 403823270 172035525 947803120 587534144 403475601 57551548 684848464 309964865 925045995 497295137 167761305 246245421 81338089 705644648 892659080 563626020
100
796957820 941845167 906308304 915697675 763534281 791372390 1885666 734541318 383937700 989225045 312117643 577552697 458772326 319539331 934814442 94725980 435405295 358642591 650719338 174436571 366224163 791805345 907683070 847722928 141173676 814800363 687717286 302684285 252193094 202057316 153871042 485318150 495797563 539269873 866151729 657590672 291649919 95190910 693252791 863088413 40616703 626091311 91948058 731070232 652795507 256961608 731299581 804503967 946403945 299489635 17324170 699541899 956778495 978326199 640862932 489628116 821171204 37366330 808836327 712091824 814451060 453416038 812896120 183051769 848473530 603115266 461967539 750565206 48387768 631175888 775296091 966669328 639617417 169149454 574935003 955611666 217248526 116537086 135352660 984873728 784297597 724049118 348647442 598126626 88557087 12151715 927932219 587411539 454914794 918321094 669596699 773285198 555566176 641275044 994258270 90201770 708133888 978367873 582375917 382507085
100
692823393 294997703 148696568 82576074 92294927 395753993 586589840 652270339 247424241 702760141 517330381 472674286 367133689 993565383 760656137 248028939 961784436 109610457 119872360 679620884 175296321 374075860 368339360 987055411 355657519 977685349 771934247 439458232 14002516 819546373 285018547 216762853 966788823 318487313 542581455 166579693 324159823 339912095 138635249 304765553 740390742 1387078 898533481 788283582 302304449 353502977 106834540 656111406 68587364 483990518 332749991 145413697 631186794 267865014 22948147 949188501 813705955 999608062 570914537 506476715 956460522 972273110 357334225 880645557 665740053 504422523 747174930 588089842 434262157 306663430 447837793 455503907 764658839 645555908 180622433 854315315 547616031 960290662 272013658 636740959 575566867 717916953 989109323 342867823 889969808 221237615 121633758 722730651 401490712 549744639 416946234 584157540 559886841 687788187 756307423 356507217 593367815 666382907 61386652 99371068
100
415845757 136088350 627413053 797433813 993524764 852916399 556494204 615269757 386835802 313763086 290734984 553758365 834070273 350397924 680365234 591242888 766908454 183558085 527582288 720548336 239260005 985963444 306424364 989870475 285139034 99336920 629115137 953660450 455761555 1933339 900364075 704815029 134336367 734730883 874591814 830848892 652358944 394602736 859108869 872726101 221422636 722685093 929731271 130911185 96428502 428263656 293515171 668528061 837041757 371781597 968374814 176134787 346188982 208265674 993588801 147065115 564431873 817933030 423852557 141168822 273605098 479871168 227949991 522866207 805037299 27474893 455270579 764973936 664555922 74818618 176461876 239022251 707679341 979626978 448950612 546884204 100319040 216547423 464425060 746293972 155018372 805560503 954711132 707981393 591965993 465192625 33984620 317592444 753861096 763484247 769507760 935796860 88841546 460927145 14948600 939611410 348290169 715286409 492974330 818059058
100
956441374 910883867 960687804 683722476 838368372 355302771 985266511 934186479 999095080 587178975 334535356 139506323 638633482 861577897 819549074 581814767 123382243 634701276 342978985 141387814 714432434 169983481 643149880 808313759 258483482 217764406 482999755 968887188 195793858 715516492 373219322 987057251 784998699 295968792 441058196 804767029 902902323 966922241 227034829 411543010 415289857 143182575 613266003 985290731 502627220 124143531 199471757 499198126 561266365 317261025 182790330 890471894 793748474 638228387 56238869 483638751 798289916 257847992 461728895 217307762 758151621 830016886 169731737 950060366 978191910 114911487 540175570 197383698 808157132 389398974 311977681 128706150 788380560 646763527 237261053 111386976 166568802 587259610 105180447 389628573 705248414 291778292 257680414 465089020 361271083 882033765 962934841 677584856 222416862 309130171 197837756 900384010 27031435 914836915 219631480 923087270 587708132 935187298 835520201 159594283
100
42610928 136318671 395363748 413905815 5640327 788948133 448584412 671241376 335104707 118776947 563277349 333905544 913980616 426727705 363494582 724256818 135201581 301738708 502205075 65109453 397808596 477968780 351066510 364833733 408224161 488346529 960516758 917821992 474271645 187409548 138219700 106748820 209569906 349602059 987310621 504589001 220668755 599389426 916626561 617843637 1269788 610871047 780183405 12150467 311017103 717886191 705439367 87504162 740829223 78146951 44393908 699489900 559881054 136272910 226051621 596847814 989642601 169988405 834124231 812025310 888702987 63958249 79044336 725192141 425511490 508590662 928249133 738720952 433804259 522619352 71928154 506911045 927802540 239009259 353692 702098970 806855878 928275463 299550690 435312989 359267476 764449912 79459945 95622779 324170593 980850112 70872543 62522228 554358133 197637932 996652921 946132241 385172793 139760315 27873416 65331727 626262655 552228526 941567752 913416735
100
660996625 912905858 637468053 715435415 797554144 580481065 691623245 133075526 473264393 153120929 983760357 688346727 734729798 474559342 21459923 546548041 449672352 155260937 752461736 309954959 721157092 223841245 141976361 732043593 755399614 701204809 435703496 700660264 427344199 897127351 82267168 942098477 819291826 998530380 881689779 611773937 783760956 636494107 452112173 397658781 656292810 487214801 956522621 372589326 857661146 890639990 483034523 877166358 397274643 426414003 542586297 644475327 580541746 659010142 636637934 60165297 735980668 490635028 888069516 646662691 367390937 129064573 67699725 607198841 758876386 964751353 60948077 839236222 732975756 488456120 530776348 772310938 51629367 898956862 54625480 674021478 394372829 777692133 354652965 815533416 922616221 659779148 433955630 671553366 199055318 466038591 78019670 571746588 523604114 875166738 780251665 44239781 721841662 689293616 578604613 676285191 134127671 11661367 626760427 305513572
100
59949277 535491761 984813896 635306938 6018468 65942153 235082825 674716215 369875397 374904018 628683815 165540091 211795429 150563287 710625739 324085333 319566525 788054505 835243910 248508184 909359748 328605843 574188447 408441974 384897653 201680826 309249242 151598423 492327378 69104906 658262379 466818534 748881978 902653677 985935561 522116417 689328674 738061685 920216005 618796675 112723472 928352816 584075007 883651613 983831776 919568256 606941792 361880743 507282410 967480111 157999953 269184751 368877623 205197688 476086034 272192741 683660599 992085459 184626917 771945485 853889919 208155822 970980818 512842152 755325093 550481720 716792148 838572497 801512864 423446374 602998845 274367950 998584747 955753150 807543041 117975088 144328563 249727553 468291352 757355377 513314703 335178030 767993695 324744260 237851080 24941207 261061343 577464901 601992487 550950972 13468373 6914689 942906866 891258883 804335067 216410636 969258893 584326601 66338807 656177345
100
567137929 717199355 837333332 605392389 166889545 989435158 268589850 407658164 360535199 348892485 528704449 728012680 404113996 451788807 650643382 34986973 854928880 436663624 563565196 297137776 407148530 909858733 231444490 492426483 899790499 316250811 590365936 530818033 686141338 199002345 456492217 722152201 231025189 136000385 73912192 864522827 384680161 777922361 444374639 912921467 56288953 507784426 806799335 329636982 949185614 936393606 147084106 449803707 30611814 661660404 601368723 428705168 363298600 4257717 377214463 767436087 850081490 662013712 590636088 496843166 368109032 364701011 619718786 701620959 793902109 289962779 991793035 814635471 592212753 568687910 734868515 459823675 885104124 355984601 401942181 899809019 166204415 66794337 428470374 185832935 457559254 456785801 305176351 501708085 425549829 455484825 189029899 278298211 344356831 496517922 298650689 653605248 213442506 195121143 527398533 449329802 529507378 568074039 672182071 987839869
100
204777277 858548573 275927306 577596318 588008988 216358615 608113381 373182645 444929967 877122396 889784804 695830617 138815590 586667148 909100449 319464881 452047617 362368273 467250778 134365715 278436210 88698659 683419030 194702753 429676447 283178034 689194678 742958817 117839302 885728892 443610223 235151528 323319229 195542819 448029894 980128941 30780593 883969804 619483370 216649389 918556614 813539973 633846363 432651646 790333420 346333181 795024444 384467769 515383716 246945105 726239525 714943606 190892843 903682493 978497065 360982136 957505278 909589440 352785476 706641967 47527818 738914595 372875695 985243076 861557168 512942949 281788007 384168533 305771782 105168732 440585641 632246637 452949822 355283724 461093125 362218891 548817258 196398515 922214657 291880035 488200459 539348440 111986034 433764891 257030348 995496860 99982801 701977644 113496647 465007382 78716482 653874280 657143147 915208265 600176748 537801933 165224830 329570701 846988087 271182829
100
520360083 677892647 870118030 343102328 898023000 704515757 456150179 435023144 401354315 119387178 385688432 941025148 748331387 764406365 4354634 141370899 401248934 419123230 215300771 695565967 81645958 185273559 393297653 10078020 109432250 257718702 191361928 478351700 326218587 315114121 485201653 512911637 426251275 874603459 692508748 334347464 757342174 657837701 761603923 480693112 722121772 36494989 612178762 496645662 698914560 835282104 6631669 165110408 209973398 365135690 342930786 723151920 991185261 14737090 509147383 829417499 550361400 351396447 463383715 204461407 800709307 269971519 666856677 875566422 990369985 110632696 572504117 220863304 59437729 682088674 95151672 943005013 502193073 753527095 412851464 36296381 559665850 225814789 80014296 326944765 489770075 495485589 672780684 191165488 819467805 445758131 194194617 362851768 143015537 60571748 680205371 215304572 193509246 395845505 308313398 230832098 464000841 593116765 334483182 82639108
100
337294367 666360269 239280742 641762009 534751870 975283391 91626314 470053726 790565886 317374633 464903422 295558759 798389649 798450947 309551080 61116398 777599978 904093129 63405520 75085636 62360410 279920140 355625562 526666205 131894467 519928551 200093874 789484212 557915520 667812822 481318141 221634876 733142552 368059067 878552359 297192820 821230924 596033787 538571691 960118137 233820396 602431893 309180169 787796593 492111943 73018994 859048219 739056515 941541850 229760690 321224552 232484878 210864873 793969302 617779011 5188986 333874488 788189454 917923201 234892097 47439678 571325000 729241783 95185939 597214464 525661580 511539056 796709040 583477539 716892262 735167446 423689454 477866501 652636194 955268310 358792879 330832077 894586465 867682074 294173986 835714523 684035709 555080741 583873895 103753673 143298603 709044643 823824470 139547061 9501896 209973519 978419578 23659388 698987731 992734353 22733982 586876914 774676816 208048137 394418867
100
283042070 409058453 209784658 966822281 828800329 72485487 381397754 856322637 143900276 576935682 262205924 31801454 603484231 351985447 470468564 644803206 295302575 119881631 442860014 185030822 445128 48481011 765413968 278086044 381406225 196979446 991329725 63932999 873059364 533223116 861259508 700388505 66231692 595247387 11837985 972125513 584068693 547668484 212098742 43883082 697982241 740658493 617624764 711824126 338753675 491995189 752836262 165460536 836427881 812135842 786576181 302865989 172996800 639110772 916347794 917610371 218459396 90261942 532585698 285180791 334803836 586061439 812032307 706265255 410590008 496301056 191952916 313338968 918207075 723825241 425188461 281708506 997902197 713328476 780577227 908304732 880502436 962025425 662154330 909466260 197700330 65606244 846088295 83286187 990331517 364056128 206416810 293652093 510572563 441906834 459049498 992874846 424099999 667354475 936128980 319087020 595137560 928379939 8896686 808289940
100
679528543 916807946 38522057 365295983 112074164 403876336 656871024 831398798 591562781 555604081 895178203 328155721 532751935 978656399 105808317 95860863 557737043 42321426 627367533 683927147 165459041 958771814 537028140 939502417 588976488 283497156 284155866 421782713 417260619 657723272 303003206 743995027 455260423 886365587 477011964 33365456 643142789 18646439 407755109 575882395 730341832 884486606 905605512 834680257 428282873 601053602 533300251 959233975 148441891 787057248 853895418 302752929 295794803 87726286 266515835 704806930 257165522 457243664 936121957 644783161 391103197 374753273 337815603 68045777 813089990 694817689 755079148 94756115 784711666 404205644 636908382 195234663 485468922 530205714 798653528 644921404 583335483 355720055 486008267 878250763 294619854 781191857 122580906 56621260 710909587 112963665 315689782 885497975 431184999 857981385 917421616 172029230 723190182 696951365 34515185 933609981 886759784 105834884 539402734 350808526
100
980143452 565139326 47865897 663187778 910055972 154248131 233183142 582672117 547508454 444837454 279930166 274678539 431191741 823225130 837902297 537691800 674804071 735123285 388992449 304173993 592233105 754707071 595019645 813470759 694790762 287110980 911958576 790551835 590842008 991218984 913895432 480841417 976131128 983090687 208935108 614034063 401096375 46900699 554809970 63490331 457280697 968329836 13484889 991613775 705276076 748970034 384326083 148172200 999125206 323870124 939455398 209487935 649458534 199899830 854069078 571012996 970214986 110165067 974496158 896844005 834398611 250513619 34804822 390926093 66589081 452668899 530323652 617216363 282259582 305037759 910749330 561376716 6834764 251516104 704763223 498998331 422638680 776715397 998637054 558162213 342769691 860501490 883164204 549496385 192919479 469099657 628991338 638110411 889457506 353581440 527473414 279585863 750246805 182916032 437805681 482492150 292678709 802289738 34915372 723066117
100
60619576 439260411 210742213 364049508 952409733 490366811 857418536 230305592 8069747 320881333 942684385 273989978 893378331 354611580 330179416 263746389 572831638 451744778 910153468 834163153 119577638 505384826 52214689 680619416 43331687 393607506 862087011 289681461 396360161 477008443 277275944 843460782 822945340 483334823 336538582 969412753 196118837 842446641 655081186 349128080 359594115 667640623 519076785 709073307 146770620 623869934 815660019 202342694 996777717 740187752 325839724 879406925 431814426 944309666 867000288 910379391 966777964 586550566 909090168 192851417 445172872 349803167 723961646 932330735 384947050 89260572 385915333 615611804 598677576 579798614 482719600 700191965 192028997 220739450 301353708 73263015 123080012 293684078 102398791 25184557 66790121 775688075 394272010 146324111 282445888 194953687 824798503 363275478 971017088 160005085 382511621 456402174 539587916 886547592 775002701 295611924 833473705 16924586 934015647 471823576
100
797522744 749396984 476432877 990029986 5202445 465824279 300815908 748202299 319699937 174823436 187093907 787631297 490864848 875557783 849102802 353463225 58557487 751032519 466621999 930117414 732974208 91737744 574476736 503869068 379393431 866199960 970527323 5926094 775935838 131537041 300777926 78946854 313971212 960506403 390293099 807547990 972220515 238595340 750678675 784394206 796387900 915718237 892260215 789321083 992653750 365722793 984403026 681744461 647165000 85147202 992341443 699451099 837478693 400721467 136173930 476675287 389967543 527764942 406317465 333328147 54764862 92915957 654010852 245339652 829325230 227658210 202368093 38600936 28010265 545435244 817042665 338810028 687100185 695367864 912552379 855981109 748884154 379831466 434882204 899285638 342023996 433074344 342653823 439753655 624338750 223018971 7960133 24842585 436273542 122962996 888710615 414094287 917243431 316965717 508597484 414177599 57657491 254897052 767200020 798253957
100
133640151 950952203 169093723 952792522 600321497 871625185 156075479 37156738 441485064 901088389 250138941 804374646 647491100 459129190 256553779 274711344 156219277 10770242 4612777 514612358 617471574 541826088 99154545 801513069 463534513 329840541 686926805 181914047 468909559 44608206 822193365 713752401 728689490 811000158 980533422 355172856 472926726 75305580 864331153 404433494 618575679 67512554 279755855 895032360 806673377 863379105 518495578 183479032 94432064 841815216 610987111 208927107 516007702 39561320 102530954 940746453 432334921 504217272 914695410 554515673 651633708 662710517 305026179 859979931 244367928 794609841 954818256 302667764 354988852 724116757 520551031 510348272 469915341 895690131 442276778 266325446 477551761 636131340 962002085 144536917 494548354 396762372 961150615 760448847 969575555 822817062 659245059 774205089 395464593 895121343 105695479 16207289 501012866 504129053 865869041 742122084 679853285 601252855 746418468 359789516
100
870606330 5311516 345076231 268439957 694841827 101607308 379852040 154762981 519262846 639951741 387908904 201011075 736157423 410705462 65007076 393511766 400792046 779186416 720901055 718693162 430001809 264576061 804418909 142813395 355476529 725821317 923616255 983989464 354151074 17481087 890436996 70995892 883884876 191947435 263173577 101040683 908210725 210081407 327364959 290951001 643693647 515554508 72814499 354006882 836687818 862060316 344921635 292271799 727779006 963985760 372346802 971452007 597043728 953827792 806224324 532559947 821183454 951056787 488533527 278259308 449599487 792409126 592741122 680217165 507013962 659038423 666777444 277632525 312488170 901565694 822088216 494742773 240971855 885487422 819428278 475814914 50295743 434371339 852488982 7957167 873031847 933983658 165853748 538305748 956745635 536739170 970104794 811976197 131674719 19115450 25545744 134579950 324731674 852185909 272483694 331150942 841368309 211875170 337927896 520516261
100
674431732 288794437 215942998 342315047 525401418 376940747 506290252 965804881 650644354 387967860 387411334 679831322 124932208 100620810 171120733 958614512 568797359 334581170 135143951 46878120 9188313 459430715 798958349 611296296 864596178 263716580 427012238 868260664 366183518 237033036 406997425 977510566 754382376 835113904 50450178 216533757 299787539 153117162 922415893 148104317 909921961 225857770 584612724 31359488 883201380 819807041 68554672 147026287 938502179 138157664 746058466 220932931 263695058 731518756 101735391 92003325 589093391 837624046 709500768 81861581 363905992 613462119 591710187 850099476 90958702 296087819 911878525 294610056 394386241 861712050 517146212 829065834 970296520 435794832 363306657 234395679 22259747 483204678 843582590 372625485 508347558 948890186 4871926 75180240 524408331 739132865 920641682 530963743 408701620 50406429 696079225 418194963 50413920 889450224 226877807 474807017 176440878 439105864 307878439 373795859
100
226518568 83144455 833395341 898392652 801006585 675732548 945775098 278010610 911606845 248579008 662896656 254543174 592141355 695620251 331125543 319019409 140896851 38767519 394796220 689999944 421861586 637342193 82899043 126422253 904777307 639613384 147053992 189330169 664971015 922375342 495469039 945018640 387247073 444305368 434524075 972395823 810378805 928850638 10044133 434454382 869660057 905695587 410681054 379445801 35657438 92984081 976222531 702081489 849665468 81336383 837634291 593851791 751031531 743849608 44094240 992025124 109966188 588800815 867988950 787528518 679828448 879079198 817574189 395628752 278562031 556667154 679096888 723460599 897935633 108868624 142992623 971729230 393525987 84782846 184588694 728326348 111632128 654580339 118768599 147179573 977048676 543596526 612888724 277956382 674784117 247052259 766064908 557915339 606233591 689956309 918914491 190486708 409992689 82270418 521875778 49435176 144852105 380428579 619231890 108072575
100
415536554 547792380 380258938 397595294 502619555 968772294 514577608 901293048 991044563 78392149 697174160 560054455 383168137 812168102 192012772 129866345 558626832 370768745 477679240 96986527 561641328 772556854 338637685 413774832 663598174 563845168 177145867 280200470 157114864 743469594 332924255 649103239 575968560 418799623 658274863 210188534 695955605 793511118 177265262 825054395 666472489 69870765 749513187 471606612 47335850 386636564 201965123 468979803 195985061 679303061 684729978 611754072 215370348 762106794 256928363 9522820 905338431 888088537 937792672 305190106 606680030 145893749 69733580 198164336 369895658 404185903 517014611 940815124 640852602 972027752 118853400 159086179 824985411 926973321 137611077 736710542 342940552 321889179 536159125 157592378 884001450 18429232 381456709 198092708 440682474 668280621 173127819 694762438 557142035 302689541 75056373 934137353 166468272 806980936 670447256 216714307 125709188 956377052 632943798 883842512
100
576679822 888596881 539464763 10785735 487478286 281518987 198979654 344344142 103043690 392668415 121530823 349002585 21641714 247088151 269176814 382444331 539015358 760424278 861303115 424645137 770220499 484088331 472801705 284658891 724143552 144824872 672000576 222838113 278004673 823748832 656023249 176703518 623829792 241653895 530491701 127813213 842236942 215168028 941306395 824344276 135648448 909258050 320096496 516954092 702955250 443558389 93305244 271232473 608497339 437498169 705734608 440377026 638191580 822171470 865196917 477519812 123613482 549821400 544592707 928620093 239053253 164975060 854674824 154825869 50371526 872583720 398324598 202002868 33581267 218094811 45542135 782841955 85428816 134013752 91210655 208957328 623291646 915621474 410952750 719955365 325965194 125646257 133756062 391537953 864425439 587289699 790251936 203658402 268067678 381788737 207100957 102817072 454044819 398803420 804066691 877677026 813094320 966447679 86954156 389134883
100
420225622 948246758 964543031 43614009 84880331 392487661 931311764 220594809 793412591 147211895 677208814 807573420 400791954 219800092 427833925 899390656 904897095 710459904 732868522 189518168 973772545 874528825 387896383 635239356 612832568 849419544 968856317 515420610 404970154 629648422 612784376 633270094 173375219 938038594 202141653 820662061 885954136 898265958 262074909 383753442 220393164 45362028 114760020 666206878 21041946 647932693 602986728 569273897 440565228 225689077 87061338 797557302 131979063 330000382 413263050 576491981 975949643 241267209 606642622 988135427 914611978 6759892 993225959 931480683 467657384 147622756 248808713 336161049 542893501 47431416 700781691 693284090 220736639 947555438 430180701 692584635 377671604 867211712 441200909 918162555 818133381 873045242 89063173 264287018 151778653 6767633 783448837 155549124 326602540 126943462 780131940 771941863 757915596 285123246 709322031 770398978 900197759 922237608 17000270 745939741
100
187335891 702434785 727268161 717576902 725387706 112685091 546260034 789956775 241382828 363155966 101335112 80770900 491701414 163003058 785983013 471009704 913677554 844313314 432230393 264490496 481377253 942039271 36177696 7386462 505791682 297884588 335042749 838962058 267776697 33965949 37896058 128035375 210128258 158881787 755219570 441851442 468943590 405706655 564727496 456921428 60182336 835109708 748202136 465077315 532361047 738092592 697164220 64323277 196882789 34512289 742629498 558159419 905721221 633189165 312604223 550235872 839037780 69075898 319098954 992353979 550230017 830983471 707696265 879371959 485496903 802279767 462181292 555207149 261112803 538154580 644791913 388393212 931053136 923782521 621405507 530544742 126703608 649689792 501768471 804229569 706341577 352716530 533397099 29927820 865638210 191602203 873040012 78068757 218524683 697928295 125797693 311006553 911714474 162975207 375021918 414694307 968739489 776767707 739601257 983904067
100
451482665 205846730 787961343 900602856 852838217 185906311 858352300 514546847 40269973 499151349 531691025 828198338 918577232 399893373 832543609 190233805 283367828 928401719 33422348 647749791 146523711 639797196 495529118 638471098 370456105 178907989 16020702 30153640 656588435 774948534 785843252 977277532 920515065 238425569 755642793 234833235 858860403 583779296 256243082 833999152 918245660 608051530 985995577 966896124 556299684 654130558 941277396 534503969 411136487 515864602 688634996 830720467 527831722 957686672 646778761 669976923 908155351 50418232 951514020 651442598 726358692 987069302 71130505 409893115 735668986 177352477 101590681 202002708 683044053 877305076 952346508 126519928 814622333 628919628 825542538 210994384 787980416 351988742 261907762 39750442 192521411 947747191 461996848 610514648 56997318 980539268 133562257 877055257 312371820 117441662 37667666 322701161 681209826 356243289 237745900 823077720 71458913 218576403 328603885 58518485
100
735361066 634320815 161976685 772605768 82087573 819791879 441563981 898882718 799382975 846895185 899447780 407843090 479775497 116736945 93386259 203107360 900400376 407326540 445296600 77880174 125073651 751843596 169532744 30347947 123547807 682751241 740783947 163993397 757849740 350344797 405451252 257678599 365613393 216541108 671912463 890136955 625754608 966138221 319809665 836455649 933166280 459384644 938410187 252241679 635017125 966282176 352185386 497416837 299767389 110260916 363209648 680563457 478980252 97270354 114189719 157885975 764405766 163764848 970204759 481481363 458336918 348485972 680949289 28349983 897212343 356143500 623022168 446741771 674919780 835851890 847150566 701688726 760764001 169467874 811476496 261695515 130867509 57506211 88859096 622440289 614834386 291180386 727759856 894969672 314531852 518190118 460198089 945764210 736254675 888234046 82892474 481039161 970346773 291357965 647777393 296125785 842156583 425055024 476983293 644753158
100
226155207 807096826 984668210 741590334 260174020 712900129 610624385 986180224 554215248 314378811 541048781 60135712 311740220 845324688 779331713 706455417 722759555 515473413 237714261 694506439 756056637 618153145 517560995 436909985 75455473 166698337 930197894 539736245 985810954 755239072 357026927 55394634 9619857 419913883 820782866 816310534 350485697 159843536 931646311 171564703 344034664 940217532 529827029 408362228 191486639 116119823 854022822 142350959 11440815 336183594 970364950 443020763 374082867 642529534 330608822 670826180 365206221 595476295 26140375 536134576 820231279 644596638 444107736 84822744 117526205 910266221 244460476 645360729 20493889 987542697 335133650 825682108 908293837 577565901 583410663 758836808 689573905 354242893 894630966 485911867 465967564 979501207 390413948 746671202 471510955 60413798 199307979 971826004 194599040 255196605 947142673 187122414 317659503 388065959 837391769 288789194 757049146 143714665 358628722 616780876
100
872368437 134618395 760273835 334658237 476681988 535906675 213529131 989771293 671835345 618211784 299883654 279976058 741028727 791679066 284897219 986570379 210421144 708055477 43345559 490462696 312102250 544510763 494050647 563445577 329184051 943938955 724500314 491291479 907797881 375921713 268808176 381916943 357038934 904503596 49850476 791231517 731263278 589365634 70785830 75315840 292658900 565643125 153291624 144692823 858748421 361119748 332824952 904821194 308695320 925624526 451172637 422943752 452100051 900315977 49995809 976039616 522821499 942488810 945483383 928125892 973137860 127219880 958826012 839609757 85178755 690510423 832377252 633053030 147156079 683924853 305528437 255786471 615753949 76028119 17747045 355372462 566843072 449931637 568524564 548557051 786579591 644386233 940175816 47247186 234418813 983521767 431284939 337874019 178799997 994664464 32447735 138317006 673608352 555995637 95468084 152820236 195854827 7989628 992584363 979642514
100
324490862 5906287 944956422 385415477 271637145 802358264 774243211 994154733 198356457 803253721 465590554 660450973 899438826 170554190 765689691 653595956 180333524 267077865 584215845 859865992 423137370 82435838 443515478 64517965 190608830 728293523 947835540 302939657 705232478 939618444 646558228 144399645 958989358 316531393 315422086 55986621 614288283 695339409 953982416 646339109 981018416 691889689 415646339 326106485 453739698 472779197 837672031 501029924 708738133 372202914 731154893 340203126 282368547 96457920 346035144 681213756 986344765 164989827 511380639 473891465 620619552 968024212 378276014 783726152 819928536 321570917 106736347 599087693 17879383 152745035 753866940 443107807 740572365 531366301 428473733 12068701 153243086 355801146 743962732 719324567 112816971 763875623 379574308 783872897 913783550 195078181 964744161 623063697 145673046 850096075 924562907 907227744 181770017 477258643 812748494 246243157 29544269 489757886 651945668 870084663
100
166805541 94340431 70587879 576078795 539542611 394062019 806610027 601674461 803451770 107189962 70592552 88628806 204502032 243740087 501768494 21013969 420699876 10576819 922111176 697398104 750842287 255546053 926611532 190162141 270835252 820886532 426590632 860832185 251251531 399933499 301202371 481145060 306738650 25375204 520448506 976057225 656606239 65943782 537036403 153267350 388055668 452665590 616596677 257576431 621120174 679211836 465850428 100793316 551514565 803302208 532924224 848587205 292911750 475213082 854153328 581817249 91718111 241279639 104883606 529352519 932389076 293061066 740250294 981897387 294863200 214715187 856246496 133015790 968292410 125885779 435319043 621392420 379587981 646367077 145305926 644249920 679515617 816043284 396226821 132807526 438657214 509425145 282952880 181494295 919207782 318063625 576438399 528242141 868947362 679988615 599979060 846407556 393502911 716637832 514009497 403258588 362619998 571844916 168969138 931971674
100
260654939 845699647 883159756 141969062 931183403 896247563 537928406 862207290 329502133 404543167 577913949 851043208 661985197 195211481 981891474 292111154 614632878 466324286 879268306 477581197 146162608 705541622 119341464 733558698 897545007 227568185 461304035 656991492 493026809 744633210 440021044 622227908 377147605 99773544 647206881 998842366 462839667 678597930 86168841 433495431 956453118 721126555 621012678 194934302 24017400 329025522 17042919 296226311 913280999 503648710 560077621 794508457 761116818 671931487 16708490 527844191 418024681 392460214 691853276 293776974 838320192 141804848 884805742 255740724 825092536 823823751 143058015 157206752 808397886 48894177 637399234 399090648 608271635 644387292 597165884 32690589 72294494 381904837 779646945 130485131 438154861 540730772 239569111 849607024 759825816 525821183 726046399 37034933 691072712 220041517 275710142 51483582 656480023 46684040 358653938 887845889 105619409 701475816 74893220 505337374
100
582215388 154280193 756614216 115942812 284839177 111833211 338297117 173744104 517672764 257843906 679495662 378189577 230483308 200629811 689018826 46353416 514600206 232896534 887877331 168432686 25162479 6434695 18157860 849472699 781625916 337658381 992055737 398857266 383462656 973005773 770123288 496540241 725714871 530235822 433968017 899299721 477467532 448578545 564416238 935035677 459869542 646315473 494704645 181002232 973754811 475159723 711733246 807081892 186989385 719637035 854293585 311150598 590542102 590678710 693839580 114899552 36705966 519380312 742591112 938881599 164243786 628494028 279504089 618290636 240527915 569833003 93219140 650147572 113959684 83552227 777499323 771786739 760530751 196674379 76920226 862185720 875063936 686824043 73407794 883522849 63585576 217878194 96285756 225096635 208298088 279525414 436153942 265346579 670314454 185313728 114642464 683392809 869466183 547534512 422243389 269467634 251255195 550221862 374843835 564653376
100
246003046 551200395 531260328 954124341 340788171 363834031 305557779 653045896 619266555 88788474 351329213 874368634 304961470 316955211 782237536 484545778 632732072 683857116 940844906 303257312 246534990 804928393 631623129 581147957 80280831 129304435 76419927 705799861 832596691 144491139 549097063 136914848 414151285 756823834 399481452 926003079 397934313 858777325 220346463 645581061 795405743 263230328 445052353 800641109 367954767 169116685 672379174 273081362 427047112 415922307 643740333 580969017 867797924 917547204 600756944 369931504 861343793 956329252 163500635 432601214 705038690 292960615 372843814 311151797 958722966 430544024 900742476 229827219 603565241 731474725 105218118 607287436 362866078 67823507 700993647 454415033 734398147 113775212 403422619 893683999 39772960 661585901 642753433 543143790 312380984 4423441 857172310 861306312 802369361 197622617 869670114 42373805 277927491 666138107 223509270 258413033 243194871 49377887 216048616 539123118
100
771953026 853917683 901605858 480734058 386102863 753057980 927786573 447761339 102272013 960108397 443432100 888240162 674586763 247176140 976138160 13239818 790898996 568210408 216572975 817547134 913513838 67504012 705112668 713588873 719489676 600677376 724508918 728922147 601361304 667877758 197265323 744768180 944699702 888820221 390317770 179812410 244903990 870898115 718318204 547956511 287134045 235916257 130712684 557605198 908561837 413520371 22162801 619646609 145120344 33513679 385984705 936887458 588754236 167949404 563727790 939947475 73349394 612311602 852702594 121503276 117130893 590282770 671768623 981909801 564180225 640786156 973569676 107903012 995615786 48295413 869423437 343771786 863508767 411309170 448468885 620666465 985066791 625431677 613197765 968000050 94812203 178551085 620641774 738580193 650327179 467747717 851765088 284816609 147372709 338626804 49493054 160383845 256435729 715528038 783571537 176314103 691747306 468143033 242451841 904575741
100
130810661 131681894 24728532 89189550 11306836 467584351 810262724 412447816 892482861 714099282 825671863 745832073 446358019 886540042 19219948 789946947 650170531 488420723 525118165 550414103 275896248 110871136 513085153 724889786 76367739 979095065 831799148 628831139 613272992 709808804 432004373 333690264 794371262 925668607 280623700 645439789 737383116 518589350 673671477 512130740 874322880 651643240 620428200 700997421 86506057 332627641 783680719 238500697 130536455 486138452 884370673 418674709 759524267 164055559 681637353 174870835 32157153 391589061 511386517 417664959 274969732 740241378 165669883 660997159 492297878 799066380 647380177 751257103 175872775 811632848 265405442 681080896 532661212 201733719 482386831 855298985 627835093 534380766 780231211 861570504 142634096 29363435 187779766 246581365 151516837 809042998 705315584 694611185 166163032 264133261 851604255 80787688 473358852 910685531 181229819 799097832 785889099 332239259 806195055 42091087
100
658757397 766866759 379185600 59203513 778653478 709670396 920706135 186677149 39934238 648824250 741119144 774505560 542574207 704167584 859093822 662322333 224164644 75803377 175599332 773291246 379510854 277015061 318317152 443059 668065857 530140619 643173951 538267529 271820763 444176263 335737301 305715395 355402706 317021758 442753256 311885919 424216527 685238359 573712060 708648270 815115965 627745768 834283708 44421680 543173551 461172033 696946394 160265000 137117304 764594549 623225557 981850870 143159025 894399767 880821457 710409363 423282149 587628880 160614457 545195791 504938928 111372047 113901645 245651342 663534701 557025308 464038616 160613670 680991905 864588570 471914500 958838535 147284502 493825441 794160582 408011251 839743683 174442394 354721377 191851047 363089850 161822633 581814416 620900502 686678861 417229273 934638643 455586119 783526744 74512093 164239158 251574725 174514672 635778992 559526483 595801314 667748138 998527654 231693938 615974136
100
93899066 599858071 955857715 961349446 318758869 721902082 25425611 566350818 355025612 327018065 29084924 785335515 48267883 640970196 445277629 606018303 265733593 85225741 897035413 390767898 139687312 500093822 124342291 386474979 195579006 693105969 144586167 576376827 504342437 908341785 137798056 506633413 72456490 494694617 394136884 796550874 21798740 49265529 881890716 624515515 173909566 844117530 470808795 475959457 591429540 999261304 827945102 708006212 851440929 154959165 776761318 699894336 116028950 197922362 534380648 955965672 81102054 677675465 115213599 896652104 365567129 668563999 585405060 450782755 911445497 582557767 271956709 373177886 327789269 77615079 75294538 379786413 68894314 737836409 31871565 502124193 949456907 333812012 1630394 500542982 386333349 661213701 647056600 680935421 403378295 730196816 482785896 732255295 326450983 9160689 786688727 960451596 629565519 531234408 743098078 458780166 509973070 308016954 224076000 600429327
100
151890712 413622851 643541753 190701242 261392923 742197198 97188263 99935201 89002839 347768968 338577555 505118706 168403292 216440423 161437358 888426562 54586427 418857942 123042279 200938414 335947622 778566680 992592461 922838675 872433243 224064792 268113299 578775633 177767444 814356154 704348270 47494561 566700095 172448304 734530736 468789050 223863187 899175989 709725184 400563511 987932958 32540785 506525186 890972284 603717869 427198360 81037031 47862022 151097735 915082285 637841475 358604966 139425672 164134477 156947620 438685825 943055429 146634884 294913426 39022376 524092043 696280707 681785097 938773381 33196485 722278892 588274475 664481109 727424610 705667028 729280416 69316325 186941882 414247350 362404293 156021570 250220142 164173526 239146574 928896091 377034883 756533070 363996404 211695924 121256520 626325449 733197716 34353402 522795502 164936898 294523268 899804840 704681705 612906082 336597431 65612443 988814937 520206021 721374741 285922816
100
560847852 269648615 327521035 826480596 70315213 211143403 220875933 607842976 234210322 620982754 182844622 259253305 753525143 364209522 492144138 908689611 193103945 140255169 198167476 572893042 260797900 738638941 169469200 440702817 480812154 345682155 911730984 67660872 230664140 306966905 166664772 238845575 839983035 951682235 853768686 229512590 468230954 763643439 625969790 482357537 71834493 560724297 630149960 195680500 584289139 194337914 423142612 367957846 488604571 954566937 600232630 586345400 238084157 265339587 546276786 918431221 102833712 316012887 39372926 20790916 222874411 948612681 382064597 694173905 652739538 423153479 628932769 635716317 39241390 555725071 328851111 870912601 811762704 757336795 299063354 184287088 828772178 786902645 777436590 513213965 328155240 956539667 230364523 977097135 218843397 350287331 998237782 977342899 288995983 734689739 619840560 83336308 603322442 233121695 885360248 240110880 268889523 795865984 270376207 716600044
100
376216374 16454211 567094504 777077881 528631392 739845470 502909812 102720738 981251493 61549145 275169958 919816609 574585960 751550837 362503810 681072701 562002352 238651275 452211404 692361054 751696081 772148933 812844967 202717902 90785872 392871039 829905406 693590373 678016407 173562540 616430809 221849075 443204010 619612844 918649220 916096878 891736833 239977860 773262159 240627841 948968210 817705278 560861222 285609827 29454570 251849401 269047799 583382250 683807034 385775701 524499237 445603410 414145551 769588105 511664130 757100510 352808192 471631 69888832 783012875 704479432 733218691 344934483 761850066 454176915 439214649 616732458 314818829 980551051 153362831 643405999 325237116 988408349 158200091 492231378 805699717 80562881 77702183 377578781 759345787 479965929 204731894 986612088 874402764 462869245 98243521 515213427 376882554 288922579 890733453 326114769 600881607 980740702 51989750 683446241 811856202 413493745 23276296 643071326 652148954
100
36962133 408817874 892333510 444582794 914117810 582955385 769811967 911525905 163913269 857631745 904852407 235436841 597100454 896606121 449678216 782922818 506099394 280964984 43663994 848992788 458401704 264371315 906030980 362313737 165464517 961391753 776798783 968714502 753881909 452517232 34090713 439563306 319496842 932001445 331931719 758808583 89609371 971185219 486669517 773924429 332870226 857349736 866337117 329354276 358755321 85208711 925381225 570573611 692473081 827714003 814913770 106195364 555329750 434010948 727858317 515746289 100037397 170527499 264611783 503642641 386645659 589787330 579851451 492339718 893985336 739952462 245585226 735709281 950092715 218984976 845015737 275865547 212009014 323744579 38711309 346762607 19612580 557294768 128957327 237297479 649251099 505914205 343972604 780501251 274670912 789402199 665355752 252845792 870988904 889856834 360361049 176655835 156553384 510169632 31197748 894911780 97180149 518206315 592640667 883214132
100
425009425 510468877 919534125 776012063 851088940 500968341 659658532 498788966 61626440 290770453 759433276 472768814 403479327 524055518 707535967 262428805 705246865 704531308 109800357 24966897 190474148 756437125 16896456 750903590 746207110 24764445 618404021 948705021 231766256 618294614 174433691 848625871 518591595 50977495 390902765 89614331 255340918 641690824 320901337 772071349 944523434 919453604 871729051 958166847 401829090 503474607 983059861 143206431 932899624 402392331 335521419 557950176 424590297 500956913 525351726 770812218 262724181 431691869 764502703 496463277 428868395 837700460 549836257 363468476 754701817 87994235 737364063 193536759 705250273 217041094 147142967 455897037 374422427 136181551 858939770 828793768 801405300 333135476 140596525 531233390 844790162 236223591 363442704 111176245 475929775 674043454 157866016 400609273 312516196 247782254 744735592 652894351 389126278 906604642 606394402 861328048 297798929 245879477 382399745 886337344
100
152682719 235269917 168062076 263081375 304111784 429238041 762969514 153051611 453242089 163690267 151879296 422043057 761458420 397681274 700177170 578960513 691941174 982389903 636364378 656289563 458884564 577725325 650523210 723738262 117750132 824889796 184910635 84557023 32336567 501861770 549625998 650969530 998273981 347874965 74716042 77436271 516093674 644478736 99221417 28175667 176769876 903886127 477102723 469366631 427515184 736761802 675307761 346390024 609239318 175487013 321179399 231849075 935459496 764897835 241773465 280474876 581944845 165707727 533237254 264932836 549868354 516613054 239102143 462537560 59775059 601290182 209426250 889855931 194280944 58238308 901728582 344959742 725667144 136255718 575230339 826767417 951307136 347465290 442759273 773860398 280018880 952939212 961416437 485207067 220312926 542171126 363208582 268076204 962863969 758623064 992648878 898735657 61041880 972973653 141093491 342645737 386602467 231040822 860662499 964897524
100
235551150 155372196 302466560 843758924 338107262 678178064 690794699 701937806 28626045 974665880 453260927 119006742 231973575 607873628 36223764 324541670 305284891 510808895 183832474 162052292 645112878 69775381 498937758 299123863 607635493 769473234 572370287 506391311 872290397 330367905 789095498 950195384 153575592 440625470 457322740 296577479 841011853 663291324 955606348 816337154 829010747 600034322 50698695 31040570 923259970 73986177 170723104 647970338 461904340 156321997 932393825 173733273 467231901 791948799 307800702 668497452 937280624 292931282 373636860 193772478 837588133 321681723 839129089 283292029 968492168 203724002 550647305 437662241 313340262 247257798 736359566 235686276 287623371 828783433 671628498 280328405 946809186 984284640 336634034 742356995 717267494 754065647 437353569 659459165 769025923 311751716 568203288 60441622 440865754 818271051 728635562 267561632 387349973 198130389 217715046 196651623 832461333 864462767 377175177 297050282
100
977263408 431786380 547862226 311971599 181271258 22143474 363701017 746418748 295290604 327867361 268882994 519603219 599498240 202163668 90845155 556613135 877030898 833973788 342767204 117729942 890708411 315296328 406096107 233367290 385004736 83870606 151989866 802005564 545706732 452993787 261148250 800457825 264267145 349046743 30916492 504051289 720573054 232688514 870731968 134609035 345255705 235531561 526449762 30336310 250216703 643725523 624393921 456161308 704502396 480901268 75344080 154386156 762672959 292004736 588018384 148923822 899035193 687101740 303178123 98366139 34095746 734936583 413442567 74304627 320155276 999988227 752783532 744189045 950137857 345014619 833266764 163675902 355027033 832705423 97793652 41133787 364503394 186585696 456137519 363734217 472310808 24509955 414916625 221243053 110958646 212134486 297205091 763079239 740165789 201700976 843590308 879519805 430283039 526821205 464543179 164359055 956492579 456511353 801155020 506788927
100
284495664 629521710 405438417 77900517 792742401 632885507 919847243 774240061 96518352 962430274 403963725 808319712 501600072 435177794 741965063 780794998 280375992 165226832 657132872 521571276 309590430 472555842 757334794 935571003 576857511 337377353 683750477 688365709 255225945 533341560 931998401 424693901 400874275 528321874 126329692 623011082 456619052 388707262 177064800 392349666 618355646 575323269 437063238 664920213 310497384 39916332 626711196 120983978 27192211 503197913 35681664 686793844 417699978 681038849 290596065 137475130 931212766 658422582 575300018 307177240 283927440 268690519 270358980 746313937 364780537 869206860 193210554 776095895 514793862 782482620 854904834 92092712 568158117 705354125 386104562 211642862 69136756 632231656 591894215 712424654 620772273 89252447 760700166 884583503 614840131 978016152 462504674 908056542 582149481 787284402 903467005 952237979 806297621 509818493 638723038 28535775 574174461 679194968 499073860 606639187
100
4127616 399636223 28384098 61465626 796679704 810723096 468683280 744697827 479539232 573841427 563575851 534725538 495458372 663624485 819085662 119079011 460626441 303182546 13841637 459774678 293014945 788065575 218420197 270858960 54928765 6875995 487355546 748297872 32503673 34640923 668540302 137077695 901180259 398116942 890361609 714201668 343881943 556132310 361026425 574341846 434846182 671297581 407546683 289753553 681933768 588026376 996598882 993094462 500626717 77905205 121199588 176517973 228246930 796418440 20493098 983583612 320430188 631941614 148108210 13599691 585394986 199635631 555319316 40089457 900064168 313831138 198929619 200432512 559558246 792108581 805482049 912763736 514531555 358455911 7307901 515931950 225569133 948875594 14630721 137023302 551467111 691318787 452401681 348812458 152859483 688960175 950885727 56090890 213152216 789695189 187280992 437463978 188782660 650112065 969290160 233352153 435446323 393547535 83824953 264753487
100
346494736 204238975 754787017 207724084 688239070 207227618 745685752 959682284 764427697 387604596 759496811 878251228 899634679 613902078 161764832 69046470 193523556 157456164 654285024 238171450 642112543 121727388 554632168 135292527 242334 499571801 341813576 574548665 843733779 857405591 591717676 296552515 89930389 695053152 459646363 222951428 559675711 460967282 406402966 685572779 579948869 328350459 554644516 917992722 127831480 167624475 921616311 613225463 633573442 81372003 526713130 350828011 799193995 59447917 327449462 245648841 175794455 999696782 95403603 964602518 933896933 657815030 831237761 799704070 537739006 410341964 447651070 990421593 894162015 169449308 54503556 631660782 280321833 24360789 331886597 952292445 713614799 514132364 234917942 44120041 158083225 306581127 862561421 149607024 535719827 842932659 179212924 584606962 986028825 383494144 790429803 737522559 700150231 235561755 244536631 907075116 511130214 24046471 995317726 984720983
100
68125553 223329243 258353684 162674119 453001684 871530123 450615248 747987625 662893184 182763649 184659000 541087734 687201606 396403114 196235622 856812737 809996602 314972805 592028415 957575524 252500425 819007637 193595331 841746718 288026175 123856227 882303629 279125989 422528766 958265632 905188643 665417079 872835524 501309879 449219674 842611302 579946710 410026065 341069911 657760655 941887258 68870289 388891989 185085569 19952298 245375791 94887234 740403071 786218074 483822405 911778432 545795004 436376397 49191196 214453127 365182723 13775166 800485878 3490465 665377159 368223437 818302992 502925466 357654952 542543226 496176576 193605568 122053619 886967666 372376824 219180017 536912918 506519453 341663349 128246293 465822197 983679770 386923291 505639120 112001005 170469557 814737312 891761744 711500304 368224789 737556207 815590523 285977303 105300117 258240985 643137870 797761174 111488867 343529252 293132192 565466031 142561545 131589649 465424145 923414760
100
610182906 142349234 622559361 781340197 237737142 827415005 737800040 792520666 381777779 136922524 147429360 964260042 894760629 827396738 759996490 390163665 345173745 248925192 934692784 985380939 753076456 455794966 296382966 245215671 581841913 369873905 413312204 301392296 180099769 38132421 205280528 514135371 205451019 465394720 101190776 148119996 960862150 179133132 969377687 370157246 519803396 961728386 801601060 99926592 538338531 476910262 124329159 536502621 425622203 306611179 300492418 298233979 999315433 524102754 39257347 541836227 179213053 510414109 783398045 187725665 636078260 301061265 490977968 722356694 985362049 915915841 560312025 18600413 785698421 621498734 103266559 781584079 860832580 177737235 283814497 650940795 438818757 380867340 287037605 218823248 952220099 22935152 232155387 855304149 319765789 687779667 311847162 871301480 940627653 961683936 154505962 689910724 840679204 105490078 854126362 604371795 531133777 925938108 436775415 248779849
100
372731773 463493500 299769362 635369312 230278416 737193161 528531247 668662766 625872702 986067698 968110739 396540990 764393950 57811836 597158569 881284842 219131465 831891365 847113207 153884946 274322751 912002816 663947709 748054448 838589296 978076150 219520328 218831571 784132714 797815865 988115916 269061105 12456551 143662051 837626610 931323073 648835346 104333682 717811190 801131167 63563320 74005625 557666071 26431019 953237311 987000109 882090353 179857082 941289346 508843188 948361044 220321139 400612229 83516009 790944114 819411188 127541481 680851865 546497429 893066727 559575003 215814280 235762097 50294523 785858781 209785117 781632856 988060692 306774834 368564509 36379220 70483457 510157164 352338826 278007786 423239247 975293874 582105935 483058875 945852577 561498452 42122489 82563155 319479132 174100734 922731696 334261610 369360090 71013796 707670874 995882125 223121992 889635187 315326590 738805028 600687074 245113306 572454263 682123481 567808683
100
184684783 304734143 574945047 684814136 323314089 744598803 593179222 765126163 739068316 692122977 452541318 808315248 255569353 399821898 454808786 131925082 941398223 674239452 108688836 468186601 87576392 793255761 150302160 389950252 290752813 949705404 483102593 162496313 986263756 106133113 970771146 716308030 176025639 793836245 482404544 985833869 979971683 46566325 895640849 481505783 1390 7914498 212673480 896166141 221690926 503851178 445846297 86534229 406722623 301438487 917408145 347033677 685586202 37935443 31930768 588649546 445138909 204606531 594018978 222095036 645810265 627052720 673412296 347678127 314327956 135541591 308532084 741597897 249312243 142199996 14581123 132227118 578499010 443933090 21614255 811483901 814172956 757163608 577641494 660995635 269201932 771305415 273967331 77266152 449730125 361788299 8388951 233749732 409120262 883181990 380452967 145382054 353821158 572987655 143594829 304033138 536226632 862460021 169597728 818276768
100
416671186 449187900 41003376 475047893 382212811 230602981 96666753 252075351 367172179 389815878 124654458 190392027 886973082 224193568 794126979 560163897 204426289 603846473 572180725 822882610 459952574 673398572 768318160 294114283 847649971 939481570 582135266 62261883 188881858 853129671 201455160 719503070 984036973 861535064 608871524 362728002 443911479 799178844 365793488 659663604 666295104 324141785 606337945 931981804 144231457 263445549 673245123 12170656 983718938 45673864 897900117 843053269 83947026 729496661 894420338 256459729 864180143 300103539 894855557 912747611 63956269 283367802 582358218 555393234 287564810 911890071 946475296 399133320 23972704 633051360 975356084 489002023 557503359 666059489 81313634 811419073 384892751 154155768 750966899 530450765 265369596 473929973 410467938 881032893 169765296 495601284 835613805 179387059 499942546 1383846 988473692 247792169 608143240 919202129 589479793 546592988 570802372 654695311 626357054 371128414
100
820236898 172525196 820212034 871992657 279551940 467267980 329440104 694454826 162189582 357511033 423270277 134055470 771636719 220883502 400084155 487327540 591244796 565384469 932995874 26629537 943823337 937151238 993894353 180302553 627578962 554748422 533505587 804348506 605317242 929661586 200204707 929167757 467167866 963082724 414303448 262514307 762007512 820988562 918052922 683023552 705431472 748257492 95292619 25765481 110328585 794437987 492962807 732406325 280876747 490826115 915889780 422042386 641965661 136653900 701583429 688042547 37936175 59703464 330677068 419259928 687164154 95104872 356322417 431596829 236923828 616246038 758924269 564397953 829905903 611470681 65503448 543792225 153576945 942791488 982729743 437828107 598912952 153951953 18241405 32070699 970463270 295117541 325840835 262978526 864490901 447599947 895559061 94498162 670234238 792834188 121926480 459131654 719686202 421351459 304927318 880865018 673171899 380294431 98166615 919725747
100
423503511 122525902 616172407 433353494 886915279 109783485 240437721 531850004 177027306 828770452 968564440 181933422 114158332 255416858 841718122 33745354 766213982 176998183 37526954 888231734 652512870 78308550 306463080 42263120 173804599 895060472 574939709 863566400 517286846 315749166 177360478 83003242 125907701 878486777 64921022 248638931 308747522 335482203 117939691 933873552 926188110 491026077 982185319 541889103 648005696 377218995 738970215 827425542 975782941 885438854 154918649 143457536 71922506 339914973 16345740 404375729 665906334 178836798 802713350 616006684 493196578 66755677 774759166 940092961 612231702 448900731 843252478 325886240 180639624 386908299 443139194 201858816 154172405 387522431 543478780 152875944 863299401 425148535 821902234 460113955 932590779 606207641 867215532 474047829 80452714 359607361 346060948 754884133 869038298 604042710 912924523 191288513 283517390 870505646 301213463 492834044 853137237 591853213 198508384 680972672
100
625633 438476227 37413596 843491593 269516453 150799524 722151740 867695614 131590867 986648291 648043195 830488831 251249384 512814828 935378072 47149649 862524091 520232908 597369440 163831253 19970103 914429358 523105494 786079139 821142234 353766590 59754922 562251892 874987996 869136911 540191058 916774135 39946796 902552273 416533636 85458311 31284891 880884760 945432153 409191175 662515415 660552463 432876826 417207346 667188930 202027851 387503417 897786305 32380932 922721712 318333556 947900817 947904630 869188003 96205711 658430357 666455173 662278610 736785241 548064803 643414957 95425066 502783055 396803912 293743419 184204128 964797853 289424003 994619651 896028862 832672806 542429259 803275524 564500089 965116992 486939874 290403128 795918547 283758030 233423577 466408020 438176009 832607738 872128145 771438934 773578196 396360266 459070917 87685050 844580050 154471948 238153473 279872402 748254513 764095206 770124788 418743427 156024774 487242365 370553536
100
911569417 902599085 248808604 228417074 131436503 556284554 352265937 121389985 231751185 402327114 980817408 232961604 635284005 502880826 499962195 751612055 582324773 262471064 688985694 755478268 463628538 828319712 651347557 752679678 14231837 533480906 863149854 342017169 556952978 157963161 433165600 350076580 356418559 652012849 629941300 873535748 572535369 930111445 170787267 2093568 564818958 510200097 565887425 969536633 560019582 338139204 590117562 35746672 520100399 450241781 152607358 219539197 89717334 575505035 398475081 894598303 727876429 27978627 721638829 746098532 794066320 535328785 53708605 933529669 339869015 503336797 134161197 371756940 712916386 59236894 411609485 177652967 99678963 735174592 931300397 252777814 724102772 220286831 85939776 554561671 168673614 312340115 545834012 425371483 268261369 782465836 493494279 765381818 899104724 170283370 688154722 531782638 298400601 969912883 562208040 936529413 999447776 444964517 490834488 940685896
100
232461643 857628524 452658468 536170359 339895166 325982397 608407394 297115227 499939068 618779306 647073537 70495175 618516524 648930964 276696323 694853864 727303199 483509192 831116712 494675898 308247431 979142669 998167748 495851300 733592873 19064637 749627819 402035742 513987878 450686621 109695038 465159583 327587878 504436034 338497288 777807481 803870204 151547815 7403925 727681779 985208226 802548699 504368540 405668449 785842080 194808459 768880103 103204252 157743849 242890576 857678506 210702416 342900483 314843777 260044178 479766988 151146270 947293095 257378727 779715705 888664122 665589919 657195662 616347220 850906838 207531518 385101001 296897472 427207707 863693759 121341220 728187313 200978469 694017865 474336012 446162186 782838752 703905824 45740906 307642066 672741931 924770642 337310540 64919073 75140698 657073737 417652143 434356671 849833562 965641602 660902602 461920411 917053088 497762249 723988080 42477006 552051143 151573761 259545062 306569708
100
74729133 766393750 883169109 163749170 461533824 887324911 713623956 212615616 779278886 656706708 152234561 427602430 302107963 455959882 944226716 419800457 303930038 891578136 414507616 3108166 849089056 346522685 196050991 173809973 727076031 243360308 725910889 433665800 269368324 583654250 984812344 233888763 38127055 41263478 282519613 168267301 416938733 570519858 382556719 402782083 260817004 95686846 311024566 905999638 146161976 802156711 767892208 359537964 105600666 855053192 795629253 410333798 873544978 2420233 786851651 935108834 625846903 549610075 250125643 682615767 284481217 793288428 919826619 967830032 195632354 59963391 727787741 660810399 742212329 136796239 752334361 28880046 667461679 672365014 132402018 937306104 484781849 496888235 3968611 181132641 350736753 633687050 165538011 462457435 598419565 679103633 929951339 689113846 187685718 823127528 172723525 357676796 930563516 867662355 349589662 866184440 952078129 96777534 472685860 957880060
100
995977936 111768678 874840105 434990815 66043546 742296521 98990572 232544319 675912796 869046209 318426477 353881356 486899017 7784558 457243419 938088581 77936465 633060018 182283382 540231003 463228719 88221924 984655347 904762823 873209836 814213392 582626695 912759527 855432731 881886383 177926579 524985082 468179025 682916956 368956394 638411357 436515581 360521463 446374538 140216778 714189480 446433146 944697629 830288776 28753454 788672929 751998632 169038625 657402598 57083816 564492719 991841928 87177042 94732850 236725376 329999132 354921978 464407725 459216994 688567689 830380579 268061201 919773349 587861635 131957752 904165897 519762491 637581130 9055723 768924004 821804359 550490747 508752250 479394730 542545056 527792050 623457326 363762161 970474513 404395516 679930196 385517664 612799852 996656052 769342308 756167177 205326430 157692739 861968119 199289437 469962343 481567730 495379238 885008500 247667317 267600915 79462129 778904589 482600087 415803726
100
665853478 601983481 726101931 768175636 665857145 145964450 781670004 525268087 371746879 546121738 686481872 402557955 639534722 15507622 770592562 987356177 611330139 556737796 377025603 869126376 490351556 667982631 642434773 61406474 582718632 643034125 655247092 259789383 935469059 655833286 179082562 204756245 782167718 514151888 161015375 911332387 77729188 951151811 846117658 786934582 204457019 130021080 436802746 425316070 782462158 815078292 179574834 412167363 615211827 888158306 183951269 870640976 313282924 644633109 316875852 373297626 684949306 379889949 287251454 976263169 722964803 687317922 964921445 185715164 595838967 933980563 510251822 523103122 652497202 778106390 641822693 735202796 531200328 682569409 941322386 279799612 955387220 375172151 250876479 598232450 744219991 66325637 953126187 249168029 413633458 629982914 108359323 307455419 979568741 140751810 801864973 844484207 863272824 614844826 712517194 838630002 262476926 109013464 464897180 842223374
100
525690914 383246933 794047127 698907082 426939758 3934008 354041329 854511283 432541596 591471993 633246624 576499257 86584588 65456646 236400014 695937968 150328075 163463553 389523074 905866587 434702867 554068176 924043648 160306025 735310600 830889032 333937690 800858363 520958081 728029288 187671063 832207609 12415924 63781167 835215586 359269253 34172464 303668446 151374289 449197694 245618945 334608498 509394909 409725046 254683976 232411125 95685682 691311669 264238225 454214733 574082972 922660896 130443856 192415213 186189828 880765121 767431433 599264453 292087087 422052678 354008875 976937083 184270729 866563515 375590530 609287329 344413949 633660864 156834162 360191728 954949340 57952325 920488183 920209077 317017817 393610116 725655882 831810918 408901941 956479659 426481849 324309756 657724656 41116862 713592126 171285659 797505194 899134822 431312770 407173183 210875356 454472481 140233063 57419563 308472209 544628889 538875426 479004539 114426909 735408814
100
449956466 229653590 659010912 327572425 683813096 78464078 1458636 261792329 890472920 397888591 674102712 122688246 302182897 152081211 724811246 739032826 267421513 183184795 587034125 78281052 261649891 597794003 151957832 26911366 664865917 904568704 619717415 185449688 629791340 167666404 707452178 141786907 39078785 88999055 735828175 505173866 434946758 55660487 694502608 165142748 141369549 389542891 752995902 342834415 426580511 592595100 737387364 965901687 252558595 721902628 853875737 199003961 205904931 402835378 645463388 28670864 189583413 598553660 645449933 832479588 67551677 669434334 635147136 635791288 379002073 896073936 8854480 177082088 935492281 417503876 651066698 397329513 317082339 358137797 39187796 747793796 500841402 349071006 641848950 218332813 807504826 894898761 246712337 154546787 888203185 159599939 21873579 638779072 883131829 477883669 663874139 459341953 520905446 346426554 335845131 416733098 440268875 801267087 573418679 914892015
100
674776473 905189776 462684955 899937549 639078565 215423542 750033117 511037258 88847837 683526492 280255812 690143114 471849561 638265889 304238346 253254749 528082794 675602230 580595087 198030803 956561782 679955855 955448594 165663966 489282883 964566933 144572305 242684507 727095470 247404661 43558048 428198613 760003390 58499461 489752585 428580103 588970524 890774821 935573180 28991187 846573501 755598819 838062540 754058201 275983254 903963669 472527684 915901887 558652293 537465221 5074439 990509851 120699914 3903735 169757099 587805483 270942867 856805540 16745530 201943338 83396511 222363783 550702685 628063921 217668262 92987465 566347839 359324702 274766655 564845563 698730543 660576611 203141199 496648283 172830561 933906175 266250660 437631542 673066193 667633704 355972441 701434870 411825242 502268059 290004827 230371984 283339807 561219113 89713568 422046431 966299613 681419402 963721901 264777649 568029487 222473588 106852076 464396600 742616286 489493935
100
469468648 231472036 70392267 66008288 173217338 444388374 889043885 441777148 338577162 577958878 24009041 292008933 977248871 784899548 451353622 6528136 192419773 317744840 4454361 787069398 534658292 487103140 837670251 11145377 647828811 765132637 321642011 617005066 429653288 962583986 863144241 29810554 350389646 129352682 994717594 772953130 824282905 499394028 636621301 903903991 176311934 186898333 293698781 617056563 929463747 361485397 667216146 669980393 232189271 344461030 818338923 614684689 40272230 103316904 924158982 569675960 552971850 525737792 889756026 891811406 188002960 358504444 826641843 154084329 127967332 581151655 934817354 330482775 8246295 276143940 782232488 324339927 877167915 783727963 348180018 378852307 49146067 654830711 901787308 137214328 502164059 592842036 524172539 644591173 683579077 416800002 133565984 566924467 620636172 158994580 99327290 3939432 819439851 422277601 862388929 891825703 199242904 284987502 496892712 591070760
100
475128749 465174024 359729190 283400481 708017006 160372804 406405428 598268031 47639868 161522684 598542110 142526547 622402619 811346071 300661994 219473451 114163328 350612583 861329060 950567206 389480610 184166024 211799174 23755545 351267943 500136610 549421781 508672804 344122507 841526046 535832306 753483306 672224834 628321948 845427850 610715418 757567562 12826265 312031149 467841439 667804493 25509327 133063395 782434182 66550830 712248589 568292972 512346400 845701227 581109139 502919463 987145912 115964995 524090083 570714061 471869556 765141228 52098700 72766052 970340861 691349939 907878240 60806634 737339514 553279576 154944559 583841088 11177694 85825009 91111631 520392799 447639779 131566954 235333511 850230195 63718724 938259007 438359355 614674213 899662011 838397440 593139945 381890079 319570208 717295240 523376332 222650736 80776855 728797350 641224797 609206780 318499999 365265973 995468281 500384439 188763282 401794256 115131195 906569464 416254133
100
187654451 670675223 18923869 584099210 55782048 670351202 736908609 258842599 563574299 987246518 300038310 325976245 913798276 528120517 403185886 706116251 279556887 110669477 309377847 894656574 621481771 799105151 902474139 818714849 740001619 752989207 281786297 646518671 588270088 19135625 651112080 599060412 122690485 96527261 465263741 716525381 739683879 263896772 843390067 584291373 664080632 713133349 715202013 847771819 21716509 524330088 942656801 670668164 847777656 706885646 178726951 610291885 435948597 924216296 482537008 329614320 852847867 234236034 349799238 713878244 687754590 471826322 44457107 283009438 809199531 258110773 114411801 445793620 424029383 98601790 827472188 568412893 227396905 123589426 85403135 569850866 566076140 278923215 500904107 452932729 913068703 399433956 181946083 691361886 816029272 802802360 787489779 492994493 918558326 857172927 94842950 25483580 669392386 178438046 433621221 845868240 293636694 74681436 108298292 431985249
100
238663157 237384596 314358955 657596329 573873664 721848920 749871689 387858006 376185515 519677794 279722462 637825142 693630727 797377124 835346136 944528041 882217765 467733776 522339459 751451591 882155306 29942245 678665111 765719486 853901132 530702838 827159121 14429360 476141746 273028429 699753094 344188360 644534976 500705707 334403586 421775507 733917311 512554851 215207411 803426345 79392336 650310390 158703565 566117528 91930316 954655700 804009301 370182110 409981270 964198447 226263424 232616957 178730947 725876810 903099320 989848096 353486430 652006594 378558513 58900382 775635022 903286486 428355984 602402672 474432256 388730922 542087472 438916623 778303449 718942986 123787105 992281728 953647641 363382751 949048230 2034693 718157437 377392793 41559578 247409235 696723453 921782971 104553857 914057369 495913683 759746193 270411984 982486796 583339370 133165945 323829968 994825278 178918105 379818962 851760036 373949124 834314310 209966552 873952405 767294466
100
430815349 194668779 466804949 646017834 605108086 83969497 149704628 674874467 50422794 706904370 648936926 837028182 758369182 306991835 579176834 432157011 170678365 568134247 259920612 258193285 658826302 483462437 988916121 784238016 594932748 732981181 323014353 867941377 869249200 42587445 200628132 159766139 185381130 895539006 993010477 803029399 678991322 46924010 127311558 795210503 603720681 335871175 658328726 548334317 625473104 913579351 486086726 156449636 888279819 869560555 354883424 397365437 95103395 388516877 166660621 680487227 655744376 522353698 686890445 892212099 376620354 256036096 732323442 464140417 248326107 48687756 568458005 859578133 867838244 960922918 989034752 91056651 550277602 87811153 133335461 588485685 380745552 506787978 590168477 281633305 210922963 339091601 970463358 774342076 38844913 992825223 185655259 803142689 280217152 616756750 788569122 620583384 520120243 637658399 435565279 806328156 373165075 542141001 934003166 280109760
