100
100
94016974 433521737 641684649 533947046 79866570 488870106 307827749 636257534 885152416 310669882 430311447 674609694 416279779 831149877 444894077 577372908 380893057 46906170 384630093 276734017 480066605 938333707 505584680 228174558 151475922 762901408 447592023 42264988 276943756 977366286 632705973 618671103 538806087 82925843 98047942 583142032 329383338 859632875 452339164 942274394 132940118 935990766 149750813 710099662 147149761 674217081 636381362 432487307 27286202 962097490 524505672 793792690 665210532 697157497 74932852 908900734 890247609 446094094 705810461 916217988 371793023 604427469 485242802 65063361 626893605 794220593 271609772 423599030 975332362 598406558 190195139 760860067 550638419 427680298 716140499 132000799 961809983 299130106 999472868 211104429 369550144 16622680 27422527 794813560 342133012 548918255 611128343 50104262 910407881 817756567 468261037 399758471 663964384 65432838 513822138 711622317 914442738 941341206 824670461 948452417
100
1 2 3 4 5 6 7 8 9 10 11 12 13 14 15 16 17 18 19 20 21 22 23 24 25 26 27 28 29 30 31 32 33 34 35 36 37 38 39 40 41 42 43 44 45 46 47 48 49 50 51 52 53 54 55 56 57 58 59 60 61 62 63 64 65 66 67 68 69 70 71 72 73 74 75 76 77 78 79 80 81 82 83 84 85 86 87 88 89 90 91 92 93 94 95 96 97 98 99 100
100
487858814 245908283 553798446 557580143 242048173 404470320 697884957 664563732 902955923 886316195 274209629 694408312 96170582 431733226 420302037 266115103 934378448 528193217 162848506 894652917 102271345 881339216 412691163 354689756 36489367 516082724 297590506 4644903 648899716 140890919 138012838 118885603 218304025 665865421 324514497 862803726 637230185 248474413 311792467 608425066 685709471 297733402 671123040 767417844 413736586 766436973 535747770 45942924 322028732 346809704 102530185 933248012 868736332 153606356 210700147 304488389 2736942 921944575 535690972 566921136 974183199 416997231 798699942 637836340 274627773 814235042 349792453 584154888 905209111 646131036 729461451 373386647 11664859 252858313 546819331 344485761 75125881 685064732 971341119 825686022 153388604 684781510 508528905 110739569 378766243 187144463 201370135 669896402 947656786 283981603 254855987 310087005 862517589 69279692 621988357 970703836 916638535 208288366 124788889 658616517
100
957838829 544267363 122679687 380346209 783538976 927782168 29818765 132291033 400546760 673627792 38465623 129441266 814747727 616213261 94604639 907117494 78959994 112858168 824131366 926821776 392723273 783475917 174926957 584111298 721486886 364477804 521001581 465373731 346752132 397397008 822784278 207666360 814675505 526661929 741902572 655626538 418935331 185650444 10906235 687546401 702951844 402371723 601539553 985604444 519272790 720870949 21651567 703336706 201541637 143168645 549373441 270056317 152881623 13085755 61552452 973930416 699364552 692069203 942279252 52085573 416658139 457842290 128579263 110797339 889653740 427164955 292950593 543671777 815802570 907703062 329250961 836245999 833514637 905147486 644151810 636260316 435389271 345089909 265848264 867195602 129425440 119218733 574937324 964527820 617744207 218146179 984956692 362758882 198267174 974479575 616749678 545872491 109680844 871187725 786316879 76230874 715879758 610358908 119982478 729158396
100
212661624 369028384 513920533 103071617 173730060 257648967 700494564 365805666 108081578 159089269 786642556 967280275 900434503 481804434 790360112 329380299 734953560 490208187 723450850 652139401 218813834 464410883 252743207 666572113 500848610 7266932 919275471 474836871 456693903 949437092 62951305 553490593 943557136 720395861 664995840 307756339 663254549 598843531 122678413 994405970 479862658 729700260 532026878 216647030 307571164 667319579 587437657 944256681 680426202 862256396 996714146 122703771 938903792 68594025 790515380 431547480 866114589 132333977 759148904 772920384 934687887 681768197 668764629 645623937 927440423 775801960 779107538 831074146 350243921 595372151 302502214 317119447 674797486 949997278 971849450 699822079 417934386 893139004 580479415 253696937 728794688 303822285 972664919 493021473 473437048 760644070 972315230 124159953 188532680 683952031 671472942 242690888 246852957 487121663 79226397 47258357 384604318 704660886 370794819 449953273
100
347604910 849617818 88681981 170347683 908497259 480745557 728570593 463914204 57631824 772374314 604399421 249681110 100996104 631734809 412708594 123061714 682654374 91747325 68921221 100192218 252386424 705994756 125911849 761205069 809874621 454553838 279235000 936624249 584085032 715204291 722790484 689048202 402172874 498131103 279994561 926251619 580499657 338932437 673398943 169664227 105725550 564477763 643465084 443044005 128053343 180889541 47859868 588715390 816968551 854185655 865760040 77367378 761424948 938217034 524750320 15101171 128801672 80201594 860105952 504034054 972920408 231215148 10883909 567076749 462565182 558941290 979552812 38284084 497213677 956217634 276100873 164016726 145736343 557781023 869606370 46077184 847563028 506492625 494509858 933135857 126737 195881676 340938487 683462562 605607193 945818984 273861720 80462111 570332642 575622140 789725237 128064481 169477661 28988630 581326463 283240748 764080835 327739863 238304032 483540845
100
175640561 401700021 56939288 56180492 775674260 895071424 817508474 795348458 828533745 689230358 532480994 860587696 596867725 216922801 173109094 858445572 486910499 393916779 648873408 889347821 174772806 990472458 233655297 816355110 716113109 739995381 159727859 548488262 980334045 667131198 249308420 430163475 754184077 500157725 784604744 522886675 668821023 135624278 429984439 209416361 937829418 232922439 414845870 873641541 145112108 984020199 958659111 131927419 986403709 295389832 291469841 192198434 777312326 628987599 773948447 624230727 853198890 131570888 5428442 840085635 431433909 175575956 238361106 639184448 640661142 456896416 726544532 181293164 372808182 424832076 395286972 886641638 527804560 818247260 296410215 721066872 863773812 294860592 5011769 377892187 84597820 811870415 271405559 569421571 679296877 39819207 391626092 267327258 865593390 332606623 581684814 653590202 644094168 508262721 105784993 581063559 763334698 523838158 286935668 551729542
100
474837771 749522213 782157083 78850382 672863837 810824663 839275619 392105113 294245422 673638908 637019101 379546359 400650877 835721525 325791544 865895607 319204003 54192111 346955404 834393035 99984984 601436313 49309155 516786436 784025463 714478918 892736690 786626903 965436693 510733332 620579268 855098786 872792132 300876309 7949851 174450549 327308119 689801675 367646364 39766318 231516774 625345562 668567619 542686131 818606062 761613909 208755081 228013131 741510660 150636706 681612890 341896008 932947946 647518106 4389196 256789604 6897755 691234104 555153901 965795577 265102753 731036978 499131582 391047227 263079037 995738636 734381921 2289296 355331603 466960127 919806241 63896820 637005450 393350604 284548155 675754074 72601262 478001864 921048344 571065296 444673216 362303381 866601655 642937663 690532651 23202504 40376721 777186476 616617205 705159762 131844786 278294155 460477342 83733675 44809843 434078476 854457894 780228021 330220104 907930359
100
680757667 479881523 839161795 762444851 445122515 360395992 977251966 392485426 735944001 495336715 397884279 270340459 463353843 289312126 509960472 388435384 149325433 266095870 204139951 282303090 925197679 818942906 892420629 906289580 317956397 442024531 882555978 380564802 196978632 428812586 656582783 788008623 917034430 90853149 316511158 619494244 117196409 32567662 28721669 562820155 656368266 775442578 250876179 181876190 183491635 29134427 856184523 106749530 814477768 663082007 172486497 888442447 256137385 652502472 184172357 736170545 555787734 973360899 313469601 986043140 366059090 313472231 147891183 754871139 942860386 677969765 32127226 465994332 717035332 264511870 401346157 180182831 374870449 993604858 329830376 96808484 960877702 31954006 194512230 584380545 255312482 692386636 254827636 686055854 653345797 681171523 430077832 654743314 4501664 12691372 515638504 353606264 811140330 583687399 795996097 577952746 839805004 644913771 726869053 386935488
100
91300983 548457805 181274533 584387526 421542272 401484992 903773010 359287203 692006261 260979906 528259731 784800236 484472193 764183408 557805580 888316622 901427762 567003343 160380084 276971263 281271748 47151953 518744370 795777087 539752754 797627623 864697245 222439655 158835936 327417744 173983962 339002567 591360145 660299629 827579606 246977162 13868788 506123084 301604391 751815327 159487428 651660019 503061131 601010915 447999982 98333289 512059619 555581146 133381274 38793255 168790059 27259120 783148562 474469140 828401280 335581237 872195184 265386584 897787806 504473383 695133675 390913389 921912076 38637631 954562491 719014654 590419087 166919222 767160925 737303709 463791795 965907906 694950260 40557744 406436809 703927732 254577706 255378449 737464033 534395579 817370862 971798967 529125838 278497338 424719816 610289829 443239681 974917293 323661143 310668345 176180209 290887111 581560493 465539930 165745867 130953610 119388677 183655225 411275061 345319580
100
73265265 294905367 737253361 293293545 620386175 823319901 2375470 375141206 252116860 10682646 893362054 477767929 606077694 733657438 28338750 453634038 710290792 180686979 408179036 984940443 512248518 799058986 272277182 846451178 186645236 284384780 830046323 680527187 145117350 125333562 305500789 782476267 601487606 85748432 883972082 501866909 722169949 13099846 336249528 285174744 238033027 585734199 43266909 864005172 640030778 556770155 695904847 235328226 505251910 378886168 703118493 823598663 375405373 191892921 26026839 654649602 32633404 835331046 749467577 757124339 215407295 532001028 14631026 827842672 52776655 193468083 690904089 110263514 3779009 647748216 746832173 458237788 864214577 609239998 445685029 879866847 80220005 416815206 472251959 692422445 186371245 845958672 900722606 551658606 539719869 888807109 468476741 479787331 923043809 663424013 562190202 21615647 65006568 624473800 237757535 954720089 743391583 653066393 284222025 768150181
100
895876986 722436567 968607633 613997174 743511900 364685549 719743422 838198120 620114401 352169152 7566528 316366524 693618858 862642040 143517234 539608111 615169783 323914589 91507357 383229689 561253769 81956354 31995629 207981169 364724614 802673473 886829450 449124727 988390054 163726192 591213494 586210279 808375407 491915954 684923716 882050657 324210202 908425093 132955520 562790119 283286738 277994326 817330062 436665565 345508636 752238242 633608113 685228498 565351790 278955425 256809593 493802060 753100356 772482367 595966122 681608838 141527257 163873926 959145886 500098449 992777571 984802602 703065288 169821997 118720282 886163261 488834399 904728606 568091909 860449836 638656446 382779919 894467877 820466926 200896974 693208852 803751877 661242534 385474045 540394467 276689680 416784155 589484113 60602706 715912588 980043437 899912469 422185523 958561659 21629610 370140326 771209721 254665327 877078730 777442918 374607602 972334308 849238634 958178719 48745415
100
620130814 719111292 50559616 318682943 358761900 69835016 200968963 594519419 291777452 163055700 595846946 804078047 446359531 55870007 93929605 495728586 353221672 843844869 948333090 883725653 17969570 823626946 51227564 881089090 895192624 790070887 874881909 861700957 825616837 954136938 490561388 620162045 155609209 600448506 392319171 721012483 583131030 735069708 94734739 917106186 550203710 195774621 307019606 961406589 598937629 410068341 410139562 303962718 331083796 84236101 762929687 385134219 103731449 852918853 416255427 179944602 177679489 598664089 122927780 305349796 41456836 601734212 498229604 274780590 393755076 634598971 388691620 681210021 443505660 184837494 736682564 639873155 867338466 212058670 182373433 140970556 3012995 930296717 550835873 560164359 317125872 564892942 427545611 844521258 578759120 753846040 615523407 418117031 368162761 226197557 138502065 30508359 417856754 269059175 132234868 4747186 896153148 758957366 185122459 876188148
100
909770466 891947525 108327892 35833240 909425925 76004367 781724094 818510970 519735157 987737405 945633165 338246557 27284036 570825544 50552574 170234769 676670964 480090440 509259432 950766117 13217614 594545860 573954080 117538768 577748513 529599348 540113649 872731680 96896175 976424287 368060573 233903410 477759004 476740368 852669278 69659208 91208781 727278507 956866672 951191992 575407769 336122507 878807430 42020862 506060062 651107426 470588675 893816070 702217702 440546892 476459492 341769728 581284113 647882854 746989563 210229220 51749868 899336580 234224037 93572197 160167146 254887037 295374786 3003864 477863408 763277932 152107454 603862346 685526531 823377480 201472137 54105935 908803239 586756184 587327789 110332897 131167128 266651563 509357393 878985221 92440855 513931192 965060633 120007983 621393384 211760677 30516151 405797351 501947240 497438206 423177395 968697518 503887311 364367953 989471712 383042992 397410217 757041235 409189550 982731176
100
43977770 503390230 332446742 827443172 163578033 959490424 426291891 561741256 518121949 646387842 936715074 903615358 347244822 478511756 11975770 790755283 62426313 134867419 850719833 772067746 186967343 480273347 920447793 567085681 883493240 126120442 660171617 937198140 562409913 194658280 452560001 286008968 765799022 139451383 108437534 720075058 391801866 707333452 949611412 63292814 529717658 594757681 395258116 328144794 645613746 394951198 314391371 984723513 572295588 299041107 302837722 278590518 826830649 287641579 239974840 632615373 429183363 169401909 479518321 442763518 439180111 192403400 396469225 587420342 352545228 871418957 108986103 943204091 896558675 932633877 465690239 42807536 49957621 637816809 745928697 855788159 592616453 19249838 525981480 98761897 702435535 563071049 395370423 6713862 645477373 141444050 577358839 876413221 478387299 839085682 623043864 240265978 476557009 897854522 136468301 486794478 892906136 895138213 414195717 422856767
100
236407639 993864938 590721270 712174066 837119994 171146460 598544469 535365407 255509103 928518241 940690204 769953205 222264558 860541649 762555427 24743474 323687902 783419858 379399715 967503234 810407215 458262637 14848050 171466158 604741218 978195789 35126879 406637218 409250640 735844226 830263928 869422996 113085080 470722004 410380292 218115970 832553089 18617319 299499827 644166012 171574242 179749289 508154414 507660412 587819244 655684706 715157899 953821135 360889897 153268901 523407245 480735571 120753236 975376169 844517372 857719360 968029769 32655970 564170123 702763049 135852029 49818545 97657994 473787544 443837953 33731027 909936976 149679363 808828034 816736652 21202136 359921441 282206444 430876164 423029203 998130821 820050497 455468016 352223361 639618646 556787418 507205904 606100255 513384274 896759800 895318255 273838955 87097450 376931051 371213525 701818717 943646006 262139953 292302047 340771714 114178880 681138156 624419376 357953055 413500272
100
197352373 672790550 43130788 922988420 287587734 444750210 642362875 212307340 150008840 261756379 76528975 947544291 650173497 499012822 350527733 302642775 111627899 584574217 175590492 756337554 261536098 252083294 886853616 445378737 13734042 788705790 230339595 525176212 823067124 613128405 973650275 803767868 725988014 760994037 347790521 908311433 41643988 695594216 783009957 313914948 639722833 475078093 926124250 967707131 268271236 689978803 776444532 434925514 383205174 52171308 748531590 280040839 818919248 258216594 701008477 19916690 987152289 662343942 747763970 633734599 919399375 69984102 742087580 393255268 255792545 895965123 592848833 230652037 892836484 350625915 698626455 438514745 276451356 974875752 775731127 627189645 988828091 263498689 971495623 440535806 67040905 628450733 50752920 644080003 333975755 644467293 518562334 383501199 934606742 728428942 810201304 582242715 444034783 6330586 340667944 875481069 859630967 218814020 607119380 920304889
100
555805493 881276997 505324922 123415581 513828705 313186408 498708578 362317511 823012794 721190730 502412898 673971152 345079637 433783897 552728663 869979467 230889301 124069971 928692002 945475642 190890921 810788793 938934721 701717655 589545279 578898517 474869887 537423242 662352087 951711608 791861920 462829973 293356729 66783662 713200504 107108401 661826894 592977972 557244534 462853783 381023500 630137074 340419169 932636920 802393 134117793 793706547 656105581 389062032 840547359 94370388 225579575 354199492 962592322 904834208 643938015 691315627 370092263 525606845 16722776 503093198 411647426 851387281 241175978 837402310 576223135 594145626 787726842 125157466 393130391 470259050 450737746 310099014 919060388 831485721 626084339 74607643 814005413 736194181 633774082 559101918 383059354 65707323 678280661 263897709 840300594 166710009 395507754 35738759 963941342 602921761 993554910 569876320 967757867 779855791 933767572 975166432 521431776 717701269 890772384
100
974974411 433119276 534887949 947360560 104959343 857842763 73783300 765780946 861378689 100856579 660570510 721544350 990056237 828025293 44168766 224678468 148491306 755798498 626323137 148187685 64355015 165152575 585970187 247442271 959660643 720873003 584501507 837652111 840717998 355480290 289050447 692211851 913756932 908014486 389868786 540939165 326296347 738762563 951136278 191550799 467693624 300802130 527822520 974223484 813311379 583359107 92910070 80558535 522570530 548301170 638217163 310037903 362714936 614599172 712456436 86203316 289947624 862420283 910804334 878924708 369498195 788569561 866829390 888413645 261913218 12261835 753984917 905891209 936500132 716142947 820055391 785072807 354760933 908521557 785183070 49938427 597910826 918909687 854331276 524142835 63448423 640562245 112852890 406284372 595943583 706877274 101763927 580481563 959329843 208816955 856675600 563544271 32879997 768902840 502677141 612853194 53092817 254572606 1914661 256820607
100
690281461 553890769 75016856 227397837 356676069 967969467 548072400 579777583 966810223 216109831 572747460 369503008 952526526 249545644 21223186 684037394 776307555 330750278 522716265 509651863 932676908 724164275 688041448 882363085 580360401 699747615 967191876 109161676 742638139 419449864 380626546 959478537 184914852 948422525 883246858 775697449 645627866 212041170 747443137 485978912 483276678 472307474 502508890 761741660 366897152 931259984 542518696 677127425 177159489 267638002 781587261 73136177 582680946 111311926 204456579 817888849 661009128 434535546 103576975 543366302 349485908 475298210 537988394 761246715 248679138 589780747 386332777 76632685 313421873 814574492 46809300 46194746 179961797 167535801 647113153 835750401 355374222 113492014 888935036 594030643 470040237 25010994 314455499 65727226 714262079 274099946 879697774 141179447 175023853 537868080 209005945 607337601 718857759 703891541 486696782 283269929 359203028 84212097 332823739 933318693
100
538204575 88771039 940802479 960407397 59424594 459406078 5130976 725695103 999309657 809160351 480099262 959890917 328061252 317174783 962109303 276438078 411961943 821172779 550153218 830173184 942969465 595083266 963007308 515388937 779880208 672742267 615971200 608740286 718571923 6566591 940272837 946092538 984344604 637816130 127787626 429362163 559461268 444146551 84582389 691138597 19897275 806441248 427379333 925300653 425330847 338623278 424475311 258145150 389869641 805844053 88662927 211476787 568254767 269128289 448445281 184499822 287771115 995249784 538242819 92464475 772488413 161096720 718740136 476423607 527582492 146207147 476161427 588976275 90486265 841444909 629457666 865785759 44858788 978581005 873587972 951985918 567210190 45531666 613273343 76691897 934780146 616338185 966895944 303798705 768773120 342252817 201676084 162097767 900123411 551819407 8997246 716469030 900202311 943563431 260335601 694422789 943125804 731538851 943137380 492214253
100
897969224 468210047 123876577 363398933 168296269 365239164 320773769 210559402 658830092 205803845 986714713 483883508 558126078 261264334 197474511 712212585 871282242 894971922 55962058 607247473 120848301 105344623 646508671 578598504 1652506 806820713 550239154 717862815 441848096 111780271 625074807 347050200 196400499 455020380 70897118 239136180 221523212 311196106 201347184 534599277 47282751 270752481 32632585 257897345 681418917 360909174 696175753 421333599 393434314 21872362 779380872 924923722 361961481 483280415 947680242 722917133 440607287 616580818 507939534 176218118 444827371 151067895 633788491 473562312 153419352 288356363 113773746 558932249 334117437 559390590 898582948 390412873 456952460 858961843 471788839 793084205 619902899 278555643 685628274 16781998 233732436 547439674 390978892 544251406 651485944 613445091 717471678 34695668 242904949 703578065 474572868 759233506 421385110 682355200 830257757 598874835 33120219 889719012 303083164 411222506
100
307426342 97783244 949115998 686472729 486527821 181428405 993216622 753045882 900878373 76316655 337443859 72800511 734415781 543112184 88799494 840273196 315418071 256229748 479134451 473902387 995876442 519621756 191752294 943538444 318412522 443546266 207629001 466691744 793253213 788998150 326562823 777076872 128608602 388523666 970669457 183891482 847130791 174435401 716776741 737047569 589731852 692828435 197668225 451584031 432145471 900047088 334546303 74791499 910797955 597794780 258213498 782483200 458919323 492638817 492919210 159965457 754510747 32060171 406173301 386468374 5200689 918393424 632544866 475503335 164650764 535353876 32375097 117901716 163655423 190416144 876471056 367787308 96025610 203514161 853852393 59716475 13479412 179942148 57117614 969359899 987526128 267405208 621379820 377763984 857655718 370917126 554277148 452337512 616727760 53963087 200590560 532026068 636631086 907441839 944927127 389567500 403087419 32574467 581858023 980903306
100
959022052 520224892 120788919 464939082 947248426 215832763 566390932 10744314 337666444 833323309 67323268 800960427 374618476 215285588 973614323 171591030 577857522 651273723 796211274 712193316 940104534 290590765 648997710 591764399 402395310 694222879 564751687 931957152 879130272 131134522 825434750 876123561 855873623 499594640 553506413 876965954 261160561 348672194 71794877 541198836 292235135 825569805 867358642 878326175 520332971 101170378 513864311 193915444 399077885 529131761 36610356 892468642 865736385 890364374 409270593 373052120 248327555 302715017 341109359 370295900 973295989 695961220 89468266 583062014 952836024 779465797 636358352 519402409 500777302 614487537 348111525 276565993 296023232 40485128 35796055 698467332 880766026 70699962 766871439 922092 905147171 216153750 88877796 724024062 758426730 604796405 107306595 23385281 631914914 292119863 975466546 866774799 352639699 720540829 333000283 730925579 150172208 349905203 815758639 993449538
100
618120809 935399750 413538745 667861036 221124450 440398764 78440032 373235192 234201685 72666659 469097320 787921992 318457325 884941190 458303336 881519628 483788928 457301376 505144569 105842401 753327800 189211313 909070971 358708778 672087127 244394103 396959602 243531964 508132868 869415667 434717545 898790276 169284874 864946269 469603876 501466368 872479650 702604439 981481663 252519246 853472168 359165555 116421052 645793027 12391589 724099237 609651379 211965311 418602026 733164185 384446845 440729024 114728687 894239927 875324523 948378365 52254254 712193574 780488294 493516777 107022237 886069400 683592365 675161367 313542758 43576769 791119928 796324201 258200091 436519119 865357532 710146890 536880683 910145794 608138752 754298302 626160296 504446139 864744107 232878067 972462920 343142162 426844136 460939111 307094627 235465055 408903916 630860596 775710336 561098714 428653594 531353920 582750568 646579485 621737992 237959564 140574874 779995751 485168628 116967886
100
634387056 76534283 871856095 887095774 342443094 528574564 377526642 39974314 622157461 577194228 677671884 237723845 652061698 412924454 889795563 945776517 800485644 528289296 490265102 665667485 797823734 961731407 399520711 838769656 845622739 712415301 582736034 99029360 967729616 758734129 958472531 358409405 442777569 85715896 614875092 158655622 264841212 839172240 479577225 897510734 113141218 964567204 219215949 547569998 280665575 324833475 556289794 786003545 866598916 589801168 777845393 662686550 320612111 705107536 842237615 300409075 254955965 621052498 593006591 60731476 199352776 786188235 778195374 437223214 144596785 954314778 937214339 164434227 417398968 345571322 424921207 26348976 249844100 500739422 620280612 613643866 400675631 845603482 645861177 432652662 185237358 504675789 270855274 213679601 660700723 44411080 946655140 757954718 888400536 324415379 378864624 534283834 734497423 49257759 76708319 80652995 847468448 636549890 758095524 861448171
100
502810967 763177181 558250599 644608430 792193859 662203098 184872996 782941658 657170583 57754288 658205846 212315287 181206841 239883244 962133523 234713327 545981996 785654417 210022231 628925804 765518736 356550765 183544037 274194957 567416207 67339626 389172662 600127304 191223617 675922376 324675056 332687344 214933367 148292552 277985692 298281874 482333106 583081635 742202620 519136349 148325586 899559736 581802171 3658758 422027245 922837599 346034734 105081949 115459282 234435610 95624703 824151622 436287688 521100291 812389702 479940753 891448882 552025721 452944662 229379249 972049985 174574475 281601598 247758100 75092847 202045705 603871051 756469902 869546858 450713318 75419634 750672418 206436789 23399995 783304249 252630949 308298929 843217958 850263362 886002756 358296367 63242098 475613332 861785264 496805413 809942235 365864108 834662780 940739298 447770574 556358411 86294207 940825806 789047089 724638636 141937128 865630667 265453477 195448892 21829438
100
832468693 83927108 115375004 607206036 487850131 670657702 129028285 214999998 660895752 946359233 5932029 735798111 368763305 900300117 429986794 143266573 248492199 847814544 684559880 494950652 159203654 847146577 731885400 430976708 780787522 620102906 867031102 809806910 447761129 792508640 463814262 583139057 898333934 369685480 357561123 304623274 374283597 358530396 253300052 522807586 766331008 151661352 599527720 256748187 291089466 954434850 464764290 683581094 602528208 305567205 748574603 965466195 36437002 656447466 906027332 291047614 950354486 244471244 773618228 562993434 6691156 361323826 24084299 79599056 566599972 690743530 66738949 928419678 399844585 474374050 48576628 469281728 946045483 80218522 821649972 674790112 52731804 358070651 476867630 389635509 701611484 381182228 834688803 795398120 310096563 147612833 162105059 903019170 99164943 793429635 487383463 953424620 974348902 855388550 471977334 957611700 951615683 629647825 965050069 880416576
100
681252439 671184256 558137677 129456878 757530361 979744760 858349335 440990464 790303367 235954199 828289679 848468913 29836469 165975086 22627426 30512580 656022182 248544556 333426323 908458580 796244495 539909392 121963513 957557910 704916548 988497811 688949816 731198268 620634457 2708677 16356328 690102414 650001253 632795317 590102008 915026361 177349927 608549403 264235731 293379948 669664649 483419180 733217744 503000675 311833465 158283954 247721888 34256179 600416274 486482564 690765336 486046329 755067888 379689985 242588300 356643269 394519569 57534914 473238960 688119936 548613415 847881482 277350990 487900564 441302644 703338139 905453073 960467668 811825371 927065227 160000133 592827829 687550977 995810546 106507858 876148521 909411908 933052377 213103143 964246850 667828704 685855142 358807971 720704915 107356823 8966213 845603068 715272461 658776460 578581507 987660323 337079999 772866316 569020425 792036376 315408028 121985038 274294883 931599501 512430725
100
403596659 63870575 854995801 276982172 728856237 876852718 990675611 379337910 812842207 866873181 262193688 723561037 228523968 320449466 823870717 824224565 14400575 48077185 988248725 972220621 533440583 87044188 996781809 860667994 71577366 492828630 10485269 884025195 343398584 778229059 940035697 43975069 604437813 529983466 229436808 637081303 105608580 544250898 906255166 9281971 258879489 178684772 235770272 791295022 100140002 968054744 460122495 459988408 335387062 589302023 254101480 285319239 230893043 103181657 466383412 556710446 977241347 815367623 216893614 26969392 761863703 151924449 793548142 973663056 643203112 120168753 689696026 170018055 148630330 621551233 983448031 476159017 316076145 301888800 337226374 729814854 947368979 894543633 310289986 974351978 494910726 326644400 882896005 627808505 695490793 629673227 781464682 180492277 710971129 648962679 948008581 68408864 969099577 132036508 177773973 723652140 943763413 496003248 279541355 10867896
100
688788763 280569499 157317433 697318547 430328002 795471101 557918077 587169955 581924332 922728295 65957094 647555820 700046399 471017317 815072892 947827125 759774456 80776300 412088023 425542407 787537018 974728687 233080441 861653091 687942093 729051605 927658616 449075958 691407649 168417247 893488631 769822932 364120017 667162199 437297073 923876950 669256815 937111460 781794778 541242329 971371857 239317038 69568676 917809729 441134335 646644356 346690807 81338998 204204408 570477570 302083542 410780471 483103384 447704866 778040180 960995695 888422603 112487735 765363941 276320063 622963547 153304919 992612385 789328672 733552008 788543595 394904838 730054699 408719844 821965931 175798950 991612256 99995680 151251858 795847912 352266048 839134040 491902584 312281144 370912890 982914384 358984384 36862026 639565927 455799478 298120946 517387841 988279953 27226900 353971786 447530624 163608431 665661852 342158497 57579325 793036726 805521703 608167342 224452733 800192292
100
56299526 359959540 108829351 834077272 702041359 998217459 302962945 193833074 562811737 209303923 23513992 779915883 316607892 760141614 919481622 427065221 425328840 598849265 450918905 241991193 738823499 457585480 183871272 7517333 252784998 850554657 214835132 374035444 912631077 231373635 917901015 93977632 490387278 933938095 893031257 552835610 329225259 657943104 329433976 107019568 343101822 153236929 24615216 987103236 460957362 851909500 245530870 997629562 114822326 268126761 313417758 181803293 64159906 988232601 395369705 523871848 67474963 43110919 540088506 948737902 259830855 700818853 918979356 882444252 666356118 522867076 88242626 882269977 971813720 779699125 787919803 646872871 596930320 839950036 420931551 33753676 24828089 603493419 255307988 753944327 549496548 222609777 583483379 893639845 98562061 890946305 914427400 184373384 479862117 965682442 514188931 907790224 373351881 405801495 726902885 928619288 544696750 834138353 698207638 279674672
100
274774090 987990086 961624495 70302089 431425520 719378419 435187588 132384515 900199124 989935203 454421762 710902850 3260899 182537365 298990323 229960990 474014928 104921855 607418908 205714434 813538838 60544387 153719435 20482668 361624652 370564969 738257597 297156620 658036020 29586407 319394887 440157715 463944476 270824110 423112737 641429930 758011318 417120568 975648433 645032357 869518740 859197554 839719532 924921160 809904788 832746713 294064695 149582911 431510361 360477389 643925468 424409900 324041440 64868537 833894138 265017489 571219686 301428052 230583872 154025796 27396491 391399678 911303219 282164294 859080434 154804852 243917103 862547306 955224074 369277736 295694121 596218579 72884099 833106632 141590140 756540742 386027014 606608737 480686835 718273402 80297441 341805235 63178512 575390258 895606143 152685342 517346314 154889195 48412570 640795387 172833232 403412468 486078172 901616718 920669859 352144323 29269107 713575645 632163867 196161862
100
867356099 336081387 866703816 728914223 854447369 547608842 737385427 972106777 814775060 874355476 926669638 396251017 113989305 855602825 256621940 167358957 861156844 904644263 314777707 747391882 305678527 665444070 27216307 640380074 281262199 862235718 541311082 580007397 738368532 375540970 777484834 931261518 112549925 440007666 446234295 260462660 538619674 551171925 148241348 439765603 798323957 352035992 324268411 403877917 901476438 480807628 625826585 887127475 142215178 44291107 743856285 194035401 867966555 965639314 371416858 244845414 728246480 194151799 449593255 322573029 282405931 778914280 519460589 633793980 831871800 134048985 23733872 624727489 731958804 273885167 576498152 656138753 573499459 818760668 278619293 731634212 850828761 133880949 590450360 862771390 813611328 557322642 301399595 43225406 921189604 944574320 634253086 172797091 699568045 728853377 859622351 318213688 579122895 727767586 940679461 515245922 286394788 8291390 278400126 301815277
100
297024648 525191352 882829630 86000446 184645410 247696003 293067209 758873251 218210165 240084208 229850339 208156151 901940206 177171130 736919118 65325663 267559241 987855562 963580078 619078979 845732528 205476662 924601276 19730127 471941802 972538121 691503810 792994977 161873491 342279017 258189826 286719038 497791625 97870644 958333427 984116590 371702827 766887581 717991734 662893047 772489260 997775171 399379907 981018053 583996533 347178093 671205414 292270142 844368972 523065965 382336246 593347247 510187827 915701801 872305030 130921028 393574015 325322633 482584564 999356640 213801804 102837863 42346397 226681528 507069135 766672990 601289731 85234531 419951629 891095464 844033077 126842698 470628743 968612494 147464811 634935593 387163567 919443009 809613541 325433997 926357597 79778416 924410520 69555644 953770032 123953200 605487887 100795023 219437114 709526508 279153324 35948970 594857657 524523299 613095834 850987936 986345037 588649566 946136503 231623636
100
742595753 379624261 101781790 849599308 632134287 531544958 160262818 634392133 642008985 566656486 178022396 864942172 286896966 423679138 140019160 284363728 364646126 701408329 217072091 655351189 98184768 80309257 529104059 582937361 577166799 20442138 353296524 160407132 745261650 861190771 979142357 648672924 382811126 815367211 171863522 837903650 575156668 511361911 674940229 892520809 8645047 198013293 445712961 356328287 370798782 145333370 676480754 692272773 722520828 808723840 967022210 620219194 337528253 784871996 188243066 966597206 275245831 683137901 329770853 644467543 330062524 383031859 988430217 119264674 284572245 463018734 719803793 689742227 816399830 872267129 693717401 202436218 275462970 664038601 543158808 279495028 207302895 369119060 474919386 632179142 65693154 431078341 85305519 887226121 696941498 140910570 400231318 107135042 143349224 930955740 671694785 410720513 54955342 820048081 340512227 727173578 599731787 41620046 811124591 613064182
100
970956265 656897982 840065787 301352194 305863916 33563421 174512220 239976007 885528048 415100624 76152617 698184168 73997178 627196478 130074335 431653627 132897507 932702501 300977172 528200398 364797776 469099596 863191266 95476963 399195911 45319628 144601218 744081861 96775840 900615722 165094191 905679982 945486530 92204286 55516342 672296068 150818252 932968250 463282717 496066790 110088799 605407614 510484011 675921295 327801508 134499910 572623692 464505653 735025991 57256688 635816646 357547083 865773051 751057892 313133713 963305846 584695742 919270745 919111605 110692693 850088248 887029259 50095415 524134330 514655923 675209801 290472151 457803242 632288221 16801718 724294622 312621561 130521841 619528192 439585569 20359546 124464015 41217463 368313925 570018055 798364107 914869569 219256120 987711121 79047015 328546676 720119499 454590188 558133589 295935240 155236234 594607688 332426066 67207581 219203599 882391594 13639724 567701056 825354912 580090715
100
600713857 74357026 724573106 377140949 838963948 861456087 180523497 495540552 772114935 167098759 15854847 241195909 435317175 876506855 753029110 48016251 388091383 84339555 163925801 451852549 785933961 756060585 943889659 755468366 632047844 914550820 619025264 191660348 538101930 203923788 785958985 651036438 163235111 950361638 120557574 799265016 908666823 389104815 5118905 448649119 713549109 754454197 971619887 940392171 355725758 797390963 61147509 366896466 37013496 476439194 102097712 711749901 313220997 51017377 254438330 119316690 449909084 742732176 87900788 758684177 941251830 211392227 370587414 414246441 116397351 589020231 573231755 742039601 976756237 930598541 736520106 263814492 171372975 171567696 351028280 845151125 346507455 323285463 190775919 108869049 234842035 710328989 712609520 816967698 166255939 262827652 85375565 45468570 373302664 400778506 375974975 372712549 698190951 751174359 175595345 570460980 165932852 846029822 384365878 406881291
100
302518668 151871731 983353407 594016962 51047729 378650521 411949603 934142271 813412521 362719876 937996124 564085481 242328737 357488244 134124372 898075902 52013950 30477791 603393731 636107735 706164690 10842551 447521080 359992939 827877751 536828833 301566270 372855678 903241700 704298375 472697675 783696376 930497000 745366979 17763832 774903388 640120013 565604474 940878978 736134923 301784125 700844846 836642378 246379284 293708258 574991199 763651372 445814337 653822859 951449738 301092952 939201549 990819357 363369776 404862009 649997220 710099555 465650986 322747989 97222041 146050208 178480593 863428727 451925265 346958651 33836655 50329287 201051106 414276007 397536304 719569742 749112123 417952194 553408149 153976875 400194044 727469615 78736493 480517201 309145693 938242124 613265860 742691791 582801568 524220855 515258399 688825093 307040278 870748560 745169545 491433792 20004632 873950587 387398156 699073306 320079679 575149457 848379615 608690014 776641966
100
629010549 564303212 479827286 981823100 17850703 624429689 506690591 186801490 821839298 313408288 9258842 539673538 68040364 248378152 120249655 17972203 665165508 735720765 683055124 304259803 280134806 960869659 85666915 375027143 55036499 994020245 711949268 362299385 228962574 648046674 55327735 756503808 759755093 634319612 631865792 998174603 506303708 494214954 454639839 891623597 90372695 503717532 769590333 737861757 390214776 815553739 871493681 190360511 202298839 737083549 122506066 558210051 271159073 884342806 485451866 843449877 889516184 530976376 14388821 637789385 290273578 69674660 774460042 505981627 439233953 770310493 15140923 644625378 98299205 842391959 574713028 912251460 765585481 31899952 634039972 872388052 1739216 370311207 196054875 126522655 101859761 540150745 771614067 187297891 550969419 255000996 618611013 784523135 187693967 629440545 766862969 381332175 216590691 681371708 283560551 757892260 415993820 209224846 388749461 239551557
100
297646851 435243624 983510203 381181011 628883553 738507157 154861499 665943802 274551046 79685526 778156811 668011702 380199732 577861611 936757321 724973568 712362979 98018990 18671412 168374126 136204169 756592425 45515589 672130485 780067332 555980552 212922455 307784992 702569777 4340635 10367200 285417887 580546048 568516235 815472320 790459504 552323245 414224553 986474243 514315233 375184260 755312079 672636818 906973873 855043802 185112630 871068864 435665659 971079690 233990669 688582769 667085204 61032232 286419138 380540154 55137967 791139904 509549322 959010472 143927107 536905916 312629824 641451173 795812145 557623476 228273756 46854535 766707606 427859441 344111048 230897481 941051443 215880323 508270541 812607287 515297539 331193975 495372903 610340597 64770032 590890789 338651296 321388049 226115567 824621371 993885659 760493 47055666 822100005 128967943 61679414 386727691 23289188 174825286 868428888 475565579 114857755 511313775 116546881 845092384
100
588206330 435980084 81857839 401391275 596523373 491175637 371514382 57852378 190225422 377610670 85395878 34597664 87945485 958579897 311241751 591259107 215315412 296895756 464673343 20121410 416501952 128067407 153969025 157515107 266777281 680888903 295484853 681715911 196926788 444310986 377496807 169331815 555367855 889962926 141345049 185999651 52671926 436358880 845370323 443664689 152430682 787872728 335737217 738951205 910008409 690124117 548700148 407829649 688447484 639014170 795994770 388464583 304820745 660571669 616482018 431398968 316039299 504382268 185941126 545067866 184548535 180101013 889525684 416225410 968328237 661647663 209661332 246519824 762903427 229403772 8903746 501921596 775436347 679948961 529575179 339380741 171215274 648271098 832484555 932609802 654830826 917053202 245199392 87749469 98219286 242881495 230253598 891436120 484733443 519870409 796144757 267258362 503582952 329586763 86017932 404866858 371936676 656819925 81050962 594217393
100
283158011 368776080 656354627 494049532 102951149 38014155 759226585 771391215 905781130 515662383 640581410 721405523 269319815 40623260 660817391 423667412 634483188 120310589 543595520 991434522 80958655 343459196 887915335 900578442 773289731 997709416 348572845 662626299 828094945 448749517 830478049 668398249 806806239 489956802 318254031 368069123 780087287 671116405 190080391 926431645 495806227 738056396 969537509 591696569 600124137 286449429 82851027 73356837 917486454 545525529 14673038 370529719 401777518 729872334 342389439 158599369 709952773 529655597 732421300 43486690 837784027 725969526 982412971 69873014 955428579 838331304 125168359 317228177 263289301 477177507 349338763 386276199 806153106 326626829 118127362 13318788 786108987 150831566 783131780 820662359 167850421 105224771 285768829 858786832 30162704 544922624 973305963 594164743 715248638 354776753 967947399 528168641 745549553 746865036 997895862 196195926 67192630 278537569 252414194 796989344
100
510999169 702790049 757506206 609035635 451860964 149573490 755619362 526584095 449257407 516106192 673838793 469810423 677966780 407407921 238420587 389384975 332364656 483028685 233214862 837594001 855826435 467533048 753477662 918916760 948909161 664992425 716719283 266035559 772448020 146026321 515302192 147541152 547629483 999158422 892589796 654359034 546613880 392924079 812709198 832877032 937689094 335201057 214397674 466364357 29296135 754130013 918600566 376603165 408195311 211755715 170026500 251712166 634968234 151272472 496950775 934899711 623020780 138485271 487571908 325313190 132317825 555840718 119198573 90768922 652283587 952806153 19983594 658118867 718027784 121739056 705015088 58641974 158584978 168698199 435694260 884330409 978089533 641827377 690546422 237792477 745718625 707229866 32960085 330621987 923406052 245615893 764747563 247323686 442511347 815864608 923635651 133718176 183394712 221066941 163553098 128699218 378803969 229721508 15895723 444576855
100
664901027 749395471 431264415 977911419 700160916 736854774 299551963 797177863 886468146 463464729 286660496 824351921 600414677 198783707 884920379 232114109 496174625 75949727 32419010 394719937 509705094 102850673 293416841 276474219 155678480 271441643 106161189 836242763 430110742 707170634 609647464 736168555 881390748 845870291 571258747 595585083 548470027 529134155 97651111 818632338 549196795 934160025 541871384 951021737 861605729 198058708 336981986 558551302 998541955 840543205 685404927 274976164 917452850 384756898 616633835 750041694 601779943 770352780 670198494 335278631 941403510 590778880 194946146 204781859 919731462 864504477 28242623 616705744 206353502 413019597 215706784 776923130 361473130 82383742 499689439 336101300 237485505 655594473 803896864 749787157 703229000 435974220 944131389 705768745 494549379 265445297 834225717 827001159 487703470 612768165 221242344 604833241 778379699 416190334 434840355 829416480 514839005 748747942 264491109 442630336
100
259222036 868999502 753189781 327413075 480576177 493634392 369311583 203877959 947843783 198739991 623519834 405013285 230479372 533588044 438686010 553040841 204299884 598478270 579211635 137216605 881342919 375402550 201768613 788017693 768214981 570473207 299083959 681638536 833426807 697528595 538700121 531894159 325916895 985002236 902070391 141811857 303418052 861754525 978139163 198712783 513620386 716276611 114904738 54739007 771119249 670912 746192777 320210356 382533820 657270321 937642876 869644763 983504217 15079545 794362782 477065904 66807766 26544068 598325551 100651840 239592277 247695376 142207579 570851851 512266426 809631245 393516059 969700323 298427782 584564118 338663376 765800732 532511054 241176379 713558773 194026455 608584605 717310910 776022245 156041693 646431798 530796302 729934801 577701768 322452783 446778330 677439171 521505733 281433523 89143413 283633909 585855515 158779724 249164116 848658703 78489055 806141769 911049795 794111684 931634355
100
352580156 159048800 193153848 339287180 747680004 148113273 824021842 514917675 915561696 371103106 861205338 991991645 847624770 530550506 926260526 225782649 636126220 824868017 807885474 627143997 630828666 351322994 329967772 682031701 731368732 383462650 903399675 516225533 204718880 441588094 821536705 124515804 669395999 352278079 656543450 986967953 354717567 570738821 50471080 287998345 1925330 829543165 822602079 274614600 200353860 796602284 986719369 913825831 534862379 943021483 412464762 527893698 688590781 529861603 301489314 137305280 10398990 982808118 785787120 633752048 403457743 648071342 40286408 518192439 256286469 418429819 3053150 388962678 831409120 216364331 753464560 230494846 534008789 939677591 333915599 944169689 514968712 802026715 896611751 629118970 775989394 976015126 994445191 193214596 181697599 719048751 831736749 263202668 516915789 331791871 58588791 420459913 77420747 366509714 882775808 560420066 324301833 601976681 28176740 391712231
100
746523676 823398768 175273541 223843083 343884939 202126912 200975398 410157791 942860334 710055224 23324412 380696421 745161910 48997788 999588040 319229234 862414731 111892981 543630639 105985897 268405019 897482278 497091124 908044225 350827767 552089670 35387283 142542704 707757009 879215230 243934831 46479979 556811034 182081793 324002114 573880187 285848088 981658014 181956993 795970347 905723450 543239419 759443846 389376357 390356406 60767113 754298491 521244447 444625544 692471576 584034060 222715908 805076679 579935370 949103595 56533566 120096679 530880736 289214538 182074125 119646532 875480420 285702253 769792323 693258898 283924862 630399154 9096727 614723651 62583384 662722260 189350445 917782400 689558678 528740403 137470191 50421504 373984386 177619034 278908458 868850989 339576999 655171640 198021873 794253071 847153479 256887008 884059283 960596961 216144114 423073140 616007235 266942701 781154449 670320572 366959997 144036834 551535559 565328016 193840896
100
11332938 56738548 814932437 664736958 900095381 125465714 366560923 742351989 112914297 863939656 939500845 430413721 641046985 789501449 76118559 205813347 722812541 838251377 82694435 418166342 188802699 352893197 731009906 694541059 428449551 386542094 823018814 512940861 453676911 215252780 148132484 116838286 607243969 729443645 666067394 453877294 611048386 312456674 951988692 720017725 297548892 30266538 369367281 980979712 460421046 652038270 453034149 136044607 817726273 283350112 374190244 897813638 646797163 194932812 144037350 207179600 713975201 529137490 808778632 501486489 592412155 439367871 75647226 643728797 545911352 344353028 589314801 851998506 841580877 973147035 487694484 130330698 797567346 95837777 888689906 637644885 329892115 145096729 650534922 234907319 642521208 145836565 628762679 479212978 157738031 967953793 717259691 212452939 619623846 167203834 196775294 661310791 888638154 529739116 803112264 367590133 772744153 499405852 593472854 373985211
100
313273623 889802479 740669354 275216506 745088513 170494359 644025440 259302658 375019354 960578079 783587768 352184849 188121273 91635804 643813156 912801995 844654545 91203387 166515560 562595316 307487252 498663678 270697212 499386227 979258112 874502438 673349616 818344410 911220933 963816885 93473789 390185014 390335280 893152258 780527501 11032717 19430485 679083869 796073929 812292624 615198140 121874835 843154025 844967377 781174505 278933352 969000963 467053845 202694432 422682679 25757878 410931471 634872666 335472387 142094173 270033850 426159719 760550565 741585184 972471754 250570177 317300291 626176054 433598080 989687939 298201404 258493847 249383431 39433186 474592857 723648291 147483698 775528481 435605148 194947677 237489959 349029012 710860015 165665112 484505969 699567265 242415946 337538908 139776855 488431713 280425357 694025602 821027307 45513966 795159154 625296203 431615767 952106400 467385043 618607078 124334171 265051051 733122066 615870331 718674987
100
657146747 200491177 522901035 291417660 740092811 901154693 737520025 388751960 551314362 473787296 100732581 902891667 69122968 516569640 242877343 600354492 598439806 190654055 993898802 395588588 353344954 270977536 617776718 936387204 926466099 550493531 831679338 618387030 420704763 632072515 676746209 142181881 428500064 174946471 396488957 66050163 964200062 889018573 391623407 338850216 969872751 787871670 83694706 948444572 44501520 138648660 289893818 116786793 828073345 39922262 917107403 963487560 189693690 319733930 319707867 596009847 944830477 331574808 829705620 543076186 956574311 177912211 244798030 956076790 365549002 28474698 175557193 155224146 944448944 708523550 508404677 60625205 864876675 587551694 86622637 298899816 391537757 545326071 770658759 903971522 684251054 428245387 920753187 222240149 549248817 593507731 850416591 805898292 124328363 494477707 892607965 735944405 802370052 47300422 218488592 72311227 494880469 587050207 719018106 823740399
100
522121289 413971424 141839880 427449462 235855910 8168417 285008679 910346676 986492115 667611581 442803270 120960053 298316190 275396356 334478611 274621244 55317833 920708539 463692714 641334043 1180406 605551837 306926710 344990914 332019004 624496142 661344305 637773607 521332233 848032913 313177818 395279585 241686204 376682026 266222280 77858458 117671096 155801917 439989494 56216965 409680 217850420 919759368 622826579 111137484 801071867 644497700 244840872 346388159 73102566 220080973 792894369 493104767 221198985 506714400 553400320 82814321 267207375 42966456 963525652 247081058 641939740 33563691 6330564 640470288 178397589 33228029 379323287 69442997 403676491 103648830 934936693 287582981 160558946 178322293 918731930 254836988 201707860 467512542 13730105 444394837 166657026 479128978 545324618 951138951 237228942 530079005 109401175 785345175 704237330 401573603 336406310 578653013 934451828 936385345 726988150 529739619 196675719 96744482 974236476
100
159496512 140977422 76593209 893330814 867777806 279673010 776654527 112481520 949409586 690789143 705855288 635447082 173381920 342208757 797190996 166328530 910166815 652724062 729070138 200299859 16924839 466654932 419905389 854777997 411089186 285233657 967514556 729502196 215005338 934700228 783855758 838135642 409774725 453254927 698431946 895941984 589144620 119627257 481890336 481000243 698837146 62607458 467584878 706855797 332895207 231366313 769739466 813825894 119786566 941919438 411987859 163719662 222521919 60122496 432611692 991386810 752271223 598848593 622747605 235364796 356844768 190724520 917146607 847107774 244511173 252388385 712511842 74963182 887189043 991681225 251878042 394025590 999920704 499659074 7256486 11731785 251044111 294223747 666921422 942463212 283784639 907360947 899607336 683250141 220616522 726572840 749950007 965132056 932059688 379644976 410361951 131489601 290625475 687578856 440764601 468213059 743923054 123715765 660002596 288666893
100
472839876 536305338 596980869 979756731 251899983 306246773 176415777 327541225 695036620 749526326 586125442 742084472 302013142 407125568 212488559 536189826 973319636 176323744 233117536 251314485 278768107 155104107 400469328 182404909 351070661 487180771 17173352 227161599 552523894 741603423 51739128 418754665 657142090 463219087 174449522 684951642 107765156 920984155 105285373 903291678 56628400 521781504 989967992 837047961 179041676 50942438 337355999 681126705 908376381 535039636 212814684 554124302 884532701 489377845 627879365 38051565 260185042 217851720 67492125 629294088 428992092 530933099 667721555 438919216 464490297 733121312 995306504 345810548 874215149 841786724 784064215 906385841 724012637 228050296 15638363 877460312 753008015 108130565 518489847 106728800 988276845 156495138 382923737 630962911 3554166 385959180 422305600 84447698 300271510 973497359 220436911 915501005 541210344 872289296 636687990 349952767 568586196 801775499 581154847 199508100
100
668031909 817098035 409582293 67351525 886175913 818885894 692628306 245355608 657520356 505736027 705374164 684028318 463195563 619950352 134254009 940235348 29466176 935305131 498918291 141624505 920310739 564138876 681929598 364687966 757379882 316481753 541069378 529440024 873827439 489355705 975567623 762796117 969927128 446787180 791172237 923954715 854213293 441359924 78127355 960217696 539901980 456148324 509196831 27442593 35851500 429671026 713634639 95510349 363762724 467280652 753418410 766348604 429654423 561365844 649337980 164707133 126538685 141623553 364114016 136861027 312174842 701172512 129757268 21480872 764490977 38613705 778733511 52653215 775468665 230456767 845474208 193247755 112145012 413832087 931159089 109643201 233135930 395595721 793336500 447965694 757470936 687500914 758803048 626942530 827365980 879428522 344451044 821744619 481610628 384892655 252343155 68357816 385428661 865726980 414220066 133008006 825926753 362765861 227132418 656840896
100
986219542 517262959 887107049 326708926 274725979 822993269 969734393 177161738 924558295 357942105 382897678 941515089 896062411 948087281 336734376 534786276 579916327 408905265 127624444 23452876 48498643 262979739 908880241 345793967 503645965 173445543 68924790 217273840 863528110 441096243 167355338 343436782 484592199 773182321 167776208 896930622 154976992 434168866 717727450 28121989 867460383 422887529 208122922 84615685 238411529 381733765 255255833 343704445 859509055 520929106 888059063 698883766 571217046 492989162 938475277 536760565 86014537 991249919 843185017 79432572 496489241 873833935 116100048 382574181 199864617 339925753 917702101 621772226 966571736 364405587 552508883 735167819 910129354 15680041 326701293 865822938 215624258 160307233 708028266 134766514 346941119 89490252 656026584 328558158 483342205 687610256 872754058 173027381 415521773 416179914 754344207 82532457 177809961 370720210 436462219 543870941 329710539 544636677 733620081 710047845
100
303510138 453147115 870705476 595364361 432387112 641937885 749944636 718584671 551555585 309376434 884614102 733406910 327486805 853225816 221380235 494034043 100633781 407142402 857715313 781379914 680487092 858066324 637765655 867975317 935785231 269991631 803516593 471744913 200577404 913824822 30347482 435775800 635230288 533163335 303374932 225465703 332144097 219964302 433885421 659310040 410374023 754712805 982856752 684280598 488920347 157451081 325163350 534529776 569081887 25380105 845434511 754404391 437214664 236792368 910174143 996129159 15323540 505684885 940923551 64596219 902174955 769005463 79932275 288537018 279324493 554060713 781238202 223270687 17748601 10947668 235412517 503523323 814802719 398111127 411398496 56420909 955044614 492866366 730123515 314232724 329137859 999571295 447044183 191551383 805772601 417962956 769184948 476849583 359115017 122263212 194112175 795246446 15854170 514513970 331857870 795988074 30963753 856407317 804640239 840793055
100
742389615 445912159 834634363 64826753 685157816 607508910 612989373 950506519 904640060 148550958 774951905 870773616 124658314 716171159 603372543 986111514 84164745 411606298 463376459 754338532 60041047 372941269 316658998 982923153 403083121 184404342 794959555 792980285 10164260 697559492 549025752 426331244 472125709 221095471 276136686 312537528 922987962 851562089 959930433 937594119 309637951 292823405 414933769 579339450 192732310 389008180 832146147 941453298 643481310 841360700 705128608 331287288 95457035 228692410 101360721 486021083 899632488 194708033 629756664 52367844 733664382 23529076 418362777 737619007 342182052 875036102 705921783 588995791 229396525 437551288 949010205 735202693 746516593 538670986 421280276 247124942 319756864 658724218 531348773 372442313 957802404 378287267 310406019 541160495 379329378 480852694 779084489 676465762 962681877 458445719 675562374 292269784 166862171 153560394 962317276 468616883 610499919 839969278 469468102 359471345
100
271975776 160769806 319335577 244421132 230154522 259898442 730735489 779509806 652228957 985217829 889105412 289283915 868978820 2970712 107206712 848810612 649632438 84519307 818115409 325564965 739683417 216357696 314948498 213828443 382786717 829882402 959669740 401746233 514963693 229423856 248332652 402537311 791402816 485037783 839297396 852771187 162057661 665015300 894186382 366362968 370107361 37980772 885597599 411568760 949380105 498163016 786527217 161536152 898792714 973593233 859677052 717473237 109752550 546264827 376347579 684560561 79595689 324775398 125465821 588446620 534762075 272335995 629140729 225540440 578680120 329770538 48578802 621643040 175126922 78361302 582885199 994581234 773751191 599642274 268570452 647735 864795423 193700137 846467367 229114708 877581817 853118768 322068417 365574612 134029619 997272793 49480109 33438533 534103093 348276425 708975651 410583661 384309627 959662998 11922334 781661958 450865557 460998176 857947312 399113288
100
434197444 685477636 690249026 860431281 601991275 790767230 787273701 903651008 895373098 951539736 446906126 324334827 477076297 301269287 26962845 126845683 197520026 147627305 504816560 182283555 585153145 221986657 750315247 353762522 423003889 112505341 488724908 815471071 621114380 970588899 155619557 68209928 638708890 750610326 636831486 768178736 450723513 227042247 58221064 768778867 528245601 203711871 175968430 955229650 680029166 178214641 538419587 467577416 284561497 417864848 651875464 787778730 932935591 716055230 284121349 864725059 353843400 831388282 642144358 917664240 693838190 759914444 941974556 884100730 416329604 391216454 337390427 421171862 628385641 505381164 234522953 292605479 372245351 11014096 215600883 100103857 277912940 155184153 490113508 508809830 253645943 732853007 242570710 311589206 424866879 508615585 687164243 356331361 113366598 687620070 345386986 709164169 449303217 922308515 465667567 52355108 947647033 257274479 983247417 103507956
100
164033082 21718271 870268080 794163115 193566346 586292852 488835533 183238305 398175070 289987301 269399156 779671421 142225567 60655798 556554036 473826563 245435801 209394882 631812903 29003379 650987539 86233224 436094713 614626014 344001663 828504517 866340538 21103815 564182505 832327895 912251360 22018048 200819839 657036711 746898502 810546191 284930600 190437849 381943792 13478372 537311330 908500 209513252 431196674 237866784 353713690 612708076 903570139 617748467 501459043 546957901 868883905 690629248 942084916 424754157 926850100 388068456 886824871 953516973 943712249 971322152 275066828 591584291 603044686 72307366 178759286 314031717 352838799 975206143 791694952 32575134 483605086 840791336 634872169 605120480 682466919 359599826 361763539 922658080 391171968 551899781 151168412 676796211 967631932 404752183 366003832 913715869 186270804 118300523 435464625 545092149 576893385 774873140 983534128 45643462 705914608 96611392 600898584 566709061 997240189
100
382090121 118556902 318199550 679294750 891955774 60095800 640734016 914885123 825215973 646738935 911740192 753858603 98189868 825040561 953102894 78909310 899410295 163076103 884739203 329765633 307659635 896335449 493823378 355825044 322466013 128950141 996011794 262247375 328928301 575233736 741308814 472857923 513254956 535485476 578429276 730912104 931976067 820782008 159127338 756879545 906063717 760944362 339457217 224991230 721093857 58994250 488958637 632386155 796107830 158702958 119816187 974896726 446837625 513971970 719140432 512808639 546075785 787841622 97051718 132830678 334976166 364488320 558333761 40068102 246288653 652488426 684145221 413257695 126475797 233127594 345888365 134033615 470841801 571625037 495201194 369356558 141524985 230704370 69198122 763035823 247348920 488238929 450665107 146729336 71824750 489543330 949544592 811188301 431810856 525702231 302121229 218590459 320964002 714228975 204975863 571607296 628374568 622626938 394414440 313335820
100
5814491 278463274 266542927 389769626 660983484 373298087 426889527 684180513 153215422 997489494 811894091 458402290 214269266 311547395 664178455 602971021 371875426 565566929 478080848 50549239 554296166 958309302 857037103 5373175 19296679 962433523 559700742 563503391 665332902 777127717 532293850 513785757 789923201 669845076 345171399 109217750 212659381 222810062 604070189 288059794 245834829 625295737 243728670 521880184 613967184 594895886 785602478 284512227 539320076 427363649 974619881 74182182 937567592 3274216 660021481 11097950 161384346 225769614 414389899 602930852 379012267 722110839 440582297 369904207 354174657 440208945 26230338 541721892 271761050 423612186 668710539 833234820 989411429 724224189 681503279 50399220 360928898 806674653 145643979 944458858 745900670 809485999 369178398 758889508 953847119 575961425 217783870 120323826 279110966 199288875 58621490 927311366 920309130 319676511 520432839 186996174 18828475 419822842 582778485 168046670
100
304248103 811117030 715271186 587033268 203755663 611001457 343698678 513399752 615405712 781344230 514158933 904316777 779812722 83450309 927644824 450606117 401065439 749906022 527022187 12285799 219909412 485412990 266582769 437585697 924820860 621751378 384019689 629922157 84826722 786996124 290243524 786134732 647668489 136106892 531759289 16397158 528219258 876136288 103072434 498142701 497529397 665801264 42972461 650470757 3413548 163809837 529248195 959870440 780540178 414266706 650192627 127927801 290324262 632537431 479245858 624801921 36935436 332171832 325105266 300682108 931480732 607601733 364005742 566700704 502552773 352412252 680318784 531369435 190216658 819556499 498772064 11994788 466333387 113439437 728409407 106955646 413758579 896448625 995864534 1923582 771719070 38504481 736740863 928300830 24791056 756434727 49815606 629123390 233154319 234898644 591565386 580932298 612251830 275099443 327584050 323533772 221901391 897483908 263391602 214463006
100
398497884 140784051 596930629 546849613 522480598 534919392 953017418 387009955 27907884 729650677 659066213 994475589 315163653 421468951 782572260 213970500 513968046 346999641 995338978 494319587 838394945 214033600 913954732 935006421 446634898 659916922 282895485 916266280 419583049 64051512 338782765 822564967 892464121 341259 301097767 105696403 466967426 217535147 635752462 354953566 409691896 427210529 943934919 192807301 817065765 720542740 793445094 372294573 72036453 759851374 105978173 576839872 853360051 213750366 691340026 828945865 551653071 350720959 153862173 160562496 240550749 129481648 543650526 191214871 685748731 22433975 550217717 378629719 739688763 743792029 896770292 104132450 57404652 120165407 211221409 977640651 593738825 409933089 846086286 642000934 181089997 495688562 151747868 855597997 514650593 607258762 674845202 510802761 446571098 726772112 347599507 435870819 397819812 487650479 42399283 282933029 34004922 118914717 333256395 15336988
100
637181779 583437278 21180282 507356962 554847330 960510431 635134865 694130958 241136468 117923761 969146078 32196548 878762201 201839231 489807745 312855628 743996228 239410496 702125484 342143752 314875199 21441388 947797688 145148380 768596629 532112333 601308193 61766378 585541280 986872461 598882242 872013267 981186939 127606078 455969718 752964642 174982622 590034086 63079796 605833829 685051838 932333721 684057351 263541096 215250926 717110536 135053105 265699873 736569664 831802232 966590550 281735675 641225371 959255522 631962681 642897008 27036910 690433383 31980024 413146805 853469416 817498330 867327116 179623449 795826605 182031591 835325596 830867242 408454707 188015819 408064502 348463046 122534156 239560527 500552561 623774348 120319604 427103867 803671005 768824005 116391774 686552389 283965122 114480035 971212397 263420456 431245112 379264050 850590589 198197443 45930811 328441666 736255452 571601234 775329195 985620471 523466775 111400916 427513890 396301027
100
600739739 96897327 171486830 751734816 40121515 139901851 853681415 45914811 507829739 924597031 891026606 560011987 286735891 697677591 619245585 167793644 788490375 95193487 670339443 641936478 950812745 921498229 357714457 208987913 777907990 822617662 616483540 181959684 220207277 947853308 122467601 48475627 988745298 20450541 944014635 693836851 978426478 71125344 162622134 538764342 710475842 62461580 778750361 627844455 805948058 517547901 720115893 986334673 965708276 429069021 83728646 271689694 946702731 823064922 513867680 857937951 827074282 325424203 269052953 18915917 943397175 194417799 984267518 447919552 867459031 865079340 69481229 901799419 448432088 898549608 359457129 7944322 991415620 395247683 132710078 989785743 435003117 763448804 381517675 346983124 290287820 59621815 877514622 165297980 746310300 592507229 415400250 542996982 183048904 954115188 14268493 88528214 494939174 320899330 483598494 865078370 685613550 272876833 257642825 121494314
100
4398192 804567029 657596167 160782283 489535539 343931130 669064636 923591281 101029644 77650455 160458579 199090850 238767604 267359941 443056258 220596627 415334767 629089940 773928820 778161165 229425645 630974739 870707532 554886599 556068401 180354061 358901028 375552801 141212262 8151415 273769639 443344235 504449136 798020844 567961204 608846042 296084917 838262399 373731166 143062950 24246296 930214247 242809767 287338348 384073900 733976038 902159713 576044319 994459932 749520064 98315976 990480529 420732667 929401654 40191117 108691038 902217783 127970635 897975591 5118290 240039258 811336566 836226881 894651415 109942019 957842761 963439139 441383523 721745882 779850524 611127792 207520576 964243904 812608940 30464703 31452315 178085396 601750081 431737302 746944328 634653941 367197042 802313815 986773132 943448475 717698512 97616968 816945389 655400229 195176854 115635380 76113609 736639027 252517555 389790809 336701953 749070276 518270121 940427837 218955365
100
216261777 529287949 264161412 209938641 407586909 337090262 161149433 565809606 519551586 602560552 43276108 904011183 203269565 327175464 958113801 818791423 638201289 127557 491503122 428597563 586301929 687867079 71601249 86133455 293608207 507617300 131186216 404026379 165290220 828339333 326783933 208563914 503446241 375022784 759279385 613191461 973030408 325402863 846658845 805323846 596453269 580013728 648804775 296733850 229559078 69331510 344024848 372970015 878606702 110067631 237810993 875799543 841981527 34860923 28478177 318760759 103402077 181412648 178072285 52820273 466022610 587647272 710960915 844812347 143171682 173679243 202743842 195759962 999764222 231036943 70380904 536914287 467753229 843954829 588421665 362129382 228935480 836177165 788071511 765642872 306524905 658626373 776706693 57062890 389799678 152507822 318562589 526448217 73286694 369001440 168086598 346614442 580126005 351753755 463696497 361633254 372871362 11673144 143618130 893899932
100
204254602 226324014 841591044 316735606 52965684 637187417 856507915 886769591 803607661 132885040 334317754 711527744 441740744 103885724 283577941 828890880 437384452 711698960 427768721 856410074 848746549 12570439 104289313 547204365 602015992 802002970 337400792 888851959 387699011 441569647 81164033 818740554 3463641 793093582 250778518 621366692 865040636 715209437 578087332 501173224 201417548 869335185 720181417 24256212 916224413 608866910 489758438 889134757 682239320 956492840 784323655 221956018 739707761 936358670 991102614 395007839 649448144 320747548 405192611 157174208 892888619 817931885 306019644 639742663 613153892 365565875 287865124 9597064 540390261 6507383 355682533 308131694 81984450 419673463 319877748 808202528 121397925 46680450 964596881 995554536 112775279 177691667 914279415 703260004 973309544 497552172 330129264 740413828 770675979 366119386 151317156 631740773 516217427 157054291 233596820 162427076 524334373 370544098 809481582 718264186
100
70220896 38125728 263215990 240231503 532779635 801823018 709706743 806327157 582215964 920504799 863427841 298049039 97901940 366959461 639310528 637825743 402774862 445245051 474452379 308556517 129968628 805840436 355246159 639032753 385416314 716506144 593509341 729518239 422549570 468414067 295388077 899999977 357755219 198757245 102295012 429995019 2115248 103966056 103383431 996566416 311163849 164422620 915864986 925520749 770398821 140988272 71901634 288087417 595829263 166589518 325386355 7300550 443000886 104603887 437498981 175874276 577653504 475926544 959281530 559142492 860663957 423908893 319401714 210605479 670226724 618715024 164502248 615348812 53871851 563301049 798258404 802146624 596434593 606993806 546634185 164198549 447106832 740531246 640153413 619911282 644239495 673269210 895701536 607740721 584212997 829595032 177615064 68126103 50516623 150901650 335845741 529640164 493197431 125811133 636785038 422771399 725694563 87333076 323819792 360977572
100
225864390 12009801 639003338 154985943 448652940 108205969 845787308 217019193 441888657 907517945 874588492 23149146 489881048 651531020 88100263 247219633 752400476 869376648 158852026 460625463 786226657 409703978 735520070 970676801 149536666 995590533 607363747 400727557 939207895 219674048 875141644 824855381 545343606 1457840 41914054 766101291 586954231 753400795 209358805 768019281 990701711 47985435 779231392 217815186 983686409 942800372 677501060 788695792 638585560 423289047 906954953 146806143 530223748 303503166 906578880 958409243 837006445 100490350 808814883 149036176 671120504 231353814 645268076 372345220 324108100 411885655 621350127 784321209 189784504 580347560 714946725 181590986 54579240 77887913 439113365 63526304 259303715 452798019 142435722 713028477 628258875 106367587 75406749 926385753 668422300 641694442 505465324 779685109 257173980 786489903 115981470 422431497 552369384 819571593 163909877 769540665 524410963 757790569 588172800 646927252
100
499839023 573517227 713839495 243407479 504103329 788991990 965599671 24947863 219030002 211013815 691647065 318193618 640588947 967885873 508432423 751815798 491271804 59035532 25796546 110170583 881929063 502033216 440233190 893852973 119832795 979383674 824945710 247602590 217925984 2900605 761552140 737369573 468460629 531377362 748122785 52384198 426709782 839822351 412409257 900110258 885817133 862387189 95008760 677905550 817773199 312061513 624901500 320215679 36181026 559194487 489403365 415629076 115118901 284046162 230537324 52177035 264109244 278259018 917354056 522100179 401827544 211895097 17163954 478100785 586900299 253723065 985701449 279711224 326995662 662006195 780530122 740479843 841610843 719013347 302032242 292080780 197725965 522352310 808100848 992877578 333754701 370106984 58717780 386021644 262527216 669315574 922581017 654957603 626597130 217861442 738214779 118393976 70661956 921113214 551615487 101235835 867588425 371228514 567743667 257866827
100
438243152 35976345 795592428 117662762 506896326 409008078 532671230 36669538 294262259 33933531 857358629 420271587 666221371 619119683 276427371 749108412 207595843 780855114 923596072 545976451 540109876 743725524 612326118 698917825 633224828 79487334 322979809 290445373 115547534 853990108 150313424 563228042 374572653 165267158 275773712 706836980 302138869 365825352 791316666 176613991 387012467 782630787 704524039 311976168 220144304 701089447 984044251 509710361 528300091 457207983 578376928 141713976 109447952 43066418 392974991 99481637 55076778 791390055 194295117 908570160 81029942 389826052 371122369 832235870 751080073 967375996 704264324 172512276 967007951 885199049 274956391 632322207 303559116 932562083 438915415 688454890 868362868 36092445 712998233 435423058 909434605 771703368 324302115 349899399 906393559 943347464 426906862 955841562 1353178 287650730 79806588 22377744 833868728 19772116 804341748 599570275 357814100 741760582 976139884 841887698
100
210548236 79125493 611220397 862336022 959087733 827771342 187348200 916764724 501008373 528046005 516246374 987869519 976609681 430442887 634330652 230751818 935775650 228801737 312345262 340597338 602148044 756330270 919546551 235470203 274499979 824845677 983418762 978689054 889624407 45358098 417337236 87560564 491526343 965899293 41612796 356344383 398097165 628389914 583566372 423024039 415698321 119859484 919243781 263681083 266806073 280287461 218810010 636378024 161839854 577186309 271194158 705744583 518477882 326929564 106994061 987901684 577351732 581233128 780952050 7908908 874084100 344497336 797963708 170702335 554485759 33603429 147623991 430471418 567848111 104806752 829867029 401276054 228497122 115817560 566177134 131320521 149252918 580623996 324987059 588196457 952099672 550528340 58728615 97373541 795537232 305012345 713279508 176621366 664639860 809691023 499476496 805966531 429090405 383087547 823831101 255137306 878648599 588745137 341844781 447520363
100
377056221 217824111 103961651 721246567 651646263 541939043 381814561 636298923 489724709 626243010 949971267 982371113 936732089 893545166 828925459 432715498 825781335 707899749 748626234 465981472 614032029 732596601 391676307 954273199 647676965 977062867 625830905 26196410 787467996 333003820 868632791 291629956 489078781 473133737 327736522 177981839 50596184 308798158 152913811 854266087 607789831 306748043 141175587 623890945 835288881 486991179 26226165 757563061 610983755 96640914 992091156 266624524 418406413 3310246 101958570 575953387 302922678 165646749 622020210 449059525 548332815 853026852 346987175 946110895 423327178 716974504 52857257 116236290 419912435 845428253 870510015 313555394 318577467 635253067 138488030 575325116 105763647 860119940 40938752 632963711 265394672 474737087 172470803 213975191 872344639 223673727 764265050 21628797 885515802 769411053 357908816 714937115 39241425 741105806 915267736 52358332 758717836 455035143 957984949 199504909
100
639765662 659941298 574681970 729983899 978544066 859412177 509621141 447635458 37685448 21757320 478253599 143886026 545168677 931790085 276714023 481319683 996489011 601368604 269023942 629068283 712765170 652553913 191078178 544226821 893221159 415802994 868504913 620638224 252278512 856275422 762027882 526304225 104464410 863668944 715342275 525483628 938966210 129900268 635656597 802801232 936686960 770273162 449026292 514723263 375299189 254459290 902652777 843951748 981584374 226539936 574658715 126316599 725635444 332288179 786368403 271581685 426823220 296649568 300875699 939780179 399274556 914797148 177548247 936060079 438907989 982300722 596457281 808968727 236464644 282572647 952341331 848459406 369025651 528333880 708926832 630597118 41425538 434980641 440138209 410138504 691556776 458015248 579937665 434831472 731628794 870414375 160200627 527815868 95778455 413773086 650456762 477697044 466785766 858002772 167564413 895805339 611703457 523355699 633073945 134231848
100
667584916 476992944 651870740 618638823 715208263 927495500 895149030 159723404 810689065 221316841 733361571 298797572 982059033 833614304 845582761 331066921 13956419 323925452 838951726 664414658 893499865 944762022 722377772 385436329 186621380 174023370 108661876 749015757 86291790 841982255 488705171 670548223 693179100 155839650 954261989 659109314 577740484 629583963 488444922 166823222 992313726 422652586 888871818 282391095 400858691 727455046 691482838 270686512 481435513 260986451 492074911 627314372 715729220 206169897 295293983 579222130 886465557 84243304 86014167 461997700 554055443 510365053 971563322 164169699 326073344 508827340 979319412 277125944 637567276 800518947 462520502 393622119 600659191 600226650 404788867 47617853 938224385 916266425 314643617 329377021 165776727 794369939 806278411 385466972 945279957 505159392 530476319 624555202 535829015 325824691 186299027 267192269 806192538 359073074 936582831 691394309 974702499 927124092 883379707 770692983
100
132138719 247107629 599073200 739450073 492389386 583243712 570059964 790060016 305329196 686406062 742626357 227495006 449789443 171685519 302892753 483339310 429246169 876012743 698373486 975940646 860086189 225745380 316171969 56224160 431563637 775189399 479124336 575700851 440050429 565923298 409235055 439422110 788409172 736871720 964942636 142551164 16686376 281625524 138597401 366374339 514619574 432411931 969728329 262456562 269263935 44064260 745187126 332076215 876945882 330079216 423385594 777472742 881129534 829817011 133003327 686358507 994857577 587503082 98535862 329333556 102751625 152562244 3987945 19756144 637885027 115398851 630084540 422871920 445497076 378716539 9850218 570910421 322856438 637446965 773101401 47195184 968506693 21226942 603839362 931782066 768049213 513168467 165130680 636437714 667972647 272544560 585231659 409857238 565914753 195043170 857538467 916057329 597569376 157502553 454522305 948249424 250469578 874074938 554828027 991135307
100
282619700 209414818 191458147 81883350 209424058 179323106 607008675 548187351 173154302 462348916 851606439 654148088 901423861 334587561 721580300 314454503 629297626 328771058 651405677 696842610 62193625 994554673 98530021 717018062 758017464 162466554 189003888 704042141 33744101 944153148 385990603 969926378 754407440 592864104 319548909 634729587 155951258 452067175 648913368 159886981 872090141 922116111 128282068 610202916 871927240 137872967 234314577 346010828 451309735 146243575 627753568 645518363 144954562 386107430 906646860 783264402 16704212 867910466 956920407 847383672 642830298 21442903 758477157 485606191 429475417 740067558 905680328 898483692 74495515 196682488 110843738 707493488 218821982 893585235 616140153 119861066 642492686 557644523 667314211 332528878 245019714 42237502 217609540 142089223 825754343 871764993 43689093 822845987 736195125 709826751 678823437 545368133 417314862 193413928 438794019 146539436 655560609 713558327 846375411 221129850
100
835595002 136030753 895892819 189734401 594222223 51272779 627791546 230732098 2028709 565578076 208230086 481336604 552403878 678337503 915051490 196220608 35576710 555024718 377389981 73136633 578084876 154980593 167904813 749265834 775329186 140741838 831019537 256607492 408450460 127399366 817074274 682449991 234648036 577463811 550596834 204536978 728067534 140499693 216473906 10057548 238270548 499337559 180554037 81374415 343399661 430970276 301685684 188619156 903856027 836577830 380461972 899214693 391412769 920848694 207213873 694748610 599161942 788098601 306666566 696705209 392804894 13860364 906643156 777859746 119540862 260349975 478340412 684388141 716755914 63512869 803080347 108448886 270412021 70884252 945378090 128168797 942961451 296459544 839061611 769976456 593192456 105527347 709137300 566782562 402981608 885417379 576644141 306676635 739529639 940630724 387553160 676710113 821149158 236895906 604555960 73305252 677408292 969497722 891088084 527717467
100
953175515 904361035 176224869 785645899 52864819 605897571 647879298 74268584 1227361 741941326 759835524 371045919 249910723 230157201 253144955 521548040 143266958 530954260 315585543 547607139 7906005 722395329 950755425 53660172 286229664 154541854 465129403 708725500 10987723 581991411 361030039 924534429 838843813 624403408 717214245 168502925 913210650 450395389 711314947 360620636 272612824 964660305 583491734 544591194 782463045 740949067 917420588 550625201 457959420 533436032 183652702 147933534 506305317 165539047 670533842 940557158 87057017 480060471 799623629 459388155 704829712 171500756 752613539 257014890 503042282 269127671 852182692 669404253 900673044 502357996 663153774 482428040 182949281 541967691 733159110 27218384 123143175 842953353 655307388 868498250 808658189 59234594 270756930 414401639 873132366 337306374 698934814 739501218 166309016 535972724 171580273 276717011 771011301 364297240 795174729 624901717 775699994 867050011 877754198 540568147
100
916061907 736416054 639551915 382880037 902962979 412480277 12886158 150225958 606708618 499924892 604690263 774601281 484546399 327732355 446119824 585682298 654595545 748421847 222553838 984332746 290465587 672353776 320789995 383783080 578537840 76788612 142956266 970519703 449877968 966517714 618427106 697982080 13958550 907061406 984448735 63383177 859085607 914965024 618804749 230220404 782012638 343153684 576894046 909068624 462126323 386843196 926823959 248527553 189977021 277523272 573326790 573642454 133699623 184605765 682099258 205315762 33393872 568833781 718628571 847675353 633983654 679826539 283186194 98004631 59288180 776411855 526936686 156332948 647420848 45466799 551522209 505025007 237688069 586772486 542814947 328214762 58984062 606458520 939273267 988800985 11397435 484308196 936862980 677324000 136476158 862056383 973611213 896961426 331218770 971812016 626577420 773770011 783357398 231117533 316448102 393684296 140853055 505589287 842195743 504277336
100
323864144 397506555 138863576 365331667 85545742 1529284 917718357 426731841 298267741 227993361 879094699 733889219 938769790 858170368 349501838 837816837 157984492 316888007 751975246 600864548 875068424 716089890 445704945 196867173 975014151 728413312 983383060 236980042 213069604 774661434 970743084 886295066 394137768 862526810 745121563 436239086 237354839 654854381 733941267 197258704 796657558 795880449 207495511 531816337 969794272 61114267 330438152 412141575 959439023 215536997 105845866 751178961 399697207 702566058 613551350 891745855 701817151 776540022 434329839 984424755 273166794 337481419 876437755 755644109 700959672 650742336 365983748 556075366 553902122 848220750 799559098 371803365 817522547 541382918 468805497 945155897 762534834 172483482 662677517 27959116 311068344 921825346 625143108 358063888 813530040 225337154 179231781 21847515 79477908 290234835 936748353 190851855 45303528 210150622 781962921 14425778 805484544 383348618 673887103 885051509
100
272433748 583146894 477782799 395035701 621511328 287800780 900682733 30458844 289938941 857613026 368954588 435746756 45066425 735551721 363229266 309306730 514966532 900751901 632837821 420353445 741254277 711670801 616984754 451990431 814454063 16725107 746480154 485913220 499558570 203036769 693548718 667168408 360798465 548319159 510079890 83517091 55233721 234058276 855853430 993426137 515310829 983348670 390887555 987194319 697029058 722619422 990813580 626604289 689125014 245168528 336386855 111990782 403050922 122995667 217852660 507277105 642724506 312999995 367588942 178499729 746802406 130284286 418228312 505943870 301913406 322217440 447134096 562067328 651196087 948471293 149799326 925907736 857236419 296961643 695456401 922343939 22676507 740351976 496553168 639602830 634637715 943614822 309672749 799958319 336784952 48759438 594044536 503799765 220861343 807321005 951905654 310512573 580724903 960061486 282593012 462331140 996536874 682707629 380251725 42017698
100
504242902 52996214 645986811 900769552 903795396 482787091 992766497 332238309 48729296 561554099 906832390 623410423 893182826 99049580 9317949 382357246 567421823 60988422 293910494 782165741 477109218 621097296 598423497 220318389 738173160 512359593 173907306 724529503 975659501 823398945 576203558 841695600 107991327 900952187 443996542 371296706 322187512 339722130 742139054 282265282 400319212 873062936 493539278 393888562 882696404 431719328 318561431 307857420 733126726 778826418 349817118 461988863 683133190 593748541 463584139 828035582 794186616 497485207 986659940 805636640 137263191 536549737 11602278 160437645 65762647 333044242 764147602 839422105 472272419 590244100 197310026 22590127 275144687 943834193 463386233 276683981 196593740 447443989 751409393 57000195 441240831 321079535 793535711 218907384 116541697 288657039 455312943 919031936 622779415 879201008 985348693 657526585 91076979 544863576 439883262 29325122 299005216 271232098 206079076 97362151
100
542727891 51337632 463128949 677180668 912929936 420054990 571289804 537544842 441236167 130579722 850598237 678599720 866483455 95817776 587917799 792679594 300646259 184170959 218204112 213783194 945823946 610497786 284239055 353253182 212438851 793101559 196745441 481867272 115138828 705580845 841986187 493857082 212280689 184491401 555030827 681439812 151629965 381916827 142265401 781165308 771226513 468568218 965421377 436588635 673951506 277681978 709039178 192536908 869962723 260482957 393654745 238062380 51169823 382896719 675345206 826410127 561008885 586569430 69637399 848945947 83917584 354143488 103357022 367824677 502769401 933199076 517223284 549470460 127455074 864749398 684462970 571019475 672090360 921223066 304819567 226134139 646406803 140305944 252529651 4296210 135046214 41171419 609415307 382018751 330667700 436307684 786165150 144122743 894478403 701904235 338408322 373631384 953439677 114145269 182864867 790292365 633126302 288108659 922363547 126768027
100
350873028 793907205 260574700 181668703 405324195 323214080 874660810 101589483 655888561 318584958 571790167 860823669 244211522 917597996 214819723 332073865 800174572 914965603 68250432 439180575 991430105 516436117 134332225 620934139 2231012 352975600 275809680 261560893 717741271 857064147 691895584 658337089 547875296 895315648 403176958 599989770 544675888 383548123 357888621 226946996 763144258 724076293 870869669 711916457 646900706 290466106 230888849 524627620 308477400 671720006 134705587 663955227 433165825 266221794 522268869 846781827 771394836 839599877 145343778 403939793 970419974 514266018 781986609 990720659 83924736 668329510 805934974 613491859 683898121 628500656 567202907 851332876 880015901 644799298 635996396 429925182 180932090 847215349 123040373 694489328 187589270 96036447 611358055 893583050 502807532 963727533 666739488 358031855 504173398 455920853 315635715 405708259 295766914 977885248 18072579 998951535 518823439 438751702 643250846 325470088
100
233981403 907536085 289248753 964365824 292164138 618214882 53156473 994746355 572292209 839125381 182830962 319518029 447729517 62506862 364000734 146100008 469615753 703904747 853101712 849681671 928841987 227615163 261524442 459023167 556505550 46762181 414757741 273276033 111339664 806456143 949069794 138914220 310177577 52761518 129622813 765214288 599065222 157973290 568209168 473617672 319258567 955276671 802884656 453389992 624678038 115998853 163377968 730494660 588542227 723289393 978738113 311445394 978050173 78026834 807616041 833673508 164295939 281810395 610980842 242741122 143664996 239332869 289965499 17063572 56527562 427161812 260510314 824419925 627126564 139716685 659527276 299592267 694142984 842032162 734484254 740733916 854085788 920554137 43644671 477291426 999452669 662346662 142909786 93351151 664685195 663132096 775855718 788122936 721110314 893172851 286293054 682118545 182208763 734986276 971380635 876953158 953889765 78176371 253576062 337180178
100
510765820 383539970 681280380 577182107 946106773 915292865 238866795 728878481 67233577 99058594 43847585 103239917 585673602 562346749 691448764 154058552 756866362 333716163 380073258 893460244 452304917 410787041 281239911 203951656 224265177 747568044 240121809 946470540 728479322 87151746 786413558 55393653 316551987 417881419 542849147 5592589 140454589 514720914 10791127 862296031 71410154 318775354 433129169 702093065 598656675 744993575 358624401 992884734 89438757 819151294 557306347 530270340 183429607 534256428 249365728 213302773 4789328 114850701 356712694 538216435 399424664 293727706 115959310 692563155 576797463 271400069 270585418 897410358 849440747 194366328 496189844 475164441 782814943 963377424 612426553 650315185 359466177 82663824 845663743 592015633 324807009 491535441 334646692 845907763 868313863 737570455 452588962 206630425 756401050 30789011 710967878 49438028 125383848 770134415 854993563 286343138 242634245 640818100 823031460 68495255
100
131401471 438348501 654391987 862962697 824161800 261624036 787648292 80552993 177537728 262757579 557045857 400690592 442202394 296217877 467255552 470414761 737422131 861046261 9492322 536762034 266389701 433464473 577262989 707940451 629204172 437182547 748764318 530408255 271703373 887140571 785984491 608772940 917845982 674666939 732405138 458412360 686493227 544219481 650829409 818981631 752375463 217731234 29823810 597547789 712729166 162125826 836807244 136392607 757570530 911870280 316546416 459962988 459777776 648809067 897850608 541748080 912052999 261924294 458687843 950881751 57595399 167974483 979946126 947750444 752245533 408039599 887771144 237825332 311167137 195348184 936408733 911328379 720452286 676226553 194939278 76741507 967114730 224312319 227991730 63196503 223424861 800198264 986140110 550626007 969372151 486798296 584783063 103045636 859543759 237345757 748186331 708017181 29468535 958333308 324584842 594811359 994352792 870885793 985955563 559615604
100
200604204 788223707 139115360 562965706 55037933 754193597 445985078 430459759 622930840 803290802 536020774 246742503 519646031 491297706 720509892 22647160 39640204 676141303 746514392 330772280 914115682 718494068 580534266 794733912 302240608 298810182 517057826 748437854 5073396 981496897 75175589 581568007 194744692 490331384 542470564 687106427 224939311 439248617 196926730 751524552 632877163 917336655 244050686 640979576 407072901 459514425 769411975 928895912 268204584 589201225 441550466 43258516 396466544 577197899 943039179 258807089 553667293 288480722 544561564 158163313 589332559 368885170 700009696 17897959 416553043 972478196 563004433 890061195 316401244 681572031 832781050 803017099 504029968 984720212 470872429 100557056 366662281 515582068 58355212 757582854 594172984 997215581 649036133 822906095 975021074 637768461 753612071 703729875 69303316 739738637 755943638 903108094 315680724 24629448 422891104 157267284 434220224 960695127 774409414 287990432
100
640676461 335750729 841597114 734939291 231256285 109220487 776287848 639368829 254882828 629115738 845982744 545241525 428445798 731396729 584798710 192302357 373952589 128325234 320563071 424398024 924073124 526412121 888825141 197943088 88652440 692217252 992678597 764042034 128150477 734122743 21058435 76534063 733565540 16219442 878096910 220244467 898708699 785066455 533173138 220144793 933111458 289652632 146278000 856020587 587497903 129545974 838718783 780849851 350300269 325939725 323609541 556758234 291521684 555825424 535900083 383590196 508316592 724814168 202943093 661438592 445869684 366790712 129431958 163465363 755618460 233305644 45761636 554689436 646151205 129967713 308425701 330006219 243405354 476467793 737032171 231970551 393198560 443912602 232733001 595147868 189852949 268448723 117485302 70668369 106874389 865320564 574912734 794092216 136431398 659466235 943741911 537576181 515202004 308260604 766424095 968719183 814931444 239079682 219539502 117430613
100
644518934 161877431 796275906 88690178 182424412 725190991 811804132 24082175 118479743 794330233 33078631 535611035 212650588 675568273 137278933 473347237 330455149 167615821 267102617 242537964 651627042 806711522 53575010 983281301 554299437 752167585 320091884 184520916 872625006 877704969 392313896 330424305 419574097 317622884 998609042 689491216 880011511 29395592 766192693 974998421 1158772 678995469 170286560 807278519 498631117 270514138 147842508 371475489 333089451 350259943 417415718 943353416 578158595 709207155 127748219 757328691 625379481 321321826 766175297 489490222 158738848 730095092 228007981 28466876 592595188 621009257 778022462 669334279 591621196 159787007 17461433 568294550 303042822 927876091 381225405 885132814 236875795 151575531 229653300 74075736 590744300 356735179 244611401 948707067 604585783 583563921 264751912 237913561 683866097 610246859 851730029 811044740 867361490 538054313 105326261 46031571 194449050 253966598 290893599 882049858
100
467319491 819110377 267534517 944154821 311339131 812113292 132155923 603023028 166637132 905985403 928733 569664791 112898925 425956792 526646550 569946636 570255377 38234633 349931910 368929588 832526306 334733002 842975203 184949122 989029852 734624476 850918649 584409059 203358724 976211901 232398967 237232758 270127187 127042632 270255355 311867030 522649954 747742218 426628661 962566360 352180871 129798364 868817630 759969349 237881781 545663843 83289778 773837105 4115832 184452806 979867399 764196931 119006679 111718859 239716739 144583370 27119339 813142976 193536906 132597863 187945992 721931997 953346596 881383447 619242150 364846529 273950406 858675042 173705809 263600318 774039796 752835619 983081216 755228157 366795616 336460702 695409346 808007242 920443775 807624291 825243525 363679560 280411613 51394729 41448237 737974578 682392422 719721944 64653988 855600753 174802273 456063166 106385249 906086608 372943142 758032808 712509699 656541526 946089458 459095430
100
87165431 887052952 938634112 99172906 463761626 974492656 212797753 781176251 759011434 747346221 90716160 174160377 759393406 337404113 975977431 538419730 173644855 139785308 488063800 600376206 424403855 576592553 173184540 171159043 775468863 241339091 758820862 555761858 480436111 827655174 745196072 12458329 710818119 825310980 295550850 835801871 406116600 961426649 872042388 215066254 545617378 8327563 835594512 694807683 406495020 317760470 885688026 313084075 58074980 968880947 805761224 101860042 260167414 535662631 681573436 716529054 855647908 417656413 785433856 481935419 215204509 81669472 428516775 853768594 603653011 824246077 911671974 533347463 838901682 80204597 376140539 110674795 689170275 318111515 690216965 62492964 200730202 563397186 591715396 733438579 413156179 298024334 474822970 571409321 481530840 208146781 534490347 275516202 490372361 293877392 500200968 324530107 992003544 252728478 589630827 289774798 451742796 727541520 575949619 569218308
100
186384961 353685610 857738986 97921533 87020287 496621209 599165872 440044126 638233570 129467172 899802337 837612365 953535318 692083798 784945299 461695829 783245276 369722691 40068529 467324663 204215154 938898894 697602035 52903931 388876321 366207290 563116792 4582883 6048394 280733998 202602448 598583011 628644255 225102620 620832397 763529851 33328821 683370498 776312073 223598322 597089985 725618758 464935773 375202572 795491315 250697198 96931773 29454414 129724206 784146215 766269557 130879959 93071082 510915419 9968618 133407660 861826120 595397538 733651692 146495427 71733200 72592966 488088699 923959553 738997087 453987547 863494808 731160087 928835093 221749553 666837304 356998448 553874324 28450668 161639924 781218487 887598172 242206904 573313377 379182301 511194290 195497022 576638359 724828749 129578414 22382848 149780429 789678349 796172021 529670328 586542186 796287647 146798057 308414314 141027476 470575204 762821416 684789191 706010766 376204185
100
907943962 105730580 832956029 57215284 786502441 186377804 142917731 491396148 283542183 598664342 173343789 990780981 640013847 734627198 408703855 69447990 67626851 396401671 309817755 880483708 482780475 580057515 493444617 254147981 929086686 713709155 990345686 699390825 309553657 300574669 879991895 16523756 418199201 490142791 535440819 67255618 260396117 514416336 270439943 160462344 330667139 45226678 905996624 382409779 438296449 607698759 330198853 762983635 849067630 833350140 71485664 551912149 122411312 449916327 960642352 934284714 72697499 373735439 806011577 786353691 348390681 468056153 855063427 992419385 909869829 608927700 805335907 483276317 878615113 945916359 824819026 649767842 529947885 770279126 985352843 623040787 553212810 981277329 657873569 162739902 583587493 100272384 690704498 888861505 999412177 456976152 564577968 539702370 110022034 976418220 661544118 406074879 472388379 741966534 980596983 633261811 398751809 644653301 922293748 426014093
100
878458656 662144858 660602934 125378624 420550692 944462041 776712514 64445247 757974296 370207983 956316044 360875627 537926848 124403565 500833844 67381542 571907619 176941110 224417851 126169877 738474802 293500185 656348777 524447431 427251391 532929889 934982322 445785090 577730639 467220309 199749059 783108689 446128283 697267251 253270289 447230771 539465728 860134571 300294952 250600654 189368122 112292810 691175524 749827767 531476616 752116533 436538265 223051622 883793195 86451581 708894803 18590966 725464855 40852623 741475867 178150888 70059028 35119379 862371489 970032416 260691062 828547179 755152026 548606386 82135892 610925987 86053455 413362045 823538889 405383833 88326754 433789188 154565677 884810296 783402220 314794255 882476252 545160256 680592956 59401922 104607573 207372943 264366843 744280875 5566857 867421213 979570355 109391923 404629597 984724788 80859717 603069613 428484109 927958070 228982951 242909345 326805984 270174233 57102941 731685950
100
911118032 144781460 129983820 974036801 432768628 455076584 238832536 111924886 559705284 45078272 120744889 985088721 932051202 305595414 139024868 776411120 740128463 942676829 999484045 824627440 899657441 377801393 467216387 442919596 269149810 131348009 772708051 651310889 402750081 215474469 26565440 699488821 191447240 185013091 45136192 158049584 672853042 992685721 896976822 345374013 840157013 818223422 708070108 325068768 220960711 736464484 575075206 429315829 538224687 25133095 300016032 760415642 943789538 824837698 155736206 326967567 900348706 52969195 627562708 519575068 565115873 445088574 294027942 100260793 506314524 109230434 831781408 454886788 291343557 251375649 382298032 837490528 930179684 626820413 498372698 408560573 190021625 17645437 716818025 453163478 991061238 155685925 852926234 371867297 551746684 311196196 857965172 557795747 347693723 591539113 325862658 655025768 532763053 598742905 648533453 554205512 826608130 476103093 63801951 227139031
