1000 999
1000 1000 1000 1000 1000 1000 1000 1000 1000 1000 1000 1000 1000 1000 1000 1000 1000 1000 1000 1000 1000 1000 1000 1000 1000 1000 1000 1000 1000 1000 1000 1000 1000 1000 1000 1000 1000 1000 1000 1000 1000 1000 1000 1000 1000 1000 1000 1000 1000 1000 1000 1000 1000 1000 1000 1000 1000 1000 1000 1000 1000 1000 1000 1000 1000 1000 1000 1000 1000 1000 1000 1000 1000 1000 1000 1000 1000 1000 1000 1000 1000 1000 1000 1000 1000 1000 1000 1000 1000 1000 1000 1000 1000 1000 1000 1000 1000 1000 1000 1000 1000 1000 1000 1000 1000 1000 1000 1000 1000 1000 1000 1000 1000 1000 1000 1000 1000 1000 1000 1000 1000 1000 1000 1000 1000 1000 1000 1000 1000 1000 1000 1000 1000 1000 1000 1000 1000 1000 1000 1000 1000 1000 1000 1000 1000 1000 1000 1000 1000 1000 1000 1000 1000 1000 1000 1000 1000 1000 1000 1000 1000 1000 1000 1000 1000 1000 1000 1000 1000 1000 1000 1000 1000 1000 1000 1000 1000 1000 1000 1000 1000 1000 1000 1000 1000 1000 1000 1000 1000 1000 1000 1000 1000 1000 1000 1000 1000 1000 1000 1000 1000 1000 1000 1000 1000 1000 1000 1000 1000 1000 1000 1000 1000 1000 1000 1000 1000 1000 1000 1000 1000 1000 1000 1000 1000 1000 1000 1000 1000 1000 1000 1000 1000 1000 1000 1000 1000 1000 1000 1000 1000 1000 1000 1000 1000 1000 1000 1000 1000 1000 1000 1000 1000 1000 1000 1000 1000 1000 1000 1000 1000 1000 1000 1000 1000 1000 1000 1000 1000 1000 1000 1000 1000 1000 1000 1000 1000 1000 1000 1000 1000 1000 1000 1000 1000 1000 1000 1000 1000 1000 1000 1000 1000 1000 1000 1000 1000 1000 1000 1000 1000 1000 1000 1000 1000 1000 1000 1000 1000 1000 1000 1000 1000 1000 1000 1000 1000 1000 1000 1000 1000 1000 1000 1000 1000 1000 1000 1000 1000 1000 1000 1000 1000 1000 1000 1000 1000 1000 1000 1000 1000 1000 1000 1000 1000 1000 1000 1000 1000 1000 1000 1000 1000 1000 1000 1000 1000 1000 1000 1000 1000 1000 1000 1000 1000 1000 1000 1000 1000 1000 1000 1000 1000 1000 1000 1000 1000 1000 1000 1000 1000 1000 1000 1000 1000 1000 1000 1000 1000 1000 1000 1000 1000 1000 1000 1000 1000 1000 1000 1000 1000 1000 1000 1000 1000 1000 1000 1000 1000 1000 1000 1000 1000 1000 1000 1000 1000 1000 1000 1000 1000 1000 1000 1000 1000 1000 1000 1000 1000 1000 1000 1000 1000 1000 1000 1000 1000 1000 1000 1000 1000 1000 1000 1000 1000 1000 1000 1000 1000 1000 1000 1000 1000 1000 1000 1000 1000 1000 1000 1000 1000 1000 1000 1000 1000 1000 1000 1000 1000 1000 1000 1000 1000 1000 1000 1000 1000 1000 1000 1000 1000 1000 1000 1000 1000 1000 1000 1000 1000 1000 1000 1000 1000 1000 1000 1000 1000 1000 1000 1000 1000 1000 1000 1000 1000 1000 1000 1000 1000 1000 1000 1000 1000 1000 1000 1000 1000 1000 1000 1000 1000 1000 1000 1000 1000 1000 1000 1000 1000 1000 1000 1000 1000 1000 1000 1000 1000 1000 1000 1000 1000 1000 1000 1000 1000 1000 1000 1000 1000 1000 1000 1000 1000 1000 1000 1000 1000 1000 1000 1000 1000 1000 1000 1000 1000 1000 1000 1000 1000 1000 1000 1000 1000 1000 1000 1000 1000 1000 1000 1000 1000 1000 1000 1000 1000 1000 1000 1000 1000 1000 1000 1000 1000 1000 1000 1000 1000 1000 1000 1000 1000 1000 1000 1000 1000 1000 1000 1000 1000 1000 1000 1000 1000 1000 1000 1000 1000 1000 1000 1000 1000 1000 1000 1000 1000 1000 1000 1000 1000 1000 1000 1000 1000 1000 1000 1000 1000 1000 1000 1000 1000 1000 1000 1000 1000 1000 1000 1000 1000 1000 1000 1000 1000 1000 1000 1000 1000 1000 1000 1000 1000 1000 1000 1000 1000 1000 1000 1000 1000 1000 1000 1000 1000 1000 1000 1000 1000 1000 1000 1000 1000 1000 1000 1000 1000 1000 1000 1000 1000 1000 1000 1000 1000 1000 1000 1000 1000 1000 1000 1000 1000 1000 1000 1000 1000 1000 1000 1000 1000 1000 1000 1000 1000 1000 1000 1000 1000 1000 1000 1000 1000 1000 1000 1000 1000 1000 1000 1000 1000 1000 1000 1000 1000 1000 1000 1000 1000 1000 1000 1000 1000 1000 1000 1000 1000 1000 1000 1000 1000 1000 1000 1000 1000 1000 1000 1000 1000 1000 1000 1000 1000 1000 1000 1000 1000 1000 1000 1000 1000 1000 1000 1000 1000 1000 1000 1000 1000 1000 1000 1000 1000 1000 1000 1000 1000 1000 1000 1000 1000 1000 1000 1000 1000 1000 1000 1000 1000 1000 1000 1000 1000 1000 1000 1000 1000 1000 1000 1000 1000 1000 1000 1000 1000 1000 1000 1000 1000 1000 1000 1000 1000 1000 1000 1000 1000 1000 1000 1000 1000 1000 1000 1000 1000 1000 1000 1000 1000 1000 1000 1000 1000 1000 1000 1000 1000 1000 1000 1000 1000 1000 1000 1000 1000 1000 1000 1000 1000 1000 1000 1000 1000 1000 1000 1000 1000 1000 1000 1000 1000 1000 1000 1000 1000 1000 1000 1000 1000 1000 1000 1000 1000 1000 1000 1000 1000 1000 1000 1000 1000 1000 1000 1000 1000 1000 1000 1000 1000 1000 1000 1000 1000 1000 1000 1000 1000 1000 1000 1000 1000 1000 1000 1000 1000 1000 1000 1000 1000 1000 1000 1000 1000 1000 1000 1000 1000 1000 1000 1000 1000 1000 1000 1000 1000 1000 1000 1000 1000 1000 1000 1000 1000 1000 1000 1000 1000 1000 1000 1000 1000 996 1000 1000 1000 1000 992 1000 1000 1000 1000 1000 1000 1000 1000 978 1000 1000 1000 1000 975 1000 931 1000 1000 1000 922 1000 1000 1000 1000 1000 771 1000 1000 1000 1000 696 1000 1000 1000 1000 650 1000 1000 1000 1000 1000 1000 1000 1000 360
1 2 74
1 3 597
3 4 971
3 5 787
3 6 19
4 7 254
4 8 399
1 9 301
1 10 464
8 11 595
3 12 211
12 13 64
10 14 602
12 15 575
6 16 354
8 17 294
11 18 195
15 19 688
18 20 251
19 21 254
21 22 563
13 23 722
20 24 688
19 25 818
22 26 323
25 27 627
23 28 626
28 29 116
25 30 525
22 31 878
23 32 153
29 33 699
26 34 697
33 35 636
27 36 992
30 37 801
29 38 936
31 39 53
30 40 886
33 41 648
35 42 291
39 43 899
35 44 661
35 45 767
44 46 396
37 47 295
40 48 541
45 49 161
40 50 114
48 51 24
48 52 233
52 53 797
53 54 225
51 55 82
54 56 944
53 57 950
54 58 631
56 59 292
54 60 836
53 61 235
59 62 223
60 63 327
61 64 685
62 65 247
64 66 728
62 67 885
58 68 350
63 69 633
64 70 350
65 71 310
64 72 662
66 73 964
71 74 855
70 75 428
75 76 151
67 77 279
69 78 270
78 79 616
74 80 65
74 81 965
76 82 187
77 83 690
80 84 391
81 85 805
82 86 543
80 87 691
85 88 208
83 89 450
82 90 20
88 91 101
88 92 22
84 93 939
87 94 553
89 95 936
88 96 978
92 97 171
97 98 25
92 99 150
98 100 236
96 101 746
95 102 669
96 103 624
100 104 679
102 105 240
102 106 404
104 107 270
99 108 154
102 109 792
103 110 745
101 111 810
108 112 807
112 113 162
111 114 868
108 115 84
113 116 918
108 117 110
117 118 190
111 119 309
117 120 930
119 121 919
120 122 489
119 123 927
115 124 842
115 125 701
123 126 685
125 127 723
124 128 960
124 129 249
120 130 803
126 131 633
126 132 436
132 133 883
124 134 485
129 135 155
134 136 841
131 137 710
134 138 794
134 139 113
135 140 230
134 141 226
134 142 461
142 143 237
139 144 253
139 145 232
143 146 958
146 147 783
145 148 199
142 149 841
140 150 911
142 151 520
144 152 100
149 153 741
152 154 872
151 155 875
147 156 798
151 157 519
151 158 682
158 159 990
153 160 846
154 161 879
155 162 950
154 163 965
158 164 597
158 165 142
158 166 86
166 167 774
165 168 124
163 169 29
162 170 521
170 171 29
169 172 291
171 173 933
166 174 874
165 175 569
172 176 972
171 177 63
177 178 642
174 179 75
179 180 16
177 181 300
174 182 720
178 183 565
181 184 632
179 185 557
179 186 623
186 187 807
186 188 324
179 189 907
187 190 527
186 191 531
183 192 158
186 193 319
193 194 570
187 195 793
189 196 135
190 197 914
189 198 911
196 199 499
198 200 824
193 201 741
196 202 17
196 203 378
203 204 553
203 205 121
205 206 369
198 207 374
205 208 589
202 209 863
201 210 614
208 211 880
205 212 98
205 213 560
207 214 243
211 215 826
212 216 596
216 217 221
214 218 264
210 219 852
214 220 291
219 221 903
213 222 790
215 223 440
222 224 775
222 225 879
221 226 759
219 227 983
223 228 858
221 229 694
226 230 762
222 231 73
229 232 325
223 233 750
229 234 202
226 235 831
229 236 264
234 237 486
233 238 208
237 239 188
238 240 854
238 241 888
240 242 699
233 243 94
240 244 110
243 245 501
242 246 694
243 247 896
240 248 642
241 249 102
243 250 521
249 251 339
251 252 290
243 253 45
245 254 982
247 255 351
248 256 329
251 257 673
255 258 764
256 259 350
258 260 182
253 261 132
255 262 630
258 263 832
257 264 379
262 265 975
259 266 597
257 267 702
259 268 9
268 269 428
260 270 344
270 271 202
271 272 8
265 273 298
272 274 778
272 275 637
275 276 106
271 277 11
269 278 75
275 279 583
279 280 232
272 281 25
277 282 500
275 283 906
281 284 299
277 285 851
279 286 919
279 287 134
279 288 724
284 289 419
289 290 515
282 291 53
288 292 467
285 293 19
289 294 571
289 295 911
287 296 274
290 297 474
296 298 808
292 299 742
291 300 42
291 301 763
300 302 921
301 303 314
302 304 963
303 305 213
301 306 305
305 307 989
306 308 824
300 309 650
307 310 808
309 311 192
309 312 952
312 313 444
307 314 648
311 315 258
310 316 517
315 317 922
309 318 864
309 319 159
312 320 879
315 321 951
315 322 875
314 323 358
320 324 529
319 325 642
322 326 305
325 327 744
321 328 210
321 329 950
324 330 132
329 331 191
324 332 100
323 333 162
333 334 27
326 335 611
327 336 480
328 337 193
333 338 913
333 339 198
338 340 142
332 341 595
332 342 143
334 343 729
335 344 224
340 345 456
343 346 372
337 347 44
339 348 407
341 349 43
343 350 779
342 351 168
349 352 244
346 353 195
352 354 972
352 355 487
350 356 56
350 357 355
351 358 688
353 359 434
354 360 979
355 361 459
357 362 185
358 363 785
359 364 639
356 365 283
357 366 207
359 367 533
361 368 613
367 369 742
364 370 867
361 371 393
366 372 749
368 373 268
371 374 670
372 375 139
371 376 946
374 377 622
375 378 738
376 379 206
378 380 491
379 381 916
381 382 207
374 383 251
375 384 514
379 385 417
383 386 126
379 387 82
383 388 744
386 389 389
384 390 536
389 391 325
389 392 901
389 393 481
389 394 87
391 395 84
388 396 643
392 397 429
388 398 451
398 399 648
397 400 427
400 401 204
400 402 781
397 403 556
400 404 414
402 405 742
404 406 7
397 407 286
406 408 396
403 409 236
403 410 408
406 411 874
410 412 792
407 413 639
407 414 699
409 415 598
406 416 161
415 417 1000
412 418 617
409 419 734
411 420 608
414 421 63
418 422 353
418 423 344
416 424 160
415 425 399
421 426 750
421 427 592
427 428 32
419 429 264
422 430 584
422 431 532
427 432 818
424 433 835
426 434 104
433 435 136
435 436 487
429 437 873
436 438 808
438 439 739
430 440 680
440 441 163
434 442 160
441 443 734
439 444 533
441 445 378
441 446 977
445 447 219
446 448 920
441 449 551
440 450 596
446 451 170
450 452 714
450 453 307
449 454 163
449 455 325
446 456 508
456 457 239
451 458 734
451 459 68
450 460 934
457 461 148
455 462 710
462 463 833
457 464 435
457 465 283
458 466 989
465 467 797
466 468 930
465 469 29
469 470 18
465 471 928
467 472 820
463 473 339
469 474 816
471 475 515
475 476 900
471 477 975
469 478 408
474 479 944
471 480 577
473 481 408
478 482 697
480 483 184
475 484 589
477 485 8
482 486 534
484 487 347
486 488 385
480 489 672
488 490 423
489 491 370
487 492 62
486 493 625
493 494 605
488 495 447
489 496 908
491 497 324
489 498 274
496 499 763
493 500 717
494 501 987
496 502 262
495 503 710
501 504 514
497 505 589
504 506 762
500 507 410
506 508 212
503 509 556
503 510 199
506 511 159
505 512 835
507 513 769
504 514 895
513 515 598
510 516 57
512 517 197
517 518 258
518 519 522
512 520 343
511 521 186
516 522 593
515 523 545
514 524 326
520 525 903
516 526 790
518 527 782
525 528 134
522 529 190
521 530 248
521 531 874
527 532 393
523 533 385
533 534 90
534 535 85
531 536 312
529 537 151
534 538 645
534 539 889
536 540 476
539 541 242
535 542 144
533 543 854
542 544 766
535 545 740
544 546 782
542 547 966
542 548 942
547 549 596
549 550 647
547 551 721
551 552 878
545 553 917
545 554 100
551 555 889
548 556 207
547 557 710
552 558 559
550 559 742
551 560 577
552 561 569
560 562 832
554 563 450
555 564 47
564 565 816
557 566 504
565 567 102
567 568 88
565 569 10
560 570 736
561 571 97
567 572 710
569 573 746
567 574 426
569 575 871
574 576 393
576 577 615
574 578 318
571 579 207
573 580 4
571 581 916
576 582 965
578 583 242
575 584 366
578 585 888
581 586 112
583 587 554
584 588 737
579 589 462
583 590 633
588 591 487
585 592 110
583 593 365
586 594 112
590 595 811
591 596 493
592 597 272
596 598 518
594 599 375
594 600 312
598 601 935
598 602 837
601 603 555
601 604 640
597 605 282
597 606 437
606 607 544
603 608 886
601 609 124
605 610 927
609 611 888
611 612 859
608 613 524
611 614 644
609 615 76
609 616 935
611 617 29
612 618 861
613 619 348
616 620 236
620 621 447
615 622 156
620 623 601
617 624 171
615 625 482
625 626 385
620 627 805
622 628 29
623 629 457
627 630 494
626 631 257
630 632 930
627 633 20
624 634 66
631 635 373
628 636 948
629 637 764
629 638 512
638 639 667
639 640 500
634 641 545
636 642 768
634 643 643
641 644 299
639 645 502
644 646 236
645 647 846
639 648 833
648 649 851
640 650 100
644 651 679
650 652 512
644 653 913
648 654 904
652 655 596
646 656 689
654 657 569
655 658 252
652 659 201
652 660 613
658 661 507
652 662 342
653 663 172
659 664 724
660 665 634
658 666 745
657 667 232
662 668 193
667 669 918
667 670 53
665 671 382
668 672 955
667 673 240
669 674 195
670 675 670
675 676 220
672 677 441
672 678 245
669 679 354
672 680 724
676 681 658
674 682 483
673 683 187
682 684 133
675 685 788
684 686 742
678 687 544
687 688 601
686 689 424
683 690 239
683 691 29
690 692 566
689 693 911
686 694 536
693 695 144
686 696 160
688 697 618
695 698 769
694 699 541
691 700 294
698 701 393
695 702 323
695 703 851
698 704 139
702 705 847
701 706 823
703 707 843
706 708 325
702 709 773
701 710 687
701 711 159
703 712 432
709 713 274
712 714 59
710 715 439
712 716 100
711 717 120
709 718 812
710 719 461
714 720 561
720 721 152
715 722 251
718 723 914
720 724 961
723 725 939
719 726 778
725 727 14
723 728 253
726 729 802
724 730 353
726 731 194
727 732 821
723 733 558
731 734 817
734 735 392
731 736 811
729 737 744
737 738 44
738 739 801
730 740 672
738 741 681
732 742 770
740 743 853
738 744 141
737 745 730
739 746 716
737 747 661
738 748 187
740 749 85
741 750 579
746 751 707
747 752 482
748 753 625
744 754 657
747 755 176
751 756 308
750 757 256
754 758 854
751 759 644
759 760 106
752 761 251
753 762 835
761 763 977
756 764 237
756 765 83
761 766 217
760 767 623
763 768 765
768 769 634
767 770 402
763 771 775
771 772 172
764 773 767
771 774 254
772 775 803
772 776 835
774 777 660
771 778 62
778 779 772
774 780 955
778 781 402
772 782 547
780 783 2
778 784 756
775 785 771
782 786 727
781 787 271
784 788 305
780 789 870
783 790 706
788 791 195
788 792 689
791 793 757
785 794 317
791 795 896
786 796 485
787 797 402
795 798 298
795 799 150
797 800 104
798 801 684
797 802 617
801 803 599
798 804 329
797 805 918
799 806 27
800 807 291
802 808 602
805 809 927
800 810 905
806 811 692
804 812 100
804 813 985
810 814 581
810 815 458
815 816 848
811 817 638
809 818 966
817 819 191
815 820 838
812 821 389
817 822 159
818 823 459
816 824 448
824 825 97
821 826 905
818 827 104
819 828 687
828 829 393
829 830 163
827 831 711
823 832 908
824 833 344
833 834 680
826 835 56
835 836 247
827 837 757
828 838 561
834 839 292
836 840 378
832 841 243
838 842 709
834 843 765
841 844 142
836 845 129
837 846 511
846 847 499
846 848 468
842 849 474
849 850 519
849 851 808
847 852 20
848 853 325
852 854 686
849 855 685
849 856 529
853 857 13
857 858 461
854 859 322
855 860 738
853 861 514
853 862 438
854 863 672
856 864 16
856 865 364
862 866 673
858 867 361
865 868 774
863 869 238
869 870 728
865 871 734
871 872 435
864 873 96
873 874 274
874 875 887
870 876 769
875 877 66
873 878 874
874 879 501
874 880 529
872 881 583
878 882 200
880 883 578
875 884 100
875 885 375
877 886 405
880 887 903
878 888 282
881 889 978
881 890 387
889 891 436
885 892 997
890 893 827
891 894 938
888 895 307
888 896 582
894 897 530
893 898 963
893 899 36
898 900 86
899 901 128
896 902 711
894 903 120
902 904 949
899 905 861
905 906 720
898 907 530
901 908 237
901 909 140
904 910 438
905 911 560
906 912 535
907 913 509
909 914 490
913 915 781
909 916 292
913 917 321
914 918 430
917 919 426
917 920 717
913 921 473
921 922 50
917 923 47
923 924 322
915 925 853
925 926 423
925 927 446
919 928 869
922 929 880
928 930 382
928 931 879
922 932 63
924 933 42
932 934 232
927 935 612
933 936 576
933 937 844
934 938 543
934 939 749
936 940 123
940 941 887
936 942 115
942 943 60
934 944 639
941 945 116
936 946 22
940 947 522
938 948 478
939 949 580
940 950 55
947 951 702
943 952 384
947 953 56
952 954 361
950 955 196
950 956 264
956 957 305
951 958 908
955 959 347
955 960 885
953 961 296
952 962 610
959 963 524
955 964 441
959 965 766
959 966 298
959 967 689
959 968 508
964 969 372
963 970 879
969 971 618
971 972 209
972 973 611
973 974 274
971 975 409
970 976 39
972 977 740
976 978 426
970 979 767
971 980 472
975 981 752
977 982 826
980 983 12
980 984 37
981 985 832
981 986 18
979 987 73
982 988 246
983 989 429
983 990 891
986 991 1000
984 992 293
986 993 472
992 994 71
987 995 746
992 996 11
996 997 571
992 998 773
996 999 63
991 1000 81
