500 499
1000 1000 1000 1000 1000 1000 1000 1000 1000 1000 1000 1000 1000 1000 1000 1000 1000 1000 1000 1000 1000 1000 1000 1000 1000 1000 1000 1000 1000 1000 1000 1000 1000 1000 1000 1000 1000 1000 1000 1000 1000 1000 1000 1000 1000 1000 1000 1000 1000 1000 1000 1000 1000 1000 1000 1000 1000 1000 1000 1000 1000 1000 1000 1000 1000 1000 1000 1000 1000 1000 1000 1000 1000 1000 1000 1000 1000 1000 1000 1000 1000 1000 1000 1000 1000 1000 1000 1000 1000 1000 1000 1000 1000 1000 1000 1000 1000 1000 1000 1000 1000 1000 1000 1000 1000 1000 1000 1000 1000 1000 1000 1000 1000 1000 1000 1000 1000 1000 1000 1000 1000 1000 1000 1000 1000 1000 1000 1000 1000 1000 1000 1000 1000 1000 1000 1000 1000 1000 1000 1000 1000 1000 1000 1000 1000 1000 1000 1000 1000 1000 1000 1000 1000 1000 1000 1000 1000 1000 1000 1000 1000 1000 1000 1000 1000 1000 1000 1000 1000 1000 1000 1000 1000 1000 1000 1000 1000 1000 1000 1000 1000 1000 1000 1000 1000 1000 1000 1000 1000 1000 1000 1000 1000 1000 1000 1000 1000 1000 1000 1000 1000 1000 1000 1000 1000 1000 1000 1000 1000 1000 1000 1000 1000 1000 1000 1000 1000 1000 1000 1000 1000 1000 1000 1000 1000 1000 1000 1000 1000 1000 1000 1000 1000 1000 1000 1000 1000 1000 1000 1000 1000 1000 1000 1000 1000 1000 1000 1000 1000 1000 1000 1000 1000 1000 1000 1000 1000 1000 1000 1000 1000 1000 1000 1000 1000 1000 1000 1000 1000 1000 1000 1000 1000 1000 1000 1000 1000 1000 1000 1000 1000 1000 1000 1000 1000 1000 1000 1000 1000 1000 1000 1000 1000 1000 1000 1000 1000 1000 1000 1000 1000 1000 1000 1000 1000 1000 1000 1000 1000 1000 1000 1000 1000 1000 1000 1000 1000 1000 1000 1000 1000 1000 1000 1000 1000 1000 1000 1000 1000 1000 1000 1000 1000 1000 1000 1000 1000 1000 1000 1000 1000 1000 1000 1000 1000 1000 1000 1000 1000 1000 1000 1000 1000 1000 1000 1000 1000 1000 1000 1000 1000 1000 1000 1000 1000 1000 1000 1000 1000 1000 1000 1000 1000 1000 1000 1000 1000 1000 1000 1000 1000 1000 1000 1000 1000 1000 1000 1000 1000 1000 1000 1000 1000 1000 1000 1000 1000 1000 1000 1000 1000 1000 1000 1000 1000 1000 1000 1000 1000 1000 1000 1000 1000 1000 1000 1000 1000 1000 1000 1000 1000 1000 1000 1000 1000 1000 1000 1000 1000 1000 1000 1000 1000 1000 1000 1000 1000 1000 1000 1000 1000 1000 1000 1000 1000 1000 1000 1000 1000 1000 1000 1000 1000 1000 1000 999 1000 999 1000 1000 1000 1000 999 1000 998 1000 1000 1000 1000 1000 1000 1000 1000 998 990 1000 1000 1000 1000 990 1000 1000 982 1000 1000 1000 1000 1000 1000 979 1000 1000 1000 1000 1000 1000 1000 1000 961 956
1 2 216
2 3 9
1 4 243
1 5 568
5 6 991
3 7 738
2 8 155
6 9 997
4 10 840
1 11 165
10 12 876
8 13 907
10 14 712
8 15 609
11 16 34
11 17 607
11 18 412
14 19 17
12 20 179
18 21 679
14 22 80
14 23 380
20 24 267
15 25 536
19 26 987
21 27 454
26 28 15
27 29 190
29 30 288
24 31 164
22 32 340
31 33 687
25 34 957
26 35 979
27 36 712
27 37 720
36 38 855
29 39 728
39 40 551
35 41 77
39 42 723
41 43 936
35 44 871
42 45 939
39 46 29
39 47 545
40 48 820
39 49 912
49 50 732
47 51 838
46 52 443
46 53 609
50 54 939
46 55 214
46 56 81
55 57 627
57 58 680
57 59 948
55 60 676
57 61 377
54 62 904
61 63 967
63 64 128
62 65 923
59 66 135
65 67 946
64 68 363
67 69 420
69 70 956
70 71 260
63 72 336
67 73 370
67 74 506
73 75 729
69 76 614
74 77 617
76 78 295
73 79 94
75 80 722
74 81 23
79 82 472
73 83 96
81 84 928
79 85 408
85 86 466
82 87 4
85 88 197
83 89 506
89 90 282
82 91 31
88 92 334
89 93 202
90 94 212
94 95 998
93 96 617
93 97 84
97 98 166
96 99 862
95 100 74
98 101 477
94 102 582
102 103 189
94 104 783
96 105 540
105 106 695
99 107 942
104 108 267
106 109 964
105 110 238
108 111 904
108 112 629
112 113 322
113 114 714
110 115 798
115 116 170
114 117 756
110 118 966
112 119 863
114 120 293
118 121 495
113 122 721
113 123 119
119 124 662
120 125 55
119 126 38
118 127 443
118 128 159
128 129 922
126 130 379
127 131 911
126 132 431
128 133 404
132 134 116
127 135 586
126 136 282
132 137 3
129 138 248
136 139 385
139 140 933
134 141 459
136 142 602
141 143 151
141 144 878
137 145 578
136 146 753
144 147 330
146 148 849
143 149 621
145 150 776
148 151 903
147 152 691
148 153 856
149 154 413
152 155 636
147 156 154
150 157 425
157 158 500
157 159 812
154 160 58
160 161 972
157 162 740
160 163 638
159 164 80
155 165 63
164 166 176
161 167 613
167 168 242
164 169 559
166 170 630
163 171 520
166 172 12
172 173 792
167 174 148
168 175 371
175 176 931
169 177 464
170 178 836
171 179 451
176 180 693
171 181 963
175 182 950
176 183 740
179 184 406
182 185 199
179 186 950
182 187 61
180 188 187
179 189 432
180 190 152
182 191 115
184 192 138
192 193 908
188 194 466
191 195 233
192 196 903
189 197 32
196 198 425
198 199 981
195 200 895
198 201 560
192 202 978
198 203 460
198 204 736
201 205 234
202 206 986
198 207 276
201 208 550
206 209 2
201 210 445
204 211 320
203 212 478
209 213 366
212 214 665
210 215 863
209 216 125
210 217 586
217 218 428
213 219 652
213 220 745
211 221 196
216 222 393
217 223 462
214 224 711
222 225 577
216 226 21
219 227 481
225 228 954
227 229 613
225 230 527
230 231 290
226 232 609
225 233 382
233 234 154
231 235 286
229 236 504
232 237 272
231 238 541
231 239 418
235 240 205
240 241 153
232 242 19
237 243 491
239 244 252
239 245 126
244 246 778
242 247 270
239 248 938
243 249 43
249 250 263
245 251 248
248 252 285
246 253 406
247 254 454
247 255 439
255 256 649
256 257 107
251 258 814
255 259 934
256 260 347
253 261 504
252 262 530
259 263 211
262 264 8
263 265 145
265 266 112
260 267 828
260 268 726
267 269 100
269 270 909
270 271 653
269 272 593
263 273 478
271 274 54
265 275 834
272 276 743
276 277 275
269 278 351
276 279 906
277 280 612
278 281 384
273 282 358
280 283 521
280 284 661
282 285 756
281 286 633
286 287 668
287 288 495
282 289 538
282 290 147
289 291 40
287 292 400
288 293 919
287 294 122
287 295 850
290 296 660
292 297 625
288 298 434
298 299 127
295 300 177
294 301 653
297 302 242
293 303 909
303 304 51
295 305 39
297 306 741
298 307 247
300 308 943
305 309 589
308 310 849
304 311 915
307 312 746
311 313 691
309 314 787
308 315 927
307 316 554
307 317 439
310 318 992
313 319 959
316 320 387
320 321 973
321 322 581
314 323 351
318 324 467
316 325 52
321 326 758
322 327 86
322 328 806
319 329 174
322 330 746
326 331 888
329 332 217
325 333 170
325 334 572
331 335 122
328 336 833
328 337 45
330 338 538
336 339 345
335 340 660
340 341 180
341 342 793
342 343 794
336 344 654
335 345 171
339 346 717
341 347 562
340 348 772
345 349 671
340 350 973
346 351 870
350 352 660
344 353 54
351 354 484
353 355 419
351 356 970
349 357 197
348 358 872
350 359 831
359 360 764
352 361 504
355 362 894
354 363 741
354 364 53
362 365 981
361 366 291
362 367 220
361 368 469
366 369 353
360 370 500
363 371 687
369 372 694
364 373 336
365 374 381
372 375 981
375 376 71
370 377 879
376 378 388
371 379 314
375 380 420
380 381 788
378 382 894
378 383 195
379 384 866
380 385 516
385 386 808
384 387 924
384 388 783
381 389 523
387 390 703
389 391 212
389 392 927
392 393 327
387 394 288
388 395 984
389 396 295
393 397 725
397 398 687
394 399 867
396 400 157
391 401 545
398 402 490
399 403 683
398 404 69
404 405 712
402 406 510
398 407 77
402 408 284
405 409 553
401 410 776
407 411 63
409 412 568
408 413 358
404 414 853
408 415 156
413 416 245
416 417 359
413 418 218
414 419 971
411 420 624
413 421 95
418 422 963
415 423 623
416 424 671
421 425 515
420 426 102
422 427 991
420 428 758
423 429 329
427 430 256
428 431 239
430 432 834
431 433 782
430 434 270
425 435 996
426 436 897
434 437 902
434 438 381
436 439 434
432 440 215
436 441 191
438 442 441
439 443 480
440 444 249
442 445 878
439 446 697
442 447 163
440 448 389
444 449 679
446 450 976
444 451 406
446 452 423
443 453 679
450 454 868
450 455 655
452 456 212
449 457 588
456 458 554
453 459 923
458 460 138
453 461 267
453 462 286
458 463 952
462 464 549
463 465 864
465 466 239
459 467 673
463 468 362
461 469 457
462 470 496
470 471 205
468 472 855
466 473 267
465 474 295
474 475 855
467 476 912
474 477 930
469 478 921
477 479 158
475 480 506
476 481 43
473 482 907
480 483 710
481 484 674
482 485 469
482 486 970
478 487 396
479 488 646
485 489 26
483 490 178
484 491 685
487 492 347
483 493 738
492 494 297
493 495 870
492 496 820
487 497 816
495 498 12
490 499 404
499 500 176
