1000 999
1000 1000 1000 1000 1000 1000 1000 1000 1000 1000 1000 1000 1000 1000 1000 1000 1000 1000 1000 1000 1000 1000 1000 1000 1000 1000 1000 1000 1000 1000 1000 1000 1000 1000 1000 1000 1000 1000 1000 1000 1000 1000 1000 1000 1000 1000 1000 1000 1000 1000 1000 1000 1000 1000 1000 1000 1000 1000 1000 1000 1000 1000 1000 1000 1000 1000 1000 1000 1000 1000 1000 1000 1000 1000 1000 1000 1000 1000 1000 1000 1000 1000 1000 1000 1000 1000 1000 1000 1000 1000 1000 1000 1000 1000 1000 1000 1000 1000 1000 1000 1000 1000 1000 1000 1000 1000 1000 1000 1000 1000 1000 1000 1000 1000 1000 1000 1000 1000 1000 1000 1000 1000 1000 1000 1000 1000 1000 1000 1000 1000 1000 1000 1000 1000 1000 1000 1000 1000 1000 1000 1000 1000 1000 1000 1000 1000 1000 1000 1000 1000 1000 1000 1000 1000 1000 1000 1000 1000 1000 1000 1000 1000 1000 1000 1000 1000 1000 1000 1000 1000 1000 1000 1000 1000 1000 1000 1000 1000 1000 1000 1000 1000 1000 1000 1000 1000 1000 1000 1000 1000 1000 1000 1000 1000 1000 1000 1000 1000 1000 1000 1000 1000 1000 1000 1000 1000 1000 1000 1000 1000 1000 1000 1000 1000 1000 1000 1000 1000 1000 1000 1000 1000 1000 1000 1000 1000 1000 1000 1000 1000 1000 1000 1000 1000 1000 1000 1000 1000 1000 1000 1000 1000 1000 1000 1000 1000 1000 1000 1000 1000 1000 1000 1000 1000 1000 1000 1000 1000 1000 1000 1000 1000 1000 1000 1000 1000 1000 1000 1000 1000 1000 1000 1000 1000 1000 1000 1000 1000 1000 1000 1000 1000 1000 1000 1000 1000 1000 1000 1000 1000 1000 1000 1000 1000 1000 1000 1000 1000 1000 1000 1000 1000 1000 1000 1000 1000 1000 1000 1000 1000 1000 1000 1000 1000 1000 1000 1000 1000 1000 1000 1000 1000 1000 1000 1000 1000 1000 1000 1000 1000 1000 1000 1000 1000 1000 1000 1000 1000 1000 1000 1000 1000 1000 1000 1000 1000 1000 1000 1000 1000 1000 1000 1000 1000 1000 1000 1000 1000 1000 1000 1000 1000 1000 1000 1000 1000 1000 1000 1000 1000 1000 1000 1000 1000 1000 1000 1000 1000 1000 1000 1000 1000 1000 1000 1000 1000 1000 1000 1000 1000 1000 1000 1000 1000 1000 1000 1000 1000 1000 1000 1000 1000 1000 1000 1000 1000 1000 1000 1000 1000 1000 1000 1000 1000 1000 1000 1000 1000 1000 1000 1000 1000 1000 1000 1000 1000 1000 1000 1000 1000 1000 1000 1000 1000 1000 1000 1000 1000 1000 1000 1000 1000 1000 1000 1000 1000 1000 1000 1000 1000 1000 1000 1000 1000 1000 1000 1000 1000 1000 1000 1000 1000 1000 1000 1000 1000 1000 1000 1000 1000 1000 1000 1000 1000 1000 1000 1000 1000 1000 1000 1000 1000 1000 1000 1000 1000 1000 1000 1000 1000 1000 1000 1000 1000 1000 1000 1000 1000 1000 1000 1000 1000 1000 1000 1000 1000 1000 1000 1000 1000 1000 1000 1000 1000 1000 1000 1000 1000 1000 1000 1000 1000 1000 1000 1000 1000 1000 1000 1000 1000 1000 1000 1000 1000 1000 1000 1000 1000 1000 1000 1000 1000 1000 1000 1000 1000 1000 1000 1000 1000 1000 1000 1000 1000 1000 1000 1000 1000 1000 1000 1000 1000 1000 1000 1000 1000 1000 1000 1000 1000 1000 1000 1000 1000 1000 1000 1000 1000 1000 1000 1000 1000 1000 1000 1000 1000 1000 1000 1000 1000 1000 1000 1000 1000 1000 1000 1000 1000 1000 1000 1000 1000 1000 1000 1000 1000 1000 1000 1000 1000 1000 1000 1000 1000 1000 1000 1000 1000 1000 1000 1000 1000 1000 1000 1000 1000 1000 1000 1000 1000 1000 1000 1000 1000 1000 1000 1000 1000 1000 1000 1000 1000 1000 1000 1000 1000 1000 1000 1000 1000 1000 1000 1000 1000 1000 1000 1000 1000 1000 1000 1000 1000 1000 1000 1000 1000 1000 1000 1000 1000 1000 1000 1000 1000 1000 1000 1000 1000 1000 1000 1000 1000 1000 1000 1000 1000 1000 1000 1000 1000 1000 1000 1000 1000 1000 1000 1000 1000 1000 1000 1000 1000 1000 1000 1000 1000 1000 1000 1000 1000 1000 1000 1000 1000 1000 1000 1000 1000 1000 1000 1000 1000 1000 1000 1000 1000 1000 1000 1000 1000 1000 1000 1000 1000 1000 1000 1000 1000 1000 1000 1000 1000 1000 1000 1000 1000 1000 1000 1000 1000 1000 1000 1000 1000 1000 1000 1000 1000 1000 1000 1000 1000 1000 1000 1000 1000 1000 1000 1000 1000 1000 1000 1000 1000 1000 1000 1000 1000 1000 1000 1000 1000 1000 1000 1000 1000 1000 1000 1000 1000 1000 1000 1000 1000 1000 1000 1000 1000 1000 1000 1000 1000 1000 1000 1000 1000 1000 1000 1000 1000 1000 1000 1000 1000 1000 1000 1000 1000 1000 1000 1000 1000 1000 1000 1000 1000 1000 1000 1000 1000 1000 1000 1000 1000 1000 1000 1000 1000 1000 1000 1000 1000 1000 1000 1000 1000 1000 1000 1000 1000 1000 1000 1000 1000 1000 1000 1000 1000 1000 1000 1000 1000 1000 1000 1000 1000 1000 1000 1000 1000 1000 1000 1000 1000 1000 1000 1000 1000 1000 1000 1000 1000 1000 1000 1000 1000 1000 1000 1000 1000 1000 1000 1000 1000 1000 1000 1000 1000 1000 1000 1000 1000 1000 1000 1000 1000 1000 1000 1000 1000 1000 1000 1000 1000 1000 1000 1000 1000 1000 1000 1000 1000 1000 1000 1000 1000 1000 1000 1000 1000 1000 1000 1000 1000 1000 1000 1000 1000 1000 1000 1000 1000 1000 1000 1000 1000 1000 1000 1000 1000 1000 1000 1000 1000 1000 1000 1000 1000 1000 1000 1000 1000 1000 1000 1000 1000 1000 1000 1000 1000 1000 1000 1000 1000 1000 1000 1000 1000 1000 1000 997 1000 1000 996 1000 977 1000 1000 1000 768 1000 1000 1000 642 1000 1000 1000 1000 1000 526
1 2 323
1 3 731
2 4 872
2 5 999
1 6 454
1 7 294
5 8 331
3 9 159
9 10 79
9 11 284
4 12 205
8 13 19
10 14 254
10 15 246
9 16 717
10 17 724
12 18 987
14 19 294
17 20 877
19 21 867
15 22 129
18 23 396
20 24 885
19 25 528
19 26 584
22 27 257
23 28 743
19 29 622
25 30 897
28 31 447
28 32 652
29 33 244
30 34 918
26 35 103
30 36 980
28 37 213
34 38 126
36 39 992
35 40 681
37 41 232
32 42 332
38 43 205
41 44 83
41 45 319
39 46 47
37 47 175
39 48 428
43 49 403
49 50 882
47 51 909
47 52 237
46 53 653
46 54 93
46 55 859
55 56 31
54 57 990
56 58 561
49 59 823
58 60 562
56 61 318
55 62 472
55 63 668
61 64 256
60 65 552
62 66 393
57 67 307
65 68 329
66 69 715
64 70 319
63 71 83
69 72 255
65 73 122
69 74 386
71 75 120
72 76 131
72 77 316
68 78 250
70 79 224
79 80 565
77 81 387
78 82 562
81 83 966
83 84 615
78 85 632
81 86 931
80 87 842
83 88 97
86 89 948
83 90 396
84 91 302
84 92 902
92 93 888
88 94 135
89 95 898
95 96 61
94 97 284
93 98 526
91 99 616
99 100 503
98 101 659
101 102 856
96 103 232
103 104 894
95 105 404
104 106 592
102 107 675
98 108 971
103 109 586
107 110 254
101 111 315
107 112 238
108 113 412
113 114 731
114 115 112
114 116 58
115 117 916
116 118 177
115 119 419
113 120 709
119 121 763
121 122 743
121 123 534
117 124 179
117 125 618
124 126 224
119 127 769
122 128 947
123 129 386
125 130 427
124 131 662
124 132 374
125 133 68
132 134 427
125 135 949
134 136 758
131 137 144
132 138 600
133 139 199
130 140 924
134 141 521
141 142 843
133 143 262
140 144 905
139 145 382
142 146 902
143 147 282
139 148 437
140 149 425
147 150 32
145 151 157
149 152 666
149 153 155
152 154 651
149 155 983
155 156 216
153 157 749
155 158 297
151 159 841
159 160 546
151 161 552
158 162 954
159 163 333
156 164 542
164 165 349
157 166 431
159 167 139
160 168 736
161 169 341
165 170 761
162 171 397
168 172 695
169 173 496
167 174 25
165 175 899
167 176 132
174 177 81
177 178 817
172 179 654
174 180 650
173 181 215
173 182 56
178 183 368
182 184 904
180 185 885
177 186 329
184 187 41
179 188 559
181 189 186
181 190 892
184 191 66
184 192 402
185 193 80
184 194 9
188 195 245
195 196 263
187 197 176
193 198 436
191 199 426
193 200 634
191 201 251
194 202 851
201 203 843
197 204 666
204 205 89
205 206 376
197 207 864
198 208 793
202 209 669
206 210 229
202 211 506
211 212 911
209 213 359
211 214 793
212 215 635
215 216 38
208 217 167
212 218 487
212 219 228
213 220 647
215 221 159
216 222 799
222 223 28
216 224 435
219 225 992
219 226 346
226 227 526
223 228 410
221 229 683
226 230 513
223 231 251
229 232 989
225 233 745
231 234 38
232 235 898
226 236 887
231 237 563
228 238 800
237 239 423
231 240 166
240 241 42
241 242 314
241 243 688
238 244 142
238 245 343
241 246 699
245 247 776
238 248 190
241 249 850
244 250 486
243 251 271
246 252 320
246 253 934
253 254 475
251 255 407
253 256 845
254 257 730
254 258 236
250 259 120
256 260 525
251 261 296
258 262 992
259 263 748
263 264 457
263 265 601
265 266 81
259 267 971
259 268 700
259 269 582
263 270 369
261 271 326
266 272 525
268 273 800
270 274 952
267 275 703
273 276 494
268 277 768
273 278 431
269 279 622
270 280 439
279 281 326
279 282 575
281 283 932
276 284 898
280 285 637
282 286 577
277 287 195
285 288 416
280 289 652
281 290 502
290 291 723
282 292 145
289 293 974
289 294 296
287 295 358
291 296 103
293 297 138
288 298 454
294 299 956
291 300 394
291 301 98
294 302 171
300 303 846
298 304 484
297 305 887
301 306 607
301 307 326
298 308 982
307 309 258
309 310 267
310 311 476
306 312 497
308 313 516
304 314 472
310 315 258
315 316 533
311 317 621
310 318 671
312 319 976
312 320 900
317 321 712
317 322 282
321 323 679
319 324 70
318 325 452
317 326 8
322 327 33
326 328 5
326 329 404
329 330 700
322 331 878
328 332 858
327 333 431
332 334 30
329 335 128
328 336 997
332 337 407
332 338 711
329 339 695
337 340 472
332 341 813
340 342 344
337 343 556
338 344 531
340 345 882
339 346 562
338 347 737
340 348 17
339 349 367
349 350 623
341 351 926
344 352 425
346 353 77
352 354 454
347 355 997
354 356 220
355 357 628
352 358 514
353 359 397
356 360 548
353 361 495
360 362 771
362 363 962
357 364 498
359 365 397
362 366 10
362 367 242
364 368 662
361 369 8
365 370 720
364 371 8
368 372 99
369 373 697
369 374 830
368 375 485
375 376 807
368 377 809
377 378 478
369 379 857
379 380 798
372 381 673
379 382 743
378 383 533
379 384 87
383 385 234
378 386 916
385 387 275
383 388 427
388 389 125
389 390 117
382 391 499
389 392 516
386 393 618
384 394 291
386 395 54
388 396 939
391 397 692
396 398 207
394 399 438
394 400 649
397 401 722
398 402 546
396 403 403
397 404 422
397 405 502
396 406 261
402 407 447
406 408 244
402 409 906
402 410 834
403 411 498
405 412 427
410 413 909
408 414 593
414 415 461
411 416 334
411 417 937
413 418 698
409 419 714
413 420 947
418 421 734
418 422 832
415 423 49
415 424 326
423 425 919
425 426 979
420 427 987
422 428 310
428 429 156
422 430 237
422 431 146
430 432 924
426 433 581
433 434 861
428 435 487
430 436 67
430 437 581
432 438 190
433 439 49
433 440 178
439 441 27
437 442 983
440 443 243
438 444 114
441 445 401
440 446 483
441 447 774
438 448 614
446 449 464
449 450 610
442 451 490
450 452 188
450 453 705
444 454 709
450 455 872
453 456 640
454 457 749
454 458 117
450 459 490
450 460 721
459 461 445
460 462 564
460 463 400
462 464 921
457 465 609
458 466 753
460 467 699
466 468 784
468 469 236
460 470 303
465 471 765
465 472 176
463 473 901
468 474 958
474 475 974
466 476 178
471 477 550
476 478 87
473 479 112
476 480 687
476 481 585
474 482 539
474 483 243
474 484 615
484 485 517
481 486 667
486 487 144
481 488 163
481 489 892
481 490 392
486 491 505
490 492 646
484 493 143
493 494 612
489 495 502
494 496 470
488 497 46
491 498 982
495 499 145
490 500 175
493 501 700
494 502 625
502 503 562
495 504 400
504 505 728
500 506 189
505 507 186
500 508 979
500 509 349
500 510 483
510 511 587
509 512 801
508 513 954
512 514 20
512 515 621
511 516 746
515 517 489
513 518 569
516 519 362
510 520 575
520 521 235
517 522 836
520 523 353
515 524 179
521 525 321
518 526 597
522 527 542
519 528 685
524 529 292
528 530 4
527 531 767
528 532 255
526 533 861
532 534 836
530 535 368
531 536 561
530 537 485
535 538 613
533 539 847
536 540 189
536 541 196
539 542 632
540 543 527
539 544 540
542 545 205
543 546 655
542 547 936
543 548 398
544 549 879
544 550 361
546 551 60
542 552 853
549 553 892
550 554 377
546 555 67
550 556 73
548 557 317
555 558 486
549 559 998
556 560 348
552 561 155
555 562 35
561 563 423
554 564 695
561 565 623
558 566 176
561 567 406
562 568 259
561 569 970
562 570 871
568 571 709
569 572 296
566 573 533
567 574 607
566 575 500
571 576 256
575 577 168
569 578 98
571 579 132
576 580 691
571 581 582
574 582 986
576 583 583
577 584 35
578 585 166
581 586 79
582 587 821
581 588 841
583 589 402
587 590 1
585 591 200
583 592 421
586 593 699
586 594 715
593 595 736
588 596 289
589 597 42
593 598 382
589 599 270
591 600 613
599 601 192
599 602 865
600 603 724
595 604 324
598 605 766
604 606 934
606 607 250
603 608 621
599 609 669
604 610 47
603 611 897
606 612 641
603 613 421
609 614 892
612 615 427
612 616 378
609 617 393
614 618 909
618 619 528
613 620 289
612 621 832
613 622 653
617 623 554
622 624 734
621 625 12
625 626 812
624 627 649
618 628 956
626 629 191
624 630 652
628 631 711
622 632 249
630 633 648
625 634 636
627 635 828
626 636 569
635 637 537
632 638 655
631 639 505
630 640 179
639 641 770
632 642 580
633 643 23
635 644 392
635 645 350
641 646 14
643 647 48
645 648 690
642 649 573
646 650 757
642 651 549
644 652 114
650 653 295
651 654 754
647 655 158
653 656 569
650 657 94
652 658 407
658 659 948
652 660 927
658 661 676
653 662 35
655 663 672
660 664 694
660 665 64
663 666 40
663 667 812
661 668 790
663 669 372
663 670 336
665 671 353
668 672 186
665 673 161
673 674 179
665 675 374
667 676 736
667 677 456
669 678 378
678 679 503
673 680 492
676 681 657
681 682 694
674 683 522
683 684 397
682 685 143
680 686 624
685 687 242
684 688 596
685 689 602
685 690 602
682 691 415
688 692 76
692 693 618
688 694 283
694 695 723
688 696 180
689 697 337
693 698 782
696 699 670
692 700 109
698 701 608
696 702 579
696 703 242
697 704 362
700 705 360
699 706 603
702 707 87
706 708 305
702 709 930
703 710 495
709 711 174
702 712 918
712 713 239
705 714 144
708 715 577
710 716 688
716 717 736
717 718 495
717 719 816
713 720 425
719 721 694
714 722 126
716 723 988
716 724 361
716 725 481
717 726 764
720 727 327
722 728 27
723 729 579
724 730 804
724 731 761
726 732 861
724 733 766
733 734 230
726 735 788
731 736 443
728 737 577
732 738 531
735 739 72
732 740 492
733 741 398
736 742 564
734 743 318
734 744 649
738 745 358
739 746 291
744 747 600
740 748 341
744 749 346
746 750 943
748 751 54
743 752 846
750 753 35
745 754 723
747 755 522
747 756 784
751 757 201
751 758 431
753 759 604
759 760 354
752 761 695
758 762 939
755 763 693
755 764 302
761 765 564
763 766 298
759 767 447
760 768 613
761 769 90
768 770 197
764 771 330
771 772 991
772 773 891
768 774 571
767 775 759
773 776 774
774 777 678
777 778 734
770 779 552
772 780 442
780 781 117
773 782 720
775 783 454
775 784 677
775 785 17
778 786 233
781 787 264
778 788 840
787 789 490
787 790 274
789 791 897
786 792 883
792 793 539
788 794 676
791 795 682
787 796 664
789 797 996
788 798 552
794 799 243
792 800 560
794 801 725
793 802 351
800 803 973
801 804 459
804 805 448
803 806 851
801 807 946
806 808 771
802 809 543
806 810 859
806 811 858
802 812 888
805 813 577
804 814 178
808 815 606
807 816 916
812 817 48
817 818 712
818 819 592
815 820 944
812 821 613
815 822 342
818 823 544
817 824 605
821 825 712
818 826 901
826 827 464
821 828 787
822 829 268
828 830 758
827 831 968
823 832 316
829 833 481
827 834 387
827 835 633
828 836 176
832 837 247
831 838 955
833 839 701
833 840 777
838 841 368
836 842 65
840 843 308
841 844 816
844 845 454
844 846 421
842 847 615
841 848 869
844 849 832
844 850 712
849 851 408
846 852 898
850 853 88
845 854 131
854 855 592
853 856 216
855 857 551
857 858 239
858 859 774
859 860 679
860 861 829
853 862 102
861 863 14
857 864 929
861 865 13
856 866 815
858 867 166
862 868 854
860 869 431
868 870 765
863 871 193
863 872 784
866 873 555
864 874 216
868 875 631
871 876 944
869 877 131
868 878 905
878 879 170
879 880 942
874 881 193
881 882 9
874 883 2
877 884 917
884 885 92
883 886 297
881 887 952
885 888 963
880 889 190
885 890 299
883 891 974
888 892 852
887 893 448
887 894 750
890 895 357
888 896 863
890 897 707
892 898 685
889 899 820
891 900 509
893 901 575
892 902 576
902 903 614
894 904 249
898 905 711
900 906 776
900 907 356
905 908 529
902 909 114
908 910 574
908 911 965
903 912 937
910 913 139
906 914 747
912 915 581
914 916 608
910 917 465
910 918 592
911 919 490
911 920 616
918 921 334
917 922 831
913 923 487
914 924 417
915 925 843
920 926 400
924 927 300
924 928 406
928 929 441
927 930 843
925 931 747
931 932 397
928 933 745
927 934 771
929 935 316
928 936 978
934 937 564
931 938 185
930 939 521
935 940 820
931 941 818
933 942 548
933 943 346
937 944 708
943 945 790
943 946 486
943 947 344
939 948 989
939 949 767
945 950 161
941 951 269
948 952 70
945 953 775
949 954 60
954 955 801
949 956 224
956 957 712
953 958 642
955 959 693
957 960 542
954 961 401
953 962 299
958 963 691
956 964 494
963 965 604
964 966 992
966 967 796
959 968 796
968 969 769
967 970 370
968 971 31
970 972 391
972 973 787
968 974 603
966 975 303
968 976 753
967 977 66
968 978 674
970 979 293
978 980 434
973 981 38
976 982 354
979 983 449
981 984 933
977 985 258
984 986 443
986 987 252
980 988 664
985 989 829
986 990 854
981 991 95
988 992 79
984 993 41
990 994 716
989 995 516
993 996 681
989 997 199
989 998 270
995 999 540
994 1000 231
