100 99
1000 1000 1000 1000 1000 1000 1000 1000 1000 1000 1000 1000 1000 1000 1000 1000 1000 1000 1000 1000 1000 1000 1000 1000 1000 1000 1000 1000 1000 1000 1000 1000 1000 1000 1000 1000 1000 1000 1000 1000 1000 1000 1000 1000 1000 1000 1000 1000 1000 1000 1000 1000 1000 1000 1000 1000 1000 1000 1000 1000 1000 1000 1000 1000 1000 1000 1000 1000 1000 1000 1000 1000 1000 1000 1000 1000 1000 1000 1000 1000 1000 1000 1000 1000 1000 1000 1000 1000 1000 1000 1000 1000 1000 1000 1000 993 1000 1000 1000 973
1 2 353
2 3 458
1 4 626
3 5 279
1 6 679
1 7 786
5 8 387
5 9 55
5 10 938
9 11 942
9 12 815
9 13 275
7 14 246
8 15 150
9 16 794
8 17 297
15 18 264
14 19 973
19 20 675
20 21 101
15 22 574
21 23 64
20 24 325
16 25 75
22 26 244
19 27 821
19 28 902
23 29 850
23 30 511
28 31 265
22 32 227
31 33 702
24 34 653
28 35 240
33 36 344
27 37 796
34 38 306
31 39 728
39 40 692
31 41 529
40 42 915
36 43 950
34 44 962
35 45 346
40 46 462
39 47 798
42 48 464
46 49 172
42 50 87
48 51 773
50 52 155
49 53 220
53 54 427
45 55 257
46 56 624
53 57 136
56 58 88
56 59 415
52 60 204
53 61 827
53 62 698
53 63 147
63 64 115
57 65 219
57 66 574
66 67 155
58 68 908
66 69 430
63 70 426
67 71 252
63 72 746
64 73 480
68 74 802
70 75 658
74 76 443
72 77 541
74 78 819
74 79 778
70 80 260
76 81 380
81 82 515
81 83 563
79 84 369
77 85 329
82 86 5
86 87 455
81 88 697
88 89 289
84 90 489
89 91 174
87 92 95
92 93 713
91 94 265
87 95 227
93 96 49
94 97 958
97 98 612
90 99 451
96 100 476
