100 99
1000 1000 1000 1000 1000 1000 1000 1000 1000 1000 1000 1000 1000 1000 1000 1000 1000 1000 1000 1000 1000 1000 1000 1000 1000 1000 1000 1000 1000 1000 1000 1000 1000 1000 1000 1000 1000 1000 1000 1000 1000 1000 1000 1000 1000 1000 1000 1000 1000 1000 1000 1000 1000 1000 1000 1000 1000 1000 1000 1000 1000 1000 1000 1000 1000 1000 1000 1000 1000 999 1000 998 1000 1000 1000 1000 1000 1000 1000 994 1000 1000 1000 963 1000 1000 957 1000 1000 917 1000 1000 1000 1000 1000 1000 1000 1000 1000 572
1 2 967
2 3 854
2 4 161
1 5 287
2 6 867
2 7 408
5 8 670
2 9 102
6 10 908
5 11 907
7 12 261
11 13 787
8 14 579
5 15 920
8 16 159
15 17 695
11 18 169
16 19 185
13 20 404
11 21 803
15 22 847
13 23 62
17 24 45
23 25 455
24 26 230
17 27 104
20 28 212
24 29 974
28 30 183
26 31 417
31 32 409
25 33 255
24 34 395
33 35 608
31 36 878
32 37 803
34 38 915
34 39 632
37 40 988
38 41 877
32 42 944
42 43 970
34 44 643
44 45 316
38 46 155
44 47 805
43 48 900
41 49 546
40 50 765
42 51 12
42 52 9
48 53 888
53 54 783
54 55 919
50 56 779
49 57 959
57 58 923
57 59 655
56 60 338
52 61 335
58 62 840
57 63 14
54 64 415
58 65 450
58 66 168
65 67 228
63 68 661
63 69 633
65 70 28
68 71 370
70 72 90
65 73 101
66 74 277
69 75 185
68 76 201
72 77 918
75 78 869
72 79 19
72 80 331
73 81 358
78 82 859
77 83 416
80 84 552
83 85 966
84 86 961
84 87 345
83 88 802
79 89 111
87 90 985
84 91 576
88 92 113
90 93 273
91 94 914
87 95 84
92 96 279
92 97 806
90 98 726
95 99 736
90 100 860
