1000 999
1000 1000 1000 1000 1000 1000 1000 1000 1000 1000 1000 1000 1000 1000 1000 1000 1000 1000 1000 1000 1000 1000 1000 1000 1000 1000 1000 1000 1000 1000 1000 1000 1000 1000 1000 1000 1000 1000 1000 1000 1000 1000 1000 1000 1000 1000 1000 1000 1000 1000 1000 1000 1000 1000 1000 1000 1000 1000 1000 1000 1000 1000 1000 1000 1000 1000 1000 1000 1000 1000 1000 1000 1000 1000 1000 1000 1000 1000 1000 1000 1000 1000 1000 1000 1000 1000 1000 1000 1000 1000 1000 1000 1000 1000 1000 1000 1000 1000 1000 1000 1000 1000 1000 1000 1000 1000 1000 1000 1000 1000 1000 1000 1000 1000 1000 1000 1000 1000 1000 1000 1000 1000 1000 1000 1000 1000 1000 1000 1000 1000 1000 1000 1000 1000 1000 1000 1000 1000 1000 1000 1000 1000 1000 1000 1000 1000 1000 1000 1000 1000 1000 1000 1000 1000 1000 1000 1000 1000 1000 1000 1000 1000 1000 1000 1000 1000 1000 1000 1000 1000 1000 1000 1000 1000 1000 1000 1000 1000 1000 1000 1000 1000 1000 1000 1000 1000 1000 1000 1000 1000 1000 1000 1000 1000 1000 1000 1000 1000 1000 1000 1000 1000 1000 1000 1000 1000 1000 1000 1000 1000 1000 1000 1000 1000 1000 1000 1000 1000 1000 1000 1000 1000 1000 1000 1000 1000 1000 1000 1000 1000 1000 1000 1000 1000 1000 1000 1000 1000 1000 1000 1000 1000 1000 1000 1000 1000 1000 1000 1000 1000 1000 1000 1000 1000 1000 1000 1000 1000 1000 1000 1000 1000 1000 1000 1000 1000 1000 1000 1000 1000 1000 1000 1000 1000 1000 1000 1000 1000 1000 1000 1000 1000 1000 1000 1000 1000 1000 1000 1000 1000 1000 1000 1000 1000 1000 1000 1000 1000 1000 1000 1000 1000 1000 1000 1000 1000 1000 1000 1000 1000 1000 1000 1000 1000 1000 1000 1000 1000 1000 1000 1000 1000 1000 1000 1000 1000 1000 1000 1000 1000 1000 1000 1000 1000 1000 1000 1000 1000 1000 1000 1000 1000 1000 1000 1000 1000 1000 1000 1000 1000 1000 1000 1000 1000 1000 1000 1000 1000 1000 1000 1000 1000 1000 1000 1000 1000 1000 1000 1000 1000 1000 1000 1000 1000 1000 1000 1000 1000 1000 1000 1000 1000 1000 1000 1000 1000 1000 1000 1000 1000 1000 1000 1000 1000 1000 1000 1000 1000 1000 1000 1000 1000 1000 1000 1000 1000 1000 1000 1000 1000 1000 1000 1000 1000 1000 1000 1000 1000 1000 1000 1000 1000 1000 1000 1000 1000 1000 1000 1000 1000 1000 1000 1000 1000 1000 1000 1000 1000 1000 1000 1000 1000 1000 1000 1000 1000 1000 1000 1000 1000 1000 1000 1000 1000 1000 1000 1000 1000 1000 1000 1000 1000 1000 1000 1000 1000 1000 1000 1000 1000 1000 1000 1000 1000 1000 1000 1000 1000 1000 1000 1000 1000 1000 1000 1000 1000 1000 1000 1000 1000 1000 1000 1000 1000 1000 1000 1000 1000 1000 1000 1000 1000 1000 1000 1000 1000 1000 1000 1000 1000 1000 1000 1000 1000 1000 1000 1000 1000 1000 1000 1000 1000 1000 1000 1000 1000 1000 1000 1000 1000 1000 1000 1000 1000 1000 1000 1000 1000 1000 1000 1000 1000 1000 1000 1000 1000 1000 1000 1000 1000 1000 1000 1000 1000 1000 1000 1000 1000 1000 1000 1000 1000 1000 1000 1000 1000 1000 1000 1000 1000 1000 1000 1000 1000 1000 1000 1000 1000 1000 1000 1000 1000 1000 1000 1000 1000 1000 1000 1000 1000 1000 1000 1000 1000 1000 1000 1000 1000 1000 1000 1000 1000 1000 1000 1000 1000 1000 1000 1000 1000 1000 1000 1000 1000 1000 1000 1000 1000 1000 1000 1000 1000 1000 1000 1000 1000 1000 1000 1000 1000 1000 1000 1000 1000 1000 1000 1000 1000 1000 1000 1000 1000 1000 1000 1000 1000 1000 1000 1000 1000 1000 1000 1000 1000 1000 1000 1000 1000 1000 1000 1000 1000 1000 1000 1000 1000 1000 1000 1000 1000 1000 1000 1000 1000 1000 1000 1000 1000 1000 1000 1000 1000 1000 1000 1000 1000 1000 1000 1000 1000 1000 1000 1000 1000 1000 1000 1000 1000 1000 1000 1000 1000 1000 1000 1000 1000 1000 1000 1000 1000 1000 1000 1000 1000 1000 1000 1000 1000 1000 1000 1000 1000 1000 1000 1000 1000 1000 1000 1000 1000 1000 1000 1000 1000 1000 1000 1000 1000 1000 1000 1000 1000 1000 1000 1000 1000 1000 1000 1000 1000 1000 1000 1000 1000 1000 1000 1000 1000 1000 1000 1000 1000 1000 1000 1000 1000 1000 1000 1000 1000 1000 1000 1000 1000 1000 1000 1000 1000 1000 1000 1000 1000 1000 1000 1000 1000 1000 1000 1000 1000 1000 1000 1000 1000 1000 1000 1000 1000 1000 1000 1000 1000 1000 1000 1000 1000 1000 1000 1000 1000 1000 1000 1000 1000 1000 1000 1000 1000 1000 1000 1000 1000 1000 1000 1000 1000 1000 1000 1000 1000 1000 1000 1000 1000 1000 1000 1000 1000 1000 1000 1000 1000 1000 1000 1000 1000 1000 1000 1000 1000 1000 1000 1000 1000 1000 1000 1000 1000 1000 1000 1000 1000 1000 1000 1000 1000 1000 1000 1000 1000 1000 1000 1000 1000 1000 1000 1000 1000 1000 1000 1000 1000 1000 1000 1000 1000 1000 1000 1000 1000 1000 1000 1000 1000 1000 1000 1000 1000 1000 1000 1000 1000 1000 1000 1000 1000 1000 1000 1000 1000 1000 1000 1000 1000 1000 1000 1000 1000 1000 1000 1000 1000 1000 1000 1000 1000 1000 1000 1000 1000 1000 1000 1000 1000 1000 1000 1000 1000 1000 1000 1000 1000 1000 1000 1000 1000 1000 1000 1000 1000 1000 998 1000 1000 1000 996 1000 1000 1000 1000 1000 992 1000 1000 1000 1000 1000 1000 1000 989 1000 1000 1000 1000 1000 1000 1000 989 1000 1000 1000 1000 855 1000 1000 1000 1000 833 1000 1000 1000 1000 1000 1000 1000 1000 1000 734 1000 676
1 2 685
2 3 891
1 4 124
2 5 677
2 6 328
2 7 58
3 8 481
7 9 620
6 10 395
1 11 754
10 12 337
11 13 238
8 14 653
8 15 199
8 16 34
10 17 80
12 18 419
11 19 535
11 20 824
16 21 983
18 22 432
17 23 814
17 24 58
22 25 752
25 26 27
26 27 210
26 28 851
21 29 111
28 30 567
30 31 527
27 32 817
24 33 19
26 34 3
25 35 794
33 36 664
33 37 416
28 38 388
38 39 617
36 40 270
34 41 314
34 42 509
41 43 209
37 44 704
44 45 136
45 46 981
38 47 198
44 48 379
46 49 269
41 50 335
42 51 821
43 52 267
45 53 432
50 54 26
51 55 276
49 56 134
50 57 44
53 58 259
58 59 575
58 60 833
57 61 704
55 62 709
53 63 212
55 64 504
61 65 687
64 66 983
60 67 335
58 68 729
63 69 479
69 70 588
62 71 6
62 72 721
71 73 190
71 74 491
67 75 341
66 76 532
75 77 63
77 78 329
73 79 362
71 80 393
80 81 56
80 82 665
79 83 737
81 84 283
83 85 718
77 86 546
85 87 311
87 88 119
81 89 726
87 90 496
87 91 514
85 92 556
85 93 285
89 94 376
87 95 286
89 96 557
87 97 496
91 98 7
96 99 537
99 100 295
97 101 660
96 102 242
95 103 952
103 104 137
98 105 606
103 106 95
105 107 518
101 108 358
99 109 323
103 110 402
109 111 986
104 112 716
104 113 456
111 114 304
106 115 481
108 116 495
110 117 649
113 118 342
111 119 927
118 120 733
112 121 45
118 122 458
117 123 514
123 124 555
121 125 320
121 126 231
119 127 486
119 128 630
123 129 230
129 130 292
129 131 872
130 132 994
125 133 614
131 134 829
125 135 118
131 136 869
134 137 443
136 138 295
129 139 788
135 140 284
134 141 820
141 142 872
134 143 512
139 144 252
136 145 396
145 146 372
144 147 119
145 148 393
144 149 114
142 150 432
141 151 988
151 152 921
147 153 657
145 154 17
150 155 822
154 156 232
148 157 47
157 158 172
155 159 634
155 160 188
157 161 793
155 162 414
160 163 404
154 164 938
163 165 149
158 166 13
160 167 58
158 168 191
163 169 446
160 170 829
165 171 904
169 172 71
170 173 946
172 174 763
171 175 515
169 176 201
168 177 886
169 178 196
175 179 449
176 180 463
172 181 639
180 182 598
176 183 926
180 184 209
183 185 962
178 186 413
178 187 800
183 188 98
179 189 220
184 190 134
187 191 899
184 192 184
188 193 434
187 194 590
189 195 421
191 196 839
187 197 696
191 198 818
192 199 226
191 200 558
199 201 733
199 202 416
195 203 768
201 204 328
201 205 501
196 206 459
200 207 771
204 208 922
200 209 788
201 210 730
203 211 824
204 212 723
208 213 273
205 214 401
207 215 597
212 216 998
209 217 440
208 218 566
215 219 615
212 220 201
216 221 949
212 222 332
221 223 50
215 224 472
220 225 895
216 226 738
221 227 459
219 228 778
224 229 329
226 230 412
223 231 360
230 232 849
229 233 201
225 234 311
227 235 341
235 236 509
227 237 413
234 238 472
236 239 568
232 240 441
234 241 240
237 242 781
237 243 309
236 244 155
239 245 976
237 246 178
240 247 561
238 248 448
243 249 226
240 250 796
247 251 26
250 252 157
244 253 524
244 254 328
248 255 677
250 256 158
247 257 25
248 258 371
251 259 326
253 260 89
257 261 895
259 262 979
261 263 546
258 264 186
259 265 267
262 266 404
263 267 807
267 268 855
267 269 402
260 270 523
263 271 577
271 272 269
270 273 881
271 274 437
265 275 190
268 276 529
273 277 405
272 278 511
269 279 330
270 280 351
272 281 482
272 282 735
276 283 987
277 284 493
276 285 247
282 286 720
285 287 685
287 288 576
281 289 840
287 290 913
289 291 390
285 292 845
284 293 258
284 294 759
288 295 418
287 296 872
290 297 769
290 298 333
297 299 678
295 300 727
295 301 284
295 302 834
301 303 320
295 304 390
304 305 310
300 306 953
306 307 333
305 308 564
304 309 206
302 310 1
304 311 856
307 312 724
308 313 575
306 314 983
308 315 905
315 316 387
316 317 472
309 318 806
318 319 898
312 320 944
318 321 532
319 322 133
316 323 739
320 324 70
317 325 721
317 326 464
320 327 566
323 328 227
328 329 61
328 330 188
329 331 274
331 332 867
326 333 315
331 334 798
332 335 388
332 336 924
336 337 289
333 338 83
336 339 368
338 340 331
334 341 780
335 342 385
334 343 75
337 344 613
342 345 177
338 346 652
341 347 611
338 348 870
345 349 949
345 350 209
346 351 341
345 352 852
346 353 205
346 354 989
354 355 797
352 356 52
348 357 286
354 358 573
352 359 864
355 360 722
355 361 77
352 362 599
353 363 692
360 364 388
356 365 759
359 366 807
362 367 709
364 368 647
360 369 704
364 370 554
364 371 408
371 372 320
367 373 175
367 374 573
368 375 108
369 376 715
374 377 144
375 378 838
371 379 891
372 380 598
378 381 432
381 382 504
374 383 508
382 384 318
383 385 851
376 386 618
382 387 563
385 388 15
382 389 64
387 390 160
384 391 198
383 392 423
384 393 50
387 394 824
393 395 818
389 396 235
389 397 544
397 398 853
396 399 715
393 400 39
396 401 589
398 402 246
402 403 294
403 404 937
395 405 687
404 406 503
400 407 569
401 408 550
407 409 316
400 410 165
404 411 328
405 412 675
405 413 439
413 414 261
414 415 656
407 416 612
407 417 510
416 418 148
410 419 735
419 420 127
414 421 198
414 422 256
415 423 242
416 424 193
421 425 661
423 426 117
421 427 669
420 428 318
427 429 982
426 430 128
428 431 253
429 432 884
428 433 351
430 434 470
429 435 688
429 436 264
430 437 597
432 438 725
432 439 755
436 440 470
436 441 973
437 442 289
438 443 737
437 444 381
439 445 676
438 446 695
443 447 994
446 448 431
448 449 390
440 450 164
441 451 688
449 452 252
450 453 946
449 454 189
451 455 722
446 456 279
455 457 724
448 458 944
453 459 333
459 460 542
459 461 249
454 462 680
457 463 373
462 464 774
455 465 925
456 466 700
457 467 296
463 468 411
462 469 231
469 470 800
470 471 714
465 472 596
467 473 122
469 474 162
469 475 776
468 476 403
471 477 573
474 478 757
478 479 352
470 480 784
480 481 11
481 482 880
482 483 838
475 484 374
482 485 363
480 486 567
482 487 240
485 488 795
484 489 304
482 490 15
489 491 794
484 492 748
489 493 57
492 494 509
493 495 570
486 496 341
490 497 473
489 498 447
498 499 876
492 500 500
497 501 574
499 502 993
499 503 446
500 504 462
501 505 501
501 506 352
499 507 196
504 508 87
507 509 403
506 510 409
503 511 491
504 512 829
503 513 830
509 514 433
513 515 657
512 516 317
510 517 465
513 518 438
518 519 915
513 520 484
515 521 170
515 522 820
519 523 676
517 524 334
524 525 726
520 526 680
518 527 812
523 528 201
523 529 689
528 530 391
527 531 405
523 532 730
530 533 778
532 534 902
530 535 87
532 536 333
530 537 269
533 538 155
535 539 284
531 540 240
540 541 167
532 542 650
533 543 764
538 544 144
541 545 789
538 546 992
543 547 313
546 548 633
540 549 859
542 550 402
549 551 802
543 552 561
546 553 992
553 554 789
553 555 372
552 556 901
550 557 304
557 558 455
558 559 523
557 560 90
554 561 927
561 562 340
558 563 212
554 564 316
561 565 372
558 566 417
559 567 957
564 568 449
565 569 154
567 570 803
569 571 586
563 572 318
571 573 943
567 574 31
573 575 401
574 576 127
574 577 825
572 578 11
578 579 406
571 580 50
578 581 875
573 582 379
577 583 351
575 584 100
582 585 411
577 586 996
581 587 872
580 588 482
583 589 631
587 590 707
587 591 422
582 592 88
583 593 554
586 594 293
590 595 63
592 596 812
587 597 906
595 598 56
590 599 920
596 600 666
594 601 468
595 602 96
596 603 149
600 604 401
596 605 509
597 606 402
603 607 619
598 608 868
600 609 666
605 610 107
609 611 224
604 612 96
607 613 80
612 614 576
608 615 88
608 616 932
615 617 260
615 618 591
613 619 321
618 620 491
617 621 411
621 622 4
616 623 575
620 624 171
616 625 865
623 626 668
623 627 280
627 628 944
626 629 773
621 630 468
623 631 968
627 632 977
632 633 691
630 634 826
628 635 420
633 636 465
636 637 719
637 638 273
630 639 378
630 640 629
637 641 560
633 642 784
638 643 831
639 644 283
644 645 466
639 646 955
640 647 767
638 648 337
645 649 393
644 650 552
641 651 407
642 652 609
651 653 523
653 654 906
647 655 909
655 656 331
651 657 142
653 658 648
654 659 389
652 660 570
652 661 637
658 662 902
659 663 821
654 664 468
656 665 823
661 666 857
661 667 969
658 668 101
662 669 663
669 670 294
669 671 871
662 672 924
669 673 915
667 674 875
668 675 531
671 676 36
667 677 312
676 678 675
674 679 442
673 680 386
677 681 731
674 682 125
677 683 154
674 684 93
675 685 393
684 686 301
685 687 360
678 688 408
684 689 456
687 690 889
687 691 520
689 692 360
685 693 98
688 694 220
687 695 983
693 696 108
690 697 815
694 698 477
689 699 507
698 700 455
692 701 187
694 702 720
698 703 520
702 704 439
698 705 363
697 706 370
703 707 700
704 708 457
700 709 700
705 710 24
706 711 731
704 712 89
709 713 291
713 714 840
708 715 106
710 716 157
708 717 772
714 718 565
718 719 111
719 720 26
715 721 838
719 722 198
717 723 999
723 724 284
717 725 309
725 726 23
721 727 654
721 728 841
727 729 437
721 730 134
728 731 609
725 732 974
727 733 157
724 734 470
728 735 246
728 736 951
734 737 944
728 738 846
736 739 642
732 740 539
733 741 165
736 742 794
735 743 96
743 744 717
736 745 199
737 746 439
743 747 600
740 748 922
740 749 924
740 750 563
742 751 900
745 752 937
746 753 994
748 754 9
754 755 819
751 756 437
754 757 692
757 758 544
749 759 402
754 760 267
755 761 512
760 762 876
758 763 205
761 764 98
762 765 235
762 766 2
764 767 378
759 768 197
767 769 178
768 770 407
767 771 956
771 772 2
763 773 106
769 774 625
769 775 83
773 776 429
776 777 496
776 778 452
776 779 970
772 780 333
771 781 625
776 782 197
777 783 694
776 784 757
779 785 514
781 786 473
781 787 429
783 788 834
788 789 712
786 790 485
781 791 59
789 792 643
787 793 688
790 794 775
793 795 646
794 796 867
791 797 487
790 798 195
792 799 402
794 800 471
793 801 185
797 802 918
793 803 356
802 804 262
797 805 341
802 806 469
800 807 554
802 808 731
805 809 255
802 810 69
807 811 505
803 812 228
807 813 219
805 814 556
810 815 781
812 816 85
814 817 960
808 818 366
810 819 3
818 820 597
811 821 849
812 822 336
816 823 569
816 824 615
817 825 381
822 826 247
819 827 995
820 828 168
825 829 647
829 830 176
830 831 967
825 832 687
828 833 926
829 834 441
833 835 825
829 836 279
831 837 141
835 838 270
834 839 351
836 840 686
838 841 234
837 842 740
842 843 261
838 844 248
843 845 122
838 846 920
845 847 457
839 848 43
839 849 467
849 850 399
850 851 575
845 852 244
843 853 736
851 854 175
853 855 420
850 856 472
856 857 111
850 858 332
858 859 6
857 860 251
857 861 109
859 862 531
854 863 977
862 864 995
858 865 919
862 866 561
863 867 131
863 868 805
867 869 962
862 870 164
865 871 769
866 872 269
863 873 35
870 874 759
867 875 126
875 876 90
871 877 918
869 878 137
873 879 985
875 880 830
871 881 386
872 882 630
877 883 759
882 884 673
881 885 267
881 886 803
882 887 20
884 888 174
883 889 382
883 890 582
882 891 918
889 892 699
885 893 527
886 894 371
887 895 49
891 896 229
891 897 5
893 898 438
896 899 682
898 900 120
895 901 755
901 902 166
893 903 455
900 904 874
897 905 968
897 906 720
906 907 508
906 908 1000
904 909 415
907 910 215
902 911 719
910 912 710
903 913 495
908 914 898
911 915 276
914 916 546
911 917 635
914 918 389
911 919 33
914 920 177
920 921 681
916 922 909
917 923 234
922 924 312
920 925 679
925 926 135
924 927 533
924 928 523
927 929 568
928 930 617
926 931 814
922 932 936
924 933 242
928 934 502
934 935 803
931 936 572
928 937 466
937 938 453
937 939 816
935 940 555
940 941 133
934 942 954
940 943 250
942 944 699
939 945 472
936 946 243
937 947 511
944 948 345
940 949 904
940 950 371
942 951 819
949 952 986
946 953 226
951 954 745
947 955 108
952 956 986
953 957 227
950 958 153
949 959 646
953 960 559
954 961 632
956 962 784
958 963 799
962 964 677
963 965 22
961 966 387
962 967 211
967 968 459
967 969 154
962 970 552
964 971 760
970 972 988
967 973 120
967 974 330
973 975 138
975 976 773
975 977 415
970 978 184
969 979 926
972 980 213
980 981 683
981 982 143
978 983 906
982 984 743
977 985 408
976 986 626
982 987 427
983 988 129
984 989 973
988 990 967
981 991 213
986 992 311
985 993 269
993 994 84
988 995 805
986 996 559
988 997 215
988 998 325
996 999 89
998 1000 638
