1000 999
1000 1000 1000 1000 1000 1000 1000 1000 1000 1000 1000 1000 1000 1000 1000 1000 1000 1000 1000 1000 1000 1000 1000 1000 1000 1000 1000 1000 1000 1000 1000 1000 1000 1000 1000 1000 1000 1000 1000 1000 1000 1000 1000 1000 1000 1000 1000 1000 1000 1000 1000 1000 1000 1000 1000 1000 1000 1000 1000 1000 1000 1000 1000 1000 1000 1000 1000 1000 1000 1000 1000 1000 1000 1000 1000 1000 1000 1000 1000 1000 1000 1000 1000 1000 1000 1000 1000 1000 1000 1000 1000 1000 1000 1000 1000 1000 1000 1000 1000 1000 1000 1000 1000 1000 1000 1000 1000 1000 1000 1000 1000 1000 1000 1000 1000 1000 1000 1000 1000 1000 1000 1000 1000 1000 1000 1000 1000 1000 1000 1000 1000 1000 1000 1000 1000 1000 1000 1000 1000 1000 1000 1000 1000 1000 1000 1000 1000 1000 1000 1000 1000 1000 1000 1000 1000 1000 1000 1000 1000 1000 1000 1000 1000 1000 1000 1000 1000 1000 1000 1000 1000 1000 1000 1000 1000 1000 1000 1000 1000 1000 1000 1000 1000 1000 1000 1000 1000 1000 1000 1000 1000 1000 1000 1000 1000 1000 1000 1000 1000 1000 1000 1000 1000 1000 1000 1000 1000 1000 1000 1000 1000 1000 1000 1000 1000 1000 1000 1000 1000 1000 1000 1000 1000 1000 1000 1000 1000 1000 1000 1000 1000 1000 1000 1000 1000 1000 1000 1000 1000 1000 1000 1000 1000 1000 1000 1000 1000 1000 1000 1000 1000 1000 1000 1000 1000 1000 1000 1000 1000 1000 1000 1000 1000 1000 1000 1000 1000 1000 1000 1000 1000 1000 1000 1000 1000 1000 1000 1000 1000 1000 1000 1000 1000 1000 1000 1000 1000 1000 1000 1000 1000 1000 1000 1000 1000 1000 1000 1000 1000 1000 1000 1000 1000 1000 1000 1000 1000 1000 1000 1000 1000 1000 1000 1000 1000 1000 1000 1000 1000 1000 1000 1000 1000 1000 1000 1000 1000 1000 1000 1000 1000 1000 1000 1000 1000 1000 1000 1000 1000 1000 1000 1000 1000 1000 1000 1000 1000 1000 1000 1000 1000 1000 1000 1000 1000 1000 1000 1000 1000 1000 1000 1000 1000 1000 1000 1000 1000 1000 1000 1000 1000 1000 1000 1000 1000 1000 1000 1000 1000 1000 1000 1000 1000 1000 1000 1000 1000 1000 1000 1000 1000 1000 1000 1000 1000 1000 1000 1000 1000 1000 1000 1000 1000 1000 1000 1000 1000 1000 1000 1000 1000 1000 1000 1000 1000 1000 1000 1000 1000 1000 1000 1000 1000 1000 1000 1000 1000 1000 1000 1000 1000 1000 1000 1000 1000 1000 1000 1000 1000 1000 1000 1000 1000 1000 1000 1000 1000 1000 1000 1000 1000 1000 1000 1000 1000 1000 1000 1000 1000 1000 1000 1000 1000 1000 1000 1000 1000 1000 1000 1000 1000 1000 1000 1000 1000 1000 1000 1000 1000 1000 1000 1000 1000 1000 1000 1000 1000 1000 1000 1000 1000 1000 1000 1000 1000 1000 1000 1000 1000 1000 1000 1000 1000 1000 1000 1000 1000 1000 1000 1000 1000 1000 1000 1000 1000 1000 1000 1000 1000 1000 1000 1000 1000 1000 1000 1000 1000 1000 1000 1000 1000 1000 1000 1000 1000 1000 1000 1000 1000 1000 1000 1000 1000 1000 1000 1000 1000 1000 1000 1000 1000 1000 1000 1000 1000 1000 1000 1000 1000 1000 1000 1000 1000 1000 1000 1000 1000 1000 1000 1000 1000 1000 1000 1000 1000 1000 1000 1000 1000 1000 1000 1000 1000 1000 1000 1000 1000 1000 1000 1000 1000 1000 1000 1000 1000 1000 1000 1000 1000 1000 1000 1000 1000 1000 1000 1000 1000 1000 1000 1000 1000 1000 1000 1000 1000 1000 1000 1000 1000 1000 1000 1000 1000 1000 1000 1000 1000 1000 1000 1000 1000 1000 1000 1000 1000 1000 1000 1000 1000 1000 1000 1000 1000 1000 1000 1000 1000 1000 1000 1000 1000 1000 1000 1000 1000 1000 1000 1000 1000 1000 1000 1000 1000 1000 1000 1000 1000 1000 1000 1000 1000 1000 1000 1000 1000 1000 1000 1000 1000 1000 1000 1000 1000 1000 1000 1000 1000 1000 1000 1000 1000 1000 1000 1000 1000 1000 1000 1000 1000 1000 1000 1000 1000 1000 1000 1000 1000 1000 1000 1000 1000 1000 1000 1000 1000 1000 1000 1000 1000 1000 1000 1000 1000 1000 1000 1000 1000 1000 1000 1000 1000 1000 1000 1000 1000 1000 1000 1000 1000 1000 1000 1000 1000 1000 1000 1000 1000 1000 1000 1000 1000 1000 1000 1000 1000 1000 1000 1000 1000 1000 1000 1000 1000 1000 1000 1000 1000 1000 1000 1000 1000 1000 1000 1000 1000 1000 1000 1000 1000 1000 1000 1000 1000 1000 1000 1000 1000 1000 1000 1000 1000 1000 1000 1000 1000 1000 1000 1000 1000 1000 1000 1000 1000 1000 1000 1000 1000 1000 1000 1000 1000 1000 1000 1000 1000 1000 1000 1000 1000 1000 1000 1000 1000 1000 1000 1000 1000 1000 1000 1000 1000 1000 1000 1000 1000 1000 1000 1000 1000 1000 1000 1000 1000 1000 1000 1000 1000 1000 1000 1000 1000 1000 1000 1000 1000 1000 1000 1000 1000 1000 1000 1000 1000 1000 1000 1000 1000 1000 1000 1000 1000 1000 1000 1000 1000 1000 1000 1000 1000 1000 1000 1000 1000 1000 1000 1000 1000 1000 1000 1000 1000 1000 1000 1000 1000 1000 1000 1000 1000 1000 1000 1000 1000 1000 1000 1000 1000 1000 1000 1000 1000 1000 1000 1000 1000 1000 1000 1000 1000 1000 1000 1000 1000 1000 1000 1000 1000 1000 1000 1000 1000 1000 1000 1000 1000 1000 1000 1000 1000 1000 1000 1000 1000 1000 1000 1000 1000 1000 1000 1000 1000 1000 1000 1000 1000 1000 1000 1000 1000 999 1000 1000 1000 1000 1000 1000 1000 999 1000 1000 1000 1000 1000 999 1000 1000 998 1000 993 1000 1000 968 1000 905 898 1000 1000 1000 1000 1000 1000 1000 1000 876 1000 1000 808 1000 1000 556
1 2 652
2 3 449
1 4 579
1 5 748
1 6 402
4 7 78
4 8 495
6 9 316
1 10 223
2 11 385
3 12 954
12 13 863
5 14 978
10 15 653
9 16 856
14 17 428
12 18 255
15 19 265
15 20 87
15 21 79
15 22 883
22 23 514
16 24 356
21 25 796
20 26 323
21 27 819
23 28 611
28 29 129
26 30 301
21 31 723
28 32 673
25 33 451
28 34 68
30 35 951
32 36 12
33 37 103
31 38 230
30 39 882
32 40 609
34 41 138
34 42 608
39 43 819
38 44 660
44 45 856
45 46 488
37 47 182
38 48 499
41 49 103
46 50 42
46 51 513
43 52 443
43 53 157
44 54 90
54 55 152
49 56 728
49 57 421
51 58 895
57 59 184
55 60 631
56 61 964
56 62 133
57 63 991
59 64 839
62 65 945
58 66 505
61 67 921
58 68 746
65 69 951
68 70 39
66 71 243
70 72 528
66 73 165
65 74 518
74 75 458
68 76 148
76 77 30
72 78 755
77 79 612
71 80 683
71 81 840
76 82 961
77 83 678
77 84 251
83 85 168
76 86 878
78 87 443
86 88 113
84 89 162
87 90 263
82 91 562
84 92 185
89 93 637
87 94 770
85 95 295
89 96 929
93 97 844
97 98 562
89 99 504
92 100 589
97 101 381
95 102 886
94 103 49
100 104 939
98 105 781
99 106 17
97 107 143
103 108 760
105 109 105
104 110 162
106 111 519
108 112 936
112 113 277
106 114 45
110 115 743
113 116 289
111 117 144
111 118 287
118 119 83
112 120 663
118 121 237
115 122 181
118 123 281
115 124 152
124 125 498
124 126 652
121 127 973
124 128 224
128 129 372
121 130 673
122 131 244
123 132 845
124 133 727
126 134 849
131 135 699
134 136 892
136 137 402
131 138 353
138 139 24
133 140 777
131 141 888
135 142 607
134 143 591
142 144 106
138 145 831
144 146 950
138 147 110
142 148 515
141 149 540
143 150 381
149 151 713
151 152 730
148 153 668
153 154 799
145 155 877
154 156 212
153 157 316
155 158 907
153 159 231
152 160 773
160 161 193
160 162 213
162 163 965
155 164 914
160 165 783
161 166 602
163 167 843
158 168 978
164 169 300
169 170 750
167 171 735
166 172 40
168 173 13
173 174 872
171 175 532
174 176 937
172 177 847
170 178 524
174 179 650
175 180 147
177 181 78
176 182 384
173 183 499
181 184 858
176 185 577
180 186 367
185 187 126
183 188 13
179 189 179
182 190 95
181 191 447
182 192 46
192 193 642
190 194 605
188 195 579
192 196 573
189 197 219
197 198 367
197 199 264
194 200 964
197 201 499
198 202 800
197 203 706
200 204 451
195 205 511
198 206 999
203 207 974
202 208 557
202 209 331
208 210 576
206 211 770
206 212 399
205 213 661
204 214 55
207 215 698
214 216 192
207 217 682
214 218 51
211 219 684
216 220 186
213 221 287
219 222 352
213 223 683
220 224 517
222 225 105
221 226 995
222 227 726
227 228 644
223 229 357
221 230 177
227 231 138
227 232 404
232 233 271
224 234 95
229 235 322
229 236 675
234 237 149
237 238 3
236 239 478
231 240 982
235 241 940
241 242 976
237 243 144
236 244 945
241 245 961
237 246 44
237 247 7
240 248 258
243 249 625
242 250 725
249 251 423
247 252 885
243 253 161
247 254 830
245 255 109
255 256 584
251 257 317
257 258 734
255 259 543
256 260 40
258 261 19
257 262 745
254 263 769
262 264 817
263 265 592
262 266 619
259 267 184
267 268 576
264 269 129
262 270 851
264 271 970
262 272 644
271 273 43
270 274 413
268 275 219
267 276 584
268 277 546
276 278 142
272 279 496
277 280 633
280 281 93
278 282 411
274 283 806
278 284 469
278 285 103
283 286 865
279 287 459
283 288 785
282 289 454
284 290 798
289 291 508
282 292 689
284 293 535
287 294 877
294 295 780
287 296 754
296 297 78
294 298 284
295 299 786
296 300 803
297 301 418
298 302 953
299 303 323
297 304 663
304 305 646
301 306 567
301 307 330
306 308 707
301 309 88
303 310 853
304 311 430
303 312 397
304 313 181
307 314 63
314 315 883
315 316 210
310 317 18
315 318 874
309 319 207
312 320 790
313 321 308
318 322 970
320 323 38
323 324 391
321 325 399
325 326 6
326 327 133
318 328 945
323 329 281
321 330 914
323 331 354
326 332 506
325 333 712
327 334 84
331 335 273
331 336 695
327 337 494
330 338 215
329 339 791
331 340 20
338 341 739
333 342 753
336 343 57
334 344 982
337 345 547
339 346 367
337 347 365
340 348 628
348 349 906
342 350 311
347 351 535
344 352 720
351 353 31
345 354 708
348 355 493
349 356 66
347 357 653
352 358 389
352 359 267
359 360 621
354 361 722
355 362 333
354 363 206
355 364 550
358 365 74
365 366 347
364 367 724
365 368 35
362 369 292
361 370 379
365 371 224
363 372 153
369 373 3
368 374 426
372 375 930
368 376 157
373 377 909
377 378 213
373 379 740
377 380 66
378 381 119
381 382 793
375 383 669
376 384 480
383 385 430
377 386 491
383 387 489
385 388 298
384 389 343
389 390 96
381 391 926
391 392 301
389 393 655
393 394 661
393 395 31
389 396 704
389 397 362
396 398 160
392 399 980
391 400 701
394 401 118
400 402 684
395 403 183
397 404 996
400 405 392
400 406 552
397 407 527
399 408 752
402 409 141
409 410 999
410 411 88
404 412 326
411 413 490
408 414 160
410 415 160
408 416 692
409 417 779
414 418 271
413 419 594
411 420 335
412 421 159
420 422 849
421 423 965
423 424 59
421 425 729
423 426 306
418 427 30
420 428 990
428 429 303
424 430 769
423 431 921
424 432 972
429 433 701
431 434 602
427 435 403
429 436 635
429 437 354
435 438 667
429 439 121
430 440 944
436 441 298
434 442 559
438 443 689
440 444 271
440 445 361
444 446 532
445 447 15
443 448 718
442 449 437
448 450 343
447 451 480
444 452 897
449 453 411
450 454 822
449 455 794
451 456 886
449 457 656
454 458 684
454 459 185
456 460 49
454 461 608
460 462 264
459 463 163
457 464 568
455 465 754
462 466 158
463 467 171
460 468 768
464 469 297
469 470 290
467 471 136
467 472 13
463 473 907
469 474 755
473 475 919
468 476 533
473 477 21
470 478 477
470 479 580
473 480 172
479 481 644
481 482 125
481 483 972
480 484 992
477 485 380
478 486 648
477 487 604
487 488 166
479 489 332
488 490 923
488 491 410
485 492 882
491 493 719
490 494 788
492 495 994
490 496 913
488 497 403
495 498 222
492 499 609
494 500 113
493 501 661
492 502 719
501 503 925
503 504 295
497 505 218
504 506 109
500 507 82
504 508 112
499 509 734
506 510 963
509 511 293
508 512 872
504 513 240
513 514 464
510 515 308
513 516 116
514 517 603
514 518 504
512 519 203
517 520 282
513 521 493
515 522 399
516 523 95
519 524 751
521 525 963
519 526 124
518 527 750
518 528 863
521 529 354
522 530 227
525 531 284
528 532 968
532 533 262
530 534 177
528 535 910
526 536 30
534 537 237
530 538 187
537 539 594
538 540 7
533 541 933
537 542 38
534 543 660
536 544 440
538 545 545
538 546 952
542 547 409
542 548 365
544 549 974
546 550 796
544 551 775
545 552 580
551 553 827
546 554 88
550 555 529
554 556 761
549 557 300
549 558 250
555 559 879
556 560 498
556 561 925
557 562 613
560 563 27
554 564 220
555 565 692
557 566 640
566 567 828
566 568 259
566 569 22
565 570 527
565 571 711
570 572 596
571 573 880
568 574 743
567 575 271
566 576 837
568 577 934
570 578 156
573 579 939
573 580 355
575 581 175
576 582 61
574 583 527
583 584 883
583 585 62
583 586 630
586 587 73
586 588 832
585 589 209
586 590 996
589 591 589
588 592 282
586 593 61
592 594 949
594 595 128
593 596 756
588 597 623
592 598 180
592 599 240
597 600 444
594 601 940
598 602 535
598 603 344
600 604 590
598 605 288
605 606 28
604 607 808
602 608 416
602 609 977
609 610 70
607 611 962
605 612 318
603 613 364
613 614 172
610 615 109
612 616 414
613 617 566
611 618 137
613 619 293
617 620 325
616 621 28
616 622 396
622 623 328
615 624 575
615 625 931
617 626 761
624 627 258
622 628 842
622 629 823
623 630 213
622 631 32
627 632 834
630 633 182
627 634 997
628 635 743
630 636 93
632 637 221
632 638 966
635 639 61
635 640 391
633 641 1
633 642 197
636 643 462
638 644 910
642 645 223
640 646 687
637 647 968
647 648 479
646 649 811
640 650 649
650 651 967
651 652 838
646 653 628
651 654 665
646 655 96
648 656 49
647 657 133
652 658 714
656 659 64
655 660 468
656 661 860
655 662 659
659 663 317
658 664 253
661 665 94
659 666 15
659 667 131
664 668 849
660 669 863
665 670 445
664 671 32
671 672 404
663 673 934
664 674 985
669 675 992
671 676 251
671 677 6
669 678 183
671 679 920
670 680 317
675 681 757
673 682 598
675 683 69
676 684 444
681 685 752
676 686 234
685 687 381
679 688 144
684 689 348
681 690 832
689 691 212
689 692 852
684 693 398
692 694 126
694 695 479
694 696 829
689 697 154
696 698 551
691 699 884
694 700 817
696 701 103
695 702 489
695 703 255
698 704 573
701 705 8
700 706 433
704 707 142
706 708 173
706 709 19
706 710 765
706 711 12
711 712 367
706 713 76
708 714 688
706 715 633
710 716 448
710 717 306
717 718 545
715 719 431
715 720 164
713 721 257
714 722 252
718 723 229
721 724 616
722 725 749
718 726 917
721 727 223
725 728 362
726 729 420
729 730 531
724 731 898
724 732 319
725 733 67
725 734 970
726 735 484
728 736 452
727 737 79
729 738 175
736 739 41
738 740 892
736 741 852
733 742 879
741 743 374
734 744 199
741 745 329
742 746 135
737 747 305
740 748 64
743 749 57
745 750 861
744 751 998
749 752 629
746 753 58
751 754 132
753 755 610
751 756 738
756 757 233
755 758 882
751 759 355
751 760 189
760 761 386
758 762 245
755 763 413
756 764 818
756 765 780
761 766 608
761 767 533
758 768 591
768 769 994
763 770 298
763 771 129
769 772 377
771 773 563
767 774 399
766 775 581
768 776 732
768 777 50
773 778 131
773 779 694
774 780 53
775 781 485
778 782 381
776 783 410
781 784 235
776 785 96
776 786 569
786 787 533
778 788 632
784 789 506
785 790 956
790 791 308
784 792 940
785 793 862
788 794 475
794 795 597
786 796 354
791 797 274
796 798 211
790 799 932
792 800 807
797 801 763
792 802 290
799 803 366
797 804 194
799 805 838
805 806 675
806 807 801
802 808 917
799 809 336
802 810 700
805 811 337
807 812 800
812 813 453
806 814 955
811 815 107
810 816 118
813 817 204
811 818 123
817 819 709
812 820 188
814 821 912
820 822 131
815 823 755
823 824 288
815 825 927
822 826 479
820 827 130
824 828 407
821 829 941
823 830 812
829 831 15
829 832 917
824 833 801
826 834 590
832 835 664
833 836 984
834 837 911
837 838 572
833 839 282
838 840 180
836 841 787
837 842 258
835 843 168
839 844 863
842 845 635
839 846 53
839 847 465
845 848 517
841 849 628
848 850 195
845 851 929
850 852 645
844 853 987
852 854 415
850 855 718
852 856 729
854 857 548
850 858 135
853 859 204
857 860 184
859 861 726
860 862 769
854 863 352
863 864 831
862 865 516
857 866 248
862 867 679
861 868 571
864 869 500
861 870 187
868 871 583
868 872 96
868 873 323
865 874 685
874 875 69
874 876 635
876 877 102
877 878 453
872 879 964
872 880 210
879 881 193
873 882 391
879 883 787
882 884 506
882 885 907
884 886 104
878 887 150
878 888 423
884 889 111
883 890 509
885 891 923
888 892 39
891 893 163
886 894 403
891 895 629
894 896 775
894 897 20
897 898 887
892 899 92
890 900 3
893 901 374
893 902 454
899 903 954
896 904 720
898 905 840
904 906 453
899 907 222
904 908 13
902 909 173
909 910 866
908 911 916
908 912 220
909 913 356
910 914 936
909 915 858
909 916 309
911 917 360
916 918 14
911 919 787
913 920 755
915 921 502
915 922 79
922 923 62
921 924 355
920 925 629
920 926 562
920 927 272
924 928 203
926 929 249
922 930 163
922 931 517
922 932 352
925 933 302
924 934 718
933 935 962
930 936 390
936 937 978
930 938 642
932 939 84
939 940 331
935 941 986
941 942 107
933 943 593
934 944 291
938 945 179
943 946 206
942 947 93
944 948 412
944 949 266
945 950 568
944 951 214
943 952 811
949 953 267
953 954 287
948 955 623
954 956 300
948 957 244
952 958 174
955 959 47
950 960 493
959 961 458
960 962 235
953 963 659
959 964 74
962 965 826
959 966 700
958 967 823
960 968 249
960 969 905
968 970 644
969 971 136
963 972 150
963 973 828
968 974 962
969 975 515
968 976 767
974 977 471
975 978 322
977 979 822
977 980 57
973 981 913
979 982 144
979 983 525
982 984 824
984 985 149
979 986 963
979 987 757
979 988 690
982 989 569
981 990 711
986 991 516
988 992 923
992 993 153
985 994 497
993 995 670
994 996 1
994 997 988
996 998 86
995 999 464
997 1000 224
