100 99
1000 1000 1000 1000 1000 1000 1000 1000 1000 1000 1000 1000 1000 1000 1000 1000 1000 1000 1000 1000 1000 1000 1000 1000 1000 1000 1000 1000 1000 1000 1000 1000 1000 1000 1000 1000 1000 1000 1000 1000 1000 1000 1000 1000 1000 1000 1000 1000 1000 1000 1000 1000 1000 1000 1000 1000 1000 1000 1000 1000 1000 1000 1000 1000 1000 1000 1000 1000 1000 1000 1000 1000 1000 1000 1000 1000 1000 1000 1000 1000 1000 1000 1000 1000 1000 1000 1000 1000 1000 1000 1000 1000 1000 1000 862 1000 1000 1000 1000 780
1 2 101
2 3 170
3 4 124
4 5 757
1 6 815
6 7 19
5 8 302
6 9 774
6 10 292
4 11 842
3 12 352
3 13 322
4 14 956
5 15 610
10 16 105
9 17 610
12 18 625
16 19 146
10 20 228
20 21 736
18 22 812
13 23 371
20 24 744
20 25 780
21 26 925
24 27 464
26 28 376
19 29 87
24 30 373
23 31 968
23 32 163
28 33 443
30 34 622
33 35 565
29 36 764
36 37 760
36 38 329
29 39 392
32 40 507
35 41 615
36 42 174
36 43 105
41 44 656
42 45 601
41 46 230
42 47 787
44 48 846
42 49 656
48 50 419
45 51 349
45 52 309
48 53 483
52 54 254
54 55 553
48 56 125
53 57 133
50 58 975
58 59 111
51 60 481
54 61 831
54 62 927
53 63 242
57 64 825
64 65 576
57 66 264
64 67 369
66 68 605
62 69 283
66 70 955
65 71 126
66 72 16
72 73 472
65 74 296
73 75 193
73 76 250
75 77 561
71 78 353
73 79 181
75 80 460
74 81 366
78 82 782
76 83 473
81 84 743
75 85 920
84 86 497
83 87 879
79 88 251
85 89 176
85 90 458
86 91 656
85 92 779
85 93 543
89 94 691
86 95 196
87 96 271
94 97 879
95 98 132
96 99 405
95 100 784
