100 99
1000 1000 1000 1000 1000 1000 1000 1000 1000 1000 1000 1000 1000 1000 1000 1000 1000 1000 1000 1000 1000 1000 1000 1000 1000 1000 1000 1000 1000 1000 1000 1000 1000 1000 1000 1000 1000 1000 1000 1000 1000 1000 1000 1000 1000 1000 1000 1000 1000 1000 1000 1000 1000 1000 998 1000 1000 1000 1000 1000 1000 1000 1000 997 1000 1000 1000 1000 1000 996 1000 1000 1000 1000 1000 1000 1000 995 1000 1000 1000 1000 1000 995 993 1000 1000 1000 1000 1000 1000 1000 993 1000 1000 1000 1000 1000 1000 930
1 2 740
1 3 81
1 4 234
1 5 966
3 6 843
4 7 180
2 8 12
4 9 995
7 10 895
7 11 332
8 12 615
3 13 296
9 14 255
14 15 586
10 16 116
7 17 600
12 18 430
16 19 62
15 20 35
20 21 634
21 22 101
18 23 521
20 24 895
23 25 945
18 26 59
23 27 589
27 28 335
23 29 852
27 30 235
22 31 170
23 32 204
23 33 54
25 34 797
27 35 82
32 36 81
36 37 239
34 38 922
37 39 838
37 40 389
36 41 327
34 42 164
41 43 918
39 44 162
38 45 913
39 46 243
42 47 532
43 48 993
46 49 605
42 50 744
47 51 584
42 52 251
48 53 547
51 54 444
52 55 403
50 56 640
49 57 486
52 58 529
56 59 55
56 60 722
55 61 950
53 62 15
62 63 701
55 64 234
56 65 380
57 66 303
58 67 645
59 68 345
62 69 128
64 70 650
66 71 657
63 72 495
71 73 461
70 74 650
71 75 121
74 76 591
72 77 147
70 78 215
73 79 327
70 80 960
73 81 299
80 82 866
82 83 907
78 84 139
84 85 342
82 86 276
85 87 214
83 88 723
88 89 324
88 90 823
82 91 395
86 92 175
85 93 880
93 94 835
85 95 992
89 96 969
90 97 498
97 98 802
91 99 993
93 100 506
