100 99
1000 1000 1000 1000 1000 1000 1000 1000 1000 1000 1000 1000 1000 1000 1000 1000 1000 1000 1000 1000 1000 1000 1000 1000 1000 1000 1000 1000 1000 1000 1000 1000 1000 1000 1000 1000 1000 1000 1000 1000 1000 1000 1000 1000 1000 1000 1000 1000 1000 1000 1000 1000 1000 1000 1000 1000 997 997 1000 1000 997 1000 1000 1000 1000 1000 1000 1000 1000 1000 964 1000 1000 1000 1000 940 1000 1000 1000 1000 1000 1000 1000 935 1000 1000 1000 1000 1000 1000 1000 1000 1000 617 1000 1000 512 1000 1000 165
1 2 860
1 3 614
2 4 145
1 5 361
4 6 485
6 7 261
2 8 331
3 9 392
6 10 304
5 11 481
4 12 737
4 13 639
13 14 123
6 15 928
11 16 450
13 17 35
13 18 875
15 19 679
12 20 673
13 21 401
14 22 147
19 23 602
23 24 652
16 25 847
21 26 147
24 27 687
21 28 209
24 29 881
23 30 133
30 31 411
29 32 19
30 33 900
24 34 328
29 35 907
34 36 600
34 37 325
28 38 305
33 39 643
33 40 461
35 41 393
40 42 908
41 43 113
34 44 167
43 45 134
44 46 814
37 47 121
43 48 235
41 49 256
40 50 941
50 51 618
43 52 446
47 53 140
45 54 598
45 55 999
47 56 565
52 57 783
57 58 380
50 59 253
52 60 845
58 61 159
60 62 207
61 63 75
56 64 683
62 65 287
61 66 529
63 67 612
62 68 292
61 69 230
60 70 2
61 71 734
65 72 5
71 73 328
71 74 516
73 75 509
71 76 915
71 77 178
69 78 294
72 79 136
71 80 914
77 81 122
72 82 229
78 83 618
76 84 377
76 85 955
82 86 533
85 87 584
82 88 500
88 89 60
88 90 67
88 91 657
82 92 103
92 93 761
84 94 13
85 95 864
89 96 377
94 97 896
94 98 592
93 99 98
97 100 965
