100 99
1000 1000 1000 1000 1000 1000 1000 1000 1000 1000 1000 1000 1000 1000 1000 1000 1000 1000 1000 1000 1000 1000 1000 1000 1000 1000 1000 1000 1000 1000 1000 1000 1000 1000 1000 1000 1000 1000 1000 1000 1000 1000 1000 1000 1000 1000 1000 1000 1000 1000 1000 1000 1000 1000 1000 1000 1000 1000 1000 1000 1000 1000 999 1000 1000 1000 1000 1000 1000 1000 999 1000 1000 1000 999 999 1000 1000 1000 1000 1000 1000 1000 1000 1000 999 1000 1000 1000 1000 1000 1000 1000 976 761 1000 1000 1000 1000 321
1 2 229
1 3 639
1 4 196
1 5 513
1 6 82
6 7 912
3 8 486
7 9 398
3 10 800
1 11 939
11 12 72
9 13 643
8 14 132
6 15 14
12 16 294
10 17 959
11 18 364
12 19 606
14 20 351
19 21 246
21 22 84
13 23 735
19 24 942
15 25 637
22 26 65
17 27 967
18 28 249
27 29 161
21 30 753
27 31 322
30 32 493
32 33 719
27 34 760
32 35 190
27 36 502
28 37 764
28 38 204
34 39 352
39 40 707
36 41 637
39 42 745
40 43 580
34 44 751
36 45 919
45 46 740
39 47 704
43 48 280
42 49 832
42 50 186
49 51 608
43 52 91
49 53 275
48 54 921
51 55 202
50 56 213
48 57 431
56 58 973
49 59 250
50 60 82
52 61 279
59 62 587
53 63 390
62 64 417
60 65 258
65 66 73
57 67 499
62 68 77
66 69 668
61 70 75
63 71 877
70 72 300
70 73 90
64 74 926
71 75 362
75 76 107
67 77 545
70 78 1000
77 79 942
74 80 815
71 81 222
76 82 629
74 83 695
83 84 269
79 85 278
76 86 915
80 87 657
78 88 401
80 89 726
85 90 365
82 91 570
83 92 833
85 93 51
86 94 530
94 95 639
91 96 418
96 97 578
93 98 607
91 99 508
95 100 665
