100 99
1000 1000 1000 1000 1000 1000 1000 1000 1000 1000 1000 1000 1000 1000 1000 1000 1000 1000 1000 1000 1000 1000 1000 1000 1000 1000 1000 1000 1000 1000 1000 1000 1000 1000 1000 1000 1000 1000 1000 1000 1000 1000 1000 1000 1000 1000 1000 1000 1000 1000 1000 1000 1000 1000 1000 1000 1000 1000 1000 1000 1000 1000 1000 1000 1000 1000 1000 1000 1000 1000 1000 1000 1000 1000 1000 1000 1000 1000 999 997 1000 1000 1000 991 1000 1000 1000 1000 1000 1000 1000 1000 1000 969 1000 1000 1000 1000 1000 884
1 2 319
1 3 477
2 4 741
3 5 784
3 6 607
4 7 56
1 8 556
8 9 665
3 10 356
7 11 891
3 12 920
9 13 16
9 14 878
14 15 858
12 16 534
12 17 226
15 18 335
11 19 522
10 20 339
15 21 877
18 22 782
18 23 193
23 24 219
17 25 372
16 26 511
21 27 852
23 28 404
24 29 21
26 30 784
21 31 327
22 32 219
23 33 510
29 34 36
26 35 376
33 36 573
31 37 315
37 38 923
31 39 324
34 40 919
35 41 984
38 42 991
37 43 55
40 44 141
38 45 828
37 46 143
42 47 439
38 48 421
39 49 203
49 50 903
44 51 664
51 52 309
47 53 538
49 54 212
51 55 72
48 56 472
51 57 590
49 58 508
51 59 403
54 60 675
55 61 796
53 62 235
57 63 223
57 64 77
60 65 633
62 66 479
58 67 89
61 68 354
64 69 594
67 70 299
70 71 677
70 72 230
67 73 44
73 74 631
73 75 176
69 76 31
76 77 557
72 78 165
69 79 769
79 80 66
77 81 552
78 82 852
79 83 139
80 84 596
82 85 660
80 86 664
83 87 163
78 88 529
84 89 108
89 90 582
85 91 807
90 92 480
90 93 391
84 94 732
85 95 44
94 96 236
96 97 193
91 98 638
95 99 758
94 100 915
