100 99
1000 1000 1000 1000 1000 1000 1000 1000 1000 1000 1000 1000 1000 1000 1000 1000 1000 1000 1000 1000 1000 1000 1000 1000 1000 1000 1000 1000 1000 1000 1000 1000 1000 1000 1000 1000 1000 1000 1000 1000 1000 1000 1000 1000 1000 1000 1000 1000 1000 1000 1000 1000 1000 1000 999 1000 999 1000 1000 1000 1000 1000 1000 999 1000 999 1000 1000 1000 1000 1000 1000 1000 1000 1000 968 1000 1000 1000 1000 908 1000 1000 1000 1000 1000 1000 1000 1000 534 1000 1000 1000 1000 1000 1000 1000 1000 1000 272
1 2 375
2 3 593
3 4 186
1 5 811
1 6 793
1 7 636
2 8 594
5 9 881
1 10 797
8 11 383
4 12 952
4 13 61
9 14 531
12 15 205
8 16 61
16 17 680
10 18 37
17 19 479
12 20 921
11 21 386
12 22 83
16 23 21
19 24 782
16 25 302
18 26 933
18 27 713
23 28 229
23 29 396
26 30 127
24 31 843
27 32 207
24 33 173
24 34 159
27 35 869
26 36 588
27 37 674
30 38 392
29 39 87
37 40 567
34 41 268
39 42 442
35 43 811
41 44 559
40 45 643
43 46 254
38 47 137
40 48 214
39 49 458
42 50 374
44 51 27
42 52 540
43 53 457
49 54 346
46 55 201
51 56 195
55 57 265
50 58 515
52 59 157
54 60 388
51 61 939
53 62 722
62 63 399
57 64 592
57 65 792
64 66 145
58 67 569
60 68 696
61 69 625
60 70 343
68 71 915
62 72 812
71 73 559
71 74 928
69 75 103
66 76 582
67 77 515
71 78 674
75 79 238
71 80 103
76 81 654
77 82 944
79 83 495
76 84 784
76 85 537
79 86 330
78 87 414
85 88 474
85 89 541
81 90 193
86 91 850
83 92 581
84 93 195
89 94 62
94 95 284
91 96 283
92 97 44
96 98 531
97 99 974
90 100 724
