500 499
1000 1000 1000 1000 1000 1000 1000 1000 1000 1000 1000 1000 1000 1000 1000 1000 1000 1000 1000 1000 1000 1000 1000 1000 1000 1000 1000 1000 1000 1000 1000 1000 1000 1000 1000 1000 1000 1000 1000 1000 1000 1000 1000 1000 1000 1000 1000 1000 1000 1000 1000 1000 1000 1000 1000 1000 1000 1000 1000 1000 1000 1000 1000 1000 1000 1000 1000 1000 1000 1000 1000 1000 1000 1000 1000 1000 1000 1000 1000 1000 1000 1000 1000 1000 1000 1000 1000 1000 1000 1000 1000 1000 1000 1000 1000 1000 1000 1000 1000 1000 1000 1000 1000 1000 1000 1000 1000 1000 1000 1000 1000 1000 1000 1000 1000 1000 1000 1000 1000 1000 1000 1000 1000 1000 1000 1000 1000 1000 1000 1000 1000 1000 1000 1000 1000 1000 1000 1000 1000 1000 1000 1000 1000 1000 1000 1000 1000 1000 1000 1000 1000 1000 1000 1000 1000 1000 1000 1000 1000 1000 1000 1000 1000 1000 1000 1000 1000 1000 1000 1000 1000 1000 1000 1000 1000 1000 1000 1000 1000 1000 1000 1000 1000 1000 1000 1000 1000 1000 1000 1000 1000 1000 1000 1000 1000 1000 1000 1000 1000 1000 1000 1000 1000 1000 1000 1000 1000 1000 1000 1000 1000 1000 1000 1000 1000 1000 1000 1000 1000 1000 1000 1000 1000 1000 1000 1000 1000 1000 1000 1000 1000 1000 1000 1000 1000 1000 1000 1000 1000 1000 1000 1000 1000 1000 1000 1000 1000 1000 1000 1000 1000 1000 1000 1000 1000 1000 1000 1000 1000 1000 1000 1000 1000 1000 1000 1000 1000 1000 1000 1000 1000 1000 1000 1000 1000 1000 1000 1000 1000 1000 1000 1000 1000 1000 1000 1000 1000 1000 1000 1000 1000 1000 1000 1000 1000 1000 1000 1000 1000 1000 1000 1000 1000 1000 1000 1000 1000 1000 1000 1000 1000 1000 1000 1000 1000 1000 1000 1000 1000 1000 1000 1000 1000 1000 1000 1000 1000 1000 1000 1000 1000 1000 1000 1000 1000 1000 1000 1000 1000 1000 1000 1000 1000 1000 1000 1000 1000 1000 1000 1000 1000 1000 1000 1000 1000 1000 1000 1000 1000 1000 1000 1000 1000 1000 1000 1000 1000 1000 1000 1000 1000 1000 1000 1000 1000 1000 1000 1000 1000 1000 1000 1000 1000 1000 1000 1000 1000 1000 1000 1000 1000 1000 1000 1000 1000 1000 1000 1000 1000 1000 1000 1000 1000 1000 1000 1000 1000 1000 1000 1000 1000 1000 1000 1000 1000 1000 1000 1000 1000 1000 1000 1000 1000 1000 1000 1000 1000 1000 1000 1000 1000 1000 1000 999 1000 1000 1000 1000 1000 999 1000 1000 1000 1000 1000 1000 1000 1000 998 1000 1000 1000 1000 1000 1000 1000 1000 1000 997 1000 1000 1000 1000 1000 1000 997 1000 1000 1000 1000 1000 990 1000 1000 1000 1000 1000 1000 1000 985 1000 1000 1000 1000 1000 1000 1000 1000 973 1000 1000 853 766 1000 1000 1000 1000 1000 1000 757
1 2 130
1 3 487
3 4 117
1 5 43
5 6 669
3 7 151
6 8 880
8 9 228
6 10 485
1 11 347
11 12 26
7 13 203
11 14 454
13 15 551
12 16 104
12 17 526
11 18 214
9 19 650
16 20 727
17 21 569
14 22 114
14 23 551
21 24 341
19 25 698
21 26 951
21 27 13
18 28 957
28 29 901
22 30 169
25 31 999
25 32 614
30 33 472
27 34 430
34 35 627
30 36 108
28 37 327
28 38 322
38 39 887
34 40 540
38 41 288
37 42 148
35 43 846
40 44 804
39 45 183
39 46 374
40 47 222
46 48 648
45 49 225
44 50 216
48 51 300
46 52 477
44 53 412
52 54 814
46 55 885
49 56 232
47 57 493
53 58 76
57 59 662
57 60 782
52 61 840
55 62 111
60 63 996
59 64 980
57 65 650
56 66 454
64 67 772
64 68 616
68 69 257
64 70 620
69 71 571
64 72 174
70 73 137
71 74 23
72 75 486
66 76 763
73 77 632
74 78 396
69 79 650
76 80 421
77 81 306
77 82 719
77 83 179
78 84 47
75 85 541
84 86 862
85 87 456
83 88 928
80 89 293
82 90 174
85 91 605
90 92 564
92 93 351
91 94 139
90 95 262
86 96 696
87 97 881
94 98 235
93 99 738
98 100 249
91 101 392
95 102 339
94 103 132
98 104 981
96 105 655
105 106 407
100 107 115
101 108 136
103 109 166
106 110 790
106 111 802
102 112 558
106 113 720
112 114 531
112 115 376
106 116 111
114 117 10
116 118 91
109 119 504
118 120 869
111 121 849
120 122 277
121 123 216
117 124 575
115 125 420
125 126 684
119 127 598
120 128 80
121 129 701
123 130 965
124 131 397
123 132 95
127 133 11
131 134 511
125 135 787
131 136 264
130 137 883
134 138 765
135 139 277
133 140 225
140 141 793
136 142 869
133 143 512
142 144 157
143 145 754
138 146 91
140 147 153
143 148 995
141 149 188
146 150 686
146 151 365
148 152 351
150 153 115
147 154 592
147 155 601
153 156 14
147 157 933
157 158 225
149 159 986
151 160 366
157 161 926
154 162 324
161 163 805
160 164 26
164 165 396
162 166 944
164 167 918
165 168 153
164 169 219
167 170 951
166 171 452
165 172 423
163 173 153
164 174 73
172 175 307
172 176 249
176 177 322
169 178 585
175 179 103
175 180 957
178 181 51
174 182 837
173 183 999
176 184 670
184 185 858
177 186 41
177 187 31
183 188 435
182 189 211
186 190 172
186 191 43
185 192 584
189 193 444
189 194 337
191 195 98
193 196 962
196 197 426
192 198 165
192 199 39
197 200 735
191 201 688
194 202 71
195 203 96
195 204 226
204 205 829
203 206 930
202 207 515
200 208 506
204 209 134
201 210 508
207 211 587
206 212 99
209 213 447
210 214 569
208 215 958
214 216 50
211 217 382
210 218 807
215 219 281
211 220 469
213 221 679
219 222 571
222 223 161
214 224 887
217 225 175
223 226 634
225 227 811
222 228 687
223 229 628
223 230 344
224 231 436
225 232 425
228 233 635
225 234 371
225 235 825
232 236 387
228 237 943
231 238 752
236 239 927
238 240 176
233 241 512
241 242 155
235 243 451
242 244 727
240 245 584
241 246 74
242 247 562
245 248 787
241 249 687
242 250 730
249 251 81
244 252 884
248 253 519
252 254 736
247 255 413
246 256 876
250 257 575
249 258 16
249 259 634
255 260 697
259 261 732
255 262 568
260 263 975
256 264 833
257 265 794
262 266 325
264 267 815
266 268 560
261 269 734
266 270 19
266 271 345
266 272 531
271 273 526
267 274 96
273 275 361
267 276 63
271 277 311
270 278 249
269 279 315
277 280 898
278 281 196
279 282 410
277 283 797
275 284 991
280 285 21
278 286 305
281 287 917
279 288 621
281 289 428
281 290 139
288 291 494
291 292 712
290 293 137
292 294 989
289 295 958
288 296 878
293 297 342
291 298 35
294 299 395
291 300 418
294 301 578
294 302 67
302 303 376
294 304 107
298 305 730
300 306 802
298 307 939
303 308 389
299 309 818
307 310 612
303 311 841
307 312 93
312 313 895
307 314 255
309 315 935
314 316 608
307 317 687
316 318 752
316 319 362
315 320 20
314 321 198
312 322 579
314 323 639
315 324 668
324 325 730
322 326 959
318 327 859
326 328 343
321 329 935
326 330 863
327 331 491
331 332 265
329 333 619
330 334 592
330 335 99
334 336 104
336 337 298
328 338 760
334 339 338
331 340 351
333 341 130
338 342 780
334 343 804
335 344 189
340 345 223
338 346 209
341 347 38
347 348 342
346 349 998
344 350 124
343 351 708
342 352 951
343 353 365
345 354 553
354 355 949
351 356 541
347 357 777
355 358 413
351 359 540
350 360 78
359 361 590
358 362 495
353 363 280
360 364 38
357 365 505
364 366 258
366 367 972
362 368 858
365 369 736
361 370 244
370 371 991
369 372 55
371 373 919
365 374 658
367 375 100
366 376 898
370 377 796
376 378 992
369 379 9
372 380 305
375 381 115
377 382 404
374 383 115
382 384 927
378 385 953
382 386 275
378 387 192
380 388 819
379 389 333
381 390 785
389 391 379
387 392 897
388 393 273
384 394 740
388 395 778
394 396 383
396 397 12
397 398 993
392 399 298
394 400 856
391 401 578
400 402 997
398 403 744
394 404 67
401 405 705
396 406 284
398 407 497
405 408 348
403 409 334
405 410 620
407 411 978
410 412 960
409 413 860
404 414 498
406 415 240
413 416 741
416 417 947
414 418 154
409 419 808
415 420 910
414 421 629
414 422 786
419 423 270
417 424 10
419 425 353
424 426 791
418 427 833
418 428 989
423 429 516
429 430 77
421 431 725
430 432 572
430 433 946
433 434 907
429 435 894
428 436 205
427 437 32
437 438 283
436 439 267
434 440 283
439 441 508
441 442 69
435 443 695
440 444 629
440 445 963
441 446 324
445 447 505
441 448 703
440 449 865
444 450 462
442 451 212
448 452 70
446 453 691
450 454 216
451 455 847
452 456 480
452 457 735
454 458 846
449 459 509
454 460 64
452 461 177
460 462 486
454 463 820
458 464 717
459 465 534
459 466 533
457 467 114
463 468 467
459 469 429
469 470 288
461 471 938
466 472 23
472 473 640
470 474 155
465 475 626
472 476 383
472 477 310
475 478 84
473 479 711
472 480 222
474 481 676
472 482 239
479 483 766
475 484 491
475 485 38
479 486 891
482 487 124
483 488 434
480 489 289
488 490 51
481 491 742
489 492 441
492 493 403
489 494 845
489 495 969
486 496 947
488 497 816
488 498 829
496 499 498
493 500 591
