100 99
1000 1000 1000 1000 1000 1000 1000 1000 1000 1000 1000 1000 1000 1000 1000 1000 1000 1000 1000 1000 1000 1000 1000 1000 1000 1000 1000 1000 1000 1000 1000 1000 1000 1000 1000 1000 1000 1000 1000 1000 1000 1000 1000 1000 1000 1000 1000 1000 1000 1000 1000 1000 1000 1000 1000 1000 1000 1000 1000 1000 1000 1000 1000 1000 1000 1000 996 1000 1000 1000 1000 1000 1000 1000 1000 1000 971 1000 1000 1000 1000 1000 1000 1000 1000 1000 914 1000 812 1000 1000 1000 1000 1000 1000 804 1000 1000 1000 569
1 2 43
1 3 740
3 4 315
3 5 898
4 6 703
2 7 901
7 8 69
1 9 202
5 10 467
5 11 788
3 12 960
5 13 808
7 14 247
7 15 146
15 16 187
16 17 662
17 18 102
16 19 512
12 20 16
14 21 932
13 22 311
15 23 759
14 24 841
19 25 155
20 26 867
23 27 919
21 28 822
26 29 181
22 30 332
27 31 259
30 32 991
30 33 402
29 34 379
34 35 714
29 36 767
33 37 812
34 38 752
31 39 934
37 40 790
34 41 611
40 42 926
40 43 601
42 44 654
44 45 89
38 46 411
44 47 66
47 48 774
47 49 830
48 50 907
45 51 275
50 52 633
47 53 699
44 54 21
51 55 140
50 56 118
53 57 713
49 58 130
53 59 936
57 60 608
51 61 426
57 62 508
54 63 751
60 64 775
64 65 511
60 66 940
64 67 33
61 68 44
63 69 136
63 70 83
62 71 456
62 72 137
64 73 222
70 74 785
70 75 686
71 76 829
67 77 506
70 78 72
78 79 458
73 80 930
75 81 678
79 82 312
75 83 46
81 84 554
83 85 739
78 86 204
77 87 115
79 88 69
87 89 24
83 90 970
89 91 266
83 92 60
86 93 345
89 94 918
88 95 779
89 96 464
92 97 172
93 98 87
92 99 497
96 100 298
