1000 999
1000 1000 1000 1000 1000 1000 1000 1000 1000 1000 1000 1000 1000 1000 1000 1000 1000 1000 1000 1000 1000 1000 1000 1000 1000 1000 1000 1000 1000 1000 1000 1000 1000 1000 1000 1000 1000 1000 1000 1000 1000 1000 1000 1000 1000 1000 1000 1000 1000 1000 1000 1000 1000 1000 1000 1000 1000 1000 1000 1000 1000 1000 1000 1000 1000 1000 1000 1000 1000 1000 1000 1000 1000 1000 1000 1000 1000 1000 1000 1000 1000 1000 1000 1000 1000 1000 1000 1000 1000 1000 1000 1000 1000 1000 1000 1000 1000 1000 1000 1000 1000 1000 1000 1000 1000 1000 1000 1000 1000 1000 1000 1000 1000 1000 1000 1000 1000 1000 1000 1000 1000 1000 1000 1000 1000 1000 1000 1000 1000 1000 1000 1000 1000 1000 1000 1000 1000 1000 1000 1000 1000 1000 1000 1000 1000 1000 1000 1000 1000 1000 1000 1000 1000 1000 1000 1000 1000 1000 1000 1000 1000 1000 1000 1000 1000 1000 1000 1000 1000 1000 1000 1000 1000 1000 1000 1000 1000 1000 1000 1000 1000 1000 1000 1000 1000 1000 1000 1000 1000 1000 1000 1000 1000 1000 1000 1000 1000 1000 1000 1000 1000 1000 1000 1000 1000 1000 1000 1000 1000 1000 1000 1000 1000 1000 1000 1000 1000 1000 1000 1000 1000 1000 1000 1000 1000 1000 1000 1000 1000 1000 1000 1000 1000 1000 1000 1000 1000 1000 1000 1000 1000 1000 1000 1000 1000 1000 1000 1000 1000 1000 1000 1000 1000 1000 1000 1000 1000 1000 1000 1000 1000 1000 1000 1000 1000 1000 1000 1000 1000 1000 1000 1000 1000 1000 1000 1000 1000 1000 1000 1000 1000 1000 1000 1000 1000 1000 1000 1000 1000 1000 1000 1000 1000 1000 1000 1000 1000 1000 1000 1000 1000 1000 1000 1000 1000 1000 1000 1000 1000 1000 1000 1000 1000 1000 1000 1000 1000 1000 1000 1000 1000 1000 1000 1000 1000 1000 1000 1000 1000 1000 1000 1000 1000 1000 1000 1000 1000 1000 1000 1000 1000 1000 1000 1000 1000 1000 1000 1000 1000 1000 1000 1000 1000 1000 1000 1000 1000 1000 1000 1000 1000 1000 1000 1000 1000 1000 1000 1000 1000 1000 1000 1000 1000 1000 1000 1000 1000 1000 1000 1000 1000 1000 1000 1000 1000 1000 1000 1000 1000 1000 1000 1000 1000 1000 1000 1000 1000 1000 1000 1000 1000 1000 1000 1000 1000 1000 1000 1000 1000 1000 1000 1000 1000 1000 1000 1000 1000 1000 1000 1000 1000 1000 1000 1000 1000 1000 1000 1000 1000 1000 1000 1000 1000 1000 1000 1000 1000 1000 1000 1000 1000 1000 1000 1000 1000 1000 1000 1000 1000 1000 1000 1000 1000 1000 1000 1000 1000 1000 1000 1000 1000 1000 1000 1000 1000 1000 1000 1000 1000 1000 1000 1000 1000 1000 1000 1000 1000 1000 1000 1000 1000 1000 1000 1000 1000 1000 1000 1000 1000 1000 1000 1000 1000 1000 1000 1000 1000 1000 1000 1000 1000 1000 1000 1000 1000 1000 1000 1000 1000 1000 1000 1000 1000 1000 1000 1000 1000 1000 1000 1000 1000 1000 1000 1000 1000 1000 1000 1000 1000 1000 1000 1000 1000 1000 1000 1000 1000 1000 1000 1000 1000 1000 1000 1000 1000 1000 1000 1000 1000 1000 1000 1000 1000 1000 1000 1000 1000 1000 1000 1000 1000 1000 1000 1000 1000 1000 1000 1000 1000 1000 1000 1000 1000 1000 1000 1000 1000 1000 1000 1000 1000 1000 1000 1000 1000 1000 1000 1000 1000 1000 1000 1000 1000 1000 1000 1000 1000 1000 1000 1000 1000 1000 1000 1000 1000 1000 1000 1000 1000 1000 1000 1000 1000 1000 1000 1000 1000 1000 1000 1000 1000 1000 1000 1000 1000 1000 1000 1000 1000 1000 1000 1000 1000 1000 1000 1000 1000 1000 1000 1000 1000 1000 1000 1000 1000 1000 1000 1000 1000 1000 1000 1000 1000 1000 1000 1000 1000 1000 1000 1000 1000 1000 1000 1000 1000 1000 1000 1000 1000 1000 1000 1000 1000 1000 1000 1000 1000 1000 1000 1000 1000 1000 1000 1000 1000 1000 1000 1000 1000 1000 1000 1000 1000 1000 1000 1000 1000 1000 1000 1000 1000 1000 1000 1000 1000 1000 1000 1000 1000 1000 1000 1000 1000 1000 1000 1000 1000 1000 1000 1000 1000 1000 1000 1000 1000 1000 1000 1000 1000 1000 1000 1000 1000 1000 1000 1000 1000 1000 1000 1000 1000 1000 1000 1000 1000 1000 1000 1000 1000 1000 1000 1000 1000 1000 1000 1000 1000 1000 1000 1000 1000 1000 1000 1000 1000 1000 1000 1000 1000 1000 1000 1000 1000 1000 1000 1000 1000 1000 1000 1000 1000 1000 1000 1000 1000 1000 1000 1000 1000 1000 1000 1000 1000 1000 1000 1000 1000 1000 1000 1000 1000 1000 1000 1000 1000 1000 1000 1000 1000 1000 1000 1000 1000 1000 1000 1000 1000 1000 1000 1000 1000 1000 1000 1000 1000 1000 1000 1000 1000 1000 1000 1000 1000 1000 1000 1000 1000 1000 1000 1000 1000 1000 1000 1000 1000 1000 1000 1000 1000 1000 1000 1000 1000 1000 1000 1000 1000 1000 1000 1000 1000 1000 1000 1000 1000 1000 1000 1000 1000 1000 1000 1000 1000 1000 1000 1000 1000 1000 1000 1000 1000 1000 1000 1000 1000 1000 1000 1000 1000 1000 1000 1000 1000 1000 1000 1000 1000 1000 1000 1000 1000 1000 1000 1000 1000 1000 1000 1000 1000 1000 1000 1000 1000 1000 1000 1000 1000 1000 1000 1000 1000 1000 1000 1000 1000 1000 1000 1000 1000 1000 1000 1000 1000 1000 1000 1000 1000 1000 1000 1000 1000 1000 1000 1000 1000 1000 1000 1000 1000 1000 1000 1000 1000 1000 1000 1000 1000 1000 1000 999 1000 1000 1000 999 1000 1000 1000 1000 1000 1000 1000 994 1000 1000 1000 1000 993 1000 1000 1000 1000 988 1000 974 1000 947 1000 1000 1000 832 1000 1000 815 1000 1000 283 1000 1000 1000 88
1 2 163
1 3 720
2 4 728
4 5 954
1 6 953
3 7 22
2 8 214
6 9 149
3 10 771
6 11 582
6 12 473
5 13 556
9 14 373
14 15 558
8 16 360
8 17 750
13 18 189
13 19 459
13 20 405
17 21 582
21 22 214
22 23 464
21 24 336
17 25 491
21 26 455
23 27 245
24 28 852
27 29 32
28 30 836
28 31 764
28 32 431
29 33 516
32 34 754
33 35 77
35 36 382
32 37 874
33 38 958
37 39 298
39 40 733
33 41 504
36 42 510
33 43 947
43 44 370
40 45 780
39 46 550
41 47 194
45 48 786
42 49 225
47 50 251
49 51 646
49 52 801
48 53 117
44 54 666
51 55 708
49 56 53
50 57 341
49 58 864
58 59 480
51 60 731
59 61 310
61 62 99
58 63 207
54 64 424
63 65 117
60 66 807
63 67 831
58 68 880
59 69 87
64 70 593
68 71 756
68 72 865
66 73 641
70 74 534
73 75 964
75 76 224
76 77 896
74 78 347
71 79 147
78 80 537
80 81 729
73 82 486
82 83 367
78 84 290
83 85 512
78 86 778
86 87 380
87 88 328
86 89 180
88 90 110
89 91 352
89 92 823
91 93 1
84 94 743
87 95 847
87 96 413
88 97 619
90 98 600
95 99 350
99 100 207
95 101 545
93 102 176
96 103 555
99 104 810
97 105 271
103 106 50
106 107 954
101 108 722
99 109 841
100 110 646
103 111 129
109 112 661
112 113 213
112 114 174
112 115 925
112 116 888
107 117 681
115 118 88
113 119 113
119 120 479
119 121 176
114 122 850
122 123 348
119 124 584
123 125 689
117 126 600
124 127 451
122 128 704
125 129 423
125 130 927
123 131 210
126 132 516
131 133 848
129 134 44
131 135 151
128 136 488
136 137 889
134 138 76
132 139 390
137 140 74
139 141 647
137 142 589
139 143 404
143 144 30
141 145 967
143 146 403
139 147 311
145 148 235
145 149 590
146 150 923
149 151 148
143 152 724
145 153 545
153 154 970
154 155 902
151 156 182
149 157 149
154 158 557
149 159 797
153 160 872
152 161 159
155 162 810
159 163 627
159 164 277
157 165 812
157 166 317
163 167 168
158 168 443
160 169 849
167 170 523
162 171 478
164 172 974
165 173 323
165 174 521
173 175 172
172 176 557
170 177 302
172 178 141
169 179 575
179 180 210
179 181 713
179 182 562
175 183 739
180 184 53
178 185 383
177 186 71
186 187 781
186 188 745
183 189 407
189 190 152
189 191 523
187 192 733
192 193 45
190 194 651
193 195 994
192 196 131
194 197 181
195 198 779
198 199 757
191 200 195
196 201 669
196 202 103
202 203 44
201 204 504
199 205 523
196 206 827
205 207 41
201 208 240
205 209 18
201 210 388
206 211 596
206 212 455
204 213 656
211 214 423
209 215 127
211 216 116
210 217 291
208 218 962
212 219 137
210 220 170
214 221 150
214 222 440
218 223 847
220 224 718
223 225 391
224 226 160
219 227 997
227 228 183
224 229 691
228 230 102
225 231 696
231 232 872
232 233 863
233 234 256
229 235 718
234 236 54
228 237 768
236 238 657
236 239 123
238 240 64
233 241 379
234 242 848
236 243 373
234 244 713
243 245 877
238 246 369
240 247 216
240 248 919
245 249 451
241 250 617
243 251 234
247 252 559
245 253 617
245 254 621
248 255 599
250 256 253
250 257 782
249 258 395
253 259 285
251 260 63
255 261 550
254 262 382
256 263 200
260 264 418
264 265 614
261 266 709
257 267 725
260 268 706
264 269 274
269 270 156
261 271 746
266 272 893
264 273 417
268 274 505
271 275 228
273 276 464
276 277 838
268 278 959
275 279 783
273 280 183
280 281 984
274 282 573
275 283 224
276 284 161
282 285 130
276 286 319
285 287 869
280 288 169
285 289 363
287 290 162
289 291 970
285 292 868
285 293 38
292 294 859
290 295 77
294 296 681
290 297 337
289 298 192
291 299 538
294 300 35
297 301 393
293 302 437
296 303 446
302 304 447
297 305 132
304 306 887
299 307 856
300 308 772
306 309 37
300 310 851
306 311 322
304 312 749
309 313 858
306 314 958
309 315 811
307 316 128
311 317 640
317 318 430
309 319 623
312 320 961
317 321 292
320 322 607
321 323 268
317 324 991
319 325 491
324 326 774
321 327 95
325 328 589
328 329 914
321 330 592
325 331 523
328 332 904
325 333 62
324 334 450
331 335 672
334 336 991
328 337 723
328 338 922
338 339 464
335 340 189
336 341 920
340 342 284
334 343 474
343 344 775
335 345 489
339 346 981
343 347 939
345 348 700
340 349 467
346 350 434
348 351 679
347 352 479
350 353 82
347 354 296
353 355 451
355 356 926
349 357 669
351 358 781
351 359 317
357 360 925
360 361 719
358 362 141
356 363 146
359 364 611
360 365 295
360 366 869
358 367 374
359 368 987
360 369 720
369 370 34
368 371 878
363 372 234
372 373 777
369 374 273
366 375 776
366 376 767
376 377 981
371 378 408
378 379 504
378 380 781
375 381 130
381 382 411
376 383 163
381 384 226
376 385 38
382 386 999
385 387 256
383 388 730
384 389 748
381 390 393
386 391 537
386 392 339
390 393 346
389 394 422
394 395 821
393 396 226
396 397 885
395 398 308
396 399 345
394 400 548
394 401 154
396 402 87
399 403 497
402 404 581
403 405 278
399 406 468
402 407 178
405 408 435
408 409 238
400 410 488
409 411 714
408 412 467
408 413 983
410 414 553
411 415 245
408 416 113
412 417 966
410 418 474
415 419 353
413 420 76
420 421 128
421 422 218
415 423 610
414 424 806
418 425 666
422 426 141
423 427 670
419 428 415
421 429 560
429 430 968
426 431 865
427 432 850
428 433 753
433 434 33
428 435 840
428 436 829
430 437 17
431 438 875
430 439 377
434 440 109
431 441 356
440 442 85
442 443 361
435 444 158
436 445 921
437 446 283
440 447 564
445 448 582
444 449 619
449 450 635
449 451 847
445 452 826
445 453 161
453 454 896
452 455 488
451 456 230
450 457 822
457 458 385
456 459 411
457 460 776
453 461 97
452 462 426
458 463 246
461 464 957
459 465 789
458 466 440
457 467 453
463 468 202
465 469 832
469 470 184
464 471 253
468 472 883
463 473 391
467 474 408
466 475 437
474 476 510
470 477 992
474 478 403
477 479 655
470 480 248
475 481 254
473 482 688
477 483 114
474 484 557
481 485 599
478 486 115
486 487 730
485 488 299
482 489 528
484 490 970
489 491 317
490 492 991
484 493 454
492 494 840
490 495 320
493 496 894
493 497 990
489 498 108
497 499 959
499 500 228
491 501 965
492 502 530
493 503 543
502 504 551
504 505 543
504 506 439
501 507 421
499 508 971
500 509 203
509 510 232
509 511 40
504 512 230
505 513 141
504 514 547
505 515 474
515 516 85
509 517 746
514 518 571
511 519 506
518 520 213
520 521 126
520 522 647
515 523 365
523 524 427
516 525 248
525 526 932
522 527 831
519 528 539
523 529 252
523 530 157
528 531 589
530 532 227
527 533 174
526 534 888
530 535 789
526 536 727
528 537 245
537 538 99
530 539 715
535 540 709
532 541 804
534 542 642
542 543 61
539 544 98
538 545 601
544 546 962
539 547 575
540 548 299
539 549 338
544 550 785
547 551 127
546 552 20
552 553 194
548 554 58
554 555 929
546 556 315
556 557 527
553 558 732
553 559 27
550 560 381
551 561 750
555 562 83
556 563 521
560 564 278
557 565 677
564 566 452
557 567 568
564 568 204
563 569 159
567 570 732
565 571 574
562 572 964
570 573 98
565 574 849
572 575 224
569 576 867
569 577 459
571 578 799
576 579 954
571 580 429
576 581 943
578 582 635
580 583 489
581 584 56
580 585 315
582 586 762
577 587 267
580 588 137
584 589 243
582 590 129
584 591 916
586 592 756
592 593 790
591 594 62
591 595 490
595 596 439
590 597 984
596 598 245
591 599 353
598 600 767
597 601 438
600 602 587
593 603 678
598 604 224
597 605 564
604 606 645
605 607 935
601 608 889
608 609 529
608 610 704
605 611 577
608 612 20
612 613 817
611 614 306
608 615 408
607 616 961
612 617 560
613 618 575
614 619 1
618 620 891
615 621 493
618 622 788
613 623 98
620 624 368
623 625 179
617 626 334
619 627 887
623 628 197
621 629 929
625 630 34
623 631 702
624 632 822
632 633 330
630 634 334
630 635 307
634 636 857
628 637 116
633 638 206
635 639 532
639 640 931
640 641 532
641 642 127
642 643 757
643 644 441
637 645 944
639 646 318
642 647 659
640 648 535
647 649 699
640 650 488
642 651 900
644 652 523
651 653 611
645 654 891
654 655 989
646 656 234
654 657 269
649 658 579
658 659 194
658 660 456
654 661 694
655 662 813
661 663 144
654 664 563
660 665 347
665 666 878
657 667 749
662 668 440
661 669 793
662 670 644
670 671 213
670 672 867
669 673 829
669 674 346
665 675 782
666 676 730
675 677 556
669 678 143
674 679 404
679 680 658
674 681 634
677 682 727
681 683 565
675 684 143
684 685 966
685 686 671
677 687 557
683 688 808
686 689 892
686 690 429
682 691 322
688 692 736
692 693 185
685 694 989
692 695 239
686 696 68
687 697 961
691 698 27
690 699 156
697 700 291
696 701 187
693 702 158
700 703 268
700 704 48
696 705 162
704 706 315
706 707 796
704 708 720
704 709 373
709 710 965
709 711 2
702 712 522
705 713 751
705 714 475
709 715 26
714 716 697
712 717 422
710 718 641
717 719 594
712 720 827
717 721 408
719 722 900
715 723 158
715 724 180
716 725 304
725 726 49
723 727 924
718 728 275
721 729 180
720 730 30
726 731 424
725 732 11
723 733 353
728 734 710
729 735 447
731 736 201
729 737 573
736 738 1000
733 739 559
738 740 900
739 741 739
734 742 912
741 743 85
738 744 903
736 745 33
737 746 380
743 747 101
741 748 944
743 749 740
744 750 839
741 751 468
747 752 635
750 753 41
750 754 424
749 755 672
748 756 254
750 757 948
752 758 91
754 759 133
751 760 262
752 761 644
755 762 749
760 763 337
762 764 88
757 765 733
757 766 547
758 767 232
758 768 704
767 769 860
761 770 203
762 771 368
764 772 324
770 773 942
766 774 73
766 775 973
769 776 521
767 777 903
771 778 145
771 779 412
779 780 451
777 781 358
773 782 563
777 783 851
783 784 232
775 785 78
780 786 321
778 787 886
783 788 349
781 789 198
786 790 633
786 791 99
782 792 335
792 793 281
784 794 569
794 795 879
792 796 626
791 797 62
794 798 429
791 799 237
797 800 84
798 801 296
801 802 306
795 803 189
802 804 641
796 805 574
796 806 534
804 807 9
805 808 56
804 809 283
801 810 516
810 811 545
803 812 868
806 813 85
805 814 571
811 815 671
815 816 2
809 817 945
810 818 951
810 819 66
815 820 649
812 821 660
814 822 61
822 823 79
815 824 340
823 825 252
822 826 506
823 827 946
824 828 409
827 829 812
829 830 900
827 831 600
827 832 164
830 833 874
832 834 687
830 835 407
826 836 548
835 837 835
836 838 32
836 839 195
830 840 820
833 841 667
841 842 540
842 843 442
843 844 129
838 845 657
836 846 96
839 847 640
841 848 418
847 849 617
848 850 562
845 851 507
846 852 218
847 853 216
844 854 190
846 855 463
848 856 279
847 857 859
849 858 417
851 859 146
854 860 941
859 861 398
856 862 552
856 863 936
856 864 218
862 865 832
857 866 104
865 867 862
864 868 11
859 869 317
861 870 879
866 871 530
870 872 637
866 873 825
868 874 985
866 875 680
868 876 828
873 877 243
870 878 171
876 879 966
870 880 638
879 881 62
876 882 514
877 883 8
880 884 288
878 885 344
881 886 867
879 887 332
885 888 582
888 889 967
881 890 156
881 891 950
889 892 886
891 893 54
887 894 729
886 895 460
888 896 869
896 897 579
892 898 623
890 899 330
894 900 207
894 901 755
897 902 387
901 903 214
897 904 723
899 905 996
899 906 586
902 907 868
905 908 83
908 909 57
909 910 954
905 911 513
904 912 175
912 913 880
912 914 791
914 915 179
907 916 642
911 917 62
911 918 702
914 919 799
916 920 794
920 921 712
914 922 324
919 923 832
917 924 556
923 925 715
922 926 335
925 927 542
925 928 341
919 929 564
920 930 114
929 931 659
927 932 473
923 933 759
925 934 108
931 935 951
935 936 510
932 937 227
936 938 569
937 939 724
930 940 360
933 941 572
937 942 31
940 943 929
942 944 277
937 945 311
937 946 297
938 947 899
947 948 802
945 949 160
945 950 430
947 951 614
949 952 980
947 953 742
948 954 354
946 955 367
952 956 551
951 957 628
949 958 946
955 959 988
956 960 105
959 961 161
957 962 315
954 963 90
960 964 591
960 965 680
957 966 978
962 967 396
960 968 165
963 969 416
968 970 893
965 971 954
964 972 18
971 973 860
972 974 720
973 975 870
972 976 136
972 977 611
968 978 8
971 979 415
970 980 295
975 981 336
977 982 418
977 983 114
982 984 394
977 985 321
984 986 324
980 987 915
981 988 839
982 989 483
986 990 289
982 991 352
987 992 99
990 993 771
985 994 904
993 995 93
993 996 674
988 997 62
992 998 37
996 999 879
996 1000 210
