500 499
1000 1000 1000 1000 1000 1000 1000 1000 1000 1000 1000 1000 1000 1000 1000 1000 1000 1000 1000 1000 1000 1000 1000 1000 1000 1000 1000 1000 1000 1000 1000 1000 1000 1000 1000 1000 1000 1000 1000 1000 1000 1000 1000 1000 1000 1000 1000 1000 1000 1000 1000 1000 1000 1000 1000 1000 1000 1000 1000 1000 1000 1000 1000 1000 1000 1000 1000 1000 1000 1000 1000 1000 1000 1000 1000 1000 1000 1000 1000 1000 1000 1000 1000 1000 1000 1000 1000 1000 1000 1000 1000 1000 1000 1000 1000 1000 1000 1000 1000 1000 1000 1000 1000 1000 1000 1000 1000 1000 1000 1000 1000 1000 1000 1000 1000 1000 1000 1000 1000 1000 1000 1000 1000 1000 1000 1000 1000 1000 1000 1000 1000 1000 1000 1000 1000 1000 1000 1000 1000 1000 1000 1000 1000 1000 1000 1000 1000 1000 1000 1000 1000 1000 1000 1000 1000 1000 1000 1000 1000 1000 1000 1000 1000 1000 1000 1000 1000 1000 1000 1000 1000 1000 1000 1000 1000 1000 1000 1000 1000 1000 1000 1000 1000 1000 1000 1000 1000 1000 1000 1000 1000 1000 1000 1000 1000 1000 1000 1000 1000 1000 1000 1000 1000 1000 1000 1000 1000 1000 1000 1000 1000 1000 1000 1000 1000 1000 1000 1000 1000 1000 1000 1000 1000 1000 1000 1000 1000 1000 1000 1000 1000 1000 1000 1000 1000 1000 1000 1000 1000 1000 1000 1000 1000 1000 1000 1000 1000 1000 1000 1000 1000 1000 1000 1000 1000 1000 1000 1000 1000 1000 1000 1000 1000 1000 1000 1000 1000 1000 1000 1000 1000 1000 1000 1000 1000 1000 1000 1000 1000 1000 1000 1000 1000 1000 1000 1000 1000 1000 1000 1000 1000 1000 1000 1000 1000 1000 1000 1000 1000 1000 1000 1000 1000 1000 1000 1000 1000 1000 1000 1000 1000 1000 1000 1000 1000 1000 1000 1000 1000 1000 1000 1000 1000 1000 1000 1000 1000 1000 1000 1000 1000 1000 1000 1000 1000 1000 1000 1000 1000 1000 1000 1000 1000 1000 1000 1000 1000 1000 1000 1000 1000 1000 1000 1000 1000 1000 1000 1000 1000 1000 1000 1000 1000 1000 1000 1000 1000 1000 1000 1000 1000 1000 1000 1000 1000 1000 1000 1000 1000 1000 1000 1000 1000 1000 1000 1000 1000 1000 1000 1000 1000 1000 1000 1000 1000 1000 1000 1000 1000 1000 1000 1000 1000 1000 1000 1000 1000 1000 1000 1000 1000 1000 1000 1000 1000 1000 1000 1000 1000 1000 1000 1000 1000 1000 1000 1000 1000 1000 1000 1000 1000 1000 1000 1000 1000 1000 1000 1000 1000 1000 1000 1000 1000 1000 1000 1000 1000 1000 1000 1000 1000 1000 1000 1000 1000 1000 1000 1000 1000 1000 1000 1000 1000 1000 1000 1000 1000 1000 1000 1000 1000 1000 1000 1000 998 1000 1000 1000 1000 1000 954 1000 1000 1000 1000 1000 1000 1000 936 1000 493 1000 1000 1000 1000 1000 1000 1000 1000 264
1 2 436
1 3 449
1 4 765
4 5 803
5 6 700
4 7 839
4 8 285
3 9 955
8 10 322
5 11 548
2 12 25
7 13 618
7 14 540
14 15 967
8 16 160
10 17 76
9 18 471
14 19 941
15 20 326
17 21 519
16 22 495
18 23 121
19 24 176
19 25 360
20 26 147
18 27 625
21 28 620
24 29 587
28 30 582
25 31 506
27 32 894
32 33 230
28 34 454
27 35 546
28 36 764
36 37 989
30 38 824
36 39 364
37 40 897
38 41 686
37 42 441
35 43 62
34 44 76
37 45 197
44 46 509
43 47 558
46 48 570
46 49 16
44 50 75
50 51 800
47 52 374
49 53 756
52 54 814
52 55 801
48 56 96
56 57 765
49 58 540
50 59 365
54 60 362
51 61 993
55 62 114
62 63 635
63 64 547
64 65 932
62 66 389
60 67 63
66 68 687
66 69 708
66 70 466
65 71 254
67 72 227
71 73 822
68 74 69
73 75 181
73 76 925
72 77 950
71 78 556
69 79 426
71 80 177
73 81 193
73 82 692
74 83 584
77 84 892
77 85 565
78 86 386
79 87 85
83 88 892
82 89 599
81 90 19
83 91 143
88 92 37
88 93 276
90 94 987
91 95 9
95 96 524
91 97 632
89 98 849
89 99 18
99 100 231
95 101 680
99 102 296
96 103 518
94 104 890
102 105 666
99 106 670
98 107 241
100 108 682
104 109 915
107 110 624
102 111 962
103 112 445
106 113 663
109 114 467
110 115 397
107 116 367
114 117 52
110 118 443
111 119 447
112 120 469
117 121 190
112 122 390
121 123 293
117 124 733
121 125 675
125 126 610
122 127 244
127 128 419
125 129 392
128 130 842
126 131 10
124 132 276
129 133 641
129 134 75
125 135 562
131 136 30
135 137 884
134 138 676
134 139 970
131 140 461
139 141 29
136 142 609
142 143 944
138 144 742
137 145 314
140 146 302
142 147 463
140 148 822
141 149 672
148 150 961
144 151 654
142 152 979
147 153 939
144 154 495
149 155 105
155 156 194
152 157 936
151 158 437
152 159 109
151 160 758
160 161 717
153 162 199
160 163 750
155 164 134
156 165 519
162 166 340
164 167 667
164 168 222
162 169 915
165 170 167
165 171 800
168 172 60
167 173 501
170 174 110
170 175 379
168 176 292
173 177 954
168 178 990
176 179 455
171 180 667
174 181 480
178 182 12
180 183 834
175 184 55
182 185 460
177 186 989
177 187 561
178 188 108
181 189 418
189 190 941
182 191 914
187 192 735
192 193 912
185 194 138
189 195 168
193 196 613
191 197 290
194 198 601
195 199 722
198 200 612
193 201 390
193 202 631
202 203 251
201 204 984
196 205 505
200 206 601
206 207 114
205 208 351
205 209 687
208 210 180
204 211 163
210 212 381
206 213 638
204 214 180
211 215 91
212 216 111
214 217 986
213 218 351
210 219 903
219 220 514
216 221 273
213 222 466
216 223 68
223 224 884
218 225 815
221 226 258
223 227 607
220 228 497
228 229 138
227 230 268
225 231 101
229 232 135
229 233 855
225 234 300
227 235 387
233 236 938
230 237 138
228 238 769
229 239 255
233 240 159
235 241 257
232 242 798
236 243 444
239 244 619
236 245 912
239 246 121
239 247 1
241 248 820
240 249 509
246 250 711
245 251 681
246 252 710
245 253 317
244 254 188
251 255 827
249 256 487
256 257 324
257 258 167
258 259 555
250 260 555
252 261 391
255 262 779
261 263 118
254 264 527
257 265 741
263 266 254
265 267 840
265 268 832
267 269 480
263 270 301
265 271 752
262 272 716
272 273 880
267 274 741
272 275 418
266 276 735
268 277 584
274 278 107
272 279 572
275 280 982
278 281 909
274 282 51
278 283 841
280 284 967
276 285 646
284 286 148
282 287 847
281 288 142
285 289 197
286 290 33
282 291 427
289 292 553
283 293 241
288 294 656
287 295 795
295 296 299
289 297 503
295 298 414
298 299 826
291 300 628
295 301 436
295 302 391
298 303 415
302 304 182
303 305 180
299 306 610
306 307 494
304 308 392
301 309 868
307 310 250
309 311 563
308 312 486
305 313 771
307 314 501
306 315 845
311 316 341
311 317 947
310 318 64
313 319 768
313 320 283
315 321 220
313 322 592
317 323 1
319 324 476
321 325 921
322 326 377
317 327 197
325 328 909
319 329 959
329 330 74
325 331 481
322 332 604
326 333 636
332 334 174
330 335 627
333 336 925
336 337 637
334 338 499
334 339 230
338 340 173
337 341 14
334 342 62
334 343 792
339 344 634
335 345 581
345 346 852
343 347 567
347 348 880
346 349 30
340 350 937
345 351 734
351 352 572
350 353 487
352 354 355
345 355 212
355 356 412
351 357 933
355 358 24
351 359 429
358 360 684
357 361 916
359 362 811
356 363 197
359 364 897
364 365 633
359 366 34
361 367 467
367 368 321
368 369 883
360 370 777
366 371 99
366 372 72
367 373 141
371 374 431
368 375 474
366 376 171
376 377 444
373 378 607
370 379 341
370 380 128
377 381 694
373 382 671
381 383 209
381 384 443
382 385 976
380 386 588
384 387 372
385 388 305
385 389 662
383 390 547
390 391 49
387 392 40
384 393 349
393 394 153
392 395 806
388 396 300
395 397 820
396 398 562
392 399 201
394 400 618
396 401 102
394 402 301
400 403 141
399 404 16
403 405 168
402 406 165
405 407 369
406 408 658
402 409 608
407 410 432
405 411 881
402 412 229
411 413 83
406 414 739
409 415 682
409 416 478
414 417 325
416 418 874
412 419 464
412 420 795
412 421 580
414 422 940
421 423 378
422 424 665
421 425 708
424 426 660
425 427 756
427 428 547
423 429 955
420 430 664
425 431 396
428 432 192
430 433 254
424 434 213
426 435 461
428 436 676
434 437 873
433 438 520
429 439 669
433 440 589
431 441 121
432 442 565
437 443 321
435 444 479
435 445 133
441 446 747
443 447 159
441 448 423
446 449 287
446 450 189
443 451 658
450 452 610
446 453 63
452 454 49
452 455 97
448 456 870
456 457 168
451 458 60
450 459 607
456 460 472
460 461 351
455 462 43
457 463 515
455 464 971
463 465 890
459 466 858
466 467 929
459 468 78
467 469 302
466 470 872
466 471 38
470 472 445
471 473 623
466 474 216
470 475 391
471 476 166
469 477 779
469 478 224
475 479 201
477 480 620
475 481 655
481 482 5
475 483 537
479 484 903
483 485 959
485 486 20
484 487 980
479 488 345
481 489 528
482 490 217
489 491 775
490 492 81
486 493 593
491 494 530
494 495 880
495 496 971
494 497 28
497 498 709
490 499 978
491 500 997
