100 99
1000 1000 1000 1000 1000 1000 1000 1000 1000 1000 1000 1000 1000 1000 1000 1000 1000 1000 1000 999 1000 1000 1000 1000 1000 1000 1000 998 1000 1000 1000 1000 1000 1000 1000 1000 998 1000 1000 1000 998 1000 1000 1000 1000 1000 1000 997 1000 1000 1000 1000 1000 1000 1000 1000 996 1000 1000 1000 1000 1000 1000 995 1000 1000 1000 1000 992 1000 1000 1000 1000 991 1000 965 1000 1000 1000 1000 1000 1000 1000 1000 928 1000 1000 1000 1000 1000 1000 1000 1000 1000 779 1000 1000 694 1000 15
1 2 397
2 3 335
1 4 932
3 5 823
4 6 750
3 7 13
2 8 696
3 9 845
2 10 986
10 11 203
7 12 95
7 13 149
7 14 146
12 15 845
11 16 412
7 17 32
14 18 911
9 19 937
10 20 910
18 21 838
12 22 578
14 23 106
18 24 759
18 25 266
20 26 12
22 27 720
20 28 863
22 29 219
22 30 255
25 31 605
23 32 256
24 33 684
30 34 466
29 35 857
28 36 786
28 37 348
33 38 680
32 39 550
34 40 552
37 41 781
34 42 169
36 43 755
40 44 649
36 45 208
39 46 926
39 47 812
41 48 406
45 49 550
42 50 776
45 51 343
48 52 801
50 53 615
47 54 481
53 55 23
49 56 979
48 57 238
51 58 672
58 59 173
51 60 461
54 61 98
53 62 456
56 63 929
57 64 447
56 65 118
61 66 785
65 67 308
66 68 514
64 69 137
65 70 300
69 71 928
66 72 993
67 73 341
69 74 34
74 75 589
74 76 827
68 77 843
76 78 92
78 79 380
77 80 881
77 81 556
74 82 739
74 83 127
80 84 422
76 85 145
80 86 457
78 87 750
78 88 321
82 89 667
82 90 141
82 91 994
88 92 859
83 93 19
91 94 498
85 95 493
87 96 854
91 97 225
95 98 608
90 99 992
98 100 51
