500 499
1000 1000 1000 1000 1000 1000 1000 1000 1000 1000 1000 1000 1000 1000 1000 1000 1000 1000 1000 1000 1000 1000 1000 1000 1000 1000 1000 1000 1000 1000 1000 1000 1000 1000 1000 1000 1000 1000 1000 1000 1000 1000 1000 1000 1000 1000 1000 1000 1000 1000 1000 1000 1000 1000 1000 1000 1000 1000 1000 1000 1000 1000 1000 1000 1000 1000 1000 1000 1000 1000 1000 1000 1000 1000 1000 1000 1000 1000 1000 1000 1000 1000 1000 1000 1000 1000 1000 1000 1000 1000 1000 1000 1000 1000 1000 1000 1000 1000 1000 1000 1000 1000 1000 1000 1000 1000 1000 1000 1000 1000 1000 1000 1000 1000 1000 1000 1000 1000 1000 1000 1000 1000 1000 1000 1000 1000 1000 1000 1000 1000 1000 1000 1000 1000 1000 1000 1000 1000 1000 1000 1000 1000 1000 1000 1000 1000 1000 1000 1000 1000 1000 1000 1000 1000 1000 1000 1000 1000 1000 1000 1000 1000 1000 1000 1000 1000 1000 1000 1000 1000 1000 1000 1000 1000 1000 1000 1000 1000 1000 1000 1000 1000 1000 1000 1000 1000 1000 1000 1000 1000 1000 1000 1000 1000 1000 1000 1000 1000 1000 1000 1000 1000 1000 1000 1000 1000 1000 1000 1000 1000 1000 1000 1000 1000 1000 1000 1000 1000 1000 1000 1000 1000 1000 1000 1000 1000 1000 1000 1000 1000 1000 1000 1000 1000 1000 1000 1000 1000 1000 1000 1000 1000 1000 1000 1000 1000 1000 1000 1000 1000 1000 1000 1000 1000 1000 1000 1000 1000 1000 1000 1000 1000 1000 1000 1000 1000 1000 1000 1000 1000 1000 1000 1000 1000 1000 1000 1000 1000 1000 1000 1000 1000 1000 1000 1000 1000 1000 1000 1000 1000 1000 1000 1000 1000 1000 1000 1000 1000 1000 1000 1000 1000 1000 1000 1000 1000 1000 1000 1000 1000 1000 1000 1000 1000 1000 1000 1000 1000 1000 1000 1000 1000 1000 1000 1000 1000 1000 1000 1000 1000 1000 1000 1000 1000 1000 1000 1000 1000 1000 1000 1000 1000 1000 1000 1000 1000 1000 1000 1000 1000 1000 1000 1000 1000 1000 1000 1000 1000 1000 1000 1000 1000 1000 1000 1000 1000 1000 1000 1000 1000 1000 1000 1000 1000 1000 1000 1000 1000 1000 1000 1000 1000 1000 1000 1000 1000 1000 1000 1000 1000 1000 1000 1000 1000 1000 1000 1000 1000 1000 1000 1000 1000 1000 1000 1000 1000 1000 1000 1000 1000 1000 1000 1000 1000 1000 1000 1000 1000 1000 1000 1000 1000 1000 1000 1000 1000 1000 1000 1000 1000 1000 1000 1000 1000 1000 1000 1000 1000 1000 1000 1000 1000 1000 1000 1000 1000 1000 1000 1000 1000 1000 1000 1000 1000 1000 1000 1000 1000 1000 1000 1000 1000 1000 1000 1000 1000 1000 1000 1000 1000 1000 1000 1000 1000 1000 1000 1000 1000 1000 1000 1000 1000 1000 1000 1000 1000 1000 1000 1000 1000 1000 1000 995 1000 1000 1000 1000 1000 954 899
1 2 683
1 3 594
1 4 818
4 5 30
5 6 975
5 7 485
2 8 677
2 9 660
4 10 756
8 11 989
2 12 191
3 13 917
8 14 468
10 15 613
6 16 992
14 17 986
12 18 40
18 19 342
10 20 841
20 21 300
13 22 546
20 23 719
17 24 301
24 25 116
25 26 481
20 27 427
24 28 122
28 29 442
29 30 656
26 31 538
24 32 212
23 33 848
28 34 486
32 35 733
28 36 730
27 37 599
32 38 317
35 39 350
36 40 197
35 41 695
40 42 239
41 43 701
39 44 591
42 45 403
44 46 747
44 47 251
42 48 896
45 49 154
47 50 620
43 51 145
51 52 234
51 53 254
50 54 161
46 55 137
50 56 645
48 57 583
49 58 221
51 59 315
54 60 251
59 61 968
53 62 103
55 63 104
54 64 340
60 65 496
59 66 498
66 67 401
61 68 810
66 69 905
68 70 5
68 71 704
63 72 166
64 73 76
65 74 51
67 75 573
72 76 928
75 77 809
72 78 883
70 79 457
75 80 377
74 81 50
78 82 184
81 83 94
81 84 459
77 85 328
77 86 642
86 87 52
87 88 407
87 89 636
89 90 361
86 91 364
88 92 925
86 93 551
89 94 616
91 95 655
90 96 134
93 97 473
93 98 759
93 99 966
90 100 332
95 101 228
97 102 342
96 103 251
94 104 320
103 105 505
99 106 672
105 107 54
99 108 130
108 109 625
109 110 677
110 111 145
105 112 739
106 113 164
108 114 253
111 115 395
114 116 190
108 117 388
110 118 451
114 119 791
119 120 393
115 121 434
117 122 167
120 123 101
119 124 431
117 125 575
119 126 2
125 127 543
126 128 497
119 129 219
122 130 908
125 131 997
123 132 687
132 133 1000
131 134 792
129 135 983
133 136 763
128 137 223
130 138 526
137 139 849
135 140 741
138 141 785
141 142 623
135 143 537
140 144 335
143 145 126
142 146 644
139 147 778
138 148 721
142 149 497
149 150 358
142 151 852
148 152 133
144 153 25
151 154 597
148 155 936
151 156 299
155 157 368
152 158 620
151 159 216
157 160 469
153 161 262
158 162 635
162 163 596
157 164 555
156 165 813
158 166 491
165 167 917
167 168 111
165 169 22
164 170 805
168 171 956
163 172 289
172 173 290
164 174 410
171 175 3
167 176 539
173 177 786
176 178 211
173 179 225
177 180 525
173 181 78
180 182 833
180 183 914
182 184 985
177 185 272
176 186 5
180 187 260
180 188 296
180 189 129
187 190 552
188 191 298
188 192 777
183 193 218
191 194 803
192 195 308
191 196 288
190 197 588
188 198 231
192 199 899
197 200 892
198 201 71
197 202 845
198 203 1000
197 204 254
200 205 445
203 206 478
197 207 621
206 208 888
205 209 934
209 210 139
207 211 266
207 212 211
209 213 909
205 214 125
206 215 88
207 216 175
208 217 97
215 218 262
216 219 9
214 220 773
212 221 252
220 222 61
216 223 421
221 224 247
224 225 511
219 226 348
226 227 477
219 228 558
222 229 555
221 230 972
230 231 970
229 232 890
232 233 536
227 234 534
225 235 502
234 236 36
231 237 912
232 238 779
237 239 985
238 240 726
235 241 188
236 242 333
240 243 340
234 244 321
238 245 445
242 246 915
244 247 256
247 248 493
242 249 747
244 250 967
248 251 527
251 252 52
244 253 544
246 254 674
250 255 849
251 256 854
251 257 429
249 258 214
258 259 711
259 260 669
256 261 483
261 262 178
253 263 218
263 264 329
258 265 922
262 266 240
259 267 964
261 268 283
265 269 725
262 270 594
266 271 653
267 272 310
264 273 827
265 274 215
273 275 54
272 276 704
276 277 261
277 278 601
270 279 401
278 280 365
275 281 86
281 282 978
273 283 646
274 284 475
280 285 757
285 286 145
282 287 310
282 288 894
280 289 4
289 290 968
289 291 466
291 292 92
288 293 500
292 294 865
285 295 75
287 296 385
294 297 670
297 298 523
296 299 235
290 300 956
293 301 898
299 302 329
296 303 298
300 304 894
300 305 762
296 306 698
300 307 82
299 308 649
301 309 47
306 310 177
310 311 18
306 312 405
303 313 458
304 314 261
312 315 861
313 316 812
309 317 579
310 318 241
313 319 980
313 320 30
320 321 860
314 322 836
315 323 510
318 324 341
320 325 646
318 326 457
322 327 278
323 328 458
326 329 770
324 330 367
326 331 476
324 332 901
331 333 904
326 334 553
328 335 433
333 336 735
335 337 483
335 338 70
334 339 134
331 340 202
339 341 250
339 342 281
340 343 477
337 344 503
344 345 462
336 346 258
339 347 198
339 348 310
345 349 290
345 350 505
345 351 362
344 352 128
352 353 45
348 354 521
354 355 795
355 356 79
352 357 865
351 358 586
352 359 721
359 360 364
358 361 519
352 362 884
356 363 61
360 364 655
356 365 928
357 366 146
364 367 536
361 368 817
363 369 692
363 370 516
368 371 180
371 372 308
370 373 765
370 374 795
368 375 857
367 376 105
372 377 116
372 378 751
375 379 400
378 380 360
374 381 186
377 382 923
377 383 946
380 384 971
382 385 607
383 386 119
378 387 937
384 388 34
382 389 13
387 390 340
383 391 477
389 392 919
392 393 125
385 394 570
390 395 807
386 396 570
395 397 8
391 398 76
397 399 953
394 400 61
397 401 927
395 402 194
402 403 603
401 404 408
404 405 922
400 406 581
402 407 654
400 408 949
399 409 523
408 410 174
407 411 139
408 412 4
411 413 259
409 414 990
407 415 307
410 416 143
409 417 258
411 418 430
411 419 584
413 420 534
420 421 419
418 422 551
417 423 714
419 424 635
418 425 405
425 426 281
425 427 883
421 428 734
428 429 497
424 430 567
423 431 930
428 432 993
429 433 122
425 434 857
426 435 802
432 436 780
427 437 727
430 438 8
430 439 283
430 440 81
433 441 787
440 442 437
439 443 703
443 444 944
436 445 261
437 446 425
442 447 829
442 448 427
445 449 494
443 450 309
441 451 776
442 452 123
447 453 481
452 454 458
450 455 721
453 456 216
454 457 957
452 458 98
449 459 959
452 460 99
454 461 236
456 462 868
459 463 437
456 464 70
464 465 935
458 466 178
460 467 403
464 468 930
460 469 646
466 470 861
462 471 850
463 472 287
464 473 691
466 474 494
473 475 524
474 476 470
472 477 303
474 478 678
470 479 16
473 480 857
473 481 483
481 482 350
475 483 33
479 484 265
480 485 888
477 486 487
482 487 712
483 488 214
486 489 334
484 490 11
486 491 76
487 492 569
490 493 487
492 494 905
489 495 96
494 496 732
496 497 596
489 498 387
493 499 92
499 500 880
