500 499
1000 1000 1000 1000 1000 1000 1000 1000 1000 1000 1000 1000 1000 1000 1000 1000 1000 1000 1000 1000 1000 1000 1000 1000 1000 1000 1000 1000 1000 1000 1000 1000 1000 1000 1000 1000 1000 1000 1000 1000 1000 1000 1000 1000 1000 1000 1000 1000 1000 1000 1000 1000 1000 1000 1000 1000 1000 1000 1000 1000 1000 1000 1000 1000 1000 1000 1000 1000 1000 1000 1000 1000 1000 1000 1000 1000 1000 1000 1000 1000 1000 1000 1000 1000 1000 1000 1000 1000 1000 1000 1000 1000 1000 1000 1000 1000 1000 1000 1000 1000 1000 1000 1000 1000 1000 1000 1000 1000 1000 1000 1000 1000 1000 1000 1000 1000 1000 1000 1000 1000 1000 1000 1000 1000 1000 1000 1000 1000 1000 1000 1000 1000 1000 1000 1000 1000 1000 1000 1000 1000 1000 1000 1000 1000 1000 1000 1000 1000 1000 1000 1000 1000 1000 1000 1000 1000 1000 1000 1000 1000 1000 1000 1000 1000 1000 1000 1000 1000 1000 1000 1000 1000 1000 1000 1000 1000 1000 1000 1000 1000 1000 1000 1000 1000 1000 1000 1000 1000 1000 1000 1000 1000 1000 1000 1000 1000 1000 1000 1000 1000 1000 1000 1000 1000 1000 1000 1000 1000 1000 1000 1000 1000 1000 1000 1000 1000 1000 1000 1000 1000 1000 1000 1000 1000 1000 1000 1000 1000 1000 1000 1000 1000 1000 1000 1000 1000 1000 1000 1000 1000 1000 1000 1000 1000 1000 1000 1000 1000 1000 1000 1000 1000 1000 1000 1000 1000 1000 1000 1000 1000 1000 1000 1000 1000 1000 1000 1000 1000 1000 1000 1000 1000 1000 1000 1000 1000 1000 1000 1000 1000 1000 1000 1000 1000 1000 1000 1000 1000 1000 1000 1000 1000 1000 1000 1000 1000 1000 1000 1000 1000 1000 1000 1000 1000 1000 1000 1000 1000 1000 1000 1000 1000 1000 1000 1000 1000 1000 1000 1000 1000 1000 1000 1000 1000 1000 1000 1000 1000 1000 1000 1000 1000 1000 1000 1000 1000 1000 1000 1000 1000 1000 1000 1000 1000 1000 1000 1000 1000 1000 1000 1000 1000 1000 1000 1000 1000 1000 1000 1000 1000 1000 1000 1000 1000 1000 1000 1000 1000 1000 1000 1000 1000 1000 1000 1000 1000 1000 1000 1000 1000 1000 1000 1000 1000 1000 1000 1000 1000 1000 1000 1000 1000 1000 1000 1000 1000 1000 1000 1000 1000 1000 1000 1000 1000 1000 1000 1000 1000 1000 1000 1000 1000 1000 1000 1000 1000 1000 1000 1000 1000 1000 1000 1000 1000 1000 1000 1000 1000 1000 1000 1000 1000 1000 1000 1000 1000 1000 1000 1000 1000 1000 1000 1000 1000 1000 1000 1000 1000 1000 1000 1000 1000 1000 1000 1000 1000 1000 1000 1000 997 1000 1000 997 994 1000 1000 1000 1000 1000 1000 988 1000 946 1000 1000 1000 923 1000 887 1000 834 1000 1000 1000 1000 1000 1000 1000 1000 640 1000 1000 1000 1000 1000 1000 1000 1000 588 47
1 2 434
2 3 402
1 4 309
1 5 114
3 6 994
4 7 245
2 8 149
8 9 545
8 10 645
1 11 665
3 12 296
4 13 730
12 14 181
11 15 255
8 16 528
9 17 206
16 18 809
17 19 353
19 20 21
12 21 294
21 22 468
22 23 167
15 24 425
22 25 691
23 26 813
26 27 227
18 28 973
25 29 422
27 30 375
25 31 621
29 32 833
27 33 63
33 34 298
32 35 847
34 36 103
27 37 649
30 38 632
36 39 1
34 40 32
36 41 923
40 42 392
33 43 892
43 44 84
42 45 600
37 46 852
46 47 561
44 48 981
43 49 975
49 50 110
42 51 810
43 52 907
50 53 154
52 54 878
50 55 576
52 56 89
51 57 906
50 58 813
57 59 363
52 60 317
52 61 944
57 62 52
60 63 124
60 64 275
64 65 181
59 66 892
63 67 44
65 68 858
66 69 673
68 70 286
63 71 405
69 72 388
66 73 511
68 74 43
67 75 936
68 76 729
67 77 574
71 78 317
71 79 53
73 80 795
72 81 329
81 82 780
81 83 157
79 84 731
78 85 375
82 86 353
84 87 625
87 88 601
88 89 538
85 90 429
87 91 267
82 92 679
91 93 651
84 94 545
90 95 460
91 96 934
88 97 211
96 98 110
93 99 155
99 100 862
94 101 67
95 102 629
97 103 299
97 104 617
104 105 531
105 106 112
97 107 253
102 108 23
106 109 190
102 110 287
109 111 449
111 112 874
109 113 260
111 114 147
114 115 680
115 116 347
110 117 741
110 118 317
109 119 188
110 120 987
111 121 363
116 122 918
117 123 301
118 124 370
118 125 271
125 126 135
117 127 92
118 128 761
119 129 106
126 130 377
124 131 675
128 132 811
127 133 357
129 134 70
130 135 650
128 136 15
131 137 961
131 138 502
136 139 547
137 140 150
135 141 807
134 142 321
141 143 198
137 144 339
142 145 191
141 146 474
139 147 284
144 148 709
144 149 604
142 150 41
144 151 759
143 152 261
143 153 445
147 154 792
149 155 135
152 156 117
148 157 44
148 158 838
149 159 686
156 160 174
156 161 155
156 162 838
156 163 332
161 164 497
157 165 441
162 166 831
166 167 722
160 168 374
165 169 176
166 170 508
162 171 618
163 172 287
163 173 624
171 174 805
165 175 668
175 176 52
175 177 924
174 178 195
170 179 506
175 180 431
177 181 244
179 182 455
181 183 956
179 184 601
184 185 232
176 186 435
186 187 195
180 188 658
183 189 235
181 190 870
184 191 345
188 192 20
191 193 92
186 194 899
187 195 982
186 196 544
194 197 245
191 198 978
194 199 203
191 200 166
192 201 479
192 202 356
200 203 242
202 204 800
203 205 75
196 206 490
203 207 316
202 208 974
208 209 666
202 210 197
205 211 520
208 212 746
204 213 445
204 214 838
207 215 689
207 216 357
215 217 612
213 218 79
216 219 792
212 220 760
219 221 834
214 222 383
216 223 172
216 224 219
221 225 230
223 226 257
219 227 89
222 228 151
224 229 146
228 230 485
224 231 805
229 232 743
223 233 8
225 234 900
228 235 51
228 236 170
235 237 959
237 238 23
229 239 244
238 240 113
237 241 305
240 242 104
238 243 200
234 244 503
243 245 646
243 246 694
243 247 984
245 248 99
242 249 569
246 250 260
244 251 301
250 252 94
246 253 50
248 254 378
252 255 969
247 256 506
254 257 73
253 258 585
250 259 61
253 260 56
259 261 969
256 262 866
257 263 224
262 264 473
258 265 609
265 266 158
259 267 61
259 268 429
264 269 867
261 270 822
266 271 709
263 272 782
272 273 144
264 274 428
267 275 760
271 276 788
272 277 801
271 278 719
277 279 575
273 280 193
280 281 135
277 282 842
278 283 364
280 284 62
281 285 291
282 286 149
282 287 959
286 288 387
284 289 518
281 290 9
288 291 297
291 292 954
287 293 256
293 294 807
291 295 364
290 296 636
294 297 628
288 298 544
291 299 753
297 300 721
297 301 121
294 302 206
293 303 135
301 304 515
303 305 945
299 306 568
304 307 313
300 308 714
305 309 61
301 310 977
307 311 896
303 312 633
304 313 918
308 314 265
307 315 195
309 316 334
316 317 13
312 318 89
317 319 46
317 320 173
311 321 651
319 322 450
313 323 639
317 324 157
317 325 113
321 326 861
324 327 233
327 328 360
323 329 39
324 330 132
325 331 861
322 332 958
326 333 32
328 334 623
334 335 290
335 336 241
328 337 875
335 338 326
337 339 996
337 340 786
336 341 442
339 342 132
337 343 281
337 344 569
340 345 262
343 346 697
337 347 372
346 348 536
348 349 424
342 350 182
341 351 757
347 352 456
347 353 905
350 354 93
351 355 702
347 356 953
353 357 266
356 358 957
354 359 151
351 360 997
353 361 700
353 362 224
357 363 794
362 364 340
360 365 855
361 366 40
360 367 679
365 368 520
367 369 662
369 370 205
368 371 735
367 372 546
365 373 744
373 374 840
368 375 756
367 376 891
371 377 991
374 378 298
370 379 806
371 380 35
375 381 301
374 382 820
382 383 190
381 384 907
378 385 961
380 386 760
380 387 550
382 388 646
380 389 652
382 390 725
387 391 414
384 392 75
391 393 209
393 394 526
394 395 904
391 396 923
390 397 88
395 398 947
398 399 460
394 400 305
400 401 938
401 402 661
401 403 291
403 404 540
401 405 439
405 406 421
401 407 55
404 408 949
407 409 969
408 410 940
401 411 200
406 412 150
409 413 554
407 414 684
412 415 256
413 416 64
414 417 801
410 418 956
418 419 815
418 420 876
416 421 776
416 422 415
414 423 214
422 424 594
421 425 240
422 426 381
425 427 407
419 428 452
422 429 394
424 430 847
424 431 826
428 432 162
430 433 94
428 434 62
432 435 313
427 436 222
435 437 487
430 438 171
436 439 76
433 440 593
437 441 404
434 442 567
442 443 476
439 444 459
436 445 152
444 446 636
437 447 939
442 448 558
443 449 146
442 450 633
443 451 353
443 452 419
449 453 724
450 454 489
453 455 631
446 456 626
452 457 751
448 458 452
454 459 47
450 460 621
451 461 276
458 462 355
460 463 817
463 464 116
462 465 284
458 466 39
459 467 527
466 468 49
461 469 128
467 470 666
464 471 825
464 472 653
471 473 48
470 474 923
474 475 720
474 476 857
473 477 527
471 478 317
477 479 414
479 480 901
479 481 340
473 482 408
481 483 899
478 484 890
483 485 714
477 486 669
481 487 729
480 488 579
482 489 120
481 490 597
486 491 152
490 492 623
488 493 280
484 494 401
490 495 193
491 496 255
494 497 139
497 498 818
490 499 198
499 500 78
