1000 999
1000 1000 1000 1000 1000 1000 1000 1000 1000 1000 1000 1000 1000 1000 1000 1000 1000 1000 1000 1000 1000 1000 1000 1000 1000 1000 1000 1000 1000 1000 1000 1000 1000 1000 1000 1000 1000 1000 1000 1000 1000 1000 1000 1000 1000 1000 1000 1000 1000 1000 1000 1000 1000 1000 1000 1000 1000 1000 1000 1000 1000 1000 1000 1000 1000 1000 1000 1000 1000 1000 1000 1000 1000 1000 1000 1000 1000 1000 1000 1000 1000 1000 1000 1000 1000 1000 1000 1000 1000 1000 1000 1000 1000 1000 1000 1000 1000 1000 1000 1000 1000 1000 1000 1000 1000 1000 1000 1000 1000 1000 1000 1000 1000 1000 1000 1000 1000 1000 1000 1000 1000 1000 1000 1000 1000 1000 1000 1000 1000 1000 1000 1000 1000 1000 1000 1000 1000 1000 1000 1000 1000 1000 1000 1000 1000 1000 1000 1000 1000 1000 1000 1000 1000 1000 1000 1000 1000 1000 1000 1000 1000 1000 1000 1000 1000 1000 1000 1000 1000 1000 1000 1000 1000 1000 1000 1000 1000 1000 1000 1000 1000 1000 1000 1000 1000 1000 1000 1000 1000 1000 1000 1000 1000 1000 1000 1000 1000 1000 1000 1000 1000 1000 1000 1000 1000 1000 1000 1000 1000 1000 1000 1000 1000 1000 1000 1000 1000 1000 1000 1000 1000 1000 1000 1000 1000 1000 1000 1000 1000 1000 1000 1000 1000 1000 1000 1000 1000 1000 1000 1000 1000 1000 1000 1000 1000 1000 1000 1000 1000 1000 1000 1000 1000 1000 1000 1000 1000 1000 1000 1000 1000 1000 1000 1000 1000 1000 1000 1000 1000 1000 1000 1000 1000 1000 1000 1000 1000 1000 1000 1000 1000 1000 1000 1000 1000 1000 1000 1000 1000 1000 1000 1000 1000 1000 1000 1000 1000 1000 1000 1000 1000 1000 1000 1000 1000 1000 1000 1000 1000 1000 1000 1000 1000 1000 1000 1000 1000 1000 1000 1000 1000 1000 1000 1000 1000 1000 1000 1000 1000 1000 1000 1000 1000 1000 1000 1000 1000 1000 1000 1000 1000 1000 1000 1000 1000 1000 1000 1000 1000 1000 1000 1000 1000 1000 1000 1000 1000 1000 1000 1000 1000 1000 1000 1000 1000 1000 1000 1000 1000 1000 1000 1000 1000 1000 1000 1000 1000 1000 1000 1000 1000 1000 1000 1000 1000 1000 1000 1000 1000 1000 1000 1000 1000 1000 1000 1000 1000 1000 1000 1000 1000 1000 1000 1000 1000 1000 1000 1000 1000 1000 1000 1000 1000 1000 1000 1000 1000 1000 1000 1000 1000 1000 1000 1000 1000 1000 1000 1000 1000 1000 1000 1000 1000 1000 1000 1000 1000 1000 1000 1000 1000 1000 1000 1000 1000 1000 1000 1000 1000 1000 1000 1000 1000 1000 1000 1000 1000 1000 1000 1000 1000 1000 1000 1000 1000 1000 1000 1000 1000 1000 1000 1000 1000 1000 1000 1000 1000 1000 1000 1000 1000 1000 1000 1000 1000 1000 1000 1000 1000 1000 1000 1000 1000 1000 1000 1000 1000 1000 1000 1000 1000 1000 1000 1000 1000 1000 1000 1000 1000 1000 1000 1000 1000 1000 1000 1000 1000 1000 1000 1000 1000 1000 1000 1000 1000 1000 1000 1000 1000 1000 1000 1000 1000 1000 1000 1000 1000 1000 1000 1000 1000 1000 1000 1000 1000 1000 1000 1000 1000 1000 1000 1000 1000 1000 1000 1000 1000 1000 1000 1000 1000 1000 1000 1000 1000 1000 1000 1000 1000 1000 1000 1000 1000 1000 1000 1000 1000 1000 1000 1000 1000 1000 1000 1000 1000 1000 1000 1000 1000 1000 1000 1000 1000 1000 1000 1000 1000 1000 1000 1000 1000 1000 1000 1000 1000 1000 1000 1000 1000 1000 1000 1000 1000 1000 1000 1000 1000 1000 1000 1000 1000 1000 1000 1000 1000 1000 1000 1000 1000 1000 1000 1000 1000 1000 1000 1000 1000 1000 1000 1000 1000 1000 1000 1000 1000 1000 1000 1000 1000 1000 1000 1000 1000 1000 1000 1000 1000 1000 1000 1000 1000 1000 1000 1000 1000 1000 1000 1000 1000 1000 1000 1000 1000 1000 1000 1000 1000 1000 1000 1000 1000 1000 1000 1000 1000 1000 1000 1000 1000 1000 1000 1000 1000 1000 1000 1000 1000 1000 1000 1000 1000 1000 1000 1000 1000 1000 1000 1000 1000 1000 1000 1000 1000 1000 1000 1000 1000 1000 1000 1000 1000 1000 1000 1000 1000 1000 1000 1000 1000 1000 1000 1000 1000 1000 1000 1000 1000 1000 1000 1000 1000 1000 1000 1000 1000 1000 1000 1000 1000 1000 1000 1000 1000 1000 1000 1000 1000 1000 1000 1000 1000 1000 1000 1000 1000 1000 1000 1000 1000 1000 1000 1000 1000 1000 1000 1000 1000 1000 1000 1000 1000 1000 1000 1000 1000 1000 1000 1000 1000 1000 1000 1000 1000 1000 1000 1000 1000 1000 1000 1000 1000 1000 1000 1000 1000 1000 1000 1000 1000 1000 1000 1000 1000 1000 1000 1000 1000 1000 1000 1000 1000 1000 1000 1000 1000 1000 1000 1000 1000 1000 1000 1000 1000 1000 1000 1000 1000 1000 1000 1000 1000 1000 1000 1000 1000 1000 1000 1000 1000 1000 1000 1000 1000 1000 1000 1000 1000 1000 1000 1000 1000 1000 1000 1000 1000 1000 1000 1000 1000 1000 1000 1000 1000 1000 1000 1000 1000 1000 1000 1000 1000 1000 1000 1000 1000 1000 1000 1000 1000 1000 1000 1000 1000 1000 1000 1000 1000 1000 1000 1000 1000 1000 1000 1000 1000 1000 1000 1000 1000 1000 1000 1000 1000 1000 1000 1000 1000 1000 1000 1000 1000 1000 1000 1000 1000 1000 1000 1000 1000 1000 1000 1000 1000 1000 1000 1000 1000 1000 1000 1000 1000 1000 1000 1000 1000 1000 1000 1000 1000 1000 1000 1000 1000 1000 1000 1000 998 1000 1000 1000 1000 1000 1000 1000 1000 1000 990 1000 1000 1000 1000 1000 1000 1000 1000 924 1000 1000 1000 1000 1000 1000 853 1000 1000 1000 1000 1000 1000 1000 1000 440 1000 1000 1000 1000 1000 1000 1000 394
1 2 538
1 3 472
3 4 905
3 5 253
4 6 123
5 7 316
6 8 429
8 9 484
6 10 85
10 11 197
5 12 695
12 13 326
7 14 835
11 15 503
14 16 772
12 17 656
16 18 26
14 19 137
17 20 137
19 21 32
16 22 608
13 23 174
15 24 347
22 25 522
23 26 354
23 27 804
24 28 959
20 29 787
22 30 348
28 31 360
25 32 91
30 33 129
31 34 220
31 35 367
32 36 74
29 37 528
35 38 302
35 39 277
38 40 683
32 41 325
38 42 752
38 43 457
39 44 313
43 45 142
40 46 159
41 47 630
40 48 307
45 49 327
44 50 119
43 51 330
48 52 237
43 53 597
53 54 765
51 55 610
51 56 676
52 57 566
57 58 800
53 59 907
54 60 501
56 61 926
59 62 107
60 63 889
57 64 797
57 65 378
60 66 875
64 67 474
58 68 585
60 69 288
65 70 638
61 71 388
66 72 814
70 73 380
68 74 929
66 75 450
70 76 873
67 77 35
72 78 376
69 79 881
71 80 264
72 81 835
80 82 544
75 83 288
76 84 334
82 85 256
76 86 944
86 87 467
81 88 737
81 89 599
86 90 507
82 91 446
88 92 855
87 93 741
85 94 646
88 95 375
90 96 180
93 97 976
97 98 111
94 99 35
97 100 972
92 101 189
101 102 787
101 103 631
96 104 446
100 105 527
101 106 918
103 107 639
104 108 734
106 109 269
106 110 38
102 111 426
110 112 905
109 113 171
108 114 87
105 115 43
113 116 36
109 117 135
110 118 799
117 119 400
110 120 324
115 121 493
113 122 867
114 123 550
116 124 94
116 125 594
119 126 695
126 127 362
124 128 167
127 129 828
120 130 192
127 131 577
123 132 213
129 133 303
129 134 245
132 135 751
131 136 907
130 137 296
131 138 904
132 139 842
131 140 256
136 141 28
136 142 89
140 143 167
143 144 639
137 145 601
144 146 643
143 147 259
147 148 607
148 149 747
149 150 83
142 151 179
146 152 228
146 153 616
146 154 231
147 155 692
150 156 162
151 157 868
151 158 876
154 159 810
153 160 600
151 161 732
154 162 478
159 163 307
157 164 114
155 165 365
161 166 795
157 167 620
158 168 957
160 169 173
164 170 744
161 171 170
171 172 134
167 173 1000
171 174 337
167 175 466
174 176 315
176 177 772
174 178 883
177 179 328
175 180 671
177 181 229
175 182 237
180 183 339
179 184 632
178 185 848
180 186 497
186 187 158
180 188 508
181 189 986
184 190 839
186 191 447
187 192 670
192 193 65
185 194 978
192 195 219
187 196 733
192 197 457
192 198 695
192 199 478
197 200 76
192 201 224
200 202 292
195 203 511
196 204 482
203 205 586
205 206 686
201 207 513
207 208 483
204 209 836
200 210 225
203 211 402
203 212 716
212 213 691
206 214 211
207 215 647
209 216 922
210 217 389
212 218 176
213 219 509
217 220 186
215 221 710
219 222 38
216 223 481
220 224 809
220 225 923
221 226 898
223 227 487
224 228 68
221 229 874
225 230 664
230 231 294
231 232 377
224 233 655
230 234 710
229 235 577
230 236 787
228 237 736
232 238 832
238 239 998
237 240 624
234 241 120
238 242 772
241 243 754
242 244 318
244 245 255
236 246 854
241 247 889
244 248 496
240 249 959
242 250 828
243 251 434
244 252 493
243 253 767
252 254 547
252 255 152
252 256 809
256 257 51
256 258 463
250 259 841
252 260 985
252 261 432
256 262 134
262 263 762
263 264 2
256 265 772
258 266 980
265 267 456
265 268 161
265 269 155
267 270 207
264 271 63
267 272 339
270 273 74
265 274 763
271 275 878
268 276 749
274 277 567
275 278 159
271 279 560
275 280 276
275 281 822
279 282 125
278 283 35
277 284 437
284 285 420
282 286 500
280 287 212
279 288 614
286 289 279
284 290 281
282 291 576
286 292 322
292 293 707
293 294 945
286 295 899
287 296 768
290 297 573
293 298 400
298 299 507
299 300 771
294 301 147
296 302 803
293 303 830
297 304 690
297 305 569
296 306 80
298 307 463
298 308 681
304 309 924
301 310 148
309 311 804
302 312 533
309 313 298
308 314 419
312 315 809
310 316 379
313 317 335
313 318 867
315 319 373
315 320 944
313 321 800
315 322 680
317 323 451
314 324 601
323 325 499
316 326 928
317 327 377
323 328 955
320 329 972
321 330 376
325 331 180
326 332 475
328 333 528
324 334 404
333 335 833
329 336 678
331 337 901
331 338 962
331 339 269
330 340 586
333 341 207
338 342 766
340 343 700
338 344 466
338 345 939
337 346 622
343 347 429
341 348 21
340 349 55
340 350 183
344 351 579
351 352 919
351 353 495
353 354 333
345 355 44
347 356 508
351 357 992
355 358 645
353 359 597
359 360 107
360 361 463
358 362 205
354 363 482
362 364 608
355 365 186
363 366 890
364 367 610
359 368 472
359 369 814
362 370 985
366 371 472
365 372 976
366 373 206
370 374 333
368 375 314
367 376 813
372 377 185
377 378 198
372 379 701
372 380 740
371 381 187
381 382 23
375 383 854
379 384 914
377 385 730
382 386 134
380 387 193
385 388 381
384 389 626
386 390 303
381 391 245
384 392 32
392 393 680
386 394 200
392 395 949
393 396 178
389 397 625
394 398 197
398 399 383
396 400 318
399 401 291
399 402 604
395 403 800
397 404 763
395 405 251
403 406 10
403 407 37
403 408 405
405 409 444
407 410 811
409 411 162
411 412 256
404 413 189
411 414 973
410 415 950
406 416 147
413 417 986
412 418 220
416 419 588
417 420 906
414 421 625
415 422 230
419 423 274
423 424 770
418 425 493
416 426 247
424 427 605
419 428 304
428 429 14
425 430 525
429 431 138
427 432 738
428 433 966
427 434 141
434 435 837
428 436 427
436 437 268
433 438 347
438 439 260
434 440 817
433 441 204
435 442 517
433 443 37
440 444 194
438 445 284
443 446 983
439 447 547
442 448 209
442 449 135
449 450 799
445 451 67
443 452 837
445 453 101
448 454 218
446 455 996
448 456 617
452 457 880
454 458 396
452 459 826
454 460 4
460 461 303
461 462 226
459 463 745
456 464 930
456 465 750
461 466 811
459 467 479
461 468 968
459 469 282
466 470 961
467 471 145
470 472 619
466 473 441
464 474 644
468 475 20
471 476 240
472 477 727
475 478 7
478 479 557
479 480 52
472 481 202
480 482 319
473 483 872
482 484 604
477 485 957
481 486 90
483 487 627
482 488 526
486 489 408
489 490 477
485 491 955
482 492 741
486 493 797
488 494 524
492 495 965
489 496 23
496 497 619
493 498 397
492 499 934
490 500 66
493 501 430
492 502 557
495 503 563
502 504 73
504 505 259
499 506 768
506 507 776
498 508 611
506 509 32
506 510 595
505 511 852
511 512 4
506 513 313
513 514 132
510 515 10
513 516 537
513 517 811
512 518 896
510 519 64
510 520 223
518 521 572
515 522 196
513 523 42
519 524 355
524 525 984
516 526 451
526 527 471
526 528 626
522 529 844
527 530 245
528 531 650
530 532 345
527 533 614
533 534 149
526 535 466
526 536 13
535 537 850
536 538 441
533 539 266
533 540 899
531 541 702
538 542 205
540 543 928
536 544 697
540 545 733
537 546 847
540 547 888
540 548 754
539 549 790
546 550 491
544 551 145
544 552 293
548 553 350
552 554 199
551 555 222
555 556 869
555 557 56
554 558 688
555 559 501
550 560 777
551 561 691
555 562 234
554 563 859
555 564 237
557 565 508
557 566 42
560 567 125
567 568 118
563 569 822
566 570 583
564 571 48
570 572 625
572 573 408
566 574 835
565 575 472
574 576 747
567 577 6
572 578 270
573 579 508
572 580 673
576 581 742
574 582 75
576 583 399
577 584 840
584 585 588
576 586 287
583 587 927
578 588 829
585 589 701
582 590 481
583 591 585
590 592 645
585 593 431
585 594 531
588 595 89
594 596 326
587 597 374
590 598 85
590 599 638
599 600 51
594 601 143
598 602 514
601 603 99
601 604 331
599 605 8
598 606 711
601 607 942
605 608 665
605 609 501
602 610 26
607 611 380
607 612 132
610 613 571
604 614 120
606 615 266
614 616 640
616 617 312
608 618 13
618 619 917
616 620 930
618 621 728
613 622 15
616 623 505
618 624 935
617 625 24
621 626 506
624 627 109
627 628 220
619 629 173
622 630 316
628 631 340
622 632 438
626 633 813
626 634 441
633 635 412
632 636 394
627 637 484
631 638 672
633 639 761
638 640 613
635 641 984
641 642 635
638 643 570
640 644 293
637 645 901
644 646 193
637 647 866
645 648 285
645 649 560
648 650 839
645 651 376
645 652 740
646 653 559
653 654 50
651 655 951
648 656 485
655 657 494
650 658 862
650 659 589
653 660 487
660 661 738
661 662 440
655 663 486
656 664 102
659 665 560
661 666 478
660 667 705
661 668 238
665 669 126
662 670 557
667 671 65
665 672 566
671 673 464
667 674 425
671 675 237
675 676 658
671 677 412
672 678 704
670 679 424
677 680 983
674 681 966
679 682 775
676 683 16
683 684 314
679 685 651
684 686 754
686 687 489
678 688 625
680 689 752
681 690 174
686 691 546
684 692 663
687 693 235
689 694 690
687 695 302
692 696 50
689 697 384
692 698 552
698 699 835
694 700 144
693 701 477
701 702 16
693 703 782
695 704 116
696 705 982
696 706 701
702 707 180
701 708 253
702 709 168
704 710 876
701 711 442
705 712 70
703 713 568
713 714 547
706 715 684
706 716 766
712 717 484
715 718 47
712 719 393
713 720 897
720 721 584
720 722 164
722 723 636
719 724 964
718 725 314
718 726 368
718 727 43
720 728 700
724 729 269
723 730 823
724 731 315
729 732 134
725 733 408
731 734 999
733 735 848
730 736 7
728 737 832
730 738 453
738 739 89
738 740 284
734 741 577
732 742 357
735 743 161
743 744 410
740 745 960
740 746 381
742 747 398
738 748 215
747 749 122
748 750 569
747 751 389
746 752 62
746 753 125
749 754 623
749 755 883
754 756 166
748 757 93
748 758 115
755 759 773
751 760 178
752 761 151
753 762 971
758 763 591
762 764 537
759 765 769
758 766 628
763 767 319
766 768 63
760 769 431
765 770 154
765 771 962
769 772 177
765 773 159
770 774 643
774 775 821
769 776 620
773 777 12
768 778 835
772 779 421
777 780 765
777 781 453
772 782 664
775 783 279
781 784 545
778 785 743
782 786 518
782 787 663
784 788 765
780 789 597
783 790 979
784 791 899
783 792 566
785 793 78
785 794 444
789 795 800
787 796 425
788 797 31
793 798 205
789 799 995
793 800 940
798 801 115
801 802 812
799 803 801
802 804 786
800 805 889
798 806 693
797 807 342
801 808 858
800 809 406
806 810 142
809 811 793
803 812 271
808 813 557
813 814 892
812 815 29
810 816 672
807 817 901
816 818 419
809 819 336
813 820 121
814 821 19
814 822 561
816 823 423
820 824 423
821 825 874
817 826 98
825 827 247
822 828 599
821 829 601
828 830 132
823 831 492
831 832 878
827 833 541
827 834 627
826 835 573
826 836 497
827 837 369
832 838 221
834 839 813
838 840 965
831 841 708
832 842 311
840 843 34
836 844 455
840 845 883
839 846 645
844 847 41
839 848 260
847 849 529
846 850 973
842 851 222
845 852 354
846 853 773
847 854 379
849 855 152
848 856 92
854 857 387
856 858 509
850 859 210
851 860 913
860 861 809
860 862 439
857 863 802
856 864 308
861 865 187
857 866 647
860 867 325
866 868 12
867 869 310
860 870 610
862 871 432
863 872 317
866 873 904
865 874 676
871 875 752
866 876 820
871 877 357
869 878 947
869 879 873
871 880 558
873 881 250
880 882 635
875 883 849
875 884 736
876 885 677
885 886 618
877 887 101
881 888 759
880 889 657
881 890 565
882 891 490
888 892 392
888 893 614
890 894 640
892 895 61
890 896 248
891 897 894
892 898 849
889 899 915
898 900 421
892 901 720
892 902 620
898 903 32
902 904 218
903 905 496
897 906 639
901 907 546
903 908 70
901 909 324
905 910 470
905 911 446
903 912 308
905 913 384
910 914 807
912 915 761
913 916 947
915 917 601
914 918 719
911 919 776
910 920 671
919 921 676
918 922 786
918 923 152
919 924 316
922 925 543
918 926 790
921 927 861
923 928 297
923 929 847
928 930 447
925 931 93
931 932 722
926 933 863
932 934 315
934 935 741
928 936 436
932 937 902
936 938 318
933 939 154
935 940 68
938 941 112
932 942 638
936 943 929
937 944 615
940 945 67
940 946 960
937 947 86
944 948 835
940 949 202
948 950 992
943 951 336
947 952 139
947 953 852
946 954 244
946 955 410
953 956 638
956 957 174
955 958 376
954 959 586
956 960 407
952 961 388
959 962 522
956 963 341
957 964 725
959 965 523
959 966 455
957 967 904
966 968 147
965 969 232
962 970 555
961 971 591
962 972 40
971 973 785
964 974 139
966 975 216
967 976 904
974 977 922
973 978 765
977 979 281
972 980 144
979 981 121
975 982 38
976 983 261
981 984 365
980 985 346
978 986 747
977 987 977
987 988 28
987 989 666
982 990 40
983 991 796
983 992 402
987 993 734
991 994 106
992 995 849
991 996 4
987 997 540
994 998 703
996 999 839
992 1000 623
