500 499
1000 1000 1000 1000 1000 1000 1000 1000 1000 1000 1000 1000 1000 1000 1000 1000 1000 1000 1000 1000 1000 1000 1000 1000 1000 1000 1000 1000 1000 1000 1000 1000 1000 1000 1000 1000 1000 1000 1000 1000 1000 1000 1000 1000 1000 1000 1000 1000 1000 1000 1000 1000 1000 1000 1000 1000 1000 1000 1000 1000 1000 1000 1000 1000 1000 1000 1000 1000 1000 1000 1000 1000 1000 1000 1000 1000 1000 1000 1000 1000 1000 1000 1000 1000 1000 1000 1000 1000 1000 1000 1000 1000 1000 1000 1000 1000 1000 1000 1000 1000 1000 1000 1000 1000 1000 1000 1000 1000 1000 1000 1000 1000 1000 1000 1000 1000 1000 1000 1000 1000 1000 1000 1000 1000 1000 1000 1000 1000 1000 1000 1000 1000 1000 1000 1000 1000 1000 1000 1000 1000 1000 1000 1000 1000 1000 1000 1000 1000 1000 1000 1000 1000 1000 1000 1000 1000 1000 1000 1000 1000 1000 1000 1000 1000 1000 1000 1000 1000 1000 1000 1000 1000 1000 1000 1000 1000 1000 1000 1000 1000 1000 1000 1000 1000 1000 1000 1000 1000 1000 1000 1000 1000 1000 1000 1000 1000 1000 1000 1000 1000 1000 1000 1000 1000 1000 1000 1000 1000 1000 1000 1000 1000 1000 1000 1000 1000 1000 1000 1000 1000 1000 1000 1000 1000 1000 1000 1000 1000 1000 1000 1000 1000 1000 1000 1000 1000 1000 1000 1000 1000 1000 1000 1000 1000 1000 1000 1000 1000 1000 1000 1000 1000 1000 1000 1000 1000 1000 1000 1000 1000 1000 1000 1000 1000 1000 1000 1000 1000 1000 1000 1000 1000 1000 1000 1000 1000 1000 1000 1000 1000 1000 1000 1000 1000 1000 1000 1000 1000 1000 1000 1000 1000 1000 1000 1000 1000 1000 1000 1000 1000 1000 1000 1000 1000 1000 1000 1000 1000 1000 1000 1000 1000 1000 1000 1000 1000 1000 1000 1000 1000 1000 1000 1000 1000 1000 1000 1000 1000 1000 1000 1000 1000 1000 1000 1000 1000 1000 1000 1000 1000 1000 1000 1000 1000 1000 1000 1000 1000 1000 1000 1000 1000 1000 1000 1000 1000 1000 1000 1000 1000 1000 1000 1000 1000 1000 1000 1000 1000 1000 1000 1000 1000 1000 1000 1000 1000 1000 1000 1000 1000 1000 1000 1000 1000 1000 1000 1000 1000 1000 1000 1000 1000 1000 1000 1000 1000 1000 1000 1000 1000 1000 1000 1000 1000 1000 1000 1000 1000 1000 1000 1000 1000 1000 1000 1000 1000 1000 1000 1000 1000 1000 1000 1000 1000 1000 1000 1000 1000 1000 1000 1000 1000 1000 1000 1000 1000 1000 1000 1000 1000 1000 1000 1000 1000 1000 1000 1000 1000 1000 1000 1000 1000 1000 1000 1000 1000 1000 1000 1000 1000 1000 1000 1000 1000 1000 1000 1000 1000 1000 1000 1000 1000 1000 1000 1000 1000 1000 1000 1000 1000 1000 1000 1000 1000 1000 1000 1000 937 1000 1000 1000 1000 885 1000 744 1000 1000 1000 1000 276
1 2 556
2 3 587
1 4 553
2 5 148
2 6 235
4 7 994
7 8 182
6 9 812
4 10 350
8 11 958
4 12 726
6 13 615
7 14 378
11 15 636
10 16 517
11 17 355
10 18 395
15 19 969
11 20 209
11 21 189
14 22 744
17 23 90
16 24 630
23 25 257
17 26 620
19 27 180
18 28 545
22 29 501
24 30 453
27 31 13
31 32 871
30 33 813
32 34 384
30 35 696
29 36 502
36 37 183
33 38 794
31 39 844
31 40 338
38 41 135
33 42 367
41 43 876
34 44 384
38 45 691
37 46 38
45 47 63
46 48 22
48 49 280
45 50 314
45 51 881
46 52 944
44 53 786
49 54 913
45 55 767
55 56 707
52 57 95
54 58 624
56 59 46
55 60 629
52 61 595
61 62 780
54 63 155
57 64 370
61 65 356
56 66 210
64 67 403
65 68 952
59 69 670
67 70 38
67 71 755
70 72 754
65 73 31
68 74 862
72 75 800
71 76 647
67 77 404
74 78 975
75 79 703
70 80 636
80 81 577
76 82 294
80 83 334
74 84 908
84 85 196
81 86 888
77 87 848
87 88 326
81 89 577
80 90 945
84 91 788
86 92 247
85 93 622
84 94 96
92 95 509
86 96 378
88 97 416
91 98 656
92 99 346
91 100 614
94 101 763
95 102 311
97 103 295
97 104 808
101 105 605
96 106 26
101 107 121
105 108 755
106 109 562
103 110 686
109 111 285
108 112 774
107 113 896
111 114 95
113 115 232
106 116 870
109 117 563
110 118 251
117 119 999
116 120 398
114 121 321
118 122 512
120 123 31
115 124 53
121 125 79
122 126 665
121 127 925
118 128 824
124 129 161
127 130 595
129 131 134
123 132 418
125 133 437
129 134 29
133 135 80
130 136 530
130 137 511
134 138 67
135 139 926
130 140 356
135 141 357
132 142 993
136 143 23
140 144 582
136 145 491
143 146 309
142 147 342
144 148 156
145 149 303
148 150 212
144 151 778
146 152 587
143 153 854
148 154 795
152 155 431
149 156 945
154 157 764
149 158 870
149 159 178
152 160 618
153 161 951
152 162 652
162 163 928
156 164 971
156 165 747
157 166 696
160 167 30
164 168 905
164 169 150
162 170 480
168 171 697
166 172 706
163 173 421
168 174 81
169 175 62
174 176 635
167 177 340
171 178 392
172 179 626
179 180 623
178 181 233
176 182 842
182 183 539
177 184 45
182 185 32
185 186 659
183 187 460
185 188 233
183 189 79
182 190 473
188 191 859
182 192 33
185 193 810
190 194 129
191 195 262
194 196 561
193 197 303
195 198 48
192 199 913
198 200 214
197 201 691
195 202 3
196 203 128
201 204 981
195 205 610
201 206 943
204 207 18
203 208 188
199 209 849
207 210 680
207 211 971
205 212 887
212 213 47
204 214 548
212 215 560
208 216 476
213 217 959
212 218 480
214 219 358
217 220 655
216 221 414
215 222 361
220 223 338
219 224 397
223 225 882
224 226 396
224 227 553
226 228 795
228 229 88
229 230 693
230 231 97
230 232 391
227 233 548
233 234 667
233 235 45
231 236 213
227 237 420
231 238 289
231 239 603
236 240 235
239 241 140
235 242 373
237 243 449
241 244 333
239 245 362
243 246 932
238 247 403
241 248 512
240 249 186
241 250 466
247 251 597
249 252 273
252 253 99
247 254 430
247 255 414
249 256 22
251 257 951
252 258 875
255 259 218
252 260 195
257 261 165
253 262 983
260 263 350
262 264 174
262 265 946
258 266 655
259 267 479
266 268 258
262 269 187
267 270 856
264 271 914
271 272 39
265 273 100
265 274 159
272 275 148
267 276 383
267 277 394
275 278 736
275 279 498
279 280 617
276 281 339
273 282 970
279 283 705
279 284 329
283 285 196
277 286 184
283 287 879
284 288 756
282 289 377
285 290 616
281 291 335
285 292 112
285 293 720
286 294 983
291 295 40
286 296 25
292 297 390
293 298 697
295 299 733
294 300 628
295 301 623
299 302 205
301 303 509
301 304 255
300 305 56
299 306 318
306 307 812
300 308 790
307 309 95
304 310 714
301 311 191
308 312 847
310 313 177
312 314 590
311 315 778
313 316 701
307 317 90
309 318 599
310 319 268
318 320 871
314 321 200
313 322 65
317 323 946
323 324 234
317 325 896
323 326 19
323 327 551
323 328 289
319 329 670
320 330 256
329 331 145
323 332 612
326 333 695
326 334 446
334 335 109
331 336 621
331 337 506
337 338 42
337 339 593
332 340 163
333 341 338
332 342 177
337 343 768
340 344 378
344 345 676
345 346 383
339 347 729
347 348 743
348 349 430
342 350 74
344 351 559
345 352 104
349 353 764
352 354 240
347 355 977
355 356 473
349 357 396
348 358 940
350 359 915
358 360 135
357 361 787
352 362 572
360 363 898
361 364 440
356 365 53
362 366 628
363 367 410
359 368 672
360 369 920
365 370 539
363 371 418
364 372 108
368 373 353
365 374 596
373 375 175
367 376 9
374 377 68
370 378 557
376 379 788
379 380 261
379 381 302
373 382 163
379 383 559
378 384 309
376 385 493
380 386 819
383 387 581
387 388 220
381 389 702
389 390 570
389 391 764
387 392 369
392 393 981
385 394 52
390 395 951
390 396 961
388 397 440
395 398 664
390 399 253
392 400 535
394 401 340
401 402 737
401 403 41
402 404 250
400 405 5
403 406 605
404 407 34
403 408 990
402 409 904
408 410 521
405 411 764
409 412 697
406 413 676
408 414 897
409 415 828
411 416 431
411 417 259
417 418 604
417 419 863
414 420 325
411 421 557
418 422 989
416 423 506
418 424 849
422 425 693
423 426 386
419 427 346
424 428 183
422 429 784
425 430 952
421 431 84
425 432 892
429 433 412
424 434 684
431 435 829
431 436 341
431 437 734
434 438 578
435 439 235
438 440 384
436 441 122
432 442 353
434 443 697
441 444 729
436 445 494
436 446 972
444 447 317
439 448 582
447 449 215
445 450 705
448 451 877
442 452 587
448 453 937
449 454 861
446 455 861
453 456 853
453 457 609
457 458 957
451 459 521
459 460 538
455 461 813
455 462 445
460 463 432
462 464 509
464 465 682
465 466 84
460 467 574
462 468 942
461 469 340
466 470 309
468 471 736
471 472 31
466 473 993
464 474 934
471 475 995
469 476 303
469 477 382
468 478 668
470 479 300
478 480 154
476 481 871
472 482 12
473 483 696
475 484 126
475 485 177
476 486 442
485 487 973
485 488 230
485 489 658
489 490 332
484 491 286
491 492 146
488 493 95
489 494 792
493 495 753
493 496 420
493 497 484
492 498 697
496 499 684
495 500 75
