1000 999
1000 1000 1000 1000 1000 1000 1000 1000 1000 1000 1000 1000 1000 1000 1000 1000 1000 1000 1000 1000 1000 1000 1000 1000 1000 1000 1000 1000 1000 1000 1000 1000 1000 1000 1000 1000 1000 1000 1000 1000 1000 1000 1000 1000 1000 1000 1000 1000 1000 1000 1000 1000 1000 1000 1000 1000 1000 1000 1000 1000 1000 1000 1000 1000 1000 1000 1000 1000 1000 1000 1000 1000 1000 1000 1000 1000 1000 1000 1000 1000 1000 1000 1000 1000 1000 1000 1000 1000 1000 1000 1000 1000 1000 1000 1000 1000 1000 1000 1000 1000 1000 1000 1000 1000 1000 1000 1000 1000 1000 1000 1000 1000 1000 1000 1000 1000 1000 1000 1000 1000 1000 1000 1000 1000 1000 1000 1000 1000 1000 1000 1000 1000 1000 1000 1000 1000 1000 1000 1000 1000 1000 1000 1000 1000 1000 1000 1000 1000 1000 1000 1000 1000 1000 1000 1000 1000 1000 1000 1000 1000 1000 1000 1000 1000 1000 1000 1000 1000 1000 1000 1000 1000 1000 1000 1000 1000 1000 1000 1000 1000 1000 1000 1000 1000 1000 1000 1000 1000 1000 1000 1000 1000 1000 1000 1000 1000 1000 1000 1000 1000 1000 1000 1000 1000 1000 1000 1000 1000 1000 1000 1000 1000 1000 1000 1000 1000 1000 1000 1000 1000 1000 1000 1000 1000 1000 1000 1000 1000 1000 1000 1000 1000 1000 1000 1000 1000 1000 1000 1000 1000 1000 1000 1000 1000 1000 1000 1000 1000 1000 1000 1000 1000 1000 1000 1000 1000 1000 1000 1000 1000 1000 1000 1000 1000 1000 1000 1000 1000 1000 1000 1000 1000 1000 1000 1000 1000 1000 1000 1000 1000 1000 1000 1000 1000 1000 1000 1000 1000 1000 1000 1000 1000 1000 1000 1000 1000 1000 1000 1000 1000 1000 1000 1000 1000 1000 1000 1000 1000 1000 1000 1000 1000 1000 1000 1000 1000 1000 1000 1000 1000 1000 1000 1000 1000 1000 1000 1000 1000 1000 1000 1000 1000 1000 1000 1000 1000 1000 1000 1000 1000 1000 1000 1000 1000 1000 1000 1000 1000 1000 1000 1000 1000 1000 1000 1000 1000 1000 1000 1000 1000 1000 1000 1000 1000 1000 1000 1000 1000 1000 1000 1000 1000 1000 1000 1000 1000 1000 1000 1000 1000 1000 1000 1000 1000 1000 1000 1000 1000 1000 1000 1000 1000 1000 1000 1000 1000 1000 1000 1000 1000 1000 1000 1000 1000 1000 1000 1000 1000 1000 1000 1000 1000 1000 1000 1000 1000 1000 1000 1000 1000 1000 1000 1000 1000 1000 1000 1000 1000 1000 1000 1000 1000 1000 1000 1000 1000 1000 1000 1000 1000 1000 1000 1000 1000 1000 1000 1000 1000 1000 1000 1000 1000 1000 1000 1000 1000 1000 1000 1000 1000 1000 1000 1000 1000 1000 1000 1000 1000 1000 1000 1000 1000 1000 1000 1000 1000 1000 1000 1000 1000 1000 1000 1000 1000 1000 1000 1000 1000 1000 1000 1000 1000 1000 1000 1000 1000 1000 1000 1000 1000 1000 1000 1000 1000 1000 1000 1000 1000 1000 1000 1000 1000 1000 1000 1000 1000 1000 1000 1000 1000 1000 1000 1000 1000 1000 1000 1000 1000 1000 1000 1000 1000 1000 1000 1000 1000 1000 1000 1000 1000 1000 1000 1000 1000 1000 1000 1000 1000 1000 1000 1000 1000 1000 1000 1000 1000 1000 1000 1000 1000 1000 1000 1000 1000 1000 1000 1000 1000 1000 1000 1000 1000 1000 1000 1000 1000 1000 1000 1000 1000 1000 1000 1000 1000 1000 1000 1000 1000 1000 1000 1000 1000 1000 1000 1000 1000 1000 1000 1000 1000 1000 1000 1000 1000 1000 1000 1000 1000 1000 1000 1000 1000 1000 1000 1000 1000 1000 1000 1000 1000 1000 1000 1000 1000 1000 1000 1000 1000 1000 1000 1000 1000 1000 1000 1000 1000 1000 1000 1000 1000 1000 1000 1000 1000 1000 1000 1000 1000 1000 1000 1000 1000 1000 1000 1000 1000 1000 1000 1000 1000 1000 1000 1000 1000 1000 1000 1000 1000 1000 1000 1000 1000 1000 1000 1000 1000 1000 1000 1000 1000 1000 1000 1000 1000 1000 1000 1000 1000 1000 1000 1000 1000 1000 1000 1000 1000 1000 1000 1000 1000 1000 1000 1000 1000 1000 1000 1000 1000 1000 1000 1000 1000 1000 1000 1000 1000 1000 1000 1000 1000 1000 1000 1000 1000 1000 1000 1000 1000 1000 1000 1000 1000 1000 1000 1000 1000 1000 1000 1000 1000 1000 1000 1000 1000 1000 1000 1000 1000 1000 1000 1000 1000 1000 1000 1000 1000 1000 1000 1000 1000 1000 1000 1000 1000 1000 1000 1000 1000 1000 1000 1000 1000 1000 1000 1000 1000 1000 1000 1000 1000 1000 1000 1000 1000 1000 1000 1000 1000 1000 1000 1000 1000 1000 1000 1000 1000 1000 1000 1000 1000 1000 1000 1000 1000 1000 1000 1000 1000 1000 1000 1000 1000 1000 1000 1000 1000 1000 1000 1000 1000 1000 1000 1000 1000 1000 1000 1000 1000 1000 1000 1000 1000 1000 1000 1000 1000 1000 1000 1000 1000 1000 1000 1000 1000 1000 1000 1000 1000 1000 1000 1000 1000 1000 1000 1000 1000 1000 1000 1000 1000 1000 1000 1000 1000 1000 1000 1000 1000 1000 1000 1000 1000 1000 1000 1000 1000 1000 1000 1000 1000 1000 1000 1000 1000 1000 1000 1000 1000 1000 1000 1000 1000 1000 1000 1000 1000 1000 1000 1000 1000 1000 1000 1000 1000 1000 1000 1000 1000 1000 1000 1000 1000 1000 1000 1000 1000 1000 1000 1000 1000 1000 1000 1000 1000 1000 1000 1000 1000 1000 1000 1000 1000 1000 1000 1000 1000 1000 1000 1000 1000 1000 1000 1000 1000 1000 1000 1000 1000 1000 1000 1000 1000 1000 1000 1000 1000 1000 1000 1000 1000 1000 1000 1000 1000 1000 1000 1000 1000 1000 1000 1000 1000 1000 1000 1000 1000 1000 1000 1000 1000 995 1000 1000 1000 1000 1000 1000 1000 993 1000 1000 1000 935 1000 1000 1000 1000 1000 1000 907
1 2 148
1 3 919
3 4 124
3 5 230
3 6 895
4 7 730
4 8 303
1 9 623
2 10 794
10 11 606
9 12 314
6 13 209
5 14 451
7 15 345
7 16 904
14 17 944
10 18 766
17 19 951
16 20 686
18 21 929
16 22 568
16 23 238
20 24 155
16 25 305
20 26 190
17 27 491
19 28 538
21 29 270
23 30 726
26 31 594
23 32 450
31 33 19
26 34 684
28 35 497
35 36 550
27 37 886
28 38 773
33 39 716
32 40 196
36 41 693
40 42 439
40 43 729
42 44 465
41 45 515
43 46 566
37 47 236
39 48 161
45 49 87
46 50 976
48 51 155
50 52 283
51 53 749
52 54 712
45 55 83
49 56 370
50 57 625
54 58 77
56 59 176
56 60 404
56 61 362
55 62 204
53 63 208
62 64 790
57 65 180
58 66 1000
66 67 167
63 68 941
62 69 212
62 70 281
61 71 147
66 72 317
69 73 871
68 74 881
72 75 520
70 76 117
69 77 10
75 78 687
70 79 700
76 80 808
73 81 627
81 82 951
79 83 444
80 84 756
78 85 877
77 86 878
77 87 228
81 88 702
83 89 446
82 90 986
84 91 978
86 92 187
89 93 564
87 94 191
86 95 642
86 96 679
89 97 586
90 98 394
97 99 74
95 100 209
94 101 871
95 102 441
97 103 223
101 104 308
99 105 55
101 106 40
98 107 205
104 108 110
100 109 694
103 110 244
104 111 242
104 112 148
108 113 323
113 114 795
109 115 386
110 116 994
107 117 922
116 118 425
117 119 387
113 120 383
117 121 784
119 122 859
113 123 273
117 124 374
121 125 506
116 126 655
119 127 346
122 128 13
120 129 989
120 130 857
125 131 787
127 132 297
131 133 519
127 134 910
129 135 656
127 136 591
129 137 155
131 138 339
129 139 31
130 140 996
135 141 103
140 142 174
139 143 236
142 144 604
144 145 1
140 146 340
137 147 629
145 148 318
140 149 12
149 150 888
147 151 542
149 152 917
148 153 575
147 154 769
153 155 621
151 156 327
156 157 758
154 158 115
149 159 359
158 160 633
157 161 965
154 162 548
153 163 256
154 164 127
159 165 131
158 166 216
158 167 846
161 168 552
165 169 444
163 170 308
166 171 85
162 172 255
168 173 221
167 174 902
171 175 51
174 176 826
167 177 75
168 178 762
177 179 5
173 180 238
177 181 636
172 182 749
182 183 95
175 184 280
180 185 371
181 186 692
178 187 327
180 188 460
185 189 278
189 190 605
185 191 449
191 192 713
184 193 563
186 194 325
191 195 227
187 196 586
188 197 797
188 198 535
196 199 561
199 200 981
193 201 411
193 202 906
199 203 793
202 204 151
200 205 888
198 206 738
206 207 816
203 208 701
203 209 235
209 210 989
202 211 378
206 212 139
204 213 576
213 214 895
213 215 317
209 216 656
212 217 732
209 218 253
212 219 181
216 220 807
216 221 500
213 222 748
221 223 64
220 224 654
224 225 109
216 226 658
224 227 394
226 228 162
224 229 404
221 230 667
223 231 945
222 232 936
227 233 822
224 234 429
228 235 626
228 236 940
227 237 808
229 238 996
230 239 977
237 240 373
235 241 480
239 242 205
233 243 300
234 244 590
239 245 937
237 246 765
246 247 999
241 248 629
246 249 978
244 250 978
243 251 312
242 252 143
244 253 254
244 254 208
251 255 308
247 256 232
250 257 564
250 258 917
258 259 775
252 260 199
255 261 112
253 262 244
256 263 30
254 264 527
260 265 286
258 266 701
259 267 615
264 268 582
261 269 445
262 270 18
261 271 863
262 272 241
267 273 809
268 274 146
266 275 475
272 276 549
272 277 615
275 278 217
274 279 359
275 280 671
279 281 452
278 282 372
281 283 400
278 284 891
276 285 166
284 286 921
277 287 204
283 288 79
288 289 528
284 290 124
289 291 872
284 292 505
287 293 896
293 294 763
293 295 840
291 296 924
295 297 524
296 298 705
294 299 58
293 300 909
297 301 159
300 302 685
301 303 35
299 304 763
302 305 912
298 306 668
298 307 903
300 308 817
305 309 323
303 310 906
305 311 43
311 312 710
309 313 780
306 314 988
308 315 373
313 316 733
314 317 186
312 318 615
311 319 34
318 320 900
311 321 433
312 322 297
319 323 510
314 324 223
320 325 486
317 326 366
323 327 127
327 328 269
320 329 806
322 330 195
325 331 162
328 332 17
327 333 198
330 334 694
326 335 771
328 336 298
332 337 347
329 338 67
338 339 472
335 340 747
332 341 443
336 342 887
338 343 325
341 344 978
344 345 713
340 346 832
346 347 496
347 348 131
347 349 380
342 350 594
349 351 213
345 352 981
352 353 71
350 354 922
353 355 634
349 356 275
356 357 377
348 358 566
352 359 347
358 360 620
357 361 509
353 362 162
359 363 655
361 364 371
362 365 98
362 366 587
364 367 680
366 368 69
365 369 668
361 370 367
368 371 893
371 372 697
368 373 648
371 374 466
365 375 835
375 376 851
376 377 715
377 378 473
376 379 327
372 380 711
379 381 338
379 382 778
381 383 21
382 384 507
381 385 418
383 386 417
385 387 834
378 388 588
385 389 641
388 390 259
388 391 788
386 392 567
390 393 402
385 394 110
389 395 528
390 396 601
388 397 931
394 398 270
393 399 811
397 400 702
397 401 698
400 402 192
401 403 136
396 404 772
400 405 994
396 406 761
405 407 55
407 408 369
403 409 498
409 410 823
406 411 187
402 412 88
409 413 182
413 414 183
411 415 722
414 416 142
409 417 882
416 418 276
412 419 920
419 420 138
417 421 309
413 422 125
416 423 963
423 424 479
418 425 499
417 426 806
425 427 847
427 428 764
428 429 57
424 430 421
424 431 866
425 432 36
424 433 476
432 434 270
428 435 968
426 436 109
432 437 289
434 438 438
431 439 735
430 440 412
437 441 590
433 442 203
439 443 876
435 444 965
435 445 830
442 446 265
445 447 459
444 448 687
447 449 288
443 450 173
450 451 170
443 452 133
446 453 335
451 454 636
450 455 846
453 456 173
456 457 586
455 458 532
451 459 99
452 460 700
458 461 804
459 462 777
461 463 710
457 464 207
455 465 52
459 466 153
461 467 405
466 468 730
468 469 214
462 470 600
461 471 805
469 472 827
464 473 799
465 474 115
471 475 914
471 476 584
470 477 484
472 478 679
477 479 458
476 480 44
475 481 818
478 482 330
473 483 802
483 484 885
476 485 222
478 486 680
483 487 462
484 488 327
484 489 429
482 490 479
487 491 899
491 492 553
489 493 692
488 494 267
487 495 191
491 496 398
496 497 897
489 498 561
495 499 783
496 500 564
496 501 503
500 502 238
496 503 672
502 504 48
499 505 868
500 506 800
502 507 901
502 508 159
508 509 886
501 510 443
504 511 654
503 512 846
503 513 1
505 514 493
505 515 854
509 516 289
507 517 241
511 518 346
511 519 99
514 520 735
512 521 789
520 522 535
522 523 489
523 524 307
519 525 937
523 526 905
518 527 694
524 528 515
522 529 10
522 530 622
527 531 918
529 532 68
530 533 925
532 534 490
526 535 39
531 536 290
534 537 239
528 538 786
532 539 662
532 540 668
536 541 494
535 542 108
541 543 559
536 544 981
537 545 117
540 546 964
537 547 159
538 548 315
540 549 522
540 550 472
547 551 421
543 552 931
546 553 315
548 554 324
551 555 364
551 556 346
551 557 59
557 558 109
556 559 753
552 560 693
557 561 729
556 562 528
561 563 634
559 564 144
558 565 792
558 566 179
562 567 420
560 568 857
562 569 599
568 570 274
567 571 755
571 572 693
570 573 818
566 574 682
572 575 261
573 576 769
574 577 126
575 578 985
571 579 822
579 580 346
579 581 968
576 582 187
577 583 260
575 584 893
583 585 885
584 586 109
584 587 75
585 588 510
583 589 794
587 590 13
583 591 745
583 592 451
587 593 732
587 594 519
594 595 995
588 596 921
592 597 561
591 598 128
594 599 341
599 600 285
595 601 964
592 602 270
593 603 949
603 604 972
601 605 196
605 606 749
603 607 535
605 608 395
601 609 860
602 610 226
606 611 793
604 612 206
605 613 587
609 614 11
608 615 576
608 616 891
614 617 372
609 618 396
609 619 216
619 620 903
618 621 222
615 622 866
621 623 191
622 624 335
624 625 989
625 626 539
619 627 857
619 628 768
626 629 782
622 630 235
621 631 532
624 632 982
625 633 94
631 634 639
630 635 876
626 636 800
634 637 218
634 638 357
632 639 791
639 640 489
640 641 543
639 642 345
634 643 346
642 644 487
644 645 642
645 646 992
644 647 689
644 648 415
645 649 409
643 650 536
642 651 274
643 652 661
646 653 927
653 654 53
646 655 105
649 656 896
648 657 787
656 658 684
654 659 940
658 660 747
654 661 952
653 662 27
654 663 583
655 664 204
662 665 717
661 666 414
664 667 792
665 668 624
663 669 270
660 670 954
663 671 204
663 672 692
672 673 695
668 674 356
673 675 983
674 676 133
670 677 159
670 678 842
673 679 759
673 680 583
680 681 914
674 682 57
675 683 896
677 684 296
679 685 773
685 686 492
680 687 448
681 688 38
682 689 725
688 690 258
686 691 516
688 692 955
688 693 375
693 694 143
687 695 704
688 696 255
696 697 529
693 698 889
695 699 466
692 700 966
691 701 174
701 702 252
696 703 814
702 704 108
696 705 132
701 706 429
705 707 818
706 708 272
705 709 617
704 710 538
706 711 762
705 712 61
703 713 617
711 714 542
708 715 260
715 716 785
716 717 40
716 718 953
709 719 901
710 720 264
716 721 381
713 722 461
722 723 481
721 724 985
722 725 124
719 726 33
725 727 357
722 728 151
725 729 90
721 730 17
729 731 768
726 732 448
726 733 868
731 734 803
733 735 285
726 736 529
730 737 719
730 738 866
737 739 985
735 740 7
735 741 968
741 742 46
737 743 298
736 744 623
739 745 340
744 746 985
744 747 93
742 748 622
747 749 800
741 750 770
745 751 502
746 752 792
743 753 834
749 754 285
748 755 715
755 756 715
752 757 813
753 758 1000
754 759 792
758 760 764
753 761 847
754 762 686
761 763 19
761 764 40
759 765 150
760 766 351
766 767 304
764 768 980
759 769 590
763 770 861
763 771 909
770 772 652
772 773 563
764 774 543
771 775 311
767 776 463
769 777 916
774 778 33
778 779 970
779 780 56
775 781 581
780 782 120
778 783 732
783 784 613
775 785 139
776 786 274
781 787 898
786 788 826
786 789 819
786 790 787
783 791 376
790 792 742
784 793 954
787 794 617
787 795 563
793 796 653
796 797 958
794 798 255
791 799 993
792 800 467
792 801 778
798 802 437
798 803 119
803 804 694
800 805 924
801 806 149
804 807 689
800 808 83
803 809 138
805 810 62
806 811 69
810 812 271
804 813 7
809 814 596
812 815 656
808 816 270
810 817 218
816 818 660
810 819 438
813 820 895
820 821 286
817 822 676
820 823 716
820 824 805
817 825 866
818 826 296
818 827 696
826 828 582
828 829 810
823 830 829
828 831 127
823 832 639
829 833 611
829 834 49
830 835 141
829 836 453
833 837 186
837 838 552
830 839 984
830 840 692
837 841 180
836 842 351
834 843 189
839 844 755
841 845 86
842 846 348
843 847 872
839 848 213
848 849 557
843 850 955
845 851 878
850 852 16
844 853 263
846 854 754
850 855 150
854 856 833
850 857 135
848 858 972
850 859 890
856 860 357
851 861 868
857 862 912
859 863 322
854 864 672
855 865 697
858 866 427
865 867 257
864 868 961
861 869 797
860 870 832
862 871 412
865 872 571
869 873 3
869 874 990
870 875 777
866 876 212
870 877 130
876 878 26
869 879 709
877 880 153
877 881 430
877 882 983
877 883 340
880 884 814
882 885 940
879 886 932
878 887 252
882 888 610
882 889 361
883 890 670
889 891 954
891 892 24
890 893 394
885 894 896
886 895 954
887 896 79
891 897 780
897 898 569
893 899 41
897 900 490
892 901 220
896 902 485
898 903 869
903 904 398
896 905 984
897 906 602
901 907 443
899 908 882
904 909 843
904 910 988
904 911 447
902 912 610
904 913 500
912 914 240
913 915 895
907 916 946
914 917 470
910 918 828
916 919 80
914 920 16
913 921 360
912 922 884
921 923 94
915 924 177
923 925 334
917 926 933
918 927 486
925 928 922
923 929 20
924 930 341
929 931 47
922 932 527
926 933 545
927 934 680
931 935 35
930 936 959
933 937 913
936 938 867
934 939 218
932 940 661
937 941 81
936 942 603
940 943 7
940 944 599
941 945 934
936 946 390
939 947 383
943 948 26
940 949 861
948 950 249
945 951 536
950 952 339
945 953 996
951 954 719
950 955 495
950 956 135
951 957 38
948 958 39
950 959 752
953 960 50
957 961 521
957 962 293
961 963 641
956 964 546
957 965 707
959 966 287
957 967 790
962 968 556
966 969 879
967 970 585
961 971 525
968 972 973
969 973 492
973 974 184
965 975 283
966 976 274
973 977 326
973 978 857
976 979 812
971 980 96
978 981 986
972 982 498
976 983 406
982 984 75
980 985 677
977 986 183
986 987 749
980 988 689
981 989 451
982 990 318
984 991 175
989 992 535
989 993 92
992 994 299
986 995 593
992 996 50
995 997 82
993 998 163
990 999 623
993 1000 783
