1000 999
1000 1000 1000 1000 1000 1000 1000 1000 1000 1000 1000 1000 1000 1000 1000 1000 1000 1000 1000 1000 1000 1000 1000 1000 1000 1000 1000 1000 1000 1000 1000 1000 1000 1000 1000 1000 1000 1000 1000 1000 1000 1000 1000 1000 1000 1000 1000 1000 1000 1000 1000 1000 1000 1000 1000 1000 1000 1000 1000 1000 1000 1000 1000 1000 1000 1000 1000 1000 1000 1000 1000 1000 1000 1000 1000 1000 1000 1000 1000 1000 1000 1000 1000 1000 1000 1000 1000 1000 1000 1000 1000 1000 1000 1000 1000 1000 1000 1000 1000 1000 1000 1000 1000 1000 1000 1000 1000 1000 1000 1000 1000 1000 1000 1000 1000 1000 1000 1000 1000 1000 1000 1000 1000 1000 1000 1000 1000 1000 1000 1000 1000 1000 1000 1000 1000 1000 1000 1000 1000 1000 1000 1000 1000 1000 1000 1000 1000 1000 1000 1000 1000 1000 1000 1000 1000 1000 1000 1000 1000 1000 1000 1000 1000 1000 1000 1000 1000 1000 1000 1000 1000 1000 1000 1000 1000 1000 1000 1000 1000 1000 1000 1000 1000 1000 1000 1000 1000 1000 1000 1000 1000 1000 1000 1000 1000 1000 1000 1000 1000 1000 1000 1000 1000 1000 1000 1000 1000 1000 1000 1000 1000 1000 1000 1000 1000 1000 1000 1000 1000 1000 1000 1000 1000 1000 1000 1000 1000 1000 1000 1000 1000 1000 1000 1000 1000 1000 1000 1000 1000 1000 1000 1000 1000 1000 1000 1000 1000 1000 1000 1000 1000 1000 1000 1000 1000 1000 1000 1000 1000 1000 1000 1000 1000 1000 1000 1000 1000 1000 1000 1000 1000 1000 1000 1000 1000 1000 1000 1000 1000 1000 1000 1000 1000 1000 1000 1000 1000 1000 1000 1000 1000 1000 1000 1000 1000 1000 1000 1000 1000 1000 1000 1000 1000 1000 1000 1000 1000 1000 1000 1000 1000 1000 1000 1000 1000 1000 1000 1000 1000 1000 1000 1000 1000 1000 1000 1000 1000 1000 1000 1000 1000 1000 1000 1000 1000 1000 1000 1000 1000 1000 1000 1000 1000 1000 1000 1000 1000 1000 1000 1000 1000 1000 1000 1000 1000 1000 1000 1000 1000 1000 1000 1000 1000 1000 1000 1000 1000 1000 1000 1000 1000 1000 1000 1000 1000 1000 1000 1000 1000 1000 1000 1000 1000 1000 1000 1000 1000 1000 1000 1000 1000 1000 1000 1000 1000 1000 1000 1000 1000 1000 1000 1000 1000 1000 1000 1000 1000 1000 1000 1000 1000 1000 1000 1000 1000 1000 1000 1000 1000 1000 1000 1000 1000 1000 1000 1000 1000 1000 1000 1000 1000 1000 1000 1000 1000 1000 1000 1000 1000 1000 1000 1000 1000 1000 1000 1000 1000 1000 1000 1000 1000 1000 1000 1000 1000 1000 1000 1000 1000 1000 1000 1000 1000 1000 1000 1000 1000 1000 1000 1000 1000 1000 1000 1000 1000 1000 1000 1000 1000 1000 1000 1000 1000 1000 1000 1000 1000 1000 1000 1000 1000 1000 1000 1000 1000 1000 1000 1000 1000 1000 1000 1000 1000 1000 1000 1000 1000 1000 1000 1000 1000 1000 1000 1000 1000 1000 1000 1000 1000 1000 1000 1000 1000 1000 1000 1000 1000 1000 1000 1000 1000 1000 1000 1000 1000 1000 1000 1000 1000 1000 1000 1000 1000 1000 1000 1000 1000 1000 1000 1000 1000 1000 1000 1000 1000 1000 1000 1000 1000 1000 1000 1000 1000 1000 1000 1000 1000 1000 1000 1000 1000 1000 1000 1000 1000 1000 1000 1000 1000 1000 1000 1000 1000 1000 1000 1000 1000 1000 1000 1000 1000 1000 1000 1000 1000 1000 1000 1000 1000 1000 1000 1000 1000 1000 1000 1000 1000 1000 1000 1000 1000 1000 1000 1000 1000 1000 1000 1000 1000 1000 1000 1000 1000 1000 1000 1000 1000 1000 1000 1000 1000 1000 1000 1000 1000 1000 1000 1000 1000 1000 1000 1000 1000 1000 1000 1000 1000 1000 1000 1000 1000 1000 1000 1000 1000 1000 1000 1000 1000 1000 1000 1000 1000 1000 1000 1000 1000 1000 1000 1000 1000 1000 1000 1000 1000 1000 1000 1000 1000 1000 1000 1000 1000 1000 1000 1000 1000 1000 1000 1000 1000 1000 1000 1000 1000 1000 1000 1000 1000 1000 1000 1000 1000 1000 1000 1000 1000 1000 1000 1000 1000 1000 1000 1000 1000 1000 1000 1000 1000 1000 1000 1000 1000 1000 1000 1000 1000 1000 1000 1000 1000 1000 1000 1000 1000 1000 1000 1000 1000 1000 1000 1000 1000 1000 1000 1000 1000 1000 1000 1000 1000 1000 1000 1000 1000 1000 1000 1000 1000 1000 1000 1000 1000 1000 1000 1000 1000 1000 1000 1000 1000 1000 1000 1000 1000 1000 1000 1000 1000 1000 1000 1000 1000 1000 1000 1000 1000 1000 1000 1000 1000 1000 1000 1000 1000 1000 1000 1000 1000 1000 1000 1000 1000 1000 1000 1000 1000 1000 1000 1000 1000 1000 1000 1000 1000 1000 1000 1000 1000 1000 1000 1000 1000 1000 1000 1000 1000 1000 1000 1000 1000 1000 1000 1000 1000 1000 1000 1000 1000 1000 1000 1000 1000 1000 1000 1000 1000 1000 1000 1000 1000 1000 1000 1000 1000 1000 1000 1000 1000 1000 1000 1000 1000 1000 1000 1000 1000 1000 1000 1000 1000 1000 1000 1000 1000 1000 1000 1000 1000 1000 1000 1000 1000 1000 1000 1000 1000 1000 1000 1000 1000 1000 1000 1000 1000 1000 1000 1000 1000 1000 1000 1000 1000 1000 1000 1000 1000 1000 1000 1000 1000 1000 1000 1000 1000 1000 1000 1000 1000 1000 1000 1000 1000 1000 1000 1000 1000 1000 1000 1000 1000 1000 1000 1000 1000 1000 1000 1000 1000 1000 1000 1000 1000 1000 1000 1000 1000 1000 1000 1000 1000 1000 1000 1000 1000 1000 1000 1000 1000 1000 1000 1000 1000 1000 1000 1000 1000 1000 1000 1000 1000 1000 1000 1000 1000 1000 1000 999 1000 1000 1000 1000 999 1000 1000 1000 1000 999 998 1000 998 1000 1000 1000 1000 1000 1000 976 1000 759
1 2 720
1 3 317
3 4 765
4 5 294
1 6 931
4 7 167
5 8 980
8 9 581
3 10 881
1 11 425
7 12 53
7 13 930
7 14 95
5 15 306
10 16 837
10 17 805
8 18 756
14 19 701
14 20 329
18 21 400
13 22 899
14 23 264
15 24 446
15 25 98
18 26 905
25 27 848
24 28 873
23 29 759
29 30 100
30 31 154
31 32 375
23 33 565
32 34 881
26 35 90
28 36 389
36 37 40
31 38 268
35 39 158
38 40 729
40 41 645
40 42 731
37 43 228
35 44 62
36 45 121
42 46 890
42 47 319
44 48 322
42 49 234
47 50 823
41 51 725
44 52 707
51 53 396
50 54 502
51 55 106
46 56 501
52 57 629
50 58 990
58 59 157
57 60 972
57 61 680
59 62 345
62 63 265
58 64 239
57 65 588
62 66 70
57 67 412
66 68 594
61 69 950
60 70 250
62 71 75
64 72 578
71 73 210
66 74 770
74 75 179
66 76 996
71 77 853
69 78 346
77 79 441
79 80 309
80 81 708
75 82 759
73 83 153
83 84 979
77 85 157
77 86 231
80 87 353
85 88 777
79 89 876
82 90 487
83 91 183
91 92 533
90 93 430
84 94 691
93 95 750
90 96 53
88 97 265
92 98 705
96 99 147
95 100 940
92 101 49
92 102 486
96 103 325
101 104 265
103 105 676
98 106 742
100 107 343
107 108 991
108 109 741
100 110 894
104 111 664
105 112 965
103 113 940
104 114 652
114 115 67
113 116 183
110 117 507
116 118 341
111 119 310
114 120 10
116 121 577
114 122 709
115 123 797
116 124 603
118 125 650
123 126 866
117 127 263
126 128 503
122 129 643
125 130 777
126 131 327
131 132 587
127 133 282
131 134 742
125 135 916
132 136 68
130 137 3
133 138 358
132 139 737
138 140 888
131 141 331
136 142 320
141 143 604
140 144 602
139 145 664
144 146 134
144 147 201
145 148 921
146 149 854
141 150 424
149 151 879
144 152 560
145 153 546
145 154 193
147 155 841
146 156 670
153 157 298
156 158 334
154 159 93
158 160 270
154 161 370
156 162 349
160 163 552
163 164 807
156 165 951
157 166 483
157 167 823
165 168 157
160 169 479
164 170 372
164 171 975
171 172 77
165 173 678
173 174 830
170 175 701
175 176 652
167 177 193
173 178 622
169 179 685
171 180 679
173 181 398
172 182 144
181 183 21
174 184 979
176 185 185
177 186 393
181 187 146
187 188 581
181 189 575
188 190 79
184 191 665
182 192 27
192 193 374
189 194 631
186 195 223
195 196 776
193 197 994
188 198 861
195 199 624
199 200 499
191 201 968
201 202 303
193 203 242
200 204 287
203 205 477
202 206 42
198 207 379
198 208 563
199 209 831
201 210 890
205 211 813
210 212 651
207 213 267
213 214 428
205 215 536
210 216 355
207 217 212
216 218 15
214 219 712
217 220 882
215 221 993
213 222 925
216 223 153
220 224 188
217 225 870
218 226 862
226 227 898
226 228 966
221 229 233
222 230 525
223 231 806
222 232 565
225 233 766
233 234 935
229 235 931
231 236 542
229 237 570
231 238 866
236 239 989
236 240 423
238 241 995
238 242 619
234 243 899
234 244 691
239 245 900
242 246 590
240 247 296
239 248 896
244 249 685
240 250 441
245 251 347
242 252 788
249 253 128
253 254 433
254 255 15
249 256 51
251 257 68
257 258 282
254 259 266
250 260 137
253 261 757
259 262 545
262 263 664
260 264 229
258 265 305
257 266 940
260 267 24
264 268 187
262 269 828
265 270 760
266 271 269
267 272 608
264 273 155
268 274 865
269 275 350
272 276 801
269 277 355
269 278 237
275 279 222
278 280 571
275 281 762
278 282 561
280 283 667
276 284 227
276 285 900
281 286 129
277 287 953
278 288 374
287 289 271
289 290 282
288 291 823
282 292 33
283 293 535
287 294 482
290 295 440
295 296 793
288 297 521
293 298 758
294 299 226
297 300 380
291 301 602
295 302 202
300 303 122
297 304 13
298 305 936
297 306 412
302 307 77
306 308 675
300 309 935
308 310 761
310 311 152
303 312 266
306 313 461
312 314 877
308 315 615
311 316 334
308 317 526
311 318 990
317 319 73
311 320 142
313 321 311
315 322 152
318 323 873
316 324 350
317 325 333
318 326 673
321 327 469
319 328 171
319 329 830
322 330 773
330 331 850
326 332 434
328 333 126
331 334 530
332 335 340
330 336 520
330 337 162
336 338 637
332 339 354
337 340 339
340 341 104
335 342 586
338 343 167
341 344 774
337 345 740
337 346 246
340 347 257
345 348 959
341 349 932
344 350 888
346 351 469
344 352 396
346 353 755
347 354 563
345 355 560
347 356 664
349 357 905
354 358 956
354 359 263
359 360 58
359 361 456
353 362 425
354 363 166
359 364 509
362 365 967
362 366 711
358 367 315
360 368 376
361 369 818
365 370 642
361 371 731
364 372 63
371 373 454
364 374 440
367 375 283
371 376 607
370 377 17
377 378 45
376 379 384
372 380 677
379 381 911
374 382 863
378 383 927
383 384 830
382 385 501
379 386 290
382 387 460
381 388 119
384 389 633
389 390 644
389 391 269
383 392 53
384 393 839
388 394 330
393 395 159
392 396 910
392 397 228
394 398 904
392 399 127
393 400 949
395 401 462
393 402 588
395 403 970
399 404 368
397 405 265
402 406 970
404 407 589
403 408 597
408 409 970
404 410 600
405 411 548
402 412 488
412 413 687
408 414 755
409 415 37
409 416 309
414 417 372
409 418 439
417 419 101
410 420 99
417 421 230
419 422 666
415 423 401
422 424 950
422 425 139
420 426 464
417 427 270
421 428 27
420 429 87
424 430 727
430 431 384
423 432 479
431 433 487
428 434 643
434 435 422
427 436 103
430 437 89
428 438 82
433 439 435
430 440 32
438 441 585
434 442 289
436 443 749
435 444 871
439 445 908
436 446 788
445 447 225
445 448 962
444 449 464
441 450 617
446 451 763
447 452 316
452 453 601
448 454 972
454 455 458
450 456 756
455 457 636
456 458 611
456 459 329
458 460 693
460 461 735
454 462 74
458 463 430
462 464 614
455 465 566
456 466 751
458 467 142
464 468 522
466 469 750
460 470 719
463 471 446
471 472 24
466 473 268
464 474 974
469 475 643
467 476 108
472 477 926
473 478 738
478 479 929
473 480 443
471 481 633
473 482 175
479 483 102
482 484 554
480 485 616
480 486 547
480 487 887
487 488 926
479 489 578
484 490 739
482 491 81
485 492 652
490 493 67
491 494 235
491 495 625
487 496 426
488 497 9
497 498 8
495 499 844
493 500 723
497 501 80
496 502 769
493 503 222
496 504 365
500 505 197
500 506 81
505 507 573
506 508 110
508 509 445
509 510 53
510 511 647
505 512 769
503 513 598
508 514 195
506 515 942
514 516 397
510 517 205
515 518 288
518 519 866
517 520 846
520 521 21
521 522 208
518 523 103
520 524 737
523 525 29
520 526 816
518 527 161
518 528 123
522 529 937
521 530 271
525 531 718
530 532 888
530 533 111
526 534 496
533 535 683
532 536 288
528 537 386
531 538 320
537 539 165
534 540 693
533 541 738
534 542 949
541 543 89
541 544 557
543 545 369
537 546 732
537 547 196
541 548 645
544 549 14
543 550 65
550 551 234
546 552 34
548 553 333
550 554 434
554 555 425
547 556 578
552 557 372
557 558 795
549 559 806
554 560 712
558 561 22
552 562 98
558 563 646
562 564 915
561 565 578
564 566 251
566 567 30
560 568 623
566 569 37
569 570 708
567 571 922
563 572 408
563 573 995
567 574 58
567 575 552
566 576 77
575 577 953
574 578 553
571 579 174
570 580 746
578 581 220
580 582 271
575 583 655
577 584 980
577 585 402
583 586 17
577 587 800
586 588 120
581 589 223
589 590 810
582 591 672
591 592 403
584 593 265
592 594 826
588 595 915
595 596 378
591 597 459
596 598 348
593 599 981
596 600 979
592 601 988
598 602 150
602 603 684
601 604 377
598 605 585
600 606 580
604 607 885
607 608 683
604 609 254
605 610 148
607 611 885
605 612 540
610 613 104
610 614 402
611 615 112
608 616 619
607 617 28
611 618 308
617 619 853
611 620 35
615 621 640
620 622 399
613 623 655
621 624 699
617 625 744
617 626 799
619 627 220
626 628 383
624 629 137
628 630 306
628 631 985
626 632 748
626 633 89
624 634 956
633 635 859
632 636 15
628 637 788
630 638 355
636 639 14
630 640 581
636 641 63
640 642 452
633 643 257
637 644 147
637 645 296
645 646 891
640 647 423
644 648 182
642 649 763
643 650 397
648 651 366
650 652 108
645 653 854
653 654 569
646 655 819
646 656 104
653 657 84
655 658 937
655 659 875
653 660 448
654 661 252
658 662 829
660 663 122
660 664 746
660 665 75
664 666 112
662 667 887
658 668 474
663 669 516
665 670 807
669 671 357
662 672 340
670 673 126
664 674 696
671 675 842
668 676 199
676 677 486
672 678 64
677 679 635
679 680 263
680 681 303
675 682 531
673 683 412
681 684 993
677 685 168
676 686 223
679 687 212
684 688 986
687 689 885
682 690 425
684 691 406
687 692 207
685 693 4
688 694 277
685 695 8
687 696 677
696 697 977
688 698 160
696 699 71
691 700 297
694 701 401
699 702 120
693 703 712
694 704 129
698 705 890
704 706 722
701 707 24
702 708 816
705 709 768
709 710 354
706 711 827
709 712 565
707 713 104
706 714 414
708 715 320
706 716 67
714 717 776
714 718 883
716 719 306
713 720 793
715 721 452
721 722 621
715 723 599
723 724 74
719 725 233
722 726 369
724 727 812
726 728 893
720 729 837
729 730 742
728 731 525
723 732 262
723 733 996
731 734 470
732 735 489
730 736 346
735 737 867
728 738 49
729 739 907
730 740 470
732 741 375
735 742 978
742 743 369
736 744 87
743 745 582
741 746 734
746 747 856
741 748 994
741 749 932
748 750 483
745 751 53
751 752 677
750 753 455
744 754 374
748 755 468
751 756 667
748 757 651
751 758 619
755 759 356
755 760 258
760 761 533
755 762 24
762 763 504
756 764 328
759 765 619
765 766 353
762 767 710
766 768 96
761 769 385
762 770 28
763 771 995
762 772 241
763 773 444
766 774 966
771 775 148
773 776 335
776 777 913
772 778 731
771 779 637
776 780 471
776 781 438
778 782 185
781 783 29
782 784 669
781 785 375
778 786 548
786 787 503
778 788 696
779 789 58
782 790 730
785 791 449
785 792 988
786 793 547
792 794 455
793 795 440
788 796 31
792 797 47
788 798 433
795 799 121
792 800 716
798 801 459
800 802 549
796 803 200
797 804 449
803 805 645
804 806 383
805 807 964
802 808 835
806 809 993
806 810 469
803 811 960
804 812 112
809 813 357
813 814 875
813 815 58
807 816 523
816 817 813
809 818 767
811 819 151
810 820 107
812 821 238
817 822 886
817 823 467
819 824 140
820 825 421
820 826 412
824 827 325
827 828 530
824 829 512
820 830 303
824 831 184
825 832 500
825 833 643
830 834 11
825 835 938
835 836 478
835 837 908
829 838 910
833 839 896
830 840 949
839 841 78
836 842 284
838 843 359
836 844 86
840 845 528
836 846 491
839 847 68
838 848 326
848 849 895
843 850 303
849 851 123
846 852 170
848 853 671
852 854 607
849 855 275
849 856 136
848 857 733
848 858 5
855 859 223
851 860 899
859 861 414
853 862 97
857 863 525
854 864 266
858 865 88
862 866 477
866 867 793
861 868 136
865 869 287
861 870 465
869 871 586
869 872 276
863 873 760
866 874 648
865 875 187
872 876 177
874 877 361
875 878 727
875 879 667
874 880 262
871 881 542
872 882 445
880 883 21
876 884 383
877 885 436
879 886 420
880 887 535
886 888 777
882 889 529
888 890 780
885 891 206
886 892 145
887 893 457
886 894 256
891 895 110
895 896 12
888 897 914
889 898 45
893 899 837
895 900 823
896 901 423
898 902 913
900 903 825
901 904 367
904 905 303
897 906 121
902 907 765
906 908 866
906 909 647
909 910 345
903 911 967
911 912 891
908 913 362
906 914 111
908 915 339
913 916 896
911 917 935
912 918 279
913 919 224
917 920 319
912 921 515
913 922 919
915 923 217
918 924 492
915 925 417
921 926 100
920 927 661
922 928 683
921 929 752
920 930 2
930 931 439
928 932 523
923 933 117
928 934 95
926 935 780
930 936 928
934 937 523
934 938 311
936 939 627
938 940 663
938 941 1
934 942 256
933 943 8
939 944 389
941 945 284
945 946 254
937 947 287
945 948 15
942 949 15
945 950 967
942 951 126
950 952 530
944 953 769
953 954 288
945 955 410
953 956 627
949 957 695
957 958 637
958 959 360
955 960 736
960 961 28
961 962 676
955 963 77
962 964 676
964 965 839
965 966 601
957 967 741
966 968 237
967 969 356
967 970 842
965 971 814
966 972 489
965 973 905
973 974 171
965 975 350
974 976 700
971 977 506
971 978 602
977 979 64
975 980 610
978 981 508
972 982 732
978 983 753
976 984 858
980 985 669
978 986 197
984 987 760
983 988 392
988 989 569
984 990 99
989 991 496
983 992 65
991 993 973
984 994 306
990 995 952
992 996 42
989 997 783
991 998 200
991 999 459
998 1000 424
