100 99
1000 1000 1000 1000 1000 1000 1000 1000 1000 1000 1000 1000 1000 1000 1000 1000 1000 1000 1000 1000 1000 1000 1000 1000 1000 1000 1000 1000 1000 1000 1000 1000 1000 1000 1000 1000 1000 1000 1000 1000 1000 1000 1000 1000 1000 1000 1000 1000 1000 1000 1000 1000 1000 1000 1000 1000 1000 1000 1000 1000 1000 1000 1000 1000 1000 994 1000 1000 987 1000 1000 1000 1000 1000 1000 1000 1000 1000 975 1000 1000 1000 954 1000 1000 1000 1000 1000 954 944 1000 1000 1000 1000 1000 1000 1000 1000 1000 903
1 2 681
2 3 499
2 4 745
3 5 445
2 6 257
2 7 235
6 8 258
7 9 209
8 10 793
4 11 812
6 12 176
10 13 344
10 14 42
12 15 941
7 16 714
7 17 982
8 18 21
9 19 89
13 20 611
15 21 793
15 22 914
15 23 343
18 24 139
21 25 29
24 26 683
24 27 242
23 28 323
22 29 761
28 30 81
30 31 473
22 32 669
30 33 30
27 34 989
33 35 495
27 36 769
36 37 998
28 38 847
34 39 35
37 40 248
33 41 913
41 42 497
39 43 520
40 44 740
40 45 361
37 46 892
38 47 405
40 48 468
41 49 943
47 50 913
48 51 765
47 52 875
45 53 443
48 54 880
47 55 647
50 56 250
51 57 590
57 58 860
54 59 430
57 60 648
54 61 546
56 62 396
56 63 785
58 64 104
55 65 311
64 66 745
64 67 739
66 68 178
66 69 375
65 70 190
61 71 796
67 72 223
64 73 387
72 74 922
71 75 140
71 76 697
68 77 347
76 78 159
69 79 158
78 80 712
73 81 913
80 82 318
79 83 322
75 84 445
78 85 989
81 86 568
79 87 968
86 88 641
83 89 856
89 90 893
90 91 43
89 92 446
83 93 860
89 94 543
90 95 979
92 96 788
89 97 202
94 98 791
89 99 809
90 100 452
