500 499
1000 1000 1000 1000 1000 1000 1000 1000 1000 1000 1000 1000 1000 1000 1000 1000 1000 1000 1000 1000 1000 1000 1000 1000 1000 1000 1000 1000 1000 1000 1000 1000 1000 1000 1000 1000 1000 1000 1000 1000 1000 1000 1000 1000 1000 1000 1000 1000 1000 1000 1000 1000 1000 1000 1000 1000 1000 1000 1000 1000 1000 1000 1000 1000 1000 1000 1000 1000 1000 1000 1000 1000 1000 1000 1000 1000 1000 1000 1000 1000 1000 1000 1000 1000 1000 1000 1000 1000 1000 1000 1000 1000 1000 1000 1000 1000 1000 1000 1000 1000 1000 1000 1000 1000 1000 1000 1000 1000 1000 1000 1000 1000 1000 1000 1000 1000 1000 1000 1000 1000 1000 1000 1000 1000 1000 1000 1000 1000 1000 1000 1000 1000 1000 1000 1000 1000 1000 1000 1000 1000 1000 1000 1000 1000 1000 1000 1000 1000 1000 1000 1000 1000 1000 1000 1000 1000 1000 1000 1000 1000 1000 1000 1000 1000 1000 1000 1000 1000 1000 1000 1000 1000 1000 1000 1000 1000 1000 1000 1000 1000 1000 1000 1000 1000 1000 1000 1000 1000 1000 1000 1000 1000 1000 1000 1000 1000 1000 1000 1000 1000 1000 1000 1000 1000 1000 1000 1000 1000 1000 1000 1000 1000 1000 1000 1000 1000 1000 1000 1000 1000 1000 1000 1000 1000 1000 1000 1000 1000 1000 1000 1000 1000 1000 1000 1000 1000 1000 1000 1000 1000 1000 1000 1000 1000 1000 1000 1000 1000 1000 1000 1000 1000 1000 1000 1000 1000 1000 1000 1000 1000 1000 1000 1000 1000 1000 1000 1000 1000 1000 1000 1000 1000 1000 1000 1000 1000 1000 1000 1000 1000 1000 1000 1000 1000 1000 1000 1000 1000 1000 1000 1000 1000 1000 1000 1000 1000 1000 1000 1000 1000 1000 1000 1000 1000 1000 1000 1000 1000 1000 1000 1000 1000 1000 1000 1000 1000 1000 1000 1000 1000 1000 1000 1000 1000 1000 1000 1000 1000 1000 1000 1000 1000 1000 1000 1000 1000 1000 1000 1000 1000 1000 1000 1000 1000 1000 1000 1000 1000 1000 1000 1000 1000 1000 1000 1000 1000 1000 1000 1000 1000 1000 1000 1000 1000 1000 1000 1000 1000 1000 1000 1000 1000 1000 1000 1000 1000 1000 1000 1000 1000 1000 1000 1000 1000 1000 1000 1000 1000 1000 1000 1000 1000 1000 1000 1000 1000 1000 1000 1000 1000 1000 1000 1000 1000 1000 1000 1000 1000 1000 1000 1000 1000 1000 1000 1000 1000 1000 1000 1000 1000 1000 1000 1000 1000 1000 1000 1000 1000 1000 1000 1000 1000 1000 1000 1000 1000 1000 1000 1000 1000 1000 1000 1000 1000 1000 1000 1000 1000 1000 1000 1000 1000 1000 1000 1000 1000 1000 1000 1000 997 1000 1000 1000 1000 1000 993 1000 1000 1000 1000 1000 1000 1000 1000 1000 972 1000 1000 1000 1000 1000 1000 1000 1000 1000 962 943 1000 1000 1000 821 1000 1000 1000 1000 1000 1000 1000 1000 399
1 2 780
2 3 456
1 4 222
2 5 685
2 6 543
1 7 33
7 8 75
7 9 612
3 10 240
10 11 284
8 12 489
5 13 112
5 14 822
10 15 945
15 16 634
13 17 4
15 18 924
16 19 505
19 20 767
13 21 223
17 22 1
19 23 46
20 24 359
22 25 27
23 26 712
21 27 679
27 28 198
27 29 824
29 30 80
28 31 223
30 32 939
27 33 265
28 34 44
25 35 879
27 36 287
31 37 405
30 38 644
34 39 462
32 40 756
31 41 542
37 42 312
35 43 695
41 44 987
36 45 717
40 46 323
46 47 450
45 48 636
44 49 595
46 50 485
50 51 64
42 52 560
46 53 712
53 54 358
53 55 979
51 56 329
54 57 254
56 58 545
57 59 635
53 60 688
52 61 878
57 62 246
55 63 393
58 64 221
58 65 368
56 66 677
57 67 766
63 68 250
63 69 47
68 70 537
61 71 908
67 72 639
72 73 570
67 74 258
72 75 955
69 76 205
72 77 651
71 78 168
74 79 988
76 80 814
79 81 666
80 82 990
75 83 640
74 84 443
76 85 698
84 86 844
77 87 289
84 88 676
84 89 954
80 90 435
84 91 207
83 92 11
89 93 204
90 94 20
89 95 155
94 96 88
90 97 985
88 98 951
97 99 830
92 100 949
98 101 145
101 102 31
98 103 474
103 104 402
96 105 567
101 106 316
97 107 367
104 108 649
105 109 274
107 110 807
105 111 823
108 112 410
107 113 443
106 114 625
109 115 665
115 116 687
112 117 877
109 118 643
110 119 536
111 120 760
112 121 407
115 122 46
120 123 68
121 124 111
120 125 171
120 126 947
126 127 758
125 128 284
120 129 450
125 130 667
127 131 168
129 132 545
126 133 205
132 134 647
127 135 170
134 136 70
127 137 892
131 138 136
134 139 189
134 140 653
139 141 457
141 142 535
140 143 754
137 144 303
144 145 141
138 146 149
137 147 411
146 148 91
148 149 865
146 150 211
150 151 832
144 152 629
148 153 109
149 154 298
145 155 314
151 156 844
153 157 836
153 158 187
154 159 339
152 160 313
156 161 541
157 162 479
154 163 610
154 164 14
158 165 585
165 166 135
159 167 554
162 168 620
161 169 83
169 170 84
165 171 60
167 172 451
171 173 266
165 174 951
167 175 319
171 176 684
168 177 400
171 178 1
177 179 350
175 180 673
179 181 326
172 182 707
175 183 913
174 184 995
182 185 404
184 186 335
183 187 361
187 188 170
188 189 877
181 190 20
182 191 648
191 192 71
183 193 320
191 194 812
188 195 214
192 196 148
190 197 87
193 198 680
193 199 516
197 200 394
194 201 770
193 202 177
196 203 827
197 204 257
195 205 44
205 206 241
206 207 421
199 208 51
201 209 476
207 210 343
210 211 458
207 212 896
212 213 500
209 214 565
205 215 723
208 216 298
212 217 125
216 218 428
216 219 746
215 220 633
219 221 215
218 222 166
216 223 958
215 224 438
224 225 444
221 226 314
220 227 122
223 228 260
223 229 605
223 230 546
229 231 167
231 232 633
230 233 843
227 234 760
229 235 844
228 236 761
228 237 335
231 238 771
235 239 444
237 240 354
234 241 601
239 242 462
240 243 335
243 244 312
235 245 995
241 246 400
246 247 854
246 248 801
248 249 262
249 250 211
242 251 611
247 252 785
251 253 762
250 254 137
251 255 966
251 256 127
255 257 802
248 258 993
258 259 752
257 260 132
255 261 709
259 262 974
254 263 498
254 264 386
263 265 13
263 266 839
260 267 622
262 268 857
268 269 18
260 270 335
265 271 492
262 272 475
267 273 799
271 274 797
266 275 29
275 276 952
267 277 451
270 278 676
274 279 962
274 280 26
274 281 656
273 282 355
273 283 781
279 284 706
283 285 207
277 286 5
277 287 86
285 288 280
285 289 120
280 290 169
285 291 342
289 292 725
286 293 21
289 294 242
293 295 831
292 296 851
291 297 783
293 298 240
291 299 624
297 300 547
297 301 519
301 302 811
301 303 692
294 304 821
299 305 294
302 306 990
298 307 572
300 308 250
300 309 820
306 310 417
304 311 95
306 312 748
312 313 51
304 314 68
311 315 928
315 316 748
311 317 436
315 318 114
310 319 671
318 320 546
312 321 583
313 322 171
315 323 758
323 324 287
323 325 375
321 326 919
318 327 220
325 328 181
320 329 59
327 330 889
328 331 516
327 332 701
325 333 549
332 334 281
331 335 950
335 336 39
330 337 614
333 338 824
331 339 68
330 340 21
339 341 926
334 342 166
340 343 797
335 344 759
339 345 663
344 346 238
342 347 548
343 348 447
343 349 594
341 350 472
342 351 242
343 352 109
345 353 280
350 354 637
349 355 30
346 356 723
350 357 401
348 358 478
351 359 723
353 360 913
352 361 240
359 362 419
355 363 169
354 364 113
360 365 804
363 366 63
358 367 297
359 368 467
364 369 654
360 370 162
365 371 861
362 372 81
366 373 553
364 374 925
365 375 453
372 376 867
374 377 596
369 378 609
374 379 146
371 380 931
379 381 89
373 382 919
375 383 597
374 384 809
382 385 985
383 386 888
379 387 24
378 388 927
382 389 781
385 390 125
384 391 58
391 392 485
390 393 493
385 394 671
386 395 175
394 396 205
392 397 91
396 398 679
391 399 901
397 400 39
400 401 688
400 402 758
395 403 703
398 404 469
396 405 893
399 406 845
401 407 93
407 408 808
401 409 930
407 410 381
407 411 960
409 412 240
411 413 562
404 414 831
409 415 161
410 416 190
408 417 324
409 418 404
418 419 674
411 420 708
415 421 441
414 422 797
416 423 587
419 424 259
420 425 716
417 426 851
417 427 293
427 428 395
419 429 476
428 430 87
428 431 538
429 432 293
428 433 259
429 434 91
433 435 538
433 436 603
436 437 866
429 438 654
438 439 526
432 440 990
436 441 978
436 442 650
441 443 327
441 444 886
437 445 411
438 446 800
437 447 967
440 448 564
446 449 567
448 450 89
444 451 853
444 452 442
451 453 903
450 454 647
450 455 149
448 456 745
453 457 324
451 458 201
458 459 149
455 460 33
459 461 774
456 462 465
461 463 520
458 464 532
457 465 143
460 466 848
462 467 758
460 468 362
464 469 504
464 470 720
462 471 448
467 472 892
465 473 618
466 474 776
470 475 623
466 476 333
472 477 997
471 478 938
469 479 917
472 480 219
474 481 755
475 482 343
482 483 66
483 484 234
478 485 373
476 486 657
486 487 823
478 488 32
487 489 396
489 490 191
487 491 862
486 492 505
484 493 881
488 494 836
494 495 222
492 496 283
489 497 140
495 498 103
494 499 387
491 500 610
