100 99
1000 1000 1000 1000 1000 1000 1000 1000 1000 1000 1000 1000 1000 1000 1000 1000 1000 1000 1000 1000 1000 1000 1000 1000 1000 1000 1000 1000 1000 1000 1000 1000 1000 1000 1000 1000 1000 1000 1000 999 999 1000 1000 1000 1000 1000 1000 1000 1000 996 1000 1000 1000 1000 1000 1000 1000 996 1000 1000 1000 1000 1000 1000 1000 995 1000 995 1000 1000 1000 1000 1000 1000 1000 995 1000 1000 1000 1000 1000 1000 1000 983 1000 1000 1000 1000 1000 927 1000 1000 1000 1000 1000 1000 1000 842 1000 166
1 2 537
2 3 870
3 4 808
3 5 625
3 6 610
4 7 155
4 8 62
1 9 621
8 10 162
3 11 686
2 12 636
5 13 944
4 14 346
7 15 504
14 16 324
10 17 825
8 18 132
16 19 858
17 20 693
18 21 83
15 22 873
16 23 580
16 24 378
16 25 527
23 26 530
19 27 817
18 28 362
28 29 253
25 30 871
29 31 489
25 32 712
28 33 590
28 34 570
34 35 244
30 36 260
35 37 948
31 38 995
37 39 404
32 40 807
40 41 831
34 42 556
40 43 10
37 44 546
44 45 680
41 46 966
38 47 159
42 48 583
39 49 457
41 50 577
43 51 636
49 52 69
45 53 82
51 54 551
53 55 434
52 56 287
51 57 869
50 58 641
51 59 218
59 60 317
54 61 658
52 62 383
54 63 380
57 64 328
60 65 891
58 66 531
66 67 187
66 68 657
61 69 551
66 70 438
65 71 822
71 72 89
66 73 185
65 74 272
68 75 87
68 76 250
76 77 218
69 78 891
70 79 512
71 80 139
73 81 562
75 82 671
81 83 8
76 84 999
75 85 626
83 86 254
81 87 785
86 88 638
83 89 332
84 90 729
89 91 747
84 92 17
86 93 648
88 94 64
93 95 505
88 96 553
94 97 536
90 98 581
96 99 347
98 100 599
