1000 999
1000 1000 1000 1000 1000 1000 1000 1000 1000 1000 1000 1000 1000 1000 1000 1000 1000 1000 1000 1000 1000 1000 1000 1000 1000 1000 1000 1000 1000 1000 1000 1000 1000 1000 1000 1000 1000 1000 1000 1000 1000 1000 1000 1000 1000 1000 1000 1000 1000 1000 1000 1000 1000 1000 1000 1000 1000 1000 1000 1000 1000 1000 1000 1000 1000 1000 1000 1000 1000 1000 1000 1000 1000 1000 1000 1000 1000 1000 1000 1000 1000 1000 1000 1000 1000 1000 1000 1000 1000 1000 1000 1000 1000 1000 1000 1000 1000 1000 1000 1000 1000 1000 1000 1000 1000 1000 1000 1000 1000 1000 1000 1000 1000 1000 1000 1000 1000 1000 1000 1000 1000 1000 1000 1000 1000 1000 1000 1000 1000 1000 1000 1000 1000 1000 1000 1000 1000 1000 1000 1000 1000 1000 1000 1000 1000 1000 1000 1000 1000 1000 1000 1000 1000 1000 1000 1000 1000 1000 1000 1000 1000 1000 1000 1000 1000 1000 1000 1000 1000 1000 1000 1000 1000 1000 1000 1000 1000 1000 1000 1000 1000 1000 1000 1000 1000 1000 1000 1000 1000 1000 1000 1000 1000 1000 1000 1000 1000 1000 1000 1000 1000 1000 1000 1000 1000 1000 1000 1000 1000 1000 1000 1000 1000 1000 1000 1000 1000 1000 1000 1000 1000 1000 1000 1000 1000 1000 1000 1000 1000 1000 1000 1000 1000 1000 1000 1000 1000 1000 1000 1000 1000 1000 1000 1000 1000 1000 1000 1000 1000 1000 1000 1000 1000 1000 1000 1000 1000 1000 1000 1000 1000 1000 1000 1000 1000 1000 1000 1000 1000 1000 1000 1000 1000 1000 1000 1000 1000 1000 1000 1000 1000 1000 1000 1000 1000 1000 1000 1000 1000 1000 1000 1000 1000 1000 1000 1000 1000 1000 1000 1000 1000 1000 1000 1000 1000 1000 1000 1000 1000 1000 1000 1000 1000 1000 1000 1000 1000 1000 1000 1000 1000 1000 1000 1000 1000 1000 1000 1000 1000 1000 1000 1000 1000 1000 1000 1000 1000 1000 1000 1000 1000 1000 1000 1000 1000 1000 1000 1000 1000 1000 1000 1000 1000 1000 1000 1000 1000 1000 1000 1000 1000 1000 1000 1000 1000 1000 1000 1000 1000 1000 1000 1000 1000 1000 1000 1000 1000 1000 1000 1000 1000 1000 1000 1000 1000 1000 1000 1000 1000 1000 1000 1000 1000 1000 1000 1000 1000 1000 1000 1000 1000 1000 1000 1000 1000 1000 1000 1000 1000 1000 1000 1000 1000 1000 1000 1000 1000 1000 1000 1000 1000 1000 1000 1000 1000 1000 1000 1000 1000 1000 1000 1000 1000 1000 1000 1000 1000 1000 1000 1000 1000 1000 1000 1000 1000 1000 1000 1000 1000 1000 1000 1000 1000 1000 1000 1000 1000 1000 1000 1000 1000 1000 1000 1000 1000 1000 1000 1000 1000 1000 1000 1000 1000 1000 1000 1000 1000 1000 1000 1000 1000 1000 1000 1000 1000 1000 1000 1000 1000 1000 1000 1000 1000 1000 1000 1000 1000 1000 1000 1000 1000 1000 1000 1000 1000 1000 1000 1000 1000 1000 1000 1000 1000 1000 1000 1000 1000 1000 1000 1000 1000 1000 1000 1000 1000 1000 1000 1000 1000 1000 1000 1000 1000 1000 1000 1000 1000 1000 1000 1000 1000 1000 1000 1000 1000 1000 1000 1000 1000 1000 1000 1000 1000 1000 1000 1000 1000 1000 1000 1000 1000 1000 1000 1000 1000 1000 1000 1000 1000 1000 1000 1000 1000 1000 1000 1000 1000 1000 1000 1000 1000 1000 1000 1000 1000 1000 1000 1000 1000 1000 1000 1000 1000 1000 1000 1000 1000 1000 1000 1000 1000 1000 1000 1000 1000 1000 1000 1000 1000 1000 1000 1000 1000 1000 1000 1000 1000 1000 1000 1000 1000 1000 1000 1000 1000 1000 1000 1000 1000 1000 1000 1000 1000 1000 1000 1000 1000 1000 1000 1000 1000 1000 1000 1000 1000 1000 1000 1000 1000 1000 1000 1000 1000 1000 1000 1000 1000 1000 1000 1000 1000 1000 1000 1000 1000 1000 1000 1000 1000 1000 1000 1000 1000 1000 1000 1000 1000 1000 1000 1000 1000 1000 1000 1000 1000 1000 1000 1000 1000 1000 1000 1000 1000 1000 1000 1000 1000 1000 1000 1000 1000 1000 1000 1000 1000 1000 1000 1000 1000 1000 1000 1000 1000 1000 1000 1000 1000 1000 1000 1000 1000 1000 1000 1000 1000 1000 1000 1000 1000 1000 1000 1000 1000 1000 1000 1000 1000 1000 1000 1000 1000 1000 1000 1000 1000 1000 1000 1000 1000 1000 1000 1000 1000 1000 1000 1000 1000 1000 1000 1000 1000 1000 1000 1000 1000 1000 1000 1000 1000 1000 1000 1000 1000 1000 1000 1000 1000 1000 1000 1000 1000 1000 1000 1000 1000 1000 1000 1000 1000 1000 1000 1000 1000 1000 1000 1000 1000 1000 1000 1000 1000 1000 1000 1000 1000 1000 1000 1000 1000 1000 1000 1000 1000 1000 1000 1000 1000 1000 1000 1000 1000 1000 1000 1000 1000 1000 1000 1000 1000 1000 1000 1000 1000 1000 1000 1000 1000 1000 1000 1000 1000 1000 1000 1000 1000 1000 1000 1000 1000 1000 1000 1000 1000 1000 1000 1000 1000 1000 1000 1000 1000 1000 1000 1000 1000 1000 1000 1000 1000 1000 1000 1000 1000 1000 1000 1000 1000 1000 1000 1000 1000 1000 1000 1000 1000 1000 1000 1000 1000 1000 1000 1000 1000 1000 1000 1000 1000 1000 1000 1000 1000 1000 1000 1000 1000 1000 1000 1000 1000 1000 1000 1000 1000 1000 1000 1000 1000 1000 1000 1000 1000 1000 1000 1000 1000 1000 1000 1000 1000 1000 1000 1000 1000 1000 1000 1000 1000 1000 1000 1000 1000 1000 1000 1000 1000 1000 1000 992 1000 1000 1000 1000 992 1000 1000 1000 1000 991 1000 1000 1000 1000 1000 975 1000 1000 1000 1000 1000 1000 1000 1000 975 959 1000 1000 1000 1000 1000 1000 954 1000 885 1000 1000 1000 1000 1000 1000 1000 873 1000 1000 1000 1000 1000 1000 1000 1000 778
1 2 850
1 3 422
2 4 432
1 5 452
3 6 932
1 7 112
3 8 719
1 9 70
8 10 409
6 11 985
10 12 613
5 13 636
6 14 818
6 15 218
9 16 43
14 17 543
15 18 208
11 19 508
13 20 99
15 21 351
15 22 412
13 23 216
14 24 14
19 25 406
18 26 847
23 27 880
23 28 572
25 29 325
21 30 762
22 31 388
29 32 302
27 33 244
25 34 335
25 35 878
35 36 830
35 37 134
29 38 661
30 39 837
30 40 45
34 41 498
36 42 566
38 43 956
40 44 715
40 45 82
44 46 627
41 47 587
46 48 498
43 49 78
44 50 613
43 51 996
43 52 402
43 53 705
48 54 766
45 55 982
52 56 28
49 57 394
54 58 909
55 59 92
51 60 106
56 61 107
55 62 940
57 63 54
57 64 741
61 65 764
57 66 12
62 67 254
63 68 717
63 69 64
61 70 327
66 71 524
63 72 436
64 73 958
72 74 940
65 75 233
69 76 794
69 77 864
69 78 781
78 79 462
70 80 25
75 81 959
75 82 988
73 83 452
76 84 529
80 85 659
83 86 840
78 87 477
86 88 580
87 89 511
81 90 292
85 91 697
84 92 418
83 93 978
85 94 39
88 95 977
91 96 69
91 97 70
88 98 963
90 99 671
91 100 989
99 101 627
101 102 258
97 103 139
98 104 780
102 105 683
99 106 235
103 107 750
100 108 930
99 109 720
100 110 225
107 111 657
105 112 961
112 113 376
108 114 259
109 115 726
112 116 194
108 117 159
114 118 332
115 119 821
119 120 509
118 121 213
114 122 899
116 123 759
117 124 859
115 125 18
124 126 915
126 127 542
119 128 582
125 129 536
122 130 35
125 131 353
125 132 710
127 133 455
132 134 934
128 135 907
134 136 869
130 137 266
136 138 387
131 139 884
135 140 988
132 141 824
141 142 117
137 143 134
135 144 923
144 145 483
141 146 540
143 147 713
145 148 67
139 149 276
146 150 320
146 151 878
145 152 534
148 153 859
145 154 372
154 155 214
150 156 437
147 157 235
154 158 344
157 159 611
155 160 664
155 161 443
159 162 36
161 163 684
163 164 320
157 165 381
164 166 235
165 167 789
162 168 159
159 169 513
169 170 245
163 171 684
167 172 262
168 173 522
167 174 914
173 175 628
168 176 381
173 177 279
170 178 725
169 179 556
177 180 790
177 181 434
176 182 134
176 183 712
180 184 337
177 185 11
177 186 838
186 187 566
182 188 119
179 189 45
185 190 45
185 191 89
182 192 19
185 193 15
191 194 470
186 195 849
195 196 83
191 197 747
197 198 665
193 199 671
194 200 930
192 201 10
197 202 743
194 203 460
202 204 601
204 205 548
201 206 105
203 207 386
207 208 456
199 209 579
205 210 559
209 211 481
210 212 489
210 213 104
204 214 12
214 215 642
206 216 220
216 217 836
216 218 712
218 219 807
216 220 443
214 221 8
213 222 228
216 223 32
223 224 14
217 225 124
218 226 345
220 227 398
219 228 255
219 229 218
225 230 640
224 231 514
231 232 295
231 233 603
224 234 178
226 235 942
228 236 437
232 237 48
231 238 528
229 239 42
230 240 853
234 241 97
236 242 427
239 243 55
240 244 998
240 245 880
242 246 916
238 247 262
247 248 977
241 249 78
247 250 324
241 251 545
244 252 776
247 253 404
251 254 260
248 255 896
252 256 851
250 257 26
250 258 117
253 259 620
259 260 972
254 261 618
258 262 944
256 263 655
260 264 28
259 265 677
265 266 470
260 267 152
264 268 355
265 269 204
262 270 400
267 271 978
262 272 370
264 273 584
266 274 279
265 275 14
275 276 811
275 277 857
272 278 148
272 279 563
276 280 271
275 281 113
272 282 961
281 283 596
279 284 782
284 285 345
281 286 941
283 287 713
279 288 545
281 289 449
289 290 586
281 291 11
285 292 722
287 293 732
286 294 241
293 295 36
289 296 290
287 297 313
290 298 923
292 299 300
290 300 689
295 301 50
299 302 226
296 303 52
303 304 920
304 305 367
304 306 381
299 307 709
299 308 642
307 309 859
303 310 966
306 311 945
307 312 613
310 313 829
304 314 926
309 315 776
313 316 92
310 317 399
308 318 887
316 319 347
314 320 992
318 321 674
317 322 136
314 323 563
319 324 809
318 325 782
323 326 91
325 327 626
325 328 521
327 329 365
324 330 849
321 331 120
331 332 488
326 333 896
324 334 140
333 335 198
333 336 392
332 337 936
334 338 259
337 339 118
336 340 617
332 341 774
336 342 929
341 343 952
341 344 517
344 345 410
340 346 765
343 347 637
343 348 228
343 349 270
348 350 977
341 351 198
342 352 264
349 353 899
350 354 55
346 355 333
351 356 321
351 357 953
357 358 382
350 359 338
351 360 1
354 361 147
359 362 457
353 363 70
363 364 472
360 365 248
362 366 103
358 367 634
358 368 304
361 369 290
364 370 251
365 371 624
366 372 634
370 373 569
371 374 684
374 375 280
368 376 797
368 377 680
376 378 973
372 379 467
375 380 957
380 381 110
379 382 773
381 383 330
374 384 425
380 385 197
384 386 639
377 387 95
382 388 906
380 389 918
386 390 330
381 391 658
389 392 162
391 393 569
393 394 305
385 395 884
388 396 434
392 397 952
390 398 267
394 399 927
396 400 194
397 401 940
400 402 787
401 403 738
397 404 835
397 405 822
396 406 737
397 407 808
406 408 599
402 409 807
409 410 421
406 411 34
410 412 7
405 413 855
407 414 218
408 415 495
408 416 163
413 417 312
415 418 264
413 419 730
417 420 444
415 421 179
415 422 743
418 423 587
422 424 276
420 425 848
417 426 538
421 427 572
419 428 372
420 429 482
424 430 713
430 431 84
423 432 180
428 433 864
424 434 620
425 435 86
433 436 94
436 437 428
437 438 910
431 439 426
439 440 818
435 441 366
439 442 271
438 443 490
441 444 817
437 445 553
436 446 168
440 447 669
440 448 29
440 449 820
445 450 610
442 451 494
446 452 127
446 453 649
446 454 877
450 455 886
449 456 647
452 457 961
449 458 140
454 459 844
458 460 375
455 461 868
453 462 183
458 463 275
457 464 431
456 465 493
458 466 775
459 467 83
462 468 553
467 469 219
469 470 725
469 471 933
466 472 733
467 473 495
471 474 514
466 475 131
466 476 197
469 477 372
475 478 567
473 479 228
478 480 617
479 481 689
472 482 908
474 483 180
481 484 619
477 485 224
484 486 348
485 487 809
482 488 123
479 489 18
480 490 935
484 491 333
486 492 843
487 493 656
486 494 822
492 495 170
490 496 260
493 497 850
492 498 530
495 499 1000
492 500 541
493 501 2
493 502 684
497 503 793
495 504 610
498 505 457
497 506 685
501 507 229
504 508 714
501 509 240
508 510 254
505 511 941
509 512 334
506 513 983
512 514 768
511 515 218
514 516 40
512 517 249
517 518 148
511 519 933
516 520 265
512 521 421
514 522 252
520 523 144
515 524 281
516 525 660
521 526 119
526 527 147
518 528 681
519 529 977
524 530 679
529 531 327
523 532 611
526 533 267
527 534 429
525 535 926
531 536 47
534 537 92
528 538 770
531 539 96
535 540 288
538 541 925
540 542 911
538 543 398
538 544 484
544 545 591
541 546 29
539 547 809
545 548 110
540 549 210
543 550 286
542 551 323
544 552 735
543 553 992
553 554 497
550 555 315
554 556 711
553 557 466
557 558 840
553 559 525
552 560 855
554 561 32
560 562 412
555 563 79
559 564 713
558 565 637
563 566 694
557 567 940
562 568 958
560 569 248
567 570 152
565 571 155
570 572 102
571 573 619
565 574 801
569 575 344
567 576 211
570 577 39
577 578 395
570 579 217
572 580 381
578 581 60
572 582 80
576 583 249
578 584 78
579 585 436
582 586 119
583 587 224
581 588 958
582 589 488
587 590 354
590 591 967
590 592 911
592 593 345
588 594 787
589 595 696
594 596 393
591 597 736
595 598 337
596 599 74
590 600 54
598 601 213
592 602 710
597 603 872
601 604 830
600 605 2
605 606 428
606 607 483
604 608 515
600 609 728
608 610 338
604 611 842
611 612 317
610 613 247
610 614 595
609 615 600
607 616 246
613 617 842
617 618 678
615 619 397
619 620 382
616 621 824
613 622 822
613 623 731
615 624 399
615 625 715
618 626 386
623 627 513
626 628 233
621 629 259
628 630 445
629 631 986
623 632 502
631 633 139
630 634 878
628 635 318
633 636 95
630 637 914
630 638 16
630 639 719
631 640 964
638 641 434
636 642 138
639 643 197
634 644 854
642 645 844
637 646 575
642 647 17
646 648 415
641 649 56
645 650 342
641 651 964
644 652 295
651 653 144
644 654 962
650 655 863
649 656 240
649 657 741
650 658 98
653 659 60
655 660 539
658 661 584
659 662 537
656 663 491
656 664 480
657 665 34
663 666 303
662 667 725
663 668 616
666 669 523
665 670 796
661 671 452
669 672 725
670 673 485
671 674 267
667 675 272
669 676 536
674 677 561
669 678 148
677 679 298
677 680 81
674 681 120
678 682 119
677 683 155
680 684 490
677 685 690
681 686 951
685 687 941
678 688 19
684 689 545
688 690 828
685 691 440
685 692 533
690 693 382
688 694 263
692 695 381
691 696 107
692 697 42
692 698 448
698 699 581
697 700 19
698 701 709
692 702 82
697 703 42
695 704 712
704 705 257
705 706 477
702 707 572
706 708 667
704 709 455
706 710 58
703 711 940
707 712 956
709 713 960
711 714 874
714 715 236
708 716 941
707 717 780
712 718 229
717 719 75
710 720 350
716 721 686
716 722 774
721 723 44
716 724 561
715 725 837
723 726 797
722 727 360
723 728 142
719 729 899
723 730 419
728 731 70
722 732 871
723 733 624
730 734 521
734 735 673
729 736 540
736 737 862
732 738 760
730 739 89
737 740 823
740 741 70
735 742 177
736 743 655
737 744 64
742 745 473
744 746 765
744 747 605
740 748 873
745 749 344
740 750 653
745 751 771
743 752 859
745 753 203
746 754 810
747 755 770
749 756 149
755 757 780
748 758 397
754 759 140
752 760 307
754 761 316
755 762 95
757 763 672
762 764 980
762 765 660
757 766 649
762 767 425
765 768 729
763 769 957
762 770 84
767 771 327
770 772 284
771 773 351
772 774 49
770 775 156
775 776 989
768 777 804
770 778 321
772 779 152
773 780 22
774 781 956
774 782 5
773 783 876
781 784 352
781 785 202
778 786 182
783 787 833
784 788 499
786 789 805
786 790 621
783 791 976
782 792 744
790 793 535
786 794 43
793 795 851
786 796 665
793 797 849
797 798 314
795 799 866
795 800 159
792 801 684
795 802 945
793 803 23
803 804 346
804 805 488
804 806 874
803 807 353
798 808 236
808 809 847
803 810 134
806 811 267
811 812 709
804 813 34
812 814 398
812 815 981
812 816 766
814 817 306
817 818 300
811 819 825
810 820 17
818 821 903
820 822 831
822 823 902
819 824 167
819 825 923
825 826 337
817 827 447
818 828 696
823 829 279
822 830 923
830 831 508
829 832 422
825 833 812
827 834 559
832 835 711
826 836 161
833 837 82
837 838 268
829 839 903
831 840 51
836 841 732
835 842 508
837 843 423
840 844 916
843 845 193
840 846 33
841 847 616
846 848 766
841 849 570
840 850 330
843 851 169
843 852 49
851 853 858
846 854 441
847 855 933
854 856 887
849 857 824
852 858 392
857 859 964
859 860 800
853 861 454
852 862 198
859 863 879
863 864 142
858 865 477
858 866 286
862 867 544
860 868 113
862 869 46
861 870 255
870 871 479
864 872 355
865 873 97
865 874 155
865 875 669
867 876 860
869 877 24
868 878 476
878 879 627
877 880 918
876 881 700
879 882 321
881 883 931
877 884 777
883 885 94
876 886 773
884 887 85
887 888 815
879 889 542
888 890 159
888 891 826
888 892 337
889 893 350
892 894 458
889 895 179
892 896 119
893 897 423
892 898 261
893 899 962
896 900 914
895 901 234
898 902 939
895 903 767
900 904 364
899 905 103
899 906 436
897 907 299
904 908 269
901 909 257
909 910 640
909 911 368
910 912 335
912 913 767
904 914 242
907 915 750
910 916 483
916 917 474
914 918 97
909 919 614
915 920 985
919 921 517
916 922 184
916 923 145
917 924 234
920 925 815
924 926 215
920 927 17
919 928 976
924 929 538
928 930 526
921 931 149
930 932 844
928 933 159
924 934 320
926 935 288
932 936 718
933 937 423
936 938 949
937 939 83
936 940 936
931 941 530
940 942 238
942 943 877
935 944 362
941 945 650
939 946 899
941 947 433
942 948 685
947 949 352
945 950 647
945 951 224
950 952 507
948 953 989
950 954 106
952 955 225
955 956 693
956 957 713
953 958 413
958 959 263
950 960 795
955 961 270
956 962 512
960 963 498
958 964 351
963 965 37
961 966 566
960 967 27
960 968 401
965 969 71
964 970 415
968 971 811
967 972 699
964 973 117
973 974 452
970 975 28
969 976 573
973 977 39
974 978 510
977 979 822
977 980 89
974 981 759
980 982 982
981 983 202
978 984 639
984 985 854
977 986 676
986 987 82
980 988 345
980 989 108
983 990 611
983 991 966
983 992 7
986 993 948
993 994 931
990 995 47
988 996 795
995 997 565
995 998 189
995 999 782
991 1000 725
