100 99
1000 1000 1000 1000 1000 1000 1000 1000 1000 1000 1000 1000 1000 1000 1000 1000 1000 1000 1000 1000 1000 1000 1000 1000 1000 1000 1000 1000 1000 1000 1000 1000 1000 1000 1000 1000 1000 1000 1000 1000 1000 1000 1000 1000 1000 1000 1000 1000 1000 1000 1000 1000 1000 1000 1000 1000 1000 1000 1000 1000 1000 1000 1000 1000 1000 1000 1000 1000 1000 1000 1000 1000 1000 1000 1000 1000 1000 1000 1000 994 1000 1000 1000 1000 1000 1000 1000 1000 1000 984 1000 1000 1000 863 1000 1000 1000 1000 1000 177
1 2 565
2 3 867
1 4 859
1 5 67
3 6 267
1 7 120
3 8 216
2 9 925
6 10 182
7 11 107
4 12 887
10 13 828
8 14 970
11 15 336
12 16 119
16 17 683
15 18 172
14 19 477
15 20 595
15 21 33
20 22 498
14 23 446
18 24 265
19 25 921
20 26 63
25 27 409
18 28 798
19 29 850
20 30 67
21 31 955
28 32 119
28 33 408
33 34 328
25 35 232
26 36 240
35 37 343
37 38 509
31 39 294
32 40 648
37 41 758
39 42 302
41 43 985
35 44 962
43 45 889
44 46 225
43 47 87
41 48 76
44 49 885
43 50 10
45 51 84
44 52 723
43 53 823
53 54 518
47 55 478
49 56 892
53 57 837
52 58 674
51 59 34
54 60 155
56 61 650
52 62 796
59 63 588
54 64 558
61 65 140
63 66 272
57 67 178
66 68 43
59 69 241
66 70 884
64 71 176
62 72 605
69 73 724
67 74 403
74 75 420
66 76 970
67 77 52
77 78 445
71 79 427
76 80 526
74 81 892
77 82 892
73 83 9
82 84 896
75 85 787
79 86 39
85 87 675
79 88 467
87 89 117
80 90 746
90 91 80
90 92 101
92 93 807
90 94 658
94 95 50
87 96 515
89 97 526
94 98 325
89 99 81
94 100 874
